StringID Type x y release ReadyTime DueDate ServiceTime weight volume Item_Conflitante1 Item_Conflitante2 Item_Conflitante3 Item_Conflitante4 Item_Conflitante5 Item_Conflitante6 Item_Conflitante7 Item_Conflitante8 Item_Conflitante9 Item_Conflitante10 Item_Conflitante11 Item_Conflitante12 Item_Conflitante13 Item_Conflitante14 Item_Conflitante15 Item_Conflitante16 Item_Conflitante17 Item_Conflitante18 Item_Conflitante19 Item_Conflitante20 Item_Conflitante21 Item_Conflitante22 Item_Conflitante23 Peso_Total Volume_Total
0 d 35 35 0 0 1000 0 0 0                        1000 1000
1 c 55 5 85 146 386 10 29 26 2 4 5 6 7 8 9 10 11 12 13 14 15 16 17 18 19 20 21 22 23 24 25
2 c 30 5 85 118 358 10 8 12 3 4 5 6 7 8 9 10 11 12 13 14 15 16 17 18 19 20 21 22 23 24 25
3 c 20 65 85 146 386 10 12 20 4 5 6 7 8 9 10 11 12 13 14 15 16 17 18 20 21 22 23 24 25
4 c 10 43 85 323 563 10 9 19 5 6 7 8 9 10 11 12 13 14 15 16 17 18 19 20 21 22 23 24 25
5 c 55 60 85 329 569 10 16 7 6 7 8 9 10 11 12 13 14 15 16 17 18 19 20 21 22 23 24 25
6 c 45 10 85 332 572 10 18 27 7 8 9 10 11 12 13 14 15 16 17 18 19 20 21 22 23 24 25
7 c 25 30 85 345 585 10 3 9 8 9 10 11 12 13 14 15 16 17 18 19 20 21 22 23 24 25
8 c 30 60 225 485 725 10 16 8 9 10 11 12 13 14 15 16 17 18 19 20 21 22 23 24 25
9 c 55 20 379 620 860 10 19 14 10 11 12 13 14 15 16 17 18 19 20 21 22 23 24 25
10 c 30 25 379 639 879 10 23 33 11 12 13 14 15 16 17 18 19 20 21 22 23 24 25
11 c 5 30 422 682 922 10 2 1 12 13 15 16 17 18 19 20 21 23 24 25
12 c 65 20 457 716 956 10 6 2 13 14 15 16 17 18 19 20 21 22 23 24 25
13 c 15 10 457 0 957 10 20 27 14 15 16 17 18 19 20 21 22 23 24 25
14 c 15 60 457 0 957 10 17 19 15 16 17 18 19 20 21 22 23 24 25
15 c 45 65 458 0 958 10 9 5 16 17 18 19 20 21 22 23 24 25
16 c 10 20 460 0 960 10 19 24 17 18 19 20 21 22 23 24 25
17 c 65 35 460 0 960 10 3 1 18 19 20 21 22 23 24 25
18 c 55 45 467 0 967 10 13 19 19 20 21 22 23 24 25
19 c 20 50 468 0 968 10 5 10 20 21 22 23 24 25
20 c 15 30 469 0 969 10 26 20 21 22 23 24 25
21 c 45 20 471 0 971 10 11 8 22 23 24 25
22 c 35 17 472 0 972 10 7 3 23 24 25
23 c 20 40 474 0 974 10 12 21 24 25
24 c 41 49 474 0 974 10 10 7 25
25 c 50 35 475 0 975 10 19 26

