StringID Type x y release ReadyTime DueDate ServiceTime weight volume Item_Conflitante1 Item_Conflitante2 Item_Conflitante3 Item_Conflitante4 Item_Conflitante5 Item_Conflitante6 Item_Conflitante7 Item_Conflitante8 Item_Conflitante9 Item_Conflitante10 Item_Conflitante11 Item_Conflitante12 Item_Conflitante13 Item_Conflitante14 Item_Conflitante15 Item_Conflitante16 Item_Conflitante17 Item_Conflitante18 Item_Conflitante19 Item_Conflitante20 Item_Conflitante21 Item_Conflitante22 Item_Conflitante23 Item_Conflitante24 Peso_Total Volume_Total
0 d 40 50 0 0 3390 0 0 0                         700 700
1 c 28 52 0 22 182 90 20 17 2 3 4 5 6 7 8 9 10 11 12 13 14 15 16 17 18 19 20 21 22 23 24 25
2 c 60 66 0 1261 1421 90 10 11 3 4 5 7 8 9 10 11 12 13 14 15 16 17 18 19 20 21 22 23 24 25
3 c 16 42 0 497 657 90 20 19 4 5 6 7 8 9 10 11 12 13 14 15 16 17 18 19 20 21 22 23 24 25
4 c 14 66 870 1643 1803 90 10 10 5 6 7 8 9 10 11 12 13 14 15 16 17 18 19 20 21 22 23 24 25
5 c 20 80 870 2216 2376 90 40 48 6 7 8 9 10 11 12 13 14 15 16 17 18 19 20 21 22 23 24 25
6 c 18 75 870 2311 2471 90 20 26 7 8 9 10 11 12 13 14 15 16 17 18 19 20 21 22 23 24 25
7 c 22 75 870 2405 2565 90 30 33 8 9 10 11 12 13 14 15 16 17 18 19 20 21 22 23 24 25
8 c 22 66 1256 2504 2664 90 40 50 9 10 11 12 13 14 15 16 17 18 19 20 21 22 23 24 25
9 c 28 70 1256 2601 2761 90 10 11 10 11 12 13 14 15 16 17 18 19 20 21 22 23 24 25
10 c 35 69 1256 2698 2858 90 10 3 11 12 13 14 15 16 17 18 19 20 21 22 23 24 25
11 c 35 66 1256 2791 2951 90 10 16 12 13 14 15 16 17 18 19 20 21 22 23 24 25
12 c 34 60 1352 2887 3047 90 20 29 13 14 15 16 17 18 19 20 21 22 23 24 25
13 c 20 85 1590 0 3259 90 40 30 14 15 16 17 18 19 20 21 22 23 24 25
14 c 15 80 1590 0 3260 90 10 13 15 16 17 18 20 21 22 23 24 25
15 c 22 85 1590 0 3260 90 10 4 16 17 18 20 21 22 23 24 25
16 c 25 85 1590 0 3261 90 20 14 18 20 21 22 23 24 25
17 c 15 75 1590 0 3264 90 20 28 18 19 20 21 22 23 24 25
18 c 62 69 1590 0 3270 90 10 15 19 20 21 22 23 24 25
19 c 52 75 1590 0 3272 90 10 6 20 21 22 23 24 25
20 c 58 70 1590 0 3273 90 20 30 21 22 23 24 25
21 c 45 70 1590 0 3279 90 30 29 22 23 24 25
22 c 42 65 1590 0 3284 90 10 12 23 24 25
23 c 25 50 1590 0 3285 90 10 16 24 25
24 c 30 56 1593 0 3288 90 20 24 25
25 c 30 50 1595 0 3290 90 10 3

