StringID Type x y release ReadyTime DueDate ServiceTime weight volume Item_Conflitante1 Item_Conflitante2 Item_Conflitante3 Item_Conflitante4 Item_Conflitante5 Item_Conflitante6 Item_Conflitante7 Item_Conflitante8 Item_Conflitante9 Item_Conflitante10 Item_Conflitante11 Item_Conflitante12 Item_Conflitante13 Item_Conflitante14 Item_Conflitante15 Item_Conflitante16 Item_Conflitante17 Item_Conflitante18 Item_Conflitante19 Item_Conflitante20 Item_Conflitante21 Item_Conflitante22 Peso_Total Volume_Total
0 d 40 50 0 0 240 0 0 0                       200 200
1 c 38 5 4 50 110 10 30 31 2 3 4 5 6 7 9 10 11 12 13 14 15 16 17 18 20 21 22 23 24 25
2 c 40 5 4 52 112 10 10 18 3 4 5 7 9 10 11 12 13 14 15 16 17 18 19 20 22 23 24 25
3 c 42 10 4 57 117 10 40 47 4 5 7 8 9 10 11 12 13 15 16 17 18 19 20 22 23 24 25
4 c 0 40 4 57 117 10 20 12 5 6 7 8 9 11 13 14 15 16 17 18 19 20 21 22 23 24 25
5 c 2 40 4 43 103 10 20 15 6 7 8 9 10 11 12 13 14 16 17 18 19 20 21 22 23 24 25
6 c 5 45 4 35 95 10 10 1 7 8 9 10 11 12 13 14 15 16 17 18 19 20 21 22 23 24 25
7 c 8 40 4 44 104 10 40 50 8 9 10 11 13 14 15 16 17 18 19 20 21 22 23 24 25
8 c 8 45 4 49 109 10 20 26 10 11 12 13 14 15 16 17 18 19 20 21 22 23 24 25
9 c 22 75 4 35 95 10 30 29 10 12 13 14 15 16 17 18 19 20 21 22 23 24 25
10 c 20 85 4 40 100 10 20 26 11 12 13 14 15 16 17 18 19 21 22 23 25
11 c 15 75 4 64 124 10 20 20 12 13 14 15 16 18 19 20 21 22 23 24 25
12 c 44 5 20 72 132 10 20 20 13 14 15 16 17 18 19 20 21 22 24 25
13 c 10 35 20 76 136 10 20 28 14 15 16 17 18 19 20 21 22 23 24 25
14 c 15 80 20 76 136 10 10 11 18 19 21 22 23 24 25
15 c 40 15 20 77 137 10 40 35 16 17 18 19 20 21 22 23 24
16 c 18 75 20 80 140 10 20 24 17 18 19 20 21 22 23 24 25
17 c 22 85 34 94 154 10 10 5 18 19 20 21 22 23 24 25
18 c 10 40 44 104 164 10 30 23 19 20 21 22 23 24 25
19 c 42 15 47 107 167 10 10 5 20 21 22 23 24 25
20 c 35 5 64 124 184 10 20 18 21 22 23 24 25
21 c 20 80 66 126 186 10 40 48 22 23 24 25
22 c 5 35 67 127 187 10 10 11 23 24 25
23 c 0 45 69 129 189 10 20 15 24 25
24 c 25 85 70 130 190 10 20 21 25
25 c 38 15 73 133 193 10 10 18

