StringID Type x y release ReadyTime DueDate ServiceTime weight volume Item_Conflitante1 Item_Conflitante2 Item_Conflitante3 Item_Conflitante4 Item_Conflitante5 Item_Conflitante6 Item_Conflitante7 Item_Conflitante8 Item_Conflitante9 Item_Conflitante10 Item_Conflitante11 Item_Conflitante12 Item_Conflitante13 Item_Conflitante14 Item_Conflitante15 Item_Conflitante16 Item_Conflitante17 Item_Conflitante18 Item_Conflitante19 Item_Conflitante20 Item_Conflitante21 Item_Conflitante22 Item_Conflitante23 Peso_Total Volume_Total
0 d 35 35 0 0 1000 0 0 0                        1000 1000
1 c 55 5 14 206 325 10 29 35 2 3 4 5 6 7 8 9 10 11 12 13 14 15 16 17 18 19 20 21 22 23 24
2 c 45 10 14 409 494 10 18 25 3 4 5 6 7 8 9 10 11 12 13 14 15 16 17 18 19 20 21 22 23 24 25
3 c 45 20 14 214 331 10 11 13 4 5 6 7 8 9 10 11 12 13 14 15 16 17 18 19 20 21 22 23 24 25
4 c 15 60 14 269 378 10 17 27 5 6 7 8 9 10 11 12 13 14 15 16 17 18 19 20 21 22 23 24 25
5 c 20 40 14 377 434 10 12 22 6 7 8 9 10 11 12 13 14 15 16 17 18 19 20 21 22 23 24 25
6 c 10 20 14 272 373 10 19 21 7 8 9 10 11 12 13 14 15 16 17 18 19 20 21 22 23 24 25
7 c 30 5 14 175 300 10 8 1 8 9 10 11 12 13 14 15 16 17 18 19 20 21 22 23 24 25
8 c 15 10 14 32 243 10 20 19 9 10 11 12 13 14 15 17 18 19 20 21 22 23 24 25
9 c 20 65 14 206 325 10 12 4 10 11 12 13 14 15 16 17 18 19 20 21 22 23 24 25
10 c 50 35 14 228 345 10 19 14 11 12 13 14 15 16 17 18 19 20 21 22 23 24 25
11 c 55 60 14 400 497 10 16 25 12 13 14 15 16 17 18 19 20 21 22 23 24 25
12 c 10 43 14 404 481 10 9 14 13 15 17 18 19 20 21 22 23 24 25
13 c 20 50 14 331 410 10 5 14 14 15 16 17 18 19 20 21 22 23 24 25
14 c 15 30 14 34 209 10 26 24 15 16 17 18 19 20 21 22 23 24 25
15 c 35 17 14 143 282 10 7 3 16 17 18 19 20 21 22 23 24 25
16 c 25 30 14 415 514 10 3 5 17 18 19 20 21 22 23 25
17 c 55 45 166 527 584 10 13 3 18 19 20 21 22 23 24 25
18 c 30 60 166 577 632 10 16 26 19 20 21 22 23 24 25
19 c 45 65 166 581 666 10 9 1 20 21 22 23 24 25
20 c 55 20 348 678 801 10 19 20 21 22 23 24 25
21 c 30 25 348 690 827 10 23 16 22 23 24 25
22 c 65 35 348 704 847 10 3 10 23 24 25
23 c 41 49 348 707 848 10 10 9 24 25
24 c 5 30 370 733 870 10 2 10 25
25 c 65 20 456 817 956 10 6 9

