StringID Type x y release ReadyTime DueDate ServiceTime weight volume Item_Conflitante1 Item_Conflitante2 Item_Conflitante3 Item_Conflitante4 Item_Conflitante5 Item_Conflitante6 Item_Conflitante7 Item_Conflitante8 Item_Conflitante9 Item_Conflitante10 Item_Conflitante11 Item_Conflitante12 Item_Conflitante13 Item_Conflitante14 Item_Conflitante15 Item_Conflitante16 Item_Conflitante17 Item_Conflitante18 Item_Conflitante19 Item_Conflitante20 Item_Conflitante21 Item_Conflitante22 Item_Conflitante23 Item_Conflitante24 Peso_Total Volume_Total
0 d 40 50 0 0 240 0 0 0                         200 200
1 c 38 5 0 65 95 10 30 27 2 3 4 5 6 7 8 9 10 11 12 13 14 15 16 17 18 19 20 21 22 23 24 25
2 c 2 40 0 58 88 10 20 12 3 4 5 6 7 8 9 10 11 12 13 14 15 16 17 18 19 20 21 22 23 24 25
3 c 5 45 0 35 65 10 10 18 4 5 6 7 8 9 10 11 13 14 15 16 17 18 19 20 21 22 23
4 c 8 40 5 59 89 10 40 43 5 6 7 8 9 10 11 12 13 14 15 16 17 18 19 20 21 22 23 24 25
5 c 42 10 5 72 102 10 40 31 6 7 8 9 10 11 12 13 14 15 16 17 18 19 20 21 22 23 24 25
6 c 44 5 5 87 117 10 20 17 7 8 9 10 11 12 13 14 15 16 17 18 19 20 21 22 23 24 25
7 c 0 40 5 72 102 10 20 16 8 9 10 11 12 13 14 15 16 17 18 19 20 21 22 23 24 25
8 c 10 35 5 91 121 10 20 18 9 10 11 13 14 15 16 17 18 19 20 21 22 23 24 25
9 c 15 80 5 91 121 10 10 19 10 11 12 13 14 15 16 17 18 19 20 21 22 23 24 25
10 c 40 15 5 92 122 10 40 43 11 12 13 14 15 16 17 18 19 20 21 22 23 24 25
11 c 18 75 5 95 125 10 20 13 12 13 14 15 16 17 18 19 20 21 22 23 24 25
12 c 10 40 32 119 149 10 30 35 13 14 15 16 17 18 19 20 22 23 24 25
13 c 42 15 32 122 152 10 10 19 14 15 16 17 19 20 21 22 23 24 25
14 c 20 80 51 141 171 10 40 49 15 16 17 18 19 20 21 22 23 24 25
15 c 5 35 52 142 172 10 10 13 16 17 19 20 21 22 23 24 25
16 c 38 15 58 148 178 10 10 1 17 18 19 20 21 22 23 24 25
17 c 0 45 59 149 179 10 20 21 18 19 20 21 22 23 24 25
18 c 35 5 64 154 184 10 20 29 19 20 21 22 23 24 25
19 c 40 5 65 0 185 10 10 7 20 21 22 23 24 25
20 c 20 85 69 0 189 10 20 21 21 22 23 24 25
21 c 22 85 70 0 190 10 10 12 22 23 24 25
22 c 25 85 71 0 191 10 20 25 23 24 25
23 c 15 75 74 0 194 10 20 23 24 25
24 c 8 45 77 0 197 10 20 23 25
25 c 22 75 79 0 199 10 30 22

