StringID Type x y release ReadyTime DueDate ServiceTime weight volume Item_Conflitante1 Item_Conflitante2 Item_Conflitante3 Item_Conflitante4 Item_Conflitante5 Item_Conflitante6 Item_Conflitante7 Item_Conflitante8 Item_Conflitante9 Item_Conflitante10 Item_Conflitante11 Item_Conflitante12 Item_Conflitante13 Item_Conflitante14 Item_Conflitante15 Item_Conflitante16 Item_Conflitante17 Item_Conflitante18 Item_Conflitante19 Item_Conflitante20 Item_Conflitante21 Item_Conflitante22 Item_Conflitante23 Item_Conflitante24 Peso_Total Volume_Total
0 d 40 50 0 0 1236 0 0 0                         200 200
1 c 30 50 0 10 73 90 10 2 2 3 4 5 6 7 8 9 10 11 12 13 14 15 16 17 18 19 20 21 22 23 24 25
2 c 15 80 0 278 345 90 10 16 3 4 5 6 7 8 9 10 11 12 13 14 15 16 17 18 19 21 22 23 24 25
3 c 15 75 0 179 254 90 20 21 4 5 6 7 8 9 10 11 12 13 14 15 16 17 18 19 20 21 22 23 24 25
4 c 18 75 0 99 148 90 20 20 5 6 7 8 9 10 11 12 13 14 15 16 17 18 19 20 21 22 23 24 25
5 c 20 85 0 475 528 90 40 39 6 7 8 9 10 11 13 14 15 16 17 18 19 20 21 22 23 24 25
6 c 20 80 0 384 429 90 40 37 7 8 9 10 11 12 13 14 15 16 17 18 19 20 21 22 23 24 25
7 c 22 75 0 30 92 90 30 37 8 9 10 12 13 14 15 16 17 18 19 20 21 22 23 24 25
8 c 25 50 0 65 144 90 10 20 9 10 11 12 13 14 15 16 17 18 19 20 21 22 23 24 25
9 c 35 69 0 448 505 90 10 18 10 11 12 13 14 15 16 17 18 19 20 21 22 23 24 25
10 c 25 52 0 169 224 90 40 46 11 12 13 14 15 16 17 18 19 20 21 22 23 24 25
11 c 38 70 0 534 605 90 10 18 12 13 14 15 17 18 19 20 21 22 23 24 25
12 c 38 68 0 255 324 90 20 18 13 14 15 17 18 19 20 21 22 23 24 25
13 c 40 66 0 170 225 90 20 27 14 15 16 17 18 19 20 21 22 23 24 25
14 c 42 65 0 15 67 90 10 18 15 16 17 18 19 20 21 22 23 24 25
15 c 42 66 2 65 146 90 10 4 16 17 18 19 20 21 22 23 24 25
16 c 35 66 2 357 410 90 10 17 17 18 19 20 21 22 23 24 25
17 c 22 85 2 567 620 90 10 5 18 19 20 21 22 23 24 25
18 c 40 69 265 621 702 90 20 29 19 20 21 22 23 24 25
19 c 25 85 265 652 721 90 20 30 20 21 22 24 25
20 c 28 55 265 732 777 90 10 19 21 22 23 24 25
21 c 42 68 265 727 782 90 10 8 22 23 24 25
22 c 45 70 265 825 870 90 30 26 23 24 25
23 c 28 52 265 812 883 90 20 16 24 25
24 c 30 52 347 914 965 90 20 19 25
25 c 45 68 349 912 967 90 10 17

