StringID Type x y release ReadyTime DueDate ServiceTime weight volume Item_Conflitante1 Item_Conflitante2 Item_Conflitante3 Item_Conflitante4 Item_Conflitante5 Item_Conflitante6 Item_Conflitante7 Item_Conflitante8 Item_Conflitante9 Item_Conflitante10 Item_Conflitante11 Item_Conflitante12 Item_Conflitante13 Item_Conflitante14 Item_Conflitante15 Item_Conflitante16 Item_Conflitante17 Item_Conflitante18 Item_Conflitante19 Item_Conflitante20 Item_Conflitante21 Item_Conflitante22 Item_Conflitante23 Item_Conflitante24 Item_Conflitante25 Item_Conflitante26 Item_Conflitante27 Item_Conflitante28 Item_Conflitante29 Item_Conflitante30 Item_Conflitante31 Item_Conflitante32 Item_Conflitante33 Item_Conflitante34 Item_Conflitante35 Item_Conflitante36 Item_Conflitante37 Item_Conflitante38 Item_Conflitante39 Item_Conflitante40 Item_Conflitante41 Item_Conflitante42 Item_Conflitante43 Item_Conflitante44 Item_Conflitante45 Item_Conflitante46 Item_Conflitante47 Item_Conflitante48 Item_Conflitante49 Item_Conflitante50 Item_Conflitante51 Item_Conflitante52 Item_Conflitante53 Item_Conflitante54 Item_Conflitante55 Item_Conflitante56 Item_Conflitante57 Item_Conflitante58 Item_Conflitante59 Item_Conflitante60 Item_Conflitante61 Item_Conflitante62 Item_Conflitante63 Item_Conflitante64 Item_Conflitante65 Item_Conflitante66 Item_Conflitante67 Item_Conflitante68 Item_Conflitante69 Item_Conflitante70 Item_Conflitante71 Item_Conflitante72 Item_Conflitante73 Item_Conflitante74 Item_Conflitante75 Item_Conflitante76 Item_Conflitante77 Item_Conflitante78 Item_Conflitante79 Item_Conflitante80 Item_Conflitante81 Item_Conflitante82 Item_Conflitante83 Item_Conflitante84 Item_Conflitante85 Item_Conflitante86 Peso_Total Volume_Total
0 d 40 50 0 0 240 0 0 0                                                                                       200 200
1 c 88 30 0 59 119 10 10 8 2 3 4 5 6 9 10 11 12 13 14 15 16 17 18 19 20 21 22 23 24 25 26 28 29 30 31 32 33 35 36 37 38 39 40 41 42 43 45 46 47 48 49 50 51 52 54 55 56 57 58 59 60 61 62 63 64 65 66 67 70 71 72 73 76 77 78 79 80 81 82 83 85 87 88 90 91 92 93 94 95 96 97 98 99 100
2 c 88 35 0 50 110 10 20 26 3 4 5 6 7 8 9 10 12 13 16 17 19 20 22 23 24 25 26 27 28 29 30 31 32 33 34 36 37 38 39 40 41 42 43 44 45 46 48 49 50 51 52 53 54 55 57 58 59 61 62 64 65 66 67 69 70 72 73 74 75 76 77 78 79 81 82 83 84 85 86 87 88 89 90 91 92 93 94 95 96 97 99 100
3 c 85 25 0 51 111 10 10 12 4 6 7 8 9 11 12 13 14 15 16 18 19 20 23 24 25 26 27 28 29 30 31 33 35 36 37 38 39 40 41 42 44 45 46 47 48 50 51 52 53 55 56 57 59 60 61 62 64 65 67 68 69 70 71 72 73 74 75 76 77 78 79 80 81 83 84 85 86 87 88 89 92 93 95 96 97 98 99 100
4 c 65 55 0 50 110 10 14 6 5 6 7 8 9 10 12 13 14 15 16 17 18 20 21 22 23 24 25 26 27 28 30 31 32 33 34 35 36 37 38 39 41 42 43 44 45 46 47 48 49 50 52 54 55 56 58 60 61 63 65 66 68 69 70 71 72 73 75 76 77 78 79 80 81 82 83 84 85 86 87 88 89 90 91 92 93 96 97 98 99 100
5 c 65 85 0 43 103 10 40 46 6 7 8 11 12 13 14 15 16 17 18 19 20 21 22 25 26 27 28 30 31 32 33 34 35 36 37 38 39 40 41 43 44 45 46 48 49 50 51 52 53 54 55 56 57 58 59 60 61 63 65 68 69 71 72 73 74 76 79 80 81 82 83 84 85 86 87 89 90 91 92 93 94 95 96 97 98 99 100
6 c 37 31 0 20 80 10 14 7 7 8 11 12 13 15 17 18 19 20 21 23 25 26 27 28 29 30 32 35 36 37 38 39 40 41 42 44 47 48 49 50 53 54 55 56 57 58 60 61 62 63 64 65 66 67 68 69 70 71 72 73 74 75 76 77 78 80 81 82 83 84 85 86 88 89 90 91 92 94 95 96 97 98 99 100
7 c 62 80 0 60 120 10 30 22 8 9 10 11 12 13 17 18 19 20 21 22 23 24 25 26 27 28 29 30 31 32 33 34 35 36 37 38 39 40 41 42 43 44 45 46 47 50 51 52 53 54 55 56 57 58 59 60 61 62 63 64 65 66 68 69 70 71 72 73 74 75 76 78 79 80 81 82 83 84 85 86 87 88 89 90 91 92 93 94 95 96 97 98 100
8 c 60 80 0 36 96 10 10 12 9 10 11 12 13 14 15 16 17 18 23 24 26 27 28 29 30 31 32 33 35 36 37 38 39 41 42 43 44 45 46 47 49 50 51 52 53 54 55 56 57 58 59 60 62 63 64 65 66 69 70 72 73 74 76 77 78 79 81 83 84 86 87 89 90 91 92 95 96 97 98 99 100
9 c 55 80 0 33 93 10 10 15 11 12 13 14 15 16 17 18 19 20 22 23 24 25 26 27 28 29 31 32 33 34 35 36 37 38 40 41 42 43 44 45 46 47 48 50 52 53 54 55 56 57 58 59 60 61 62 63 65 66 67 69 71 74 75 76 77 78 79 80 83 84 85 86 87 89 90 91 92 93 95 96 97 98 100
10 c 27 43 0 27 87 10 9 10 11 12 13 14 15 16 17 19 20 21 22 23 24 25 27 28 29 30 31 32 34 35 36 37 38 39 40 42 43 45 46 48 49 50 51 52 53 54 55 56 57 58 59 60 61 63 64 65 66 67 69 70 72 73 74 75 76 77 78 79 82 83 84 86 87 89 90 91 92 93 95 96 97 98 99 100
11 c 55 82 0 49 109 10 10 6 12 13 14 15 16 17 18 19 20 21 22 23 24 25 26 27 28 29 30 31 33 34 35 36 37 38 39 40 41 42 43 44 46 47 48 49 50 51 52 53 54 56 57 58 59 61 63 64 65 66 67 68 70 72 73 75 76 77 78 79 80 81 82 83 84 85 86 87 89 90 91 92 94 95 96 97
12 c 90 35 0 52 112 10 10 1 13 14 15 17 19 20 21 22 23 24 25 26 27 28 29 30 31 32 33 36 38 39 41 42 43 45 46 47 49 50 51 52 53 55 57 59 60 61 62 63 64 65 66 67 68 69 70 71 72 73 75 76 77 78 79 80 81 84 85 86 87 88 89 90 91 92 94 96 97 98 99 100
13 c 20 82 0 37 97 10 10 16 14 15 16 17 18 19 20 21 22 23 24 25 26 27 28 29 30 31 32 33 34 35 36 37 39 40 41 42 44 45 46 48 49 50 51 52 54 55 56 57 58 59 61 62 63 64 65 67 70 71 72 73 74 75 77 78 81 82 83 84 85 87 88 90 91 92 93 94 96 97 98 99 100
14 c 25 30 0 37 97 10 3 6 16 17 19 21 22 24 26 27 28 29 30 31 32 33 34 35 36 37 39 40 41 44 46 47 49 50 51 52 54 55 56 58 60 62 63 64 67 68 69 70 71 72 74 75 76 77 78 79 80 81 82 83 85 86 87 88 89 90 91 92 93 94 95 96 98 100
15 c 60 12 0 60 120 10 31 28 16 17 18 19 20 22 23 24 25 26 27 28 30 31 33 34 35 36 37 38 39 41 42 43 44 45 46 47 48 49 50 51 52 53 54 55 56 57 58 59 60 61 62 63 65 66 67 68 69 70 71 72 73 75 77 78 79 80 81 82 83 84 86 87 88 89 90 91 92 93 94 95 96 97 98 100
16 c 5 5 0 59 119 10 16 21 17 18 20 21 24 25 26 27 28 29 30 31 32 33 34 35 36 37 38 39 40 41 42 43 44 45 46 47 48 49 50 51 52 53 54 55 56 57 58 59 60 61 62 63 64 65 66 67 69 70 71 72 73 74 75 77 78 79 80 81 82 83 84 86 87 88 89 90 91 92 93 94 98 99 100
17 c 10 20 0 42 102 10 19 15 18 19 20 21 22 23 24 25 26 27 29 30 32 34 35 36 37 38 39 40 41 42 44 45 46 47 48 49 50 51 52 53 54 56 57 58 59 60 61 63 65 66 67 68 69 70 71 73 75 76 77 78 79 80 82 85 86 87 89 90 91 92 94 95 96 97 99 100
18 c 45 65 0 51 111 10 9 4 19 20 21 22 23 27 28 30 31 32 33 34 35 36 37 38 40 41 42 43 44 46 47 49 50 51 53 54 55 56 57 58 59 60 61 62 63 64 65 67 68 69 70 71 72 73 75 76 77 78 79 80 81 82 84 87 89 92 93 94 95 96 97 98 99
19 c 65 35 0 37 97 10 3 1 20 22 23 24 25 26 27 28 29 30 31 32 33 34 35 36 37 38 39 42 43 45 46 47 49 50 51 52 53 54 55 56 57 59 60 61 62 63 64 65 66 67 68 69 70 72 73 74 75 77 79 80 81 82 84 86 87 88 89 90 91 92 93 94 95 97 98 100
20 c 65 20 0 39 99 10 6 2 22 23 24 26 27 28 29 31 32 33 34 35 37 40 41 42 43 45 46 47 48 49 50 52 54 56 57 58 59 60 61 62 63 66 67 68 70 71 72 73 74 75 76 77 78 79 81 84 85 86 87 89 90 92 93 94 95 96 97 98 99 100
21 c 45 30 0 38 98 10 17 23 24 25 26 27 28 29 31 32 33 34 35 36 37 38 39 40 41 42 43 45 49 50 51 52 53 54 55 56 57 58 59 60 61 62 63 65 66 67 68 70 71 72 73 74 79 80 81 82 83 84 85 86 87 88 89 90 91 92 93 94 95 96 97 98 99
22 c 35 40 0 11 71 10 16 16 24 25 27 28 29 30 31 33 34 36 37 38 39 40 41 42 43 44 45 46 51 52 53 55 56 57 58 59 60 61 62 63 64 65 66 67 69 70 71 72 73 74 75 76 77 78 80 81 82 83 85 86 87 89 90 91 93 94 96 97 98 100
23 c 63 65 0 27 87 10 8 18 25 26 27 28 30 31 32 33 34 35 36 37 38 39 41 42 43 44 45 46 47 48 49 50 52 53 54 55 56 57 58 59 60 61 63 64 65 67 68 69 70 72 74 75 76 77 78 79 80 82 83 84 85 86 87 88 89 91 93 94 95 96 99
24 c 64 42 0 55 115 10 9 8 25 27 28 29 31 32 33 34 35 36 37 38 39 40 41 42 43 46 47 48 49 51 52 54 55 56 57 59 60 62 63 64 67 68 69 70 71 72 73 74 75 76 77 78 79 80 81 82 83 84 85 86 87 88 89 91 92 93 94 95 96 98 99 100
25 c 2 45 0 38 98 10 10 15 26 27 28 30 31 32 33 34 35 36 38 39 40 41 42 43 44 45 46 47 48 49 50 51 52 53 54 55 57 58 59 60 62 63 65 66 67 68 70 71 73 74 75 76 77 79 80 81 82 83 84 85 87 88 90 92 93 94 95 96 97 98 99
26 c 92 30 0 55 115 10 10 19 27 28 29 30 31 32 34 35 36 37 38 39 40 41 42 43 44 45 46 47 48 49 50 51 52 53 54 56 57 59 61 62 64 65 66 68 69 70 71 73 74 75 76 77 78 79 80 81 82 83 84 85 86 87 88 89 92 93 94 95 96 98 99
27 c 31 52 0 26 86 10 27 35 28 29 30 32 33 34 35 36 37 38 39 40 41 42 43 44 46 47 48 49 50 51 52 54 56 57 58 59 60 62 63 65 66 67 68 69 70 71 72 73 74 75 76 77 78 79 80 81 82 83 84 85 86 87 88 89 90 91 92 93 94 95 97 98 99 100
28 c 8 45 0 49 109 10 20 26 29 31 32 33 34 35 37 38 39 41 43 44 45 47 48 49 50 52 53 54 55 56 57 58 59 60 61 62 64 65 66 67 68 70 71 72 73 74 75 78 79 80 81 82 83 84 85 86 87 90 91 92 93 94 95 96 98 99 100
29 c 56 37 0 20 80 10 6 3 30 31 33 34 35 36 37 38 39 40 41 42 44 45 46 47 48 49 50 52 53 54 55 56 57 58 59 61 62 63 64 65 66 68 70 71 72 73 74 75 79 80 82 83 84 86 87 88 89 90 91 96 97 98 99 100
30 c 20 85 0 40 100 10 20 16 31 32 34 35 36 37 39 40 41 42 43 44 47 48 49 51 52 53 54 55 56 57 58 59 60 62 64 65 66 67 68 69 70 71 72 73 74 75 76 77 79 82 83 84 85 86 87 88 90 91 92 93 94 95 96 97 98 99 100
31 c 8 40 0 44 104 10 40 39 33 34 35 36 37 38 39 41 42 43 44 45 47 48 49 53 54 55 56 57 58 60 62 64 65 66 67 68 70 71 72 73 75 76 77 79 80 81 82 84 85 86 87 88 90 91 92 93 94 95 96 99 100
32 c 95 35 0 57 117 10 20 13 33 37 38 39 40 41 45 46 47 48 49 52 54 55 56 57 58 59 60 63 65 66 67 68 69 70 71 73 74 75 76 78 79 80 81 82 86 87 91 93 95 96 97 98 99
33 c 26 52 0 31 91 10 9 17 35 36 37 38 42 43 44 45 46 47 48 50 51 53 54 55 56 57 58 59 60 61 62 65 66 67 68 69 70 71 72 73 74 75 76 77 78 79 81 82 83 85 89 90 91 92 93 94 95 96 97 98 99 100
34 c 53 43 0 14 74 10 14 4 35 36 37 39 41 42 43 44 46 47 49 50 51 52 53 55 56 57 59 61 63 64 66 67 68 69 70 71 72 74 75 76 78 79 80 82 83 85 86 88 89 90 91 92 93 94 96 97 98 100
35 c 5 45 2 35 95 10 10 1 36 37 38 40 42 43 44 45 46 47 48 49 51 52 54 56 57 61 62 64 65 66 67 68 69 70 71 72 73 74 77 78 79 81 82 84 86 88 89 90 91 92 93 94 95 97 98 99 100
36 c 2 40 2 43 103 10 20 29 37 38 39 40 41 42 43 44 45 46 47 48 49 50 51 52 53 54 55 56 57 58 59 60 61 62 63 64 66 67 68 69 71 72 73 74 76 77 78 79 80 81 82 83 84 85 86 87 88 89 90 92 93 94 95 96 97 100
37 c 0 40 2 57 117 10 20 20 38 39 40 43 44 45 47 48 49 50 51 52 54 56 57 58 59 60 61 62 63 64 65 66 67 68 70 72 73 74 75 76 77 78 79 80 81 82 84 85 86 87 88 89 90 91 93 94 95 97 98 99 100
38 c 22 75 2 35 95 10 30 22 39 40 42 43 45 46 48 49 50 52 53 54 56 57 58 59 60 61 62 63 64 65 66 67 68 69 71 72 73 75 77 78 80 81 82 83 85 86 88 89 90 91 92 93 94 95 97 98 99 100
39 c 38 5 2 50 110 10 30 36 40 41 44 45 46 47 48 49 50 51 52 53 54 57 58 59 60 61 62 64 65 66 67 70 71 73 74 75 76 77 78 80 81 82 83 86 87 88 89 91 92 94 95 96 97 98 99 100
40 c 42 10 2 57 117 10 40 50 41 42 43 45 46 47 48 49 50 51 52 53 54 56 57 58 59 61 62 63 64 65 66 67 68 69 70 71 72 73 74 75 76 77 78 79 80 81 82 83 84 86 87 88 89 90 91 92 93 94 95 96 98 99 100
41 c 24 58 2 52 112 10 19 14 42 43 44 45 46 47 48 49 50 51 52 53 54 55 56 59 60 61 62 63 64 65 66 67 68 69 70 71 72 73 74 75 76 77 78 79 80 81 82 84 85 86 87 88 89 90 91 93 94 95 96 97 99 100
42 c 40 5 2 52 112 10 10 14 43 45 47 48 49 50 52 53 54 55 56 58 59 62 63 64 65 67 68 69 71 73 74 75 76 77 78 79 80 81 85 86 87 88 89 90 92 93 94 95 96 97 98 100
43 c 2 60 2 62 122 10 5 12 44 45 46 47 48 49 50 51 52 53 54 55 56 57 58 59 60 62 63 64 65 66 67 68 70 71 73 74 76 77 78 80 82 83 84 85 86 87 88 89 90 91 92 93 94 95 96 97 98 99 100
44 c 26 35 2 62 122 10 15 7 45 47 50 52 54 55 56 57 59 60 61 62 64 65 66 67 68 69 70 71 72 73 75 76 77 78 79 80 81 82 83 84 86 87 88 89 90 91 92 93 96 97 98 99 100
45 c 15 75 20 64 124 10 20 23 46 47 48 50 52 56 58 59 61 62 63 64 65 66 67 69 70 71 74 75 76 77 79 80 81 82 84 85 86 87 88 89 90 91 92 93 95 96 97 98 99 100
46 c 55 20 20 68 128 10 19 13 47 48 49 50 51 52 53 54 55 57 58 59 60 61 62 65 66 67 68 69 70 71 72 73 74 75 76 77 78 79 80 82 83 85 86 88 91 92 93 95 97 99 100
47 c 60 85 20 70 130 10 30 37 50 51 52 53 54 55 56 57 58 59 60 61 63 64 65 66 67 68 69 70 71 72 73 76 77 79 80 81 82 83 84 85 86 87 88 89 90 91 92 93 94 95 98 99 100
48 c 37 47 20 71 131 10 6 1 49 50 51 53 54 55 56 57 58 59 61 62 63 64 65 66 67 68 69 70 71 72 75 76 77 78 79 80 81 82 85 86 87 88 89 90 91 94 95 96 97 98 99 100
49 c 49 58 20 71 131 10 10 4 50 52 53 55 57 58 59 60 62 63 64 65 67 70 71 73 74 75 76 78 79 80 81 83 84 85 86 87 88 90 91 92 93 95 96 97 98 99 100
50 c 21 24 20 72 132 10 28 28 52 53 55 56 57 60 61 62 63 64 65 66 67 70 72 74 77 78 79 80 81 82 83 84 85 86 87 88 89 90 91 92 93 94 95 96 97 98 100
51 c 44 5 20 72 132 10 20 21 52 53 54 55 56 57 58 60 61 62 63 64 65 66 67 68 69 70 71 72 73 74 75 77 78 79 80 82 83 84 85 86 87 88 90 92 94 95 97 98 100
52 c 63 23 20 72 132 10 2 6 53 55 56 58 59 60 61 62 63 64 65 66 68 69 70 72 73 75 77 79 80 81 82 84 87 88 89 90 91 92 93 94 95 96 97 98 100
53 c 6 68 20 74 134 10 30 26 54 55 56 57 58 59 60 61 62 63 64 66 67 68 69 70 72 73 74 75 76 77 78 79 80 81 84 85 86 87 88 89 90 91 92 94 95 96 97 98 99
54 c 8 56 20 75 135 10 27 29 55 56 57 60 61 62 63 64 65 66 68 69 70 71 72 73 75 76 77 78 79 80 81 82 83 85 86 87 88 89 90 91 92 94 95 96 97 98 99 100
55 c 12 24 20 75 135 10 13 17 56 57 58 59 60 61 62 64 65 67 68 69 71 73 77 78 79 80 81 83 84 85 86 87 88 90 91 93 95 96 98 99 100
56 c 20 50 20 76 136 10 5 1 58 59 60 61 62 63 64 65 66 67 68 69 71 72 73 74 75 76 77 78 79 81 82 83 84 86 87 88 89 90 91 92 93 95 97 98 99 100
57 c 10 35 20 76 136 10 20 22 58 59 60 62 64 65 68 69 70 71 72 73 74 76 77 78 79 80 83 84 85 86 87 89 90 91 92 93 94 95 96 97 98 100
58 c 15 80 20 76 136 10 10 11 59 60 61 63 64 65 66 67 68 69 70 71 73 74 76 77 78 80 81 82 83 84 85 87 88 89 90 91 92 93 94 95 96 97 98 99
59 c 40 15 20 77 137 10 40 30 60 61 62 63 64 65 66 67 68 70 71 72 73 74 75 76 77 79 81 82 83 85 86 87 88 90 91 92 93 94 95 96 97 98 99 100
60 c 58 75 20 77 137 10 20 19 61 62 63 64 65 67 68 69 71 72 73 74 75 76 77 78 79 80 81 82 83 84 85 86 87 88 89 91 92 95 99 100
61 c 57 48 20 80 140 10 23 19 62 63 64 65 67 68 70 71 72 73 74 75 76 78 80 81 82 83 84 85 86 87 90 91 92 93 94 95 98 100
62 c 18 75 20 80 140 10 20 28 63 64 66 67 68 69 70 71 72 73 75 76 77 78 79 80 81 82 83 85 86 87 88 89 90 92 93 94 95 96 97 98 99 100
63 c 30 25 29 81 141 10 23 24 64 65 66 67 68 69 70 72 73 75 76 77 78 79 80 81 83 85 86 87 88 89 90 91 92 95 97 98 99 100
64 c 57 29 29 81 141 10 18 19 65 66 67 68 69 71 72 73 75 76 77 78 79 80 82 84 85 86 88 89 90 91 92 93 94 95 98 99 100
65 c 42 12 29 89 149 10 10 20 66 67 68 69 70 71 72 73 74 75 76 77 78 79 80 81 82 83 84 85 88 89 92 93 94 95 96 97 98 99 100
66 c 22 85 45 94 154 10 10 1 67 69 70 71 73 74 75 76 77 78 79 80 81 82 83 84 85 86 87 88 89 90 91 92 93 94 97 98 99 100
67 c 85 35 45 96 156 10 30 23 69 70 71 72 73 74 75 77 78 79 80 81 83 84 85 86 87 88 89 90 91 93 94 95 96 97 98 100
68 c 18 80 45 98 158 10 10 14 70 71 72 74 75 76 77 78 80 81 82 83 84 86 87 90 91 92 94 95 97 98 99 100
69 c 95 30 45 100 160 10 30 32 70 71 72 74 75 76 77 78 79 80 81 82 83 85 86 87 89 90 91 92 93 94 95 98 99 100
70 c 72 35 45 101 161 10 30 29 71 72 73 74 75 76 77 78 79 80 82 83 84 85 87 89 90 91 92 93 94 95 96 97 98 99 100
71 c 10 40 45 104 164 10 30 25 73 74 75 78 79 81 82 83 84 85 87 88 89 90 91 92 94 95 96 97 98 99
72 c 4 18 45 105 165 10 35 34 74 75 76 77 78 79 80 81 82 83 84 85 86 87 88 89 90 91 92 93 94 95 96 97 98 99 100
73 c 42 15 47 107 167 10 10 20 74 75 76 77 78 79 80 81 82 85 86 87 88 89 90 91 93 94 96 97 100
74 c 65 82 49 109 169 10 10 7 75 76 77 79 80 82 83 84 85 87 88 89 90 91 92 93 95 96 97 98 99 100
75 c 55 85 53 113 173 10 20 20 76 77 78 79 80 81 83 84 86 87 88 89 90 91 93 94 95 96 97 98 99 100
76 c 50 35 55 115 175 10 19 19 77 78 79 80 81 82 83 84 85 86 87 88 90 91 92 93 94 95 96 97 99
77 c 87 30 56 116 176 10 10 6 78 79 80 81 83 84 85 86 87 88 89 91 92 93 94 95 97 98 99 100
78 c 67 5 57 117 177 10 25 16 79 80 81 82 83 84 85 86 87 88 89 91 93 94 95 96 97 98 99
79 c 55 54 57 117 177 10 26 17 80 81 82 83 84 86 87 88 89 91 93 95 97 98 100
80 c 41 37 64 118 178 10 16 6 81 82 83 86 87 88 90 91 92 93 94 95 96 97 98 99 100
81 c 23 3 64 120 180 10 7 2 82 84 85 86 87 88 89 90 91 92 93 94 95 97 98 100
82 c 15 10 64 122 182 10 20 29 83 84 85 86 87 88 90 91 92 93 94 95 96 97 98 99 100
83 c 42 5 64 124 184 10 10 14 84 85 87 88 89 90 91 92 93 94 95 96 97 98 100
84 c 67 85 64 124 184 10 20 20 85 86 87 88 89 90 92 94 95 96 97 98 99 100
85 c 35 5 64 124 184 10 20 11 86 87 88 89 90 91 93 94 95 96 97 98 99 100
86 c 55 60 64 124 184 10 16 14 87 88 90 91 92 93 95 96 97 98 99 100
87 c 30 60 65 125 185 10 16 24 88 89 90 91 92 93 95 96 99 100
88 c 20 80 66 126 186 10 40 46 89 90 91 92 93 94 95 97
89 c 20 20 66 126 186 10 8 6 90 91 92 93 94 95 96 99 100
90 c 5 35 73 127 187 10 10 2 92 93 94 95 96 97 99 100
91 c 40 60 73 129 189 10 21 31 92 93 94 95 96 97 98 99 100
92 c 0 45 73 129 189 10 20 17 93 94 96 97 99 100
93 c 25 85 73 130 190 10 20 10 94 95 96 98 99 100
94 c 38 15 73 133 193 10 10 4 95 96 99 100
95 c 15 60 80 140 200 10 17 20 96 97 98 99 100
96 c 61 52 88 148 208 10 3 4 98 99
97 c 35 69 90 150 210 10 23 21 98 99
98 c 31 67 90 150 210 10 3 8 99 100
99 c 49 42 92 152 212 10 13 4 100
100 c 47 47 102 162 222 10 13 15

