StringID Type x y release ReadyTime DueDate ServiceTime weight volume Item_Conflitante1 Item_Conflitante2 Item_Conflitante3 Item_Conflitante4 Item_Conflitante5 Item_Conflitante6 Item_Conflitante7 Item_Conflitante8 Item_Conflitante9 Item_Conflitante10 Item_Conflitante11 Item_Conflitante12 Item_Conflitante13 Item_Conflitante14 Item_Conflitante15 Item_Conflitante16 Item_Conflitante17 Peso_Total Volume_Total
0 d 40 50 0 0 1236 0 0 0                  200 200
1 c 8 40 146 33 393 90 40 41 16 33 38 49 73 85 86 93
2 c 60 55 146 20 380 90 10 9 10 28 58 66 67 73 77 92
3 c 5 35 146 134 494 90 10 12 37 41 46 48 61 67
4 c 53 35 146 203 563 90 50 47 12 34 56 57 62 85 90
5 c 35 30 146 113 473 90 10 3 7 13 16 22 29 31 38 43 46 48 55 62 68 72 79 83 97
6 c 35 32 146 21 381 90 10 6 34 56 64 80
7 c 33 32 146 19 379 90 20 19 16 27 43 58 79
8 c 33 35 146 16 376 90 10 2 11 16 31 77 90 99
9 c 32 30 146 206 566 90 10 3 23 29 31 33 36 38 49 85 90 97
10 c 65 55 146 25 385 90 20 17 33 66 71 76
11 c 66 55 146 26 386 90 10 12 35 45 48 57 89 90 91 99 100
12 c 72 55 146 122 482 90 10 10 22 49 81 83
13 c 10 40 146 31 391 90 30 35 24 27 28 33 49 62 74 85
14 c 44 5 146 137 497 90 20 13 33 49 55 62 77 79 95
15 c 42 15 146 35 395 90 10 5 17 25 48 49 65 68 97
16 c 40 5 146 231 591 90 30 21 17 34 42 47 57 62 77 78 79
17 c 40 15 146 35 395 90 40 31 28 31 34 40 50 57 72 76 78
18 c 75 55 146 215 575 90 20 29 26 42 45 55 56 64 68 87 93
19 c 50 35 146 110 470 90 20 10 26 28 31 32 34 39 49 60 62 69 92
20 c 50 40 146 15 375 90 50 46 26 43 53 55 60 75 77 93 94 95
21 c 48 40 146 12 372 90 10 1 26 45 50 60 64
22 c 85 35 146 47 407 90 30 35 39 41 74 79 81 87 92
23 c 47 40 146 12 372 90 10 16 46 48 50 58 71
24 c 88 35 146 50 410 90 20 29 40 50 59 94
25 c 95 30 146 242 602 90 30 34 30 36 71
26 c 95 35 146 147 507 90 20 20 89 90
27 c 42 10 146 42 402 90 40 38 33 43 58 68 76
28 c 10 35 146 39 399 90 20 13 31 75 78
29 c 2 40 146 229 589 90 20 29 40 42 47 76 84 90 92 98
30 c 20 80 146 227 587 90 40 35 34 36 40 46 51 53 54 86
31 c 58 75 146 30 390 90 20 13 67 73 86 96
32 c 42 66 146 16 376 90 10 7 44 59 61 83
33 c 60 80 146 36 396 90 10 12 35 54 60 61 62 72 76
34 c 42 65 146 15 375 90 10 7 38 82 84
35 c 40 66 146 18 378 90 20 25 50 65 79
36 c 38 68 146 110 470 90 20 24 43 62 63 80
37 c 35 66 146 204 564 90 10 12 47 48 53 64 67 73 77 81 99
38 c 62 80 146 38 398 90 30 25 42 43
39 c 22 75 146 30 390 90 30 27 40 64 85 95
40 c 20 50 146 202 562 90 10 7 51 52 81 88
41 c 18 75 146 33 393 90 20 19 51 75 76 87
42 c 15 75 146 37 397 90 20 24 45 63
43 c 90 35 146 52 412 90 10 17 45 72 83
44 c 30 50 146 10 370 90 10 18 78 79 94 97
45 c 23 52 146 109 469 90 10 12 49 53 80 85 89 95
46 c 25 52 146 17 377 90 40 36 64 68 78 85 96
47 c 65 82 146 131 491 90 10 14 48 68 75 90
48 c 25 50 146 15 375 90 10 8 56 83 86 100
49 c 15 80 146 132 492 90 10 10 57 61 69 72 77 96
50 c 67 85 146 225 585 90 20 25 93 99
51 c 35 69 146 297 657 90 10 18 89
52 c 20 55 146 297 657 90 10 3 66 80 81
53 c 53 30 146 298 658 90 10 6 60 69
54 c 30 32 146 299 659 90 30 22 75 81
55 c 70 58 146 311 671 90 20 11 64 67 69 83 98 100
56 c 65 85 146 317 677 90 40 30 60 63 66 70 72
57 c 0 40 146 321 681 90 30 20 84
58 c 20 85 146 322 682 90 40 45 62 81 82
59 c 38 5 146 323 683 90 30 30 62 72 89 91
60 c 92 30 146 335 695 90 10 12 86
61 c 38 70 146 390 750 90 10 18 66 73 79
62 c 23 55 146 390 750 90 20 19 70 75 87 92 95 99
63 c 50 30 146 391 751 90 10 6 71 92 95
64 c 30 30 146 391 751 90 10 12 65 72 74 84 87 95
65 c 68 60 146 404 764 90 30 25 79 80 83 91
66 c 60 85 332 412 772 90 30 40 67 88 98
67 c 22 85 332 414 774 90 10 4 75 82 92 100
68 c 35 5 332 416 776 90 20 10 74 77 92
69 c 0 45 332 416 776 90 20 10 72
70 c 88 30 332 429 789 90 10 12 93
71 c 40 69 332 482 842 90 20 14 94
72 c 25 55 332 482 842 90 10 17 77 84
73 c 28 30 332 483 843 90 10 1 92 94
74 c 48 30 332 483 843 90 10 18 93 100
75 c 65 60 332 497 857 90 30 32 91 93 100
76 c 55 85 332 507 867 90 20 18 84 100
77 c 25 85 332 507 867 90 20 14 85
78 c 5 45 332 511 871 90 10 2
79 c 38 15 332 516 876 90 10 14 88 90 94
80 c 87 30 332 520 880 90 10 20 98
81 c 42 68 332 575 935 90 10 9
82 c 28 55 332 575 935 90 10 1 95 98
83 c 45 30 332 576 936 90 10 1
84 c 25 30 332 576 936 90 10 17 95 98
85 c 63 58 332 590 950 90 10 1 87
86 c 55 80 425 602 962 90 10 16 98 100
87 c 8 45 425 604 964 90 20 14
88 c 85 25 425 615 975 90 10 1
89 c 45 70 425 668 1028 90 30 28 92
90 c 28 52 425 668 1028 90 20 13 94 99
91 c 26 32 425 668 1028 90 10 13
92 c 47 35 425 671 1031 90 10 2
93 c 60 60 425 683 1043 90 10 6
94 c 30 52 502 760 1120 90 20 10
95 c 45 68 502 760 1120 90 10 15
96 c 25 35 503 761 1121 90 10 20 98
97 c 45 35 505 763 1123 90 10 4
98 c 28 35 508 766 1126 90 10 8
99 c 30 35 509 767 1127 90 10 6
100 c 45 65 512 770 1130 90 20 24

