StringID Type x y release ReadyTime DueDate ServiceTime weight volume Item_Conflitante1 Item_Conflitante2 Item_Conflitante3 Item_Conflitante4 Item_Conflitante5 Item_Conflitante6 Item_Conflitante7 Item_Conflitante8 Item_Conflitante9 Item_Conflitante10 Item_Conflitante11 Item_Conflitante12 Item_Conflitante13 Peso_Total Volume_Total
0 d 40 50 0 0 240 0 0 0              200 200
1 c 12 24 20 91 118 10 13 6 9 54 61 62 64 72 82 100
2 c 49 58 20 78 123 10 10 11 4 31 36 46 58
3 c 45 65 20 37 124 10 9 4 25 28 35 46 49 84 99
4 c 65 55 20 30 129 10 14 19 10 28 55 77 82
5 c 44 5 20 73 130 10 20 29 10 19 27 41 45 68 96 97
6 c 60 12 20 48 131 10 31 23 20 29 31 58 71 82 95
7 c 15 75 20 54 133 10 20 24 18 28 36 38 86
8 c 24 58 20 27 136 10 19 22 18 22 30 39 43 44 52 56 57 60 61 80 84
9 c 26 52 20 14 136 10 9 5 16 34 49 53 67 71
10 c 2 60 20 46 137 10 5 1 34 42 51 69 75 89 91 99 100
11 c 64 42 20 31 138 10 9 1 23 29 56 70 82
12 c 60 85 20 61 138 10 30 40 34 41 59 75 84 90 100
13 c 42 12 20 99 138 10 10 8 25 33 43 49 60 62 73 76 100
14 c 45 30 20 20 139 10 17 17 22 30 76 95
15 c 31 52 20 9 139 10 27 29 17 29 47 52 56
16 c 21 24 20 63 140 10 28 29 41 46 47 50 52 64 69 71 94
17 c 27 43 20 14 140 10 9 17 20 27 29 38 39 46 56 66 67 80 82
18 c 26 35 24 42 141 10 15 15 26 29 44 51 55 75 95 96
19 c 62 80 24 38 141 10 30 33 26 46 52 57 58 61 75 80 85 91 95 97
20 c 0 40 24 41 141 10 20 26 22 50 53 68 90 93
21 c 55 82 24 35 142 10 10 19 23 36 63 85
22 c 6 68 24 65 142 10 30 39 27 29 44 61 76 78
23 c 57 48 24 76 143 10 23 33 29 33 39 64 82 83 95 96
24 c 20 50 24 68 143 10 5 1 34 35 44 49 54 62 98 99 100
25 c 15 80 24 67 144 10 10 6 46 56 82 86 89
26 c 63 23 24 59 144 10 2 5 30 97
27 c 88 30 27 52 147 10 10 11 36 47 65 87
28 c 42 10 28 40 148 10 40 46 48 51 72 75 85 88 90
29 c 37 47 28 53 148 10 6 11 33 38 71 73 82 85 90
30 c 8 45 28 32 148 10 20 21
31 c 57 29 28 73 148 10 18 11 40 45 51 53 60 61 62 91
32 c 40 15 29 64 149 10 40 44 68 76 93
33 c 55 20 30 45 150 10 19 19 38 53 72 78 92 94
34 c 25 30 30 25 150 10 3 1 43 47 52 64 88 91 99
35 c 35 40 30 11 150 10 16 13 42 52 55 70 75 89 94 96
36 c 22 85 32 95 152 10 10 9 64 66 75 76 95
37 c 8 40 32 33 152 10 40 43 39 43 58 68 73 76 81 84
38 c 10 35 39 57 154 10 20 14 57 61 64 70
39 c 18 75 39 60 159 10 20 16 52 53 75
40 c 56 37 39 20 159 10 6 4 62 68 80
41 c 10 40 42 106 161 10 30 36 45 68 69 71 85 86 93 95
42 c 40 5 42 45 161 10 10 19 64 65 69 81 92 93 99
43 c 8 56 42 47 162 10 27 18 50 56 58 77 95
44 c 2 40 44 39 163 10 20 15 86
45 c 38 5 44 45 164 10 30 38 46 57 61 67 84 89
46 c 58 75 44 49 164 10 20 19 54 66 86 91 97
47 c 30 25 45 56 165 10 23 14 50 61 72 74 75 88
48 c 4 18 45 104 165 10 35 28 59 80 83 88
49 c 5 5 45 57 165 10 16 14 64
50 c 22 75 48 30 168 10 30 40 71 73 76 77 79 86 89 94 100
51 c 85 35 48 83 168 10 30 38 56 74 88 93
52 c 65 35 48 29 168 10 3 1 60 66 69 83 93 98
53 c 95 30 54 90 169 10 30 25 82 93
54 c 95 35 54 57 172 10 20 30 74 84 100
55 c 37 31 54 19 172 10 14 21 66 70 71 87 96 100
56 c 88 35 54 50 172 10 20 24 61 72 90 94
57 c 90 35 54 52 174 10 10 18 59 73 83 90 98
58 c 92 30 54 55 174 10 10 7 67 70 72 74 80
59 c 67 5 57 52 177 10 25 29 69
60 c 53 43 58 14 177 10 14 17 70 89 94
61 c 72 35 58 83 178 10 30 21 89 92
62 c 85 25 58 51 178 10 10 4 70 80 93
63 c 87 30 58 61 178 10 10 15 71 72
64 c 42 15 65 94 179 10 10 11 75 82 90
65 c 55 80 65 33 180 10 10 16 73 90 97
66 c 23 3 65 49 180 10 7 6 77 91 99 100
67 c 65 82 65 95 182 10 10 12 73 84 91 98 99
68 c 15 10 65 51 182 10 20 12 78 93
69 c 35 5 65 45 183 10 20 28 78 79 85 87 95
70 c 18 80 65 71 184 10 10 13 87 94
71 c 42 5 65 50 184 10 10 4 73
72 c 67 85 65 57 185 10 20 26 79 81 95 97
73 c 55 85 65 100 185 10 20 17 82
74 c 65 85 66 43 186 10 40 43 76 77 79 84
75 c 10 20 67 42 187 10 19 24 76
76 c 55 54 68 105 188 10 26 18 89 91
77 c 20 85 69 40 189 10 20 28 98 100
78 c 0 45 69 51 189 10 20 21
79 c 65 20 70 39 190 10 6 13 81
80 c 5 35 72 53 191 10 10 16 87 90
81 c 25 85 72 49 191 10 20 15 85
82 c 2 45 72 38 191 10 10 1
83 c 20 82 72 37 192 10 10 6 87 89 99
84 c 20 80 73 69 193 10 40 36 89 91
85 c 60 80 73 36 193 10 10 1 98
86 c 20 20 73 71 193 10 8 9 100
87 c 38 15 74 51 194 10 10 7 96
88 c 5 45 74 35 194 10 10 7 92
89 c 41 37 78 97 198 10 16 22 93
90 c 50 35 82 91 198 10 19 25 98 99
91 c 55 60 82 107 200 10 16 26
92 c 63 65 82 27 202 10 8 11
93 c 15 60 83 62 203 10 17 24
94 c 61 52 88 50 208 10 3 6 97
95 c 35 69 90 30 210 10 23 18
96 c 31 67 90 43 210 10 3 1
97 c 30 60 94 95 214 10 16 6
98 c 40 60 96 101 216 10 21 18
99 c 49 42 97 89 217 10 13 19
100 c 47 47 102 93 222 10 13 20

