StringID Type x y release ReadyTime DueDate ServiceTime weight volume Item_Conflitante1 Item_Conflitante2 Item_Conflitante3 Item_Conflitante4 Item_Conflitante5 Item_Conflitante6 Item_Conflitante7 Item_Conflitante8 Item_Conflitante9 Item_Conflitante10 Peso_Total Volume_Total
0 d 40 50 0 0 960 0 0 0           1000 1000
1 c 38 5 0 231 291 10 30 39 5 19 22 37 53 77 81 90 92 99
2 c 12 24 0 389 449 10 13 13 5 19 22 35 39 81 83 86
3 c 20 50 0 405 465 10 5 1 10 21 24 49 62 75 77 94
4 c 53 43 0 14 74 10 14 8 31 53 65 66 67 81 98
5 c 95 35 0 138 273 10 20 18 7 9 29 34 37 39 58 70 77
6 c 92 30 0 78 339 10 10 3 32 36 46 61 96
7 c 90 35 0 132 375 10 10 7 28 31 36 55 56 69 70 98
8 c 88 30 0 252 359 10 10 8 15 17 18 30 40 53 64 83
9 c 26 35 0 338 398 10 15 25 18 39 56 58 85 88
10 c 24 58 0 262 377 10 19 27 12 26 28 57 61
11 c 85 25 0 71 208 10 10 15 12 70 80 83 94
12 c 2 45 0 38 322 10 10 15 33 71 74 78 84 89 90 95 98
13 c 20 82 0 37 177 10 10 6 15 29 40 48 82 98
14 c 65 85 0 43 186 10 40 32 22 26 27 42 51 72 75 92 93 95
15 c 55 82 0 247 307 10 10 4 46 53 54 66 81 83 93
16 c 62 80 0 308 368 10 30 29 20 22 32 50 54 97
17 c 60 80 0 46 201 10 10 1 32 37 60 74 81 93 94 95
18 c 45 65 0 214 421 10 9 19 30 45 47 71 72 84
19 c 60 85 0 339 438 10 30 27 38 65 72 85
20 c 65 35 0 197 257 10 3 1 23 26 49 69 91
21 c 10 35 0 401 461 10 20 15 24 36 60 68 90
22 c 6 68 0 382 442 10 30 27 26 34 39 44 71
23 c 60 12 0 298 358 10 31 39 60 96
24 c 2 60 0 240 451 10 5 14 31 90
25 c 65 55 0 191 410 10 14 18 64 67 81 84 90
26 c 31 52 0 187 247 10 27 20 57 63 80 98
27 c 15 80 0 397 457 10 10 1 32 36 40 43 79 84 94
28 c 42 10 0 199 428 10 40 36 31 55 58 75 77 80 83 94
29 c 64 42 0 298 358 10 9 17 42 85 89 95
30 c 55 80 0 33 166 10 10 11 47 67 69 71 84 99
31 c 35 40 0 11 140 10 16 26 39 46 52 82 87
32 c 45 30 0 191 310 10 17 27 33 51 52 64 75 85 93
33 c 5 45 0 35 366 10 10 5 38 49 50 77 85 97
34 c 2 40 0 204 264 10 20 18 56
35 c 0 40 0 204 425 10 20 13 38 61 65 81
36 c 65 20 0 39 316 10 6 1 38 53 75 81 94
37 c 8 40 0 225 285 10 40 39 63
38 c 8 56 201 366 483 10 27 24 67 69
39 c 44 5 201 306 483 10 20 22 82
40 c 57 29 201 425 485 10 18 17 49 57 68 92 93 94 100
41 c 40 15 201 383 486 10 40 47 59 75 79 92
42 c 58 75 201 377 494 10 20 14 75
43 c 27 43 201 14 494 10 9 8 51 56 58 59 62 64 82 85 86 93
44 c 26 52 201 14 494 10 9 3 86 91 97
45 c 49 58 201 332 497 10 10 9 92 93
46 c 55 20 201 273 498 10 19 26 48 53 58 69 73
47 c 37 31 201 19 499 10 14 7 53 85 88
48 c 56 37 201 20 500 10 6 5 57 76
49 c 18 75 201 393 502 10 20 26 55 60 69 75 76 94
50 c 25 30 201 25 505 10 3 1 52 56 93 98
51 c 21 24 201 310 507 10 28 24 68 82
52 c 63 65 201 27 507 10 8 12 56 76 80 81
53 c 22 75 201 30 510 10 30 32 57 82 84 89
54 c 20 85 201 40 520 10 20 30 69 88
55 c 10 20 201 42 522 10 19 12 66 74
56 c 8 45 201 43 523 10 20 10 78 90 93
57 c 40 5 201 45 525 10 10 12 61 63 64 73 85 86 89 90
58 c 37 47 201 311 526 10 6 11 62 78 92 98
59 c 88 35 201 50 530 10 20 30 82 86 92
60 c 5 5 201 57 537 10 16 6 80 84 87 93
61 c 42 12 201 460 539 10 10 9 76
62 c 30 25 201 342 571 10 23 28 63 73 76 78
63 c 15 75 201 120 600 10 20 25 68 72
64 c 10 40 201 535 622 10 30 31 67 71 81 95
65 c 63 23 201 164 644 10 2 1 83 88 97
66 c 18 80 201 432 665 10 10 6 79
67 c 50 35 201 560 673 10 19 24 74 96
68 c 41 37 201 570 681 10 16 23 75 91 97
69 c 30 60 307 629 689 10 16 12 80 84
70 c 57 48 307 212 692 10 23 29 75 93 94 98
71 c 4 18 307 516 697 10 35 42 73 74 78 79 83 85 97
72 c 42 15 307 494 699 10 10 20 90
73 c 40 60 307 613 730 10 21 18 79 81 88
74 c 20 80 307 674 734 10 40 34 82 83 88 89 95
75 c 20 20 307 675 735 10 8 11 95 96
76 c 55 85 307 531 736 10 20 16 98
77 c 5 35 307 683 743 10 10 11 83 94
78 c 55 60 307 554 767 10 16 21 90
79 c 22 85 307 291 771 10 10 7 98
80 c 67 85 307 655 778 10 20 11 85 97
81 c 85 35 307 307 787 10 30 27 95
82 c 87 30 377 562 799 10 10 3
83 c 72 35 377 327 807 10 30 31 94
84 c 0 45 377 698 827 10 20 12 91
85 c 95 30 377 349 829 10 30 21 92 93
86 c 23 3 377 794 854 10 7 3 88 89
87 c 65 82 377 377 857 10 10 13 88 100
88 c 55 54 382 382 862 10 26 26 95
89 c 38 15 392 609 872 10 10 13
90 c 35 5 424 821 881 10 20 24 98
91 c 15 60 424 623 884 10 17 21
92 c 67 5 424 611 897 10 25 29
93 c 15 10 424 842 902 10 20 29
94 c 42 5 424 424 904 10 10 19
95 c 25 85 431 431 911 10 20 30
96 c 61 52 448 789 928 10 3 13
97 c 35 69 450 780 930 10 23 27
98 c 31 67 450 870 930 10 3 4
99 c 49 42 457 457 937 10 13 4
100 c 47 47 462 817 942 10 13 9

