StringID Type x y release ReadyTime DueDate ServiceTime weight volume Item_Conflitante1 Item_Conflitante2 Item_Conflitante3 Item_Conflitante4 Item_Conflitante5 Item_Conflitante6 Item_Conflitante7 Item_Conflitante8 Item_Conflitante9 Item_Conflitante10 Item_Conflitante11 Item_Conflitante12 Item_Conflitante13 Peso_Total Volume_Total
0 d 40 50 0 0 3390 0 0 0              700 700
1 c 8 40 11 685 845 90 40 44 8 30 33 38 39 61 73 74 80 83 97
2 c 5 35 11 876 1036 90 10 11 16 45 62 77 88 100
3 c 5 45 11 1253 1413 90 10 17 10 15 21 43 46 53 95
4 c 0 40 11 1063 1223 90 30 26 15 35 55 58 60 68 91 95 97
5 c 0 45 11 1158 1318 90 20 25 16 19 40 56 71 94 98
6 c 48 20 11 967 1127 90 10 2 37 69 82 94
7 c 55 80 11 407 567 90 10 8 9 25 39 45 47 49 51 62 77 81 98
8 c 44 5 11 1256 1416 90 20 23 28 29 43 56 83
9 c 42 15 11 1065 1225 90 10 6 36 49 64 69 97
10 c 40 5 11 1350 1510 90 30 20 22 46 73
11 c 38 5 11 1442 1602 90 30 37 13 20 22 25 33 42 54 67 70 73 81 85 93
12 c 50 35 11 120 280 90 20 22 17 19 25 39 64
13 c 48 30 11 493 653 90 10 16 17 55 56 66 75 91 98
14 c 44 25 11 871 1031 90 10 15 40 41 49 60 69 89 99
15 c 47 35 11 588 748 90 10 2 21 27 43 99
16 c 47 40 11 12 172 90 10 12 25 40 48 49 58 63 77 84 95
17 c 42 30 11 776 936 90 10 19 39 47 65 69 73
18 c 45 35 11 680 840 90 10 16 50 89 95
19 c 53 35 11 213 373 90 50 58 26 41 53 69 82 94
20 c 67 85 11 694 854 90 20 28 36 38 49 52 59 65 70
21 c 42 58 11 8 168 90 40 43 28 36 38 59 74 77 89 90
22 c 20 55 11 303 463 90 10 1 26 35 38 45 61 77 88 93
23 c 23 52 11 209 369 90 10 11 24 44 59 63 64 73 81
24 c 55 85 11 502 662 90 20 24 47 61 63 93
25 c 16 42 11 497 657 90 20 10 37 48 65 90
26 c 28 52 11 22 182 90 20 16 29 31 83 100
27 c 60 66 11 1261 1421 90 10 9 44 56 57 75 85
28 c 65 60 11 1546 1706 90 30 40 38 50 51 53 56 63 65 86 88 91 97
29 c 70 58 870 1641 1801 90 20 10 36 41 57 71 83 89 95
30 c 14 66 870 1643 1803 90 10 17 31 37 43 54 68 71 76 93 95
31 c 36 18 870 1819 1979 90 10 3 43 53 94 98
32 c 32 20 870 1913 2073 90 10 9 33 35 64 94
33 c 30 30 870 2105 2265 90 10 16 36 54 59
34 c 90 35 870 2131 2291 90 10 10 47 54 66 70 79 92
35 c 20 80 870 2216 2376 90 40 47 39 45 56 69 88 98
36 c 18 75 870 2311 2471 90 20 30 42 53 66 84 86 92 99
37 c 95 30 870 2321 2481 90 30 38 38 53 54 62 68 77 80 90
38 c 22 75 870 2405 2565 90 30 37 59 65 66 88 94
39 c 22 66 1267 2504 2664 90 40 39 45 55 57 77 85 86 90 96
40 c 85 25 1267 2513 2673 90 10 16 42 58 63 91
41 c 28 70 1267 2601 2761 90 10 13 60 67 86 99
42 c 87 30 1267 2608 2768 90 10 17 53 88 99
43 c 33 32 1267 2666 2826 90 20 26 45 59 87
44 c 35 69 1267 2698 2858 90 10 13 49 56 61 75 77 80 97 99
45 c 35 32 1267 2758 2918 90 10 19 56 80 93 96 98
46 c 35 66 1267 2791 2951 90 10 20 49 67
47 c 78 40 1267 2802 2962 90 20 28 48 57 59 74
48 c 34 60 1365 2887 3047 90 20 19 58 85 97
49 c 72 45 1365 2900 3060 90 10 14 68 72 90 91 92
50 c 95 35 1573 0 3242 90 20 19 94 99
51 c 92 30 1573 0 3244 90 10 4
52 c 85 35 1573 0 3252 90 30 36 78 83 89 92 96 100
53 c 86 46 1573 0 3253 90 30 34 55 57 69 81 83 93
54 c 35 5 1573 0 3254 90 20 28 64 66 85 99
55 c 64 46 1573 3097 3257 90 20 14 83 90
56 c 38 10 1573 0 3259 90 10 17 59 65 79 80 81 93
57 c 60 85 1573 0 3259 90 30 25 64 67 71 73 84
58 c 65 82 1573 0 3259 90 10 8 74 78 90 95
59 c 42 10 1573 0 3259 90 40 50 62
60 c 20 85 1573 0 3259 90 40 30 80 83 86 87 88 99
61 c 2 40 1573 0 3260 90 20 23 63 86 89 90
62 c 15 80 1573 0 3260 90 10 18
63 c 22 85 1573 0 3260 90 10 1 74 82 94
64 c 25 85 1573 0 3261 90 20 21 85 90
65 c 62 80 1573 0 3262 90 30 33 71 74 75
66 c 4 55 1573 0 3263 90 20 22 89 91
67 c 38 15 1573 0 3264 90 40 39 68 81 89
68 c 75 55 1573 0 3264 90 20 10 96 97
69 c 15 75 1573 0 3264 90 20 12 72 87 96
70 c 8 62 1573 0 3265 90 10 2 71 82 83 95
71 c 10 35 1573 0 3266 90 20 10 85 93
72 c 72 55 1573 0 3267 90 10 12 87
73 c 8 45 1573 0 3267 90 20 18 83 90 91
74 c 10 40 1573 0 3268 90 30 34 75 83
75 c 58 75 1582 0 3269 90 20 18 81 85 87
76 c 62 69 1582 0 3270 90 10 11 80 89 95
77 c 52 75 1582 0 3272 90 10 20 87 92 94
78 c 66 55 1582 0 3273 90 10 15
79 c 58 70 1582 0 3273 90 20 20 80 86 87 89 97
80 c 34 25 1582 0 3274 90 30 32
81 c 25 30 1582 0 3275 90 10 14 84 87 98
82 c 62 40 1582 0 3275 90 10 3 84 94 100
83 c 53 30 1582 0 3276 90 10 15
84 c 60 60 1582 0 3277 90 10 11
85 c 26 32 1582 0 3277 90 10 4
86 c 50 30 1582 0 3277 90 10 13
87 c 56 64 1583 0 3278 90 10 4 88 94
88 c 25 35 1583 0 3278 90 10 1 91
89 c 60 55 1584 0 3279 90 10 5 100
90 c 45 70 1584 0 3279 90 30 28 91 94
91 c 20 50 1585 0 3280 90 10 11 98
92 c 30 35 1586 0 3281 90 10 4
93 c 33 35 1588 0 3283 90 10 18 98
94 c 45 65 1589 0 3284 90 20 19
95 c 42 65 1589 0 3284 90 10 13 96
96 c 50 40 1590 0 3285 90 50 48 97
97 c 25 50 1590 0 3285 90 10 16 100
98 c 30 56 1593 0 3288 90 20 19 99
99 c 36 40 1594 0 3289 90 10 13
100 c 30 50 1595 0 3290 90 10 8

