StringID Type x y release ReadyTime DueDate ServiceTime weight volume Item_Conflitante1 Item_Conflitante2 Item_Conflitante3 Item_Conflitante4 Item_Conflitante5 Item_Conflitante6 Item_Conflitante7 Item_Conflitante8 Item_Conflitante9 Item_Conflitante10 Item_Conflitante11 Item_Conflitante12 Item_Conflitante13 Peso_Total Volume_Total
0 d 35 35 0 0 230 0 0 0              200 200
1 c 14 37 0 44 54 10 11 5 5 22 32 65 98
2 c 2 60 0 41 51 10 5 3 4 6 44 52 59
3 c 15 47 0 55 65 10 16 13 9 14 18 20 35 40 57 58 60 76 77
4 c 5 5 0 83 93 10 16 12 18 24 31 62 65 83 91 100
5 c 60 12 0 44 54 10 31 23 51 59 69 79 93 97 99
6 c 40 25 0 85 95 10 9 17 12 15 17 37 40 43 63 66 77 85 91 95 96
7 c 42 7 0 97 107 10 5 12 10 22 35 79 83
8 c 24 12 0 31 41 10 5 14 16 27 34 41 44 54 62 69 94
9 c 55 54 0 94 104 10 26 22 27 29 38 62 77 90
10 c 11 14 0 69 79 10 18 25 16 23 27 37 51 59 74 86
11 c 6 38 0 32 42 10 16 19 19 21 33 48 50 53 72 75 77
12 c 8 56 0 51 61 10 27 24 16 22 28 61 62 66 80 86 93
13 c 57 48 0 92 102 10 23 31 14 39 51 67 71 72 87
14 c 20 26 0 83 93 10 9 3 23 25 33 43 50 53 67
15 c 67 5 0 83 93 10 25 32 28 38 45 50 60 61 62 70 91 93
16 c 49 58 0 88 98 10 10 14 19 57 64 68 74 84 88
17 c 37 31 0 95 105 10 14 16 25 26 33 45 48 55 66 79 80 93 94 98
18 c 61 52 0 96 106 10 3 1 76 83 92 98
19 c 49 42 0 73 83 10 13 5 20 47 65 69 73 79 94
20 c 49 11 0 69 79 10 18 28 21 24 31 44 52 61 64 81 83 90 95 100
21 c 32 12 0 101 111 10 7 1 27 29 73 94
22 c 44 17 0 78 88 10 9 3 23 32 36 47 61
23 c 21 24 0 18 28 10 28 19 27 48 49 58 73 96 97 99
24 c 47 16 0 35 45 10 25 15 42 60 66 68 71 82
25 c 12 24 0 76 86 10 13 15 28 48 51 73 74 92
26 c 24 58 0 58 68 10 19 21 36 43 60 72 76
27 c 27 69 0 34 44 10 10 13 33 49 53 62 65 73 88
28 c 15 77 0 73 83 10 9 3 76 83 98
29 c 62 77 0 51 61 10 20 28 36 55 63 68 69 74 77 93 98
30 c 57 68 0 77 87 10 15 24 33 37
31 c 27 43 0 52 62 10 9 3 56
32 c 53 52 0 37 47 10 11 18 44 64 76 78 97 98
33 c 37 47 0 50 60 10 6 13 49 55 62 80 84 91 99
34 c 31 52 0 50 60 10 27 19 57 59 76 86 97
35 c 19 21 0 58 68 10 10 7 55 72 74 82 95
36 c 35 17 0 50 60 10 7 9 50 74 96 98 99
37 c 25 24 0 39 49 10 20 14 49 81 85 87 95
38 c 15 30 0 34 44 10 26 25 44 50 74 82
39 c 25 30 0 99 109 10 3 1 41 66 76 81 88 92
40 c 20 50 0 81 91 10 5 7 53 57 59 66 68 82 92
41 c 10 43 0 95 105 10 9 10 52 53 58
42 c 55 60 0 97 107 10 16 11 44 61 95 99
43 c 26 27 0 100 110 10 27 24 62 74 88 91
44 c 20 65 0 67 77 10 12 11 46 53 56
45 c 50 35 0 63 73 10 19 13 48 52 62 72 73 84 86
46 c 22 22 0 18 28 10 2 3 47 57 63 64 67 68 71 80 87 98
47 c 15 10 0 32 42 10 20 25 59 64 76 80 86 87 94 96 99
48 c 30 5 0 61 71 10 8 15 56 58 62 84 85
49 c 11 31 0 101 111 10 7 6 62 65 67 81 87 89
50 c 10 20 0 75 85 10 19 11 51 55 69 73
51 c 28 18 0 93 103 10 26 32 69 80 86
52 c 20 40 0 87 97 10 12 11 75 95
53 c 15 60 0 76 86 10 17 13 54 56 60 65 72 83
54 c 40 60 0 71 81 10 21 25 64 95 99
55 c 26 52 0 74 84 10 9 1 58 61 64
56 c 45 20 0 62 72 10 11 10 72 74 86 99
57 c 45 10 0 97 107 10 18 27 74 75
58 c 55 5 0 68 78 10 29 37 60 77 86 96 99
59 c 31 67 0 95 105 10 3 1 62 64 72 80
60 c 4 18 0 94 104 10 35 44 65 80 82 95
61 c 16 22 0 91 101 10 41 42 65 76 87 100
62 c 35 40 0 37 47 10 16 20 65 75 98
63 c 41 37 0 39 49 10 16 14 86
64 c 64 42 0 63 73 10 9 18 75 88 89 94 96
65 c 6 68 3 108 118 10 30 21 69 91 92
66 c 55 45 19 116 126 10 13 4 68 75 77 94
67 c 2 48 19 117 127 10 1 1 90 95
68 c 65 55 19 117 127 10 14 9 70 80 86 90 94 97
69 c 47 47 19 124 134 10 13 7 72 73 83 89 95
70 c 30 60 19 124 134 10 16 26 78
71 c 45 65 28 126 136 10 9 2 72 81 85 88 91 94
72 c 49 73 28 127 137 10 25 18 85 86
73 c 53 12 28 130 140 10 6 9
74 c 45 30 28 132 142 10 17 27 86 95
75 c 23 3 28 132 142 10 7 15
76 c 25 21 28 133 143 10 12 9 77 86
77 c 20 20 38 134 144 10 8 4 90 95
78 c 22 27 38 135 145 10 11 17 83 84 96
79 c 63 23 38 136 146 10 2 8 80 97
80 c 57 29 38 140 150 10 18 20 91
81 c 35 69 38 141 151 10 23 16
82 c 56 39 38 142 152 10 36 32 95
83 c 63 65 38 143 153 10 8 10 90
84 c 55 20 44 149 159 10 19 25 92 100
85 c 46 13 44 149 159 10 8 2
86 c 65 35 48 153 163 10 3 11
87 c 5 30 55 157 167 10 2 1 90 97
88 c 30 25 55 159 169 10 23 13 91
89 c 15 19 55 160 170 10 1 1 94
90 c 41 49 56 161 171 10 10 6 96 100
91 c 17 34 60 162 172 10 3 11 93 96
92 c 13 52 60 165 175 10 36 38 93 96
93 c 65 20 67 172 182 10 6 11
94 c 26 35 77 176 186 10 15 22 96
95 c 53 43 77 179 189 10 14 23
96 c 37 56 77 182 192 10 5 2
97 c 56 37 77 182 192 10 6 4
98 c 18 18 80 185 195 10 17 8
99 c 18 24 83 188 198 10 22 32 100
100 c 36 26 95 200 210 10 18 13

