StringID Type x y release ReadyTime DueDate ServiceTime weight volume Item_Conflitante1 Item_Conflitante2 Item_Conflitante3 Item_Conflitante4 Item_Conflitante5 Item_Conflitante6 Item_Conflitante7 Item_Conflitante8 Item_Conflitante9 Item_Conflitante10 Item_Conflitante11 Item_Conflitante12 Item_Conflitante13 Peso_Total Volume_Total
0 d 40 50 0 0 240 0 0 0              200 200
1 c 65 55 0 65 95 10 14 14 18 23 24 33 70 86 100
2 c 65 85 0 43 73 10 40 43 3 10 36 39 62 76
3 c 37 31 0 35 65 10 14 14 15 37 45 48 53 59 60 64 65 75 82 93 96
4 c 62 80 0 75 105 10 30 38 22 41 69
5 c 60 80 0 37 67 10 10 8 25 33 40 58 63 77 82
6 c 60 85 0 85 115 10 30 32 22 50 56 57 66 89 96 98
7 c 55 80 0 33 63 10 10 19 15 38 40 55 63 82 84 88 89 94
8 c 27 43 0 42 72 10 9 7 14 27 48 56 79 85
9 c 55 82 0 64 94 10 10 11 10 13 29 38 50 77 88 92 93
10 c 20 82 0 37 67 10 10 19 15 36 44 53 64 66 68 99
11 c 2 45 0 45 75 10 10 2 14 34 37 55 70
12 c 49 58 0 86 116 10 10 13 16 34 52 57 68 70 82 83 95
13 c 26 35 0 77 107 10 15 12 19 22 34 42 50 58 62 67 82 91 96 97
14 c 85 25 0 51 81 10 10 19 18 26 31
15 c 55 20 0 83 113 10 19 24 18 21 26 42 54 72 84 85 94
16 c 6 68 0 89 119 10 30 31 24 36 60 66 71 93 97
17 c 8 56 0 90 120 10 27 26 20 26 31 35 43 61 62 76 85 95 99
18 c 60 12 0 75 105 10 31 21 23 24 27 34 41 71 82
19 c 5 5 0 74 104 10 16 9 39 67 90
20 c 10 20 0 42 72 10 19 28 22 28 56 71 75 77 89 96
21 c 2 60 0 77 107 10 5 11 31 38 53 65 73 74 96
22 c 45 65 0 66 96 10 9 1 36 39 47 58 70 76 79 90 92 93 96
23 c 65 35 0 52 82 10 3 1 31 32 44 60 80
24 c 65 20 0 39 69 10 6 15 60 61 65 81
25 c 45 30 0 53 83 10 17 14 31 37 73 89 95
26 c 35 40 0 11 41 10 16 23 33 62 65 71 91
27 c 63 65 0 30 60 10 8 12 29 46 48 52 54 93 98 99
28 c 64 42 0 70 100 10 9 8 45 67 90 94
29 c 25 30 0 52 82 10 3 6 35 52 55 58 92 95 100
30 c 63 23 0 87 117 10 2 4 44 53 56 67 80 95
31 c 31 52 0 41 71 10 27 36 42 46 54 57 71 87
32 c 88 30 0 74 104 10 10 1 56 59 83 85 94 95 98
33 c 26 52 0 46 76 10 9 1 37 41 84 90
34 c 22 75 0 50 80 10 30 32 46 48 61 68 75
35 c 56 37 0 34 64 10 6 1 46 49 69 73 76
36 c 20 85 0 41 71 10 20 28 44 84
37 c 15 75 0 79 109 10 20 16 43 50 52 63 66 84 87 95
38 c 8 40 0 59 89 10 40 45 59 68 74
39 c 8 45 0 64 94 10 20 22 86
40 c 53 43 0 14 44 10 14 19 42 63 66 92
41 c 5 45 1 35 65 10 10 3 44 51 54 58 73 79 84 88
42 c 2 40 1 58 88 10 20 23 48 49 82 87 98
43 c 88 35 1 61 91 10 20 30 66 80 82 88
44 c 37 47 1 86 116 10 6 1 53 62 67 69 76
45 c 44 5 1 87 117 10 20 25 52 87
46 c 0 40 1 72 102 10 20 16 98
47 c 42 10 1 72 102 10 40 50 55 83 88 94
48 c 24 58 1 67 97 10 19 18 54 56 83 91
49 c 90 35 1 67 97 10 10 17 74 93 94
50 c 40 5 1 67 97 10 10 1 87 96 98 100
51 c 38 5 1 65 95 10 30 29 53 75 78 89
52 c 12 24 1 90 120 10 13 12 53 55 56 60 72 84 85 88 92
53 c 21 24 1 87 117 10 28 22 64 79 85 99
54 c 92 30 1 62 92 10 10 8 60 67
55 c 95 35 1 62 92 10 20 30 61 76 81
56 c 20 50 1 91 121 10 5 11 77 99
57 c 10 35 1 91 121 10 20 19 59 64 65 72 73 90 100
58 c 15 80 1 91 121 10 10 15 95
59 c 40 15 14 92 122 10 40 34 66 77 85 92 93 99
60 c 58 75 14 92 122 10 20 23 63 100
61 c 18 75 14 95 125 10 20 20 67 71 94
62 c 57 48 14 95 125 10 23 29 71 72 78 94 98
63 c 57 29 14 96 126 10 18 18 69 79 94 100
64 c 30 25 14 96 126 10 23 19 69 72 94
65 c 42 12 14 104 134 10 10 8 91 95
66 c 22 85 34 109 139 10 10 1 74
67 c 85 35 34 111 141 10 30 29 69 71 74 92
68 c 18 80 34 113 143 10 10 16 77 85 90 93 95
69 c 95 30 34 115 145 10 30 38 70 93
70 c 72 35 34 116 146 10 30 29 79 90 96
71 c 10 40 34 119 149 10 30 35 98
72 c 4 18 34 120 150 10 35 34 96
73 c 42 15 34 122 152 10 10 8 96
74 c 65 82 34 124 154 10 10 5 95
75 c 55 85 38 128 158 10 20 19 90
76 c 50 35 40 130 160 10 19 17 80 84 87 92 97
77 c 87 30 41 131 161 10 10 10
78 c 55 54 43 132 162 10 26 20 79
79 c 41 37 43 133 163 10 16 14 83 91 93
80 c 55 60 51 139 169 10 16 18 81 86
81 c 67 85 51 139 169 10 20 24 82 94
82 c 30 60 51 140 170 10 16 21 91 92 96
83 c 20 20 51 141 171 10 8 3 94 99
84 c 20 80 51 141 171 10 40 42
85 c 5 35 52 142 172 10 10 1 95
86 c 67 5 54 144 174 10 25 17 94
87 c 40 60 54 144 174 10 21 29
88 c 25 85 55 145 175 10 20 16 89
89 c 38 15 58 148 178 10 10 10 99
90 c 0 45 65 149 179 10 20 11
91 c 23 3 65 150 180 10 7 13 93 100
92 c 42 5 65 151 181 10 10 9
93 c 15 10 65 152 182 10 20 11 100
94 c 35 5 65 154 184 10 20 23 98
95 c 15 60 65 155 185 10 17 10
96 c 49 42 77 167 197 10 13 22
97 c 61 52 88 178 208 10 3 13 99
98 c 35 69 90 180 210 10 23 23
99 c 31 67 90 180 210 10 3 1
100 c 47 47 102 192 222 10 13 3

