StringID Type x y release ReadyTime DueDate ServiceTime weight volume Item_Conflitante1 Item_Conflitante2 Item_Conflitante3 Item_Conflitante4 Item_Conflitante5 Item_Conflitante6 Item_Conflitante7 Item_Conflitante8 Item_Conflitante9 Item_Conflitante10 Item_Conflitante11 Peso_Total Volume_Total
0 d 35 35 0 0 1000 0 0 0            1000 1000
1 c 8 56 123 34 362 10 27 22 16 17 29 32 65 75 89 97
2 c 57 68 123 218 417 10 15 11 5 9 17 30 32 62 78 92
3 c 28 18 123 380 487 10 26 25 17 24 29 35 38 57 93
4 c 47 16 123 22 377 10 25 20 9 15 20 28 30 61 69 75 92
5 c 41 37 123 44 325 10 16 10 12 14 19 58 61 63 71 89 93
6 c 64 42 123 129 374 10 9 19 8 31 45 47 48 54 70 84 85 89 95
7 c 40 60 123 115 498 10 21 23 17 26 31 34 36 54 57 70 98
8 c 31 52 123 91 336 10 27 30 20 27 47 55 57 66 85 88 90
9 c 44 17 123 263 444 10 9 14 29 51 64 90 93
10 c 49 11 123 182 399 10 18 19 12 15 18 48 54 90
11 c 27 43 123 111 362 10 9 1 20 24 40 50 67 68 76 79
12 c 14 37 123 21 328 10 11 18 20 36 49 51 87 88
13 c 15 47 123 99 352 10 16 8 79 81
14 c 55 54 123 388 479 10 26 16 33 54 66 76 81 88 96
15 c 49 42 123 166 497 10 13 14 20 21 43 49 53 54 62 67 92
16 c 15 60 123 215 432 10 17 14 37 45 51 73 87 88 94
17 c 20 40 123 349 462 10 12 6 57 62 90 98
18 c 45 20 123 156 389 10 11 7 30 35 58 77 98
19 c 10 20 123 222 423 10 19 21 24 25 34 36 45 49 76
20 c 19 21 123 122 367 10 10 14 43 48 55 63 78 88 100
21 c 35 17 123 74 351 10 7 13 38 39 41 53 57 72 84 91 97
22 c 25 24 123 22 301 10 20 28 38 49 51 75 85
23 c 15 30 123 20 370 10 26 24 38 56 70 87
24 c 27 69 123 34 348 10 10 13 29 45 58 82 96
25 c 20 50 123 292 449 10 5 14 57 60 64 71 73 88 90 95
26 c 50 35 123 170 403 10 19 19 47 64 76 80 83 100
27 c 12 24 123 246 421 10 13 18 30 34 44 53 95
28 c 21 24 123 17 441 10 28 28 39 42 51 65 66 80 95
29 c 15 10 123 32 454 10 20 12 37 46 47 65 67 80 89
30 c 11 14 123 72 501 10 18 26 45 67
31 c 4 18 123 350 503 10 35 44 47 71 84 100
32 c 16 22 123 333 504 10 41 32 38 50 53 63 72 75
33 c 49 58 123 296 505 10 10 4 35 50 53 57 61 68 77 83 95 98
34 c 20 65 123 33 510 10 12 19 40 49 84 92
35 c 55 5 123 36 513 10 29 34 41 45 66 82 100
36 c 15 77 123 46 523 10 9 4 41 45 80 81 82 91
37 c 30 5 123 30 529 10 8 1 61 66 80 86
38 c 31 67 123 345 534 10 3 1 55 58 61 67 76 80
39 c 37 47 123 12 535 10 6 1 70 74 91
40 c 26 27 123 403 536 10 27 17 41 51 58 97 100
41 c 26 52 123 114 553 10 9 4 78 84 91 93 97
42 c 40 25 123 243 554 10 9 7 57 73 99
43 c 5 5 123 147 560 10 16 12 47 53 56 78 84 89 99
44 c 67 5 123 132 563 10 25 29 86 88 91
45 c 20 26 123 185 580 10 9 11 51 58 59 62 65 66 67 92
46 c 57 48 123 273 580 10 23 30 49 58 60 62 77 78 84 85 92 95
47 c 24 58 123 25 583 10 19 25 48 55 60 61 62 66 81 84 86 92
48 c 32 12 123 366 585 10 7 5 55 62 90
49 c 6 68 123 444 597 10 30 28 50 51 63 68 77 92 98
50 c 10 43 123 288 597 10 9 16 98
51 c 37 31 123 301 602 10 14 16 65 74 77 81 91
52 c 62 77 123 49 608 10 20 13 81 82 94 100
53 c 35 40 123 5 612 10 16 18 75 95
54 c 55 45 123 498 613 10 13 17 80 81 82 84
55 c 24 12 123 25 616 10 5 2 58 90 93 97 98
56 c 45 10 123 280 623 10 18 10 74 80 83 95
57 c 11 31 280 323 624 10 7 7 65 66 78 87 89
58 c 55 60 280 254 643 10 16 10 69 72
59 c 53 52 280 24 646 10 11 20 60 67 75
60 c 65 55 280 487 656 10 14 4 72 99
61 c 25 30 280 266 663 10 3 13 66 69 93 97
62 c 6 38 280 29 669 10 16 18 72 87 98
63 c 61 52 280 212 671 10 3 13 69
64 c 22 22 280 18 673 10 2 1 72 76 92
65 c 42 7 280 225 682 10 5 4 73 79 86 93
66 c 2 48 280 458 685 10 1 2
67 c 47 47 280 499 690 10 13 3 70 89
68 c 25 21 280 582 703 10 12 21 80 87 96
69 c 45 30 280 548 707 10 17 21 70 75 81 98
70 c 45 65 280 538 709 10 9 9 78 83
71 c 2 60 280 41 710 10 5 13 76 86
72 c 30 60 280 496 713 10 16 6 75 82 84 85 93
73 c 22 27 280 565 732 10 11 18 80 81 89 99 100
74 c 20 20 280 563 736 10 8 8 85
75 c 23 3 280 578 747 10 7 9
76 c 57 29 280 595 780 10 18 9 88 92
77 c 60 12 351 33 797 10 31 39 78 82 85
78 c 35 69 351 602 835 10 23 27 89
79 c 49 73 351 440 845 10 25 35
80 c 53 12 351 426 851 10 6 1 100
81 c 63 23 430 442 917 10 2 5 89
82 c 65 35 430 633 918 10 3 5 97 98 100
83 c 41 49 430 636 919 10 10 3
84 c 56 39 430 464 925 10 36 44 90
85 c 15 19 430 675 930 10 1 1 90
86 c 17 34 432 651 932 10 3 1 100
87 c 63 65 448 439 948 10 8 15
88 c 65 20 456 400 956 10 6 15
89 c 5 30 459 409 959 10 2 5 96
90 c 13 52 462 694 962 10 36 37
91 c 46 13 465 479 965 10 8 3 94
92 c 55 20 465 470 965 10 19 21
93 c 18 18 465 297 965 10 17 8 95
94 c 56 37 469 452 968 10 6 1 95 96 98
95 c 37 56 469 249 968 10 5 4
96 c 18 24 469 339 969 10 22 28
97 c 53 43 470 430 970 10 14 23
98 c 30 25 478 426 978 10 23 26
99 c 36 26 480 458 980 10 18 28
100 c 26 35 481 649 981 10 15 10

