StringID Type x y release ReadyTime DueDate ServiceTime weight volume Item_Conflitante1 Item_Conflitante2 Item_Conflitante3 Item_Conflitante4 Item_Conflitante5 Item_Conflitante6 Item_Conflitante7 Item_Conflitante8 Item_Conflitante9 Item_Conflitante10 Item_Conflitante11 Item_Conflitante12 Peso_Total Volume_Total
0 d 40 50 0 0 1236 0 0 0             200 200
1 c 0 40 10 474 527 90 30 25 11 12 18 31 33 45 70 74 80 92 95 98
2 c 35 30 10 240 345 90 10 19 9 50 65 66 79
3 c 35 32 10 123 278 90 10 2 14 71 77 86
4 c 33 32 10 19 225 90 20 17 9 16 18 40 75 87 90 91
5 c 32 30 10 338 433 90 10 15 22 23 52 54 65 66 90 96
6 c 30 32 10 415 542 90 30 20 15 23 41 45 51 66 88 100
7 c 62 80 10 163 272 90 30 25 22 25 39 57 59 63 64 76 85 86 89
8 c 65 82 10 227 394 90 10 16 14 18 24 27 48 60 68 94
9 c 65 85 10 442 551 90 40 40 22 24 36 39 48 61 63
10 c 67 85 10 229 580 90 20 26 20 35 36 69 90 94 95
11 c 44 5 10 221 412 90 20 30 17 38 40 43 55 59 73 77
12 c 42 10 10 96 347 90 40 44 19 23 43 52 71 73 75 84 97
13 c 42 15 10 35 233 90 10 20 34 70 78
14 c 40 5 10 347 474 90 30 27 16 19 34 45 54 62 70 77 93
15 c 40 15 10 35 172 90 40 37 27 30 42 43 68 71 78
16 c 38 5 10 403 602 90 30 30 23 26 28 29 48 58 70 71
17 c 50 35 10 217 362 90 20 25 26 35 63 69
18 c 72 55 10 127 476 90 10 15 34 38 40 46 59 64 71 91 95
19 c 75 55 10 311 478 90 20 17 35 43 54 70 71 73 99
20 c 85 35 10 47 331 90 30 33 82
21 c 88 35 10 50 237 90 20 20 44 46 52 59 63 92
22 c 90 35 10 153 310 90 10 17 33 36 39 81 94
23 c 65 55 10 25 256 90 20 29 25 39 60 62 66 74 85 93
24 c 2 40 10 365 452 90 20 30 33 39 51 53 57 61 68 70 72 95
25 c 53 35 10 294 471 90 50 48 32 35 38 42
26 c 95 35 10 181 472 90 20 30 30 40 73 92 94 99
27 c 95 30 10 266 577 90 30 27 30 36 38 46 63 70 81
28 c 47 40 10 12 226 90 10 1 30 43 48 50 73 75 90 95 97
29 c 60 55 10 20 293 90 10 2 33 39 52 62 78 85
30 c 48 40 10 34 171 90 10 16 41 45 51 53 100
31 c 50 40 10 142 247 90 50 60 49 76
32 c 53 30 10 402 553 90 10 11 34 36 42 71 85 90 91
33 c 5 35 10 251 376 90 10 5 38 39 61 75 91 100
34 c 33 35 10 16 153 90 10 16 36 38 62 92 100
35 c 8 40 10 42 203 90 40 36 39 57 63 73 79 89
36 c 15 80 10 274 349 90 10 9 66 69 81 94
37 c 15 75 10 172 261 90 20 19 38 45 66 68 80 82 84 90
38 c 18 75 10 105 142 90 20 19 48 65 68 80 97
39 c 20 85 10 478 525 90 40 47 42 44 46 51 54 94
40 c 20 80 10 392 421 90 40 41 54 62 68 84 99
41 c 22 85 10 571 616 90 10 5 45 55 65 79 84 89 99
42 c 30 50 10 10 77 90 10 14 44 51
43 c 22 75 10 30 95 90 30 39 59 64 69 76 77 82 83 89
44 c 35 66 10 361 406 90 10 2 50 55 60 83
45 c 38 68 10 250 329 90 20 13 46 70 76 80 86 91
46 c 40 66 10 172 223 90 20 29 62 73 78 99
47 c 42 65 10 15 60 90 10 16 76 84 86
48 c 42 66 10 55 156 90 10 18 56 86
49 c 58 75 10 30 227 90 20 22 50 52 60 70 74 86
50 c 35 69 10 450 503 90 10 5 72 75 85 89
51 c 60 80 10 36 291 90 10 4 88 89
52 c 66 55 10 67 344 90 10 8 80
53 c 25 50 10 55 154 90 10 13 54 56 61 70 75 82 94
54 c 10 40 10 31 189 90 30 26 70
55 c 25 52 10 172 221 90 40 48 80 82
56 c 10 35 10 204 233 90 20 11 60 67 80
57 c 23 52 10 264 313 90 10 15 65 82 88 92 98
58 c 20 55 10 452 501 90 10 12 59 82 97
59 c 23 55 10 553 586 90 20 30 61 67 68 78 79 80 89 94
60 c 20 50 10 365 398 90 10 11 63 65 68 76 81
61 c 30 30 10 513 628 90 10 12 62 66 71 76 86 100
62 c 70 58 291 349 632 90 20 26 65 67 68 76 90 97
63 c 0 45 291 541 650 90 20 15 71
64 c 38 70 291 489 650 90 10 17 66 84 99
65 c 92 30 291 345 684 90 10 1 66 96 100
66 c 68 60 291 476 691 90 30 36 78 81 86 91 93
67 c 35 5 291 487 704 90 20 12 72
68 c 25 55 291 612 711 90 10 8 93 94
69 c 60 85 291 469 714 90 30 40
70 c 50 30 291 422 719 90 10 3 79 82 84
71 c 25 85 291 647 726 90 20 18 77
72 c 28 30 291 599 726 90 10 2 83 84 98
73 c 5 45 291 648 733 90 10 4
74 c 48 30 291 567 758 90 10 19 78 96 99
75 c 40 69 291 559 764 90 20 12 78 87 89 98
76 c 88 30 291 450 767 90 10 14 88 97
77 c 28 55 291 739 770 90 10 7 90
78 c 45 30 291 716 795 90 10 12 95
79 c 42 68 291 703 806 90 10 13 80 99
80 c 65 60 291 546 807 90 30 32 83 92 93 97
81 c 25 30 291 695 816 90 10 5 84 85 89 91
82 c 87 30 291 567 832 90 10 10 96 99 100
83 c 8 45 291 715 852 90 20 24
84 c 38 15 291 521 870 90 10 4 97
85 c 85 25 291 713 876 90 10 19 86
86 c 45 70 291 816 879 90 30 35 99
87 c 55 85 291 493 880 90 20 16 97
88 c 28 52 291 806 889 90 20 13 90
89 c 47 35 291 794 907 90 10 13
90 c 63 58 291 630 909 90 10 19 92 93
91 c 26 32 406 779 916 90 10 17
92 c 60 60 406 769 956 90 10 13
93 c 30 52 406 918 961 90 20 13
94 c 55 80 406 595 968 90 10 9
95 c 45 68 406 890 989 90 10 8
96 c 45 35 406 873 1012 90 10 7
97 c 25 35 406 857 1024 90 10 12
98 c 45 65 496 951 1114 90 20 27
99 c 28 35 508 917 1126 90 10 1
100 c 30 35 509 872 1127 90 10 6

