StringID Type x y release ReadyTime DueDate ServiceTime weight volume Item_Conflitante1 Item_Conflitante2 Item_Conflitante3 Item_Conflitante4 Item_Conflitante5 Item_Conflitante6 Item_Conflitante7 Item_Conflitante8 Item_Conflitante9 Item_Conflitante10 Item_Conflitante11 Item_Conflitante12 Peso_Total Volume_Total
0 d 40 50 0 0 960 0 0 0             1000 1000
1 c 45 30 206 20 498 10 17 22 25 32 61 63 80 82
2 c 26 52 206 14 499 10 9 18 9 26 47 54 77 91
3 c 55 82 206 49 504 10 10 1 11 20 39 44 59 69 72 77 78 80 87 100
4 c 27 43 206 14 506 10 9 8 12 26 28 33 47 80 82 94 100
5 c 31 52 206 9 510 10 27 33 10 15 29 30 34 42 53 66 90 91
6 c 8 40 206 33 511 10 40 45 11 22 34 48 68 77
7 c 25 30 206 25 516 10 3 4 9 18 35 38 77 93
8 c 40 5 206 45 517 10 10 15 10 14 20 32 37 41 85 93 94 96 98
9 c 8 45 206 46 519 10 20 14 27 32 34 37 51 59 67 98
10 c 5 5 206 63 520 10 16 20 31 45 49 64 68 89
11 c 65 55 206 81 520 10 14 8 18 32 54 79 86
12 c 88 30 206 90 521 10 10 20 32 33 48 54 73 83 87
13 c 38 5 206 45 523 10 30 35 15 16 18 26 48 61 62 71 81
14 c 45 65 206 110 525 10 9 3 24 46 57 58 68 79 100
15 c 2 40 206 39 528 10 20 17 18 46 90 92 99
16 c 60 12 206 125 530 10 31 31 23 38 62 88
17 c 35 40 206 11 530 10 16 8 28 34 36 47 67 68 73 95 96
18 c 88 35 206 50 534 10 20 27 27 33 53 57 60 78 90 94 97 99
19 c 0 40 206 94 535 10 20 28 35 46 54 94
20 c 90 35 206 52 536 10 10 18 22 30 34 41 54 83
21 c 56 37 206 20 539 10 6 7 36 44 46 52 56 80 93 95
22 c 42 10 206 85 542 10 40 35 34 52 53 73 100
23 c 22 75 206 30 546 10 30 33 34 43 83 84
24 c 65 35 206 29 548 10 3 13 50 53 72 88 89 96
25 c 24 58 206 90 549 10 19 22 26 35 41 49 53 67 71 82
26 c 64 42 206 100 555 10 9 8 32 38 42 48 72 77 79 100
27 c 2 60 206 135 556 10 5 3 35 38 47 57 70 75 82 86
28 c 15 75 206 161 558 10 20 17 30 38 54 83
29 c 62 80 206 114 561 10 30 39 38 49 52 56 74 76
30 c 12 24 206 272 565 10 13 3 38 52 60 90 91
31 c 37 31 206 19 566 10 14 24 51 54 66 74 78 94
32 c 55 80 206 33 568 10 10 15 37 45 46 50 73 89 94 95 97
33 c 44 5 206 218 571 10 20 21 48 67 71 76 86
34 c 92 30 206 55 575 10 10 2 46 77 86
35 c 49 58 206 249 580 10 10 8 50 51 79 85 86 94
36 c 53 43 206 14 581 10 14 19 37 44 47 70 85 86
37 c 60 85 206 191 586 10 30 32 68 72 86
38 c 26 35 206 149 586 10 15 19 46 54 73 92 99
39 c 65 20 206 39 593 10 6 1 41 55 57 59 65 77 87
40 c 20 82 206 37 597 10 10 13 41 53 71 82 85 88
41 c 95 35 206 57 600 10 20 18 60 64 67 84 87
42 c 85 25 206 51 602 10 10 15 51 54 64 69 86 96
43 c 21 24 206 212 605 10 28 34 66 69 83 88
44 c 2 45 206 38 606 10 10 4 70 74 84
45 c 6 68 206 215 608 10 30 30 58 77 92 100
46 c 63 23 206 198 609 10 2 1 67 68 79 96 100
47 c 55 20 206 161 610 10 19 15 70 73 77 83
48 c 65 85 206 43 617 10 40 42 57 67 92 94
49 c 63 65 206 27 622 10 8 1 75 78 85 90 94 96
50 c 15 80 206 229 624 10 10 3 62 63 76 90
51 c 20 50 206 239 630 10 5 5 52 74 79 94
52 c 20 85 206 40 630 10 20 14 63 64 83 88 96
53 c 37 47 206 204 633 10 6 11 55 60 63 67 74 79
54 c 57 48 206 265 638 10 23 33 70 81 91
55 c 40 15 206 229 640 10 40 46 63 68 69 70 72 78 94 99
56 c 10 35 206 213 648 10 20 24 63 81 87
57 c 57 29 206 259 650 10 18 24 65 77 96
58 c 60 80 206 36 658 10 10 4 72 93
59 c 42 12 206 341 658 10 10 15 84
60 c 8 56 206 190 659 10 27 21 76 80 93
61 c 18 75 206 228 667 10 20 11 67 70 75 76 77 78 92
62 c 58 75 206 201 670 10 20 16 70 78 86 88
63 c 30 25 206 227 686 10 23 25 71 74
64 c 5 45 322 35 697 10 10 10 79
65 c 10 20 322 42 706 10 19 29 70 79 81 82 83 97
66 c 22 85 322 353 708 10 10 8 72 83 93
67 c 85 35 322 342 751 10 30 35 70 76 89 94 98
68 c 10 40 322 404 753 10 30 29 96
69 c 72 35 322 351 782 10 30 21 73 94
70 c 18 80 322 315 782 10 10 13 73 77
71 c 4 18 322 426 787 10 35 27 79 95 96
72 c 95 30 322 389 788 10 30 26 91
73 c 42 15 322 391 802 10 10 1 77 91
74 c 65 82 345 410 823 10 10 18 92
75 c 55 54 345 418 825 10 26 26 76 81 84
76 c 55 85 367 429 838 10 20 22 77 80
77 c 50 35 367 390 843 10 19 18 83 87
78 c 41 37 367 404 847 10 16 13 81 89 92
79 c 55 60 393 448 873 10 16 15 81
80 c 30 60 422 420 897 10 16 19 85 97
81 c 67 5 422 325 897 10 25 26
82 c 87 30 422 425 898 10 10 14
83 c 23 3 422 390 900 10 7 7 90 100
84 c 15 10 422 401 902 10 20 18 95
85 c 35 5 424 386 904 10 20 13
86 c 42 5 424 396 904 10 10 11 98
87 c 67 85 425 410 905 10 20 11 96
88 c 40 60 427 436 907 10 21 20 93
89 c 0 45 429 394 909 10 20 16 91 94
90 c 25 85 434 388 911 10 20 28 95 97 100
91 c 5 35 434 395 911 10 10 3 93
92 c 20 80 434 425 913 10 40 49 99
93 c 20 20 434 430 913 10 8 6 99
94 c 38 15 434 389 914 10 10 1
95 c 15 60 443 401 923 10 17 15 98
96 c 61 52 448 373 928 10 3 3
97 c 35 69 450 330 930 10 23 16
98 c 31 67 450 356 930 10 3 5 100
99 c 49 42 457 442 937 10 13 17
100 c 47 47 462 444 942 10 13 12

