   160.000000
 50
   .000000
 13.892440
 21.023800
 32.557640
 17.204650
 14.142140
 11.401750
 26.419690
 22.022710
 23.086790
 28.319600
 12.041590
  8.062258
 29.154760
 18.110770
 24.738630
 22.022710
 17.262680
 14.764820
 31.906110
 32.449960
 32.062440
 20.808650
 22.022710
 25.059930
 23.086790
 28.160260
  8.000000
 29.966650
 29.120440
 30.870700
 29.832870
 10.000000
 34.000000
 31.780500
 39.408120
 43.931770
 18.110770
 15.811390
 38.288380
 42.201900
 30.479500
 31.320920
 34.655450
 25.000000
 31.320920
  2.236068
  9.433981
 15.811390
 21.633310
 26.172500
 13.892440
   .000000
 12.369320
 19.209370
 31.064450
 22.203600
 16.763050
 22.825420
 11.661900
 24.207440
 34.014700
 12.083050
 20.880610
 41.868840
 26.925820
 36.013890
 18.601080
 30.675720
 27.586230
 45.793010
 20.880610
 26.925820
  7.071068
 21.587030
 29.000000
 33.105890
 18.867960
  8.062258
 16.155490
 21.377560
 32.649650
 17.000000
  6.082763
 42.953460
 30.610460
 27.313000
 31.064450
 30.413810
 18.788290
 43.046490
 56.035700
 44.204070
 44.944410
 34.176010
 37.656340
 42.047590
 13.928390
 23.323810
 12.369320
 26.400760
 24.207440
 21.023800
 12.369320
   .000000
 15.297060
 37.013510
 21.023800
 28.071340
 34.928500
 22.203600
 16.278820
 28.071340
 10.630150
 24.758840
 50.119860
 37.656340
 35.468300
  8.544003
 34.058770
 35.777090
 50.911690
 12.041590
 14.764820
 10.630150
 33.955850
 41.109610
 43.416590
 29.068880
 19.026300
 18.973670
  9.055386
 23.769730
 23.323810
 11.401750
 39.115220
 20.000000
 19.104970
 24.413110
 31.906110
 14.560220
 35.440090
 61.522350
 50.447990
 48.010410
 46.486560
 38.948680
 40.261640
 19.723080
 29.410880
 24.738630
 21.023800
 13.892440
 32.557640
 19.209370
 15.297060
   .000000
 49.678970
 36.055510
 35.355340
 35.014280
 21.095020
 31.000000
 43.011630
 25.079870
 38.275320
 61.073730
 45.650850
 50.596440
 23.000000
 48.020830
 46.754680
 64.202800
  7.810250
 24.166090
 12.206560
 36.674240
 45.607020
 51.971150
 25.317980
 27.202940
  9.486833
 17.088010
 37.483330
 15.811390
 22.803510
 54.332310
 32.280030
 10.049880
 12.083050
 46.518810
 29.832870
 49.497470
 74.652530
 63.031740
 62.265560
 47.000000
 53.712200
 55.542780
 32.015620
 41.868840
 28.460500
 36.221540
 27.294690
 17.204650
 31.064450
 37.013510
 49.678970
   .000000
 20.396080
 21.023800
 37.121420
 37.643060
 32.756680
 31.400640
 26.627050
 12.529960
 15.033300
 17.888540
 18.867960
 35.341190
  7.615773
  7.615773
 14.764820
 48.918300
 44.944410
 38.013160
 31.257000
 28.635640
 17.691810
 42.579340
 24.166090
 47.010640
 43.909000
 38.013160
 46.238510
 26.907250
 30.528680
 41.593270
 55.973210
 60.811180
 12.649110
 26.570660
 40.521600
 25.000000
 13.453620
 16.031220
 40.853400
 14.866070
 24.839490
 17.691810
  7.810250
 29.427880
 28.071340
 37.643060
 14.142140
 22.203600
 21.023800
 36.055510
 20.396080
   .000000
 25.495100
 40.224370
 33.241540
 12.369320
 14.212670
 11.180340
  9.219544
 35.355340
 30.463090
 14.560220
 16.278820
 14.764820
 23.194830
 31.906110
 32.756680
 25.059930
 27.073970
 36.124780
 38.832980
 33.955850
 40.162170
 20.591260
 37.121420
 25.455840
 18.248290
 39.115220
 16.124520
 20.880610
 21.213200
 39.661060
 45.276920
 11.313710
  7.071068
 24.207440
 42.438190
 32.695560
 27.586230
 48.795490
 18.027760
 20.024980
 12.041590
 15.132750
 29.154760
  8.246211
 17.464250
 11.401750
 16.763050
 28.071340
 35.355340
 21.023800
 25.495100
   .000000
 16.492420
 18.027760
 34.014700
 39.698870
 21.840330
 18.027760
 27.202940
 10.295630
 34.438350
 31.575310
 24.738630
 14.560220
 34.928500
 37.643060
 41.303750
 23.259410
 11.180340
 13.928390
 16.643320
 21.840330
  9.055386
 29.732140
 37.013510
 42.059480
 27.202940
 17.029390
 44.654230
 42.379240
 44.011360
 47.413080
 27.313000
 26.832820
 49.678970
 44.011360
 31.953090
 37.000000
 23.345240
 33.241540
 41.146080
 13.601470
 15.524170
  8.944272
 33.015150
 36.400550
 26.419690
 22.825420
 34.928500
 35.014280
 37.121420
 40.224370
 16.492420
   .000000
 14.035670
 46.097720
 54.037030
 33.301650
 34.014700
 39.849720
 21.587030
 50.695170
 41.340050
 41.231060
 30.000000
 50.159740
 40.311290
 49.658840
 25.709920
  6.082763
 14.212670
 26.925820
 11.180340
 19.849430
 26.305890
 43.657760
 54.561890
 20.880610
 27.018510
 60.415230
 53.254110
 45.000000
 46.389650
 43.657760
 39.597980
 63.780880
 58.249460
 46.529560
 53.150730
 12.041590
 49.729270
 57.384670
 28.301940
 32.015620
 11.313710
 46.754680
 46.872170
 22.022710
 11.661900
 22.203600
 21.095020
 37.643060
 33.241540
 18.027760
 14.035670
   .000000
 35.805030
 45.617980
 23.706540
 30.000000
 45.221680
 27.586230
 46.270940
 29.698480
 39.204590
 32.202480
 52.201530
 26.305890
 36.891740
 12.083050
 15.811390
 25.079870
 33.941120
  7.211102
 14.035670
 13.000000
 30.413810
 44.204070
  9.219544
 17.464250
 54.120240
 41.725290
 31.016120
 32.756680
 40.012500
 30.413810
 54.708320
 61.741400
 49.658840
 52.952810
 26.076810
 47.010640
 52.611790
 23.021730
 30.594120
  9.219544
 38.013160
 35.355340
 23.086790
 24.207440
 16.278820
 31.000000
 32.756680
 12.369320
 34.014700
 46.097720
 35.805030
   .000000
 12.041590
 12.806250
 21.023800
 47.675990
 41.000000
 23.345240
  8.000000
 26.925820
 35.000000
 43.829210
 25.495100
 13.453620
 26.000000
 43.266620
 47.927030
 45.276920
 43.011630
 26.627050
 35.171010
 16.155490
  8.485281
 39.000000
 19.104970
 23.769730
  9.000000
 31.622780
 37.643060
 22.825420
  7.280110
 19.313210
 54.203320
 44.944410
 38.600520
 56.302750
 28.425340
 26.419690
 20.880610
 27.018510
 34.828150
  6.403124
  5.656854
 28.319600
 34.014700
 28.071340
 43.011630
 31.400640
 14.212670
 39.698870
 54.037030
 45.617980
 12.041590
   .000000
 21.931710
 22.825420
 46.173580
 44.294470
 15.811390
 20.024980
 24.083190
 36.055510
 38.832980
 37.483330
 23.706540
 37.107950
 50.209560
 53.009430
 47.169910
 52.773100
 34.205260
 46.690470
 27.892650
  9.219544
 50.000000
 28.178010
 12.083050
 15.620500
 43.416590
 49.477270
 19.026300
 15.231550
 10.000000
 48.383880
 41.194660
 31.953090
 62.968250
 21.840330
 16.278820
 26.172500
 28.231190
 42.801870
  7.615773
 16.763050
 12.041590
 12.083050
 10.630150
 25.079870
 26.627050
 11.180340
 21.840330
 33.301650
 23.706540
 12.806250
 21.931710
   .000000
 14.212670
 40.311290
 30.016660
 25.709920
 10.000000
 23.430750
 26.248810
 40.311290
 22.671570
 20.024980
 16.000000
 30.528680
 35.735140
 35.128340
 30.886890
 13.892440
 26.019220
 17.464250
 21.260290
 28.442920
  6.403124
 31.257000
 20.615530
 29.732140
 35.000000
 21.470910
  6.708204
 31.064450
 50.931330
 40.000000
 37.443290
 43.566040
 28.635640
 31.144820
 10.198040
 19.235380
 22.022710
 14.317820
 14.560220
  8.062258
 20.880610
 24.758840
 38.275320
 12.529960
  9.219544
 18.027760
 34.014700
 30.000000
 21.023800
 22.825420
 14.212670
   .000000
 26.925820
 21.470910
 16.763050
 22.847320
  9.848858
 14.035670
 26.172500
 36.769550
 32.572990
 27.313000
 29.154760
 30.479500
 24.738630
 36.221540
 16.031220
 37.000000
 31.384710
 27.459060
 37.483330
 15.652480
 26.627050
 30.016660
 43.840620
 48.918300
 10.049880
 14.317820
 32.756680
 36.769550
 25.806980
 24.166090
 41.231060
 17.029390
 23.409400
  7.071068
  6.000000
 23.769730
 17.464250
 25.495100
 29.154760
 41.868840
 50.119860
 61.073730
 15.033300
 35.355340
 27.202940
 39.849720
 45.221680
 47.675990
 46.173580
 40.311290
 26.925820
   .000000
 18.384780
 32.280030
 49.648770
 22.090720
 14.422200
 14.422200
 61.587340
 59.481090
 48.918300
 33.837850
 27.166150
 13.152950
 48.301140
 33.970580
 56.639210
 57.775430
 53.037720
 54.405880
 39.115220
 43.657760
 56.568540
 68.505480
 72.801100
 27.166150
 41.231060
 54.918120
 19.000000
  9.433981
 21.931710
 39.000000
 26.925820
 37.161810
 30.413810
 21.189620
 36.055510
 43.104520
 52.392750
 18.110770
 26.925820
 37.656340
 45.650850
 17.888540
 30.463090
 10.295630
 21.587030
 27.586230
 41.000000
 44.294470
 30.016660
 21.470910
 18.384780
   .000000
 35.383610
 40.012500
 24.207440
 10.295630
 29.017240
 47.759820
 50.000000
 33.541020
 15.524170
 10.770330
  6.403124
 30.016660
 18.973670
 39.824620
 46.389650
 48.383880
 36.796740
 26.305890
 46.690470
 49.819680
 54.230990
 57.706150
 28.284270
 33.734260
 54.203320
 36.674240
 25.079870
 33.241540
 23.086790
 32.449960
 41.868840
 20.223750
 16.401220
 18.384780
 38.626420
 44.283180
 24.738630
 36.013890
 35.468300
 50.596440
 18.867960
 14.560220
 34.438350
 50.695170
 46.270940
 23.345240
 15.811390
 25.709920
 16.763050
 32.280030
 35.383610
   .000000
 29.681640
 11.401750
 25.495100
 23.194830
 46.957430
 36.769550
 41.436700
 45.617980
 45.607020
 36.400550
 52.773100
 32.557640
 51.478150
 38.832980
 24.596750
 53.009430
 30.066590
 11.661900
 30.232430
 53.712200
 59.481090
  7.211102
 21.023800
 23.021730
 32.572990
 26.019220
 16.155490
 57.140180
  6.082763
  6.708204
 23.345240
 19.416490
 40.521600
 16.970560
 29.000000
 22.022710
 18.601080
  8.544003
 23.000000
 35.341190
 16.278820
 31.575310
 41.340050
 29.698480
  8.000000
 20.024980
 10.000000
 22.847320
 49.648770
 40.012500
 29.681640
   .000000
 30.805840
 35.902650
 48.010410
 17.720050
 10.049880
 18.867960
 39.395430
 45.354160
 45.099890
 36.796740
 23.086790
 27.513630
  9.219544
 15.231550
 31.764760
 14.866070
 31.575310
 12.041590
 24.166090
 30.083220
 27.586230
  9.219544
 26.925820
 58.600340
 48.373550
 43.840620
 52.325900
 34.058770
 33.615470
 20.099750
 28.460500
 30.413810
 13.601470
  5.656854
 17.262680
 30.675720
 34.058770
 48.020830
  7.615773
 14.764820
 24.738630
 41.231060
 39.204590
 26.925820
 24.083190
 23.430750
  9.848858
 22.090720
 24.207440
 11.401750
 30.805840
   .000000
 14.142140
 17.204650
 46.097720
 39.824620
 37.161810
 35.735140
 34.669870
 25.000000
 45.000000
 25.179360
 46.818800
 39.824620
 31.257000
 47.074410
 25.495100
 23.021730
 35.440090
 53.150730
 58.412330
  5.099020
 21.633310
 32.984840
 27.802880
 18.027760
 14.317820
 46.529560
  8.544003
 17.691810
 16.763050
  9.219544
 32.062440
 21.587030
 32.202480
 14.764820
 27.586230
 35.777090
 46.754680
  7.615773
 23.194830
 14.560220
 30.000000
 32.202480
 35.000000
 36.055510
 26.248810
 14.035670
 14.422200
 10.295630
 25.495100
 35.902650
 14.142140
   .000000
 20.396080
 47.169910
 45.891170
 34.655450
 24.020820
 21.023800
 11.180340
 36.400550
 19.849430
 42.801870
 43.657760
 41.436700
 41.182520
 24.698180
 37.013510
 44.000000
 54.083270
 58.412330
 18.601080
 28.071340
 45.694640
 29.546570
 17.464250
 23.345240
 33.241540
 22.203600
 31.827660
 16.155490
  8.062258
 23.409400
 31.400640
 39.204590
 31.906110
 45.793010
 50.911690
 64.202800
 14.764820
 31.906110
 34.928500
 50.159740
 52.201530
 43.829210
 38.832980
 40.311290
 26.172500
 14.422200
 29.017240
 23.194830
 48.010410
 17.204650
 20.396080
   .000000
 62.936480
 56.938560
 52.697250
 44.102150
 39.319210
 25.709920
 56.753850
 38.910150
 61.773780
 57.008770
 47.127490
 60.926190
 41.400480
 33.136080
 52.000000
 70.007140
 75.073300
 21.023800
 38.832980
 46.043460
 10.630150
  5.000000
  8.544003
 51.623640
 17.117240
 26.172500
 32.202480
 22.472200
 43.680660
 38.078870
 49.244290
 32.449960
 20.880610
 12.041590
  7.810250
 48.918300
 32.756680
 37.643060
 40.311290
 26.305890
 25.495100
 37.483330
 22.671570
 36.769550
 61.587340
 47.759820
 46.957430
 17.720050
 46.097720
 47.169910
 62.936480
   .000000
 16.763050
 15.033300
 41.012190
 49.365980
 53.851650
 31.622780
 28.792360
 16.643320
 10.049880
 31.016120
 22.825420
 22.472200
 49.244290
 25.317980
  7.071068
 12.529960
 43.829210
 25.942240
 43.046490
 73.539110
 62.369870
 60.000000
 52.345010
 50.774010
 51.264020
 31.400640
 41.231060
 32.140320
 31.320920
 21.023800
 32.062440
 26.925820
 14.764820
 24.166090
 44.944410
 25.059930
 41.303750
 49.658840
 36.891740
 13.453620
 23.706540
 20.024980
 32.572990
 59.481090
 50.000000
 36.769550
 10.049880
 39.824620
 45.891170
 56.938560
 16.763050
   .000000
 25.000000
 48.383880
 54.918120
 55.145260
 43.600460
 32.557640
 31.400640
  7.211102
 15.524170
 36.796740
 24.331050
 35.777090
  9.055386
 21.000000
 27.018510
 36.055510
 18.384780
 27.166150
 67.416620
 57.697490
 52.009610
 61.098280
 41.868840
 39.408120
 30.149630
 38.327540
 39.217340
 19.798990
  7.810250
 20.808650
  7.071068
 10.630150
 12.206560
 38.013160
 27.073970
 23.259410
 25.709920
 12.083050
 26.000000
 37.107950
 16.000000
 27.313000
 48.918300
 33.541020
 41.436700
 18.867960
 37.161810
 34.655450
 52.697250
 15.033300
 25.000000
   .000000
 26.000000
 34.365680
 39.824620
 18.601080
 15.000000
 10.049880
 18.357560
 34.000000
 13.000000
 11.704700
 47.169910
 30.610460
 20.880610
 24.186770
 36.400550
 22.203600
 45.310040
 63.007930
 51.224990
 51.478150
 37.656340
 43.680660
 47.095650
 20.591260
 30.232430
 17.117240
 29.614190
 24.413110
 22.022710
 21.587030
 33.955850
 36.674240
 31.257000
 36.124780
 11.180340
  6.082763
 15.811390
 43.266620
 50.209560
 30.528680
 29.154760
 33.837850
 15.524170
 45.617980
 39.395430
 35.735140
 24.020820
 44.102150
 41.012190
 48.383880
 26.000000
   .000000
  9.433981
 21.023800
 15.556350
 16.643320
 28.792360
 42.953460
 51.613950
 24.186770
 24.596750
 55.758410
 51.000000
 46.389650
 48.507730
 38.483760
 36.400550
 60.108230
 52.172790
 40.447500
 47.265210
 13.038400
 44.271890
 52.325900
 24.083190
 26.570660
  9.219544
 43.185650
 44.721360
 25.059930
 29.000000
 41.109610
 45.607020
 28.635640
 38.832980
 13.928390
 14.212670
 25.079870
 47.927030
 53.009430
 35.735140
 30.479500
 27.166150
 10.770330
 45.607020
 45.354160
 34.669870
 21.023800
 39.319210
 49.365980
 54.918120
 34.365680
  9.433981
   .000000
 14.035670
 24.839490
 22.360680
 38.078870
 50.159740
 55.901700
 33.615470
 30.594120
 56.639210
 56.302750
 55.108980
 57.567350
 38.418750
 40.718550
 63.007930
 46.097720
 35.057090
 43.965900
 12.369320
 43.046490
 52.201530
 27.294690
 26.248810
 17.262680
 46.647610
 50.289170
 23.086790
 33.105890
 43.416590
 51.971150
 17.691810
 33.955850
 16.643320
 26.925820
 33.941120
 45.276920
 47.169910
 35.128340
 24.738630
 13.152950
  6.403124
 36.400550
 45.099890
 25.000000
 11.180340
 25.709920
 53.851650
 55.145260
 39.824620
 21.023800
 14.035670
   .000000
 36.055510
 25.079870
 46.227700
 51.971150
 52.172790
 43.139310
 32.015620
 48.010410
 54.230990
 60.415230
 64.007810
 29.681640
 38.118240
 56.859470
 32.062440
 21.213200
 31.304950
 26.076810
 32.526910
 42.520580
 25.019990
 18.973670
 24.758840
 42.201900
 49.010200
 28.160260
 18.867960
 29.068880
 25.317980
 42.579340
 40.162170
 21.840330
 11.180340
  7.211102
 43.011630
 52.773100
 30.886890
 36.221540
 48.301140
 30.016660
 52.773100
 36.796740
 45.000000
 36.400550
 56.753850
 31.622780
 43.600460
 18.601080
 15.556350
 24.839490
 36.055510
   .000000
 20.223750
 16.031220
 36.891740
 51.400390
 10.049880
 24.596750
 61.032780
 48.795490
 35.355340
 36.013890
 46.270940
 37.589890
 61.911230
 65.787540
 53.758720
 58.309520
 22.360680
 53.084840
 59.228370
 29.427880
 36.055510
 13.152950
 45.177430
 42.449970
  8.000000
  8.062258
 19.026300
 27.202940
 24.166090
 20.591260
  9.055386
 19.849430
 14.035670
 26.627050
 34.205260
 13.892440
 16.031220
 33.970580
 18.973670
 32.557640
 23.086790
 25.179360
 19.849430
 38.910150
 28.792360
 32.557640
 15.000000
 16.643320
 22.360680
 25.079870
 20.223750
   .000000
 23.021730
 28.000000
 35.000000
 22.135940
  8.246211
 41.231060
 34.438350
 35.341190
 39.115220
 26.076810
 19.849430
 43.931770
 48.877400
 36.891740
 39.051250
 29.681640
 33.000000
 39.051250
  9.219544
 16.763050
  8.602325
 26.907250
 28.231190
 29.966650
 16.155490
 18.973670
  9.486833
 47.010640
 37.121420
 29.732140
 26.305890
 13.000000
 35.171010
 46.690470
 26.019220
 37.000000
 56.639210
 39.824620
 51.478150
 27.513630
 46.818800
 42.801870
 61.773780
 16.643320
 31.400640
 10.049880
 28.792360
 38.078870
 46.227700
 16.031220
 23.021730
   .000000
 24.207440
 42.720020
  6.324555
 21.587030
 57.078890
 38.470770
 19.416490
 20.099750
 46.324940
 32.062440
 54.405880
 71.867940
 59.908260
 61.098280
 38.118240
 53.600370
 57.140180
 30.083220
 39.357340
 21.633310
 39.319210
 32.695560
 29.120440
 21.377560
  9.055386
 17.088010
 43.909000
 25.455840
 37.013510
 43.657760
 30.413810
 16.155490
 27.892650
 17.464250
 31.384710
 57.775430
 46.389650
 38.832980
  9.219544
 39.824620
 43.657760
 57.008770
 10.049880
  7.211102
 18.357560
 42.953460
 50.159740
 51.971150
 36.891740
 28.000000
 24.207440
   .000000
 21.000000
 29.698480
 20.099750
 39.849720
 15.297060
 15.524170
 21.587030
 36.769550
 18.384780
 33.015150
 67.623960
 57.140180
 53.037720
 55.362440
 43.278170
 42.485290
 27.513630
 36.674240
 33.734260
 22.360680
 11.180340
 30.870700
 32.649650
 23.769730
 37.483330
 38.013160
 18.248290
 42.059480
 54.561890
 44.204070
  8.485281
  9.219544
 21.260290
 27.459060
 53.037720
 48.383880
 24.596750
 15.231550
 31.257000
 41.436700
 47.127490
 31.016120
 15.524170
 34.000000
 51.613950
 55.901700
 52.172790
 51.400390
 35.000000
 42.720020
 21.000000
   .000000
 46.957430
 27.586230
 20.808650
  6.708204
 36.221540
 42.296570
 26.476400
 15.264340
 12.041590
 57.008770
 49.030600
 40.718550
 64.637450
 30.463090
 25.495100
 28.635640
 33.376640
 43.278170
 10.049880
 10.198040
 29.832870
 17.000000
 23.323810
 15.811390
 46.238510
 39.115220
 27.202940
 20.880610
  9.219544
 39.000000
 50.000000
 28.442920
 37.483330
 54.405880
 36.796740
 53.009430
 31.764760
 47.074410
 41.182520
 60.926190
 22.825420
 36.796740
 13.000000
 24.186770
 33.615470
 43.139310
 10.049880
 22.135940
  6.324555
 29.698480
 46.957430
   .000000
 23.021730
 59.682500
 43.266620
 25.709920
 26.000000
 47.265210
 34.928500
 58.309520
 70.661160
 58.591810
 61.131010
 32.388270
 54.451810
 59.033890
 30.413810
 38.897300
 18.439090
 42.449970
 37.215590
 10.000000
  6.082763
 11.401750
 22.803510
 26.907250
 16.124520
 17.029390
 27.018510
 17.464250
 19.104970
 28.178010
  6.403124
 15.652480
 39.115220
 26.305890
 30.066590
 14.866070
 25.495100
 24.698180
 41.400480
 22.472200
 24.331050
 11.704700
 24.596750
 30.594120
 32.015620
 24.596750
  8.246211
 21.587030
 20.099750
 27.586230
 23.021730
   .000000
 36.878180
 26.419690
 29.410880
 33.970580
 24.738630
 13.038400
 37.443290
 51.855570
 40.311290
 39.812060
 37.589890
 32.015620
 36.013890
  9.219544
 19.104970
 15.811390
 20.591260
 20.124610
 34.000000
 42.953460
 39.115220
 54.332310
 30.528680
 20.880610
 44.654230
 60.415230
 54.120240
 23.769730
 12.083050
 31.257000
 26.627050
 43.657760
 46.690470
 11.661900
 31.575310
 23.021730
 37.013510
 33.136080
 49.244290
 35.777090
 47.169910
 55.758410
 56.639210
 48.010410
 61.032780
 41.231060
 57.078890
 39.849720
 20.808650
 59.682500
 36.878180
   .000000
 27.459060
 55.362440
 61.400330
 18.439090
 25.019990
 13.928390
 41.194660
 36.674240
 25.000000
 67.801180
 16.763050
  7.000000
 32.202480
 30.413810
 49.658840
 18.110770
 28.792360
 31.780500
 30.610460
 20.000000
 32.280030
 41.593270
 21.213200
 42.379240
 53.254110
 41.725290
  9.000000
 15.620500
 20.615530
 30.016660
 56.568540
 49.819680
 30.232430
 12.041590
 35.440090
 44.000000
 52.000000
 25.317980
  9.055386
 30.610460
 51.000000
 56.302750
 54.230990
 48.795490
 34.438350
 38.470770
 15.297060
  6.708204
 43.266620
 26.419690
 27.459060
   .000000
 30.016660
 36.055510
 31.016120
 16.124520
 18.110770
 62.169120
 53.450910
 46.141090
 64.007810
 35.846900
 31.827660
 29.614190
 36.013890
 42.190040
 13.928390
  6.403124
 39.408120
 27.313000
 19.104970
 10.049880
 55.973210
 39.661060
 44.011360
 45.000000
 31.016120
 31.622780
 43.416590
 29.732140
 43.840620
 68.505480
 54.230990
 53.712200
 24.166090
 53.150730
 54.083270
 70.007140
  7.071068
 21.000000
 20.880610
 46.389650
 55.108980
 60.415230
 35.355340
 35.341190
 19.416490
 15.524170
 36.221540
 25.709920
 29.410880
 55.362440
 30.016660
   .000000
  6.082763
 50.803540
 32.756680
 48.093660
 80.610180
 69.426220
 67.007460
 57.008770
 57.688820
 57.775430
 38.418750
 48.270070
 37.854990
 37.696160
 26.683330
 43.931770
 31.064450
 24.413110
 12.083050
 60.811180
 45.276920
 47.413080
 46.389650
 32.756680
 37.643060
 49.477270
 35.000000
 48.918300
 72.801100
 57.706150
 59.481090
 30.083220
 58.412330
 58.412330
 75.073300
 12.529960
 27.018510
 24.186770
 48.507730
 57.567350
 64.007810
 36.013890
 39.115220
 20.099750
 21.587030
 42.296570
 26.000000
 33.970580
 61.400330
 36.055510
  6.082763
   .000000
 56.302750
 38.470770
 54.147950
 85.632930
 74.249580
 72.422370
 58.215120
 63.285070
 63.694580
 43.139310
 53.037720
 40.496910
 43.657760
 32.756680
 18.110770
 30.413810
 31.906110
 46.518810
 12.649110
 11.313710
 27.313000
 43.657760
 40.012500
 22.825420
 19.026300
 21.470910
 10.049880
 27.166150
 28.284270
  7.211102
 27.586230
  5.099020
 18.601080
 21.023800
 43.829210
 36.055510
 36.400550
 38.483760
 38.418750
 29.681640
 46.270940
 26.076810
 46.324940
 36.769550
 26.476400
 47.265210
 24.738630
 18.439090
 31.016120
 50.803540
 56.302750
   .000000
 18.384780
 27.892650
 31.384710
 22.561030
 16.278820
 49.929950
  7.280110
 13.892440
 17.000000
 12.206560
 33.734260
 17.088010
 28.301940
 15.811390
 18.788290
 14.560220
 29.832870
 26.570660
  7.071068
 26.832820
 39.597980
 30.413810
  7.280110
 15.231550
  6.708204
 14.317820
 41.231060
 33.734260
 21.023800
  9.219544
 21.633310
 28.071340
 38.832980
 25.942240
 18.384780
 22.203600
 36.400550
 40.718550
 38.118240
 37.589890
 19.849430
 32.062440
 18.384780
 15.264340
 34.928500
 13.038400
 25.019990
 16.124520
 32.756680
 38.470770
 18.384780
   .000000
 24.413110
 49.406480
 39.357340
 34.655450
 49.406480
 25.000000
 25.709920
 13.601470
 20.223750
 28.284270
  7.615773
 11.180340
 38.288380
 43.046490
 35.440090
 49.497470
 40.521600
 24.207440
 49.678970
 63.780880
 54.708320
 19.313210
 10.000000
 31.064450
 32.756680
 54.918120
 54.203320
 23.021730
 26.925820
 32.984840
 45.694640
 46.043460
 43.046490
 27.166150
 45.310040
 60.108230
 63.007930
 56.859470
 61.911230
 43.931770
 54.405880
 33.015150
 12.041590
 58.309520
 37.443290
 13.928390
 18.110770
 48.093660
 54.147950
 27.892650
 24.413110
   .000000
 54.744860
 49.040800
 38.327540
 72.917760
 29.000000
 20.615530
 36.124780
 38.013160
 52.497620
 17.029390
 22.203600
 42.201900
 56.035700
 61.522350
 74.652530
 25.000000
 42.438190
 44.011360
 58.249460
 61.741400
 54.203320
 48.383880
 50.931330
 36.769550
 19.000000
 36.674240
 32.572990
 58.600340
 27.802880
 29.546570
 10.630150
 73.539110
 67.416620
 63.007930
 52.172790
 46.097720
 32.062440
 65.787540
 48.877400
 71.867940
 67.623960
 57.008770
 70.661160
 51.855570
 41.194660
 62.169120
 80.610180
 85.632930
 31.384710
 49.406480
 54.744860
   .000000
 12.083050
 16.492420
 58.000000
 26.570660
 34.234490
 42.638010
 32.802440
 52.924470
 48.301140
 59.682500
 30.479500
 44.204070
 50.447990
 63.031740
 13.453620
 32.695560
 31.953090
 46.529560
 49.658840
 44.944410
 41.194660
 40.000000
 25.806980
  9.433981
 25.079870
 26.019220
 48.373550
 18.027760
 17.464250
  5.000000
 62.369870
 57.697490
 51.224990
 40.447500
 35.057090
 21.213200
 53.758720
 36.891740
 59.908260
 57.140180
 49.030600
 58.591810
 40.311290
 36.674240
 53.450910
 69.426220
 74.249580
 22.561030
 39.357340
 49.040800
 12.083050
   .000000
 13.038400
 47.265210
 20.099750
 29.832870
 31.112700
 21.213200
 40.853400
 39.560080
 50.159740
 31.320920
 44.944410
 48.010410
 62.265560
 16.031220
 27.586230
 37.000000
 53.150730
 52.952810
 38.600520
 31.953090
 37.443290
 24.166090
 21.931710
 33.241540
 16.155490
 43.840620
 14.317820
 23.345240
  8.544003
 60.000000
 52.009610
 51.478150
 47.265210
 43.965900
 31.304950
 58.309520
 39.051250
 61.098280
 53.037720
 40.718550
 61.131010
 39.812060
 25.000000
 46.141090
 67.007460
 72.422370
 16.278820
 34.655450
 38.327540
 16.492420
 13.038400
   .000000
 56.320510
 10.295630
 18.000000
 31.016120
 22.360680
 45.177430
 32.449960
 44.204070
 34.655450
 34.176010
 46.486560
 47.000000
 40.853400
 48.795490
 23.345240
 12.041590
 26.076810
 56.302750
 62.968250
 43.566040
 41.231060
 39.000000
 23.086790
 57.140180
 52.325900
 46.529560
 33.241540
 51.623640
 52.345010
 61.098280
 37.656340
 13.038400
 12.369320
 26.076810
 22.360680
 29.681640
 38.118240
 55.362440
 64.637450
 32.388270
 37.589890
 67.801180
 64.007810
 57.008770
 58.215120
 49.929950
 49.406480
 72.917760
 58.000000
 47.265210
 56.320510
   .000000
 55.009090
 63.812230
 36.796740
 37.735920
 21.931710
 56.080300
 57.706150
 25.000000
 37.656340
 38.948680
 53.712200
 14.866070
 18.027760
 33.241540
 49.729270
 47.010640
 28.425340
 21.840330
 28.635640
 17.029390
 26.925820
 32.449960
  6.082763
 34.058770
  8.544003
 22.203600
 17.117240
 50.774010
 41.868840
 43.680660
 44.271890
 43.046490
 32.526910
 53.084840
 33.000000
 53.600370
 43.278170
 30.463090
 54.451810
 32.015620
 16.763050
 35.846900
 57.688820
 63.285070
  7.280110
 25.000000
 29.000000
 26.570660
 20.099750
 10.295630
 55.009090
   .000000
 10.295630
 24.083190
 17.720050
 40.311290
 22.203600
 34.058770
 31.320920
 42.047590
 40.261640
 55.542780
 24.839490
 20.024980
 41.146080
 57.384670
 52.611790
 26.419690
 16.278820
 31.144820
 23.409400
 37.161810
 41.868840
  6.708204
 33.615470
 17.691810
 31.827660
 26.172500
 51.264020
 39.408120
 47.095650
 52.325900
 52.201530
 42.520580
 59.228370
 39.051250
 57.140180
 42.485290
 25.495100
 59.033890
 36.013890
  7.000000
 31.827660
 57.775430
 63.694580
 13.892440
 25.709920
 20.615530
 34.234490
 29.832870
 18.000000
 63.812230
 10.295630
   .000000
 29.832870
 26.076810
 47.127490
 20.124610
 31.906110
  2.236068
 13.928390
 19.723080
 32.015620
 17.691810
 12.041590
 13.601470
 28.301940
 23.021730
 20.880610
 26.172500
 10.198040
  7.071068
 30.413810
 20.223750
 23.345240
 20.099750
 16.763050
 16.155490
 32.202480
 31.400640
 30.149630
 20.591260
 24.083190
 27.294690
 25.019990
 29.427880
  9.219544
 30.083220
 27.513630
 28.635640
 30.413810
  9.219544
 32.202480
 29.614190
 38.418750
 43.139310
 17.000000
 13.601470
 36.124780
 42.638010
 31.112700
 31.016120
 36.796740
 24.083190
 29.832870
   .000000
  9.899495
 17.464250
 19.416490
 24.083190
  9.433981
 23.323810
 29.410880
 41.868840
  7.810250
 15.132750
 15.524170
 32.015620
 30.594120
 27.018510
 28.231190
 19.235380
  6.000000
 21.189620
 16.401220
 19.416490
 28.460500
  9.219544
  8.062258
 22.472200
 41.231060
 38.327540
 30.232430
 26.570660
 26.248810
 18.973670
 36.055510
 16.763050
 39.357340
 36.674240
 33.376640
 38.897300
 19.104970
 30.413810
 36.013890
 48.270070
 53.037720
 12.206560
 20.223750
 38.013160
 32.802440
 21.213200
 22.360680
 37.735920
 17.720050
 26.076810
  9.899495
   .000000
 23.000000
 23.345240
 31.400640
 15.811390
 12.369320
 24.738630
 28.460500
 29.427880
 29.154760
  8.944272
 11.313710
  9.219544
 34.828150
 42.801870
 22.022710
 23.769730
 36.055510
 18.384780
 40.521600
 30.413810
 32.062440
 23.409400
 43.680660
 32.140320
 39.217340
 17.117240
  9.219544
 17.262680
 24.758840
 13.152950
  8.602325
 21.633310
 33.734260
 43.278170
 18.439090
 15.811390
 49.658840
 42.190040
 37.854990
 40.496910
 33.734260
 28.284270
 52.497620
 52.924470
 40.853400
 45.177430
 21.931710
 40.311290
 47.127490
 17.464250
 23.000000
   .000000
 35.468300
 35.846900
 21.633310
 26.400760
 21.023800
 36.221540
 28.071340
  8.246211
 33.015150
 46.754680
 38.013160
  6.403124
  7.615773
 14.317820
 17.464250
 43.104520
 38.626420
 16.970560
 13.601470
 21.587030
 31.400640
 38.078870
 31.320920
 19.798990
 29.614190
 43.185650
 46.647610
 42.201900
 45.177430
 26.907250
 39.319210
 22.360680
 10.049880
 42.449970
 20.591260
 18.110770
 13.928390
 37.696160
 43.657760
 17.088010
  7.615773
 17.029390
 48.301140
 39.560080
 32.449960
 56.080300
 22.203600
 20.124610
 19.416490
 23.345240
 35.468300
   .000000
 12.041590
 26.172500
 24.207440
 13.892440
 27.294690
 37.643060
 17.464250
 36.400550
 46.872170
 35.355340
  5.656854
 16.763050
 14.560220
 25.495100
 52.392750
 44.283180
 29.000000
  5.656854
 32.202480
 39.204590
 49.244290
 21.023800
  7.810250
 24.413110
 44.721360
 50.289170
 49.010200
 42.449970
 28.231190
 32.695560
 11.180340
 10.198040
 37.215590
 20.124610
 28.792360
  6.403124
 26.683330
 32.756680
 28.301940
 11.180340
 22.203600
 59.682500
 50.159740
 44.204070
 57.706150
 34.058770
 31.906110
 24.083190
 31.400640
 35.846900
 12.041590
   .000000
  2.019231
  4.980769
   .000000
 30.000000
  3.000000
 13.000000
  2.076923
  6.923077
  5.250000
 15.750000
  8.297873
  6.702128
 13.873020
  5.126985
 11.500000
 11.500000
  4.019231
  6.980769
  2.941176
  2.058824
   .452381
 18.547620
   .906250
 28.093750
 18.400000
  4.600000
 15.000000
  6.000000
  5.555555
  4.444445
  3.173077
 11.826920
   .444444
  2.555556
 19.878790
 21.121210
   .000000
  9.000000
   .482758
 27.517240
  2.580645
  5.419355
  2.105263
  5.894737
 11.508770
  4.491228
  8.461538
  1.538462
 22.842110
  5.157895
  4.220588
  2.779412
  5.625000
  9.375000
  5.014925
  8.985075
  1.034483
  4.965518
 10.155170
  8.844828
  5.101449
  5.898551
  2.086957
  9.913043
 18.000000
  5.000000
 11.934430
 14.065570
   .269841
 16.730160
   .521739
  5.478261
  2.812500
  6.187500
  3.333333
 11.666670
 10.440680
  3.559322
  1.166667
  5.833333
 11.117650
 15.882350
  6.809524
  6.190476
 10.140630
   .859375
  8.000000
  8.000000
  7.435897
  2.564103
   .897436
  4.102564
  5.468750
 19.531250
  9.272727
  7.727273
  7.500000
 10.500000
  3.392857
  6.607142
