   140.000000
 75
   .000000
 25.455840
 14.560220
 19.646880
  7.071068
 25.000000
  9.219544
 14.142140
 15.811390
 23.600850
 26.000000
 29.154760
 12.083050
 22.561030
 27.802880
 27.202940
 19.416490
  8.062258
 34.885530
 23.409400
 36.769550
 27.294690
 30.413810
 31.384710
 33.136080
 33.241540
  6.082763
 16.155490
 24.515300
 18.439090
 14.317820
 37.107950
 22.203600
 17.804490
 10.000000
 18.027760
 33.105890
 32.015620
 26.925820
 22.360680
 14.142140
 36.235340
 36.069380
 31.890440
 20.615530
 14.142140
 11.180340
 26.925820
 20.615530
 28.071340
 29.681640
 11.045360
 14.142140
 22.671570
 27.018510
 42.426410
 37.161810
 28.178010
 20.000000
 38.418750
 43.266620
 34.234490
 22.360680
 22.360680
 43.011630
 31.622780
 36.235340
  5.385165
  7.280110
 37.363080
 41.231060
 39.824620
 20.615530
 20.615530
 20.000000
  3.000000
 25.455840
   .000000
 14.560220
 23.021730
 26.419690
 33.060550
 16.278820
 39.597980
 40.224370
 37.215590
 47.539460
 54.203320
 31.780500
 42.059480
 53.150730
 40.049970
 14.035670
 24.596750
 36.400550
 47.707440
 44.721360
 23.769730
  9.848858
 12.529960
 25.806980
 42.296570
 30.610460
 35.114100
 14.317820
 30.265490
 21.377560
 54.744860
 31.000000
  8.062258
 33.286630
 43.278170
 34.176010
 38.639360
 50.606320
 38.832980
 29.120440
 11.180340
 10.630150
  6.708204
 26.019220
 29.120440
 35.227830
 28.861740
 26.019220
 18.867960
 34.713110
 18.384780
 35.777090
 48.104050
 48.846700
 49.477270
 16.278820
 43.289720
 42.047590
 63.780880
 45.694640
 21.260290
  8.246211
  8.246211
 18.384780
 55.569770
 61.032780
 30.479500
 19.416490
 33.286630
 46.173580
 40.718550
 40.162170
  5.385165
 18.110770
 23.430750
 14.560220
 14.560220
   .000000
 24.207440
 12.727920
 19.924860
  8.544003
 27.784890
 26.870060
 34.481880
 40.199500
 43.382020
 25.019990
 27.513630
 40.459860
 26.076810
 18.027760
 18.248290
 40.360870
 34.058770
 32.310990
 15.264340
 16.401220
 25.079870
 33.615470
 42.485290
 20.615530
 20.615530
 10.049880
 16.000000
  7.000000
 50.249380
 30.413810
 10.440310
 19.798990
 30.610460
 24.083190
 26.400760
 41.484940
 34.525350
 24.738630
 25.632010
 24.186770
 21.189620
 26.627050
 14.560220
 21.931710
 17.804490
 13.000000
 26.832820
 36.619670
 14.764820
 21.633310
 36.359320
 34.438350
 51.107730
 30.016660
 29.017240
 34.234490
 50.990200
 35.608990
 20.000000
  8.485281
 16.492420
 29.698480
 46.173580
 50.566790
 18.357560
  7.280110
 26.076810
 34.985710
 31.144820
 34.014700
  9.219544
  7.211102
 11.704700
 19.646880
 23.021730
 24.207440
   .000000
 26.000000
 42.201900
 16.278820
 29.427880
 34.000000
 14.866070
 28.319600
 39.446170
 15.231550
 42.201900
 42.720020
 46.065170
  9.000000
 12.041590
 16.278820
 41.109610
 54.644310
 39.408120
 32.388270
 19.723080
 14.142140
 19.416490
 20.024980
 35.735140
 32.202480
 36.359320
 29.068880
 32.572990
  8.062258
 16.763050
 29.427880
 34.365680
 48.104050
 49.203660
 33.421550
 17.492860
 10.295630
 29.410880
 31.575310
 26.476400
  3.000000
 32.649650
 30.149630
 41.725290
 36.124780
 11.401750
 12.529960
 10.000000
 33.734260
 36.055510
 46.173580
 27.313000
 25.000000
 47.539460
 24.207440
 52.554730
 59.413800
 41.785160
 26.570660
 15.033300
 40.447500
 38.288380
 45.000000
 24.186770
 20.808650
 50.219520
 58.258050
 55.172460
 20.518280
 21.840330
 31.400640
 20.615530
  7.071068
 26.419690
 12.727920
 26.000000
   .000000
 18.027760
 12.041590
 15.811390
 14.142140
 30.610460
 31.400640
 31.622780
 18.867960
 17.000000
 27.802880
 20.248460
 24.020820
 15.000000
 41.677330
 21.400930
 29.698480
 22.022710
 29.068880
 34.713110
 38.832980
 40.311290
 11.704700
 10.049880
 21.470910
 11.401750
  9.219544
 43.324360
 29.206160
 19.924860
  7.071068
 18.027760
 26.570660
 25.000000
 31.064450
 29.154760
 21.213200
 37.589890
 36.619670
 33.120990
 27.294690
  7.071068
  9.219544
 20.615530
 14.317820
 33.136080
 36.619670
 16.492420
  9.486833
 24.166090
 22.803510
 49.497470
 40.261640
 21.540660
 25.495100
 38.288380
 36.359320
 30.364450
 21.213200
 25.495100
 42.426410
 35.355340
 38.897300
  7.000000
  7.280110
 31.400640
 34.205260
 33.105890
 26.925820
 21.095020
 15.811390
  5.385165
 25.000000
 33.060550
 19.924860
 42.201900
 18.027760
   .000000
 26.076810
 30.413810
 25.000000
 48.600410
 48.383880
 45.000000
 36.891740
 16.552950
 37.656340
  8.062258
 37.576590
 32.557640
 58.412330
 28.861740
 12.529960
 13.038400
 29.832870
 44.721360
 53.225930
 58.137770
 29.529650
 14.000000
 20.396080
  6.708204
 13.416410
 60.926190
 46.669050
 30.364450
 20.615530
 30.000000
 10.049880
  7.071068
 46.690470
 47.169910
 39.051250
 43.104520
 40.447500
 39.012820
 44.045430
 11.180340
 22.360680
  7.071068
  7.071068
 46.615450
 53.814500
 32.202480
 18.027760
 37.000000
 24.186770
 67.268120
 49.254440
 12.206560
 42.720020
 46.486560
 18.357560
 23.600850
 25.000000
 36.400550
 42.720020
 50.249380
 52.038450
 24.166090
 21.400930
 16.763050
 16.278820
 15.524170
 44.721360
 28.284270
 15.000000
 22.671570
  9.219544
 16.278820
  8.544003
 16.278820
 12.041590
 26.076810
   .000000
 23.345240
 24.596750
 25.961510
 32.756680
 38.013160
 17.117240
 29.017240
 37.013510
 30.675720
 12.165530
 10.000000
 32.557640
 32.202480
 38.587560
 23.706540
 22.135940
 22.803510
 27.513630
 34.000000
 14.422200
 22.000000
 18.110770
 20.615530
 12.806250
 42.047590
 21.954500
  8.602325
 18.027760
 27.202940
 31.890440
 33.015150
 34.928500
 26.172500
 16.278820
 27.018510
 26.907250
 22.671570
 18.439090
 17.464250
 19.697720
 25.495100
 19.849430
 21.377560
 28.425340
  6.403124
 21.377560
 31.827660
 34.713110
 42.720020
 28.460500
 32.756680
 26.925820
 47.634020
 43.139310
 28.160260
 14.317820
 13.601470
 34.132100
 39.812060
 44.944410
 14.422200
  5.099020
 34.481880
 42.011900
 38.948680
 26.076810
 11.661900
 15.652480
  7.615773
 14.142140
 39.597980
 27.784890
 29.427880
 15.811390
 30.413810
 23.345240
   .000000
  7.071068
 25.632010
 18.867960
 15.811390
 15.033300
 19.209370
 13.892440
 28.635640
 32.202480
 18.027760
 41.436700
 12.165530
 39.395430
 37.483330
 44.102150
 44.777230
 43.566040
 35.846900
  9.848858
 16.763050
 37.161810
 24.083190
 25.000000
 32.202480
 28.160260
 31.890440
 10.000000
  5.000000
 40.199500
 36.400550
 16.278820
 22.360680
 20.000000
 50.328920
 50.209560
 46.010870
 29.068880
 20.000000
  8.062258
 35.000000
 29.068880
 39.849720
 35.510560
 23.706540
 12.649110
  8.602325
 19.235380
 44.721360
 50.606320
 27.459060
 14.142140
 24.413110
 48.083260
 46.173580
 36.055510
 36.055510
 57.008770
 20.000000
 23.086790
  9.433981
 20.808650
 46.000000
 44.944410
 45.891170
 18.027760
 34.713110
 31.622780
 16.401220
 15.811390
 40.224370
 26.870060
 34.000000
 14.142140
 25.000000
 24.596750
  7.071068
   .000000
 32.202480
 25.806980
 20.000000
 20.880610
 12.206560
 13.892440
 22.135940
 35.171010
 22.022710
 47.296940
  7.615773
 32.893770
 33.837850
 43.185650
 47.169910
 48.041650
 42.485290
 14.035670
 11.000000
 35.227830
 19.235380
 22.472200
 39.204590
 33.955850
 33.120990
  7.071068
  5.000000
 35.014280
 30.413810
 22.472200
 29.154760
 25.495100
 51.312770
 50.606320
 46.872170
 34.132100
 15.811390
  5.000000
 30.413810
 25.000000
 43.566040
 41.484940
 26.683330
  7.071068
 12.000000
 12.649110
 51.478150
 52.924470
 20.591260
 21.213200
 24.207440
 41.976180
 43.382020
 35.355340
 38.078870
 56.568540
 25.495100
 27.073970
 10.440310
 20.808650
 41.303750
 38.600520
 40.199500
 25.000000
 35.000000
 29.154760
 17.000000
 23.600850
 37.215590
 34.481880
 14.866070
 30.610460
 48.600410
 25.961510
 25.632010
 32.202480
   .000000
 15.652480
 29.614190
 12.041590
 43.266620
 36.055510
 50.209560
 23.537200
 16.552950
 17.262680
 37.643060
 60.207970
 49.396350
 46.000000
 34.438350
 24.839490
 10.295630
 19.849430
 38.288380
 43.931770
 42.011900
 37.121420
 17.720050
  7.211102
 30.000000
 30.610460
 30.364450
 56.435800
 55.605750
 22.135940
  4.123106
  9.848858
 44.271890
 46.324940
 41.231060
 12.083050
 37.643060
 30.232430
 50.119860
 43.909000
 25.238860
 11.401750
 20.223750
 35.000000
 29.068880
 44.777230
 19.416490
 39.446170
 50.447990
 14.035670
 44.283180
 66.850580
 53.935150
 39.204590
 29.614190
 55.108980
 26.400760
 33.615470
 25.495100
 28.635640
 60.008330
 64.815120
 63.285070
  9.055386
 35.014280
 41.436700
 26.076810
 26.000000
 47.539460
 40.199500
 28.319600
 31.400640
 48.383880
 32.756680
 18.867960
 25.806980
 15.652480
   .000000
 15.033300
 15.811390
 38.013160
 23.769730
 47.413080
 35.510560
 23.086790
 32.572990
 28.425340
 58.137770
 53.150730
 54.817880
 47.801670
 40.224370
 23.086790
 20.024980
 35.341190
 50.249380
 41.761230
 40.112340
 13.453620
 22.203600
 39.560080
 27.856780
 21.931710
 57.723480
 54.781380
  7.000000
 11.661900
 18.867960
 56.435800
 57.697490
 52.773100
 26.172500
 37.363080
 26.400760
 51.971150
 45.705580
 39.597980
 26.925820
 29.154760
 31.304950
 17.492860
 36.796740
 30.265490
 53.263500
 46.324940
  6.000000
 30.066590
 66.483080
 60.133190
 47.074410
 41.182520
 65.924200
 10.770330
 18.027760
 24.515300
 33.060550
 62.801270
 63.560990
 63.890530
  7.810250
 43.965900
 46.000000
 29.000000
 29.154760
 54.203320
 43.382020
 39.446170
 31.622780
 45.000000
 38.013160
 15.811390
 20.000000
 29.614190
 15.033300
   .000000
 24.413110
 30.805840
 10.630150
 41.593270
 44.687810
 30.413810
 46.872170
 18.384780
 52.172790
 53.150730
 59.539900
 57.489130
 52.801510
 38.013160
 23.600850
 31.000000
 52.924470
 39.115220
 40.804410
 26.400760
 35.114100
 46.227700
 25.495100
 15.000000
 55.009090
 50.249380
  8.062258
 25.495100
 29.154760
 64.443770
 64.815120
 60.307540
 38.013160
 35.355340
 23.345240
 50.249380
 44.553340
 50.774010
 41.000000
 36.769550
 27.018510
  8.000000
 26.832820
 45.276920
 63.253460
 39.293770
 15.811390
 15.033300
 61.660360
 61.983870
 51.478150
 49.497470
 72.111020
  7.071068
  7.280110
 25.079870
 36.235340
 61.204570
 58.051700
 60.133190
 20.615530
 49.648770
 47.434170
 31.764760
 12.083050
 31.780500
 25.019990
 15.231550
 18.867960
 36.891740
 17.117240
 15.033300
 20.880610
 12.041590
 15.811390
 24.413110
   .000000
 31.384710
 27.658630
 38.183770
 20.518280
  7.280110
 26.476400
 27.166150
 48.270070
 39.051250
 39.051250
 33.241540
 29.120440
 22.203600
  7.810250
 26.248810
 35.000000
 30.232430
 26.248810
 25.317980
 13.152950
 23.769730
 18.601080
 20.024980
 45.188500
 43.829210
 19.209370
 10.295630
  5.099020
 41.048750
 42.059480
 37.215590
 14.317820
 25.806980
 18.357560
 39.000000
 32.695560
 26.419690
 20.615530
 13.416410
 23.021730
 20.880610
 33.526110
 31.400640
 38.948680
 38.418750
 10.295630
 37.336310
 55.226810
 45.011110
 31.400640
 25.806980
 50.159740
 24.207440
 30.413810
 13.453620
 18.248290
 49.335590
 53.009430
 51.884490
  9.000000
 28.160260
 31.400640
 14.866070
 22.561030
 42.059480
 27.513630
 42.201900
 17.000000
 16.552950
 29.017240
 19.209370
 12.206560
 43.266620
 38.013160
 30.805840
 31.384710
   .000000
 22.000000
 11.000000
 41.012190
 30.364450
 57.008770
 13.000000
 21.377560
 28.425340
 42.190040
 51.478150
 55.578770
 53.535030
 23.706540
  7.071068
 33.015150
 13.453620
 21.023800
 51.400390
 43.863430
 36.496570
 13.000000
 16.552950
 26.248810
 20.099750
 34.438350
 40.607880
 35.341190
 53.141320
 51.478150
 48.703180
 43.011630
 13.000000
 13.038400
 23.323810
 19.798990
 50.089920
 51.478150
 33.241540
  8.544003
 23.086790
  7.810250
 62.681740
 56.885850
  8.544003
 33.301650
 30.083220
 31.064450
 38.948680
 35.341190
 42.296570
 55.758410
 37.000000
 37.336310
 18.384780
 24.083190
 33.241540
 27.294690
 30.149630
 36.796740
 36.687870
 26.627050
 22.090720
 27.802880
 53.150730
 40.459860
 42.720020
 27.802880
 37.656340
 37.013510
 13.892440
 13.892440
 36.055510
 23.769730
 10.630150
 27.658630
 22.000000
   .000000
 33.000000
 46.065170
 31.780500
 53.009430
  9.000000
 43.185650
 47.539460
 56.850680
 58.668560
 56.753850
 45.541190
 23.706540
 24.041630
 49.091750
 32.572990
 36.359320
 36.359320
 40.199500
 45.607020
 20.808650
  9.899495
 47.675990
 42.047590
 17.492860
 32.140320
 32.756680
 64.031240
 63.702430
 59.665740
 41.976180
 29.546570
 18.601080
 43.680660
 38.626420
 53.488320
 47.010640
 37.589890
 20.615530
  7.000000
 16.763050
 53.600370
 64.498060
 30.149630
 22.203600
 10.630150
 53.037720
 57.245090
 48.918300
 49.929950
 70.092800
 17.691810
 15.811390
 22.671570
 33.941120
 54.341510
 49.162990
 52.086470
 27.166150
 48.104050
 43.046490
 29.732140
 27.202940
 40.049970
 26.076810
 46.065170
 20.248460
  8.062258
 30.675720
 28.635640
 22.135940
 50.209560
 47.413080
 41.593270
 38.183770
 11.000000
 33.000000
   .000000
 42.720020
 35.227830
 61.911230
 24.000000
 10.770330
 21.095020
 37.643060
 51.156620
 58.189350
 60.207970
 30.413810
 12.206560
 28.160260
 10.198040
 19.104970
 60.539240
 49.406480
 36.345560
 20.000000
 26.925820
 16.124520
  9.219544
 44.598210
 48.166380
 41.231060
 50.487620
 48.052060
 46.270940
 47.507890
 13.416410
 21.095020
 15.000000
 14.317820
 51.923020
 56.859470
 36.249140
 16.124520
 33.734260
 17.720050
 69.426220
 56.008930
  4.242640
 42.190040
 40.792160
 20.099750
 31.622780
 32.249030
 42.426410
 50.695170
 47.539460
 48.259710
 24.758840
 25.632010
 23.323810
 16.492420
 19.235380
 45.000000
 35.000000
 22.360680
 25.553870
 19.416490
 14.035670
 18.027760
  9.000000
 24.020820
 37.576590
 12.165530
 32.202480
 35.171010
 23.537200
 35.510560
 44.687810
 20.518280
 41.012190
 46.065170
 42.720020
   .000000
 14.422200
 23.323810
 42.720020
 50.089920
 32.526910
 23.537200
 12.806250
 15.652480
 28.284270
 22.360680
 34.058770
 24.413110
 32.572990
 24.166090
 41.231060
 17.029390
  8.602325
 29.274560
 36.769550
 42.011900
 44.294470
 39.698870
 25.632010
 16.643320
 21.023800
 22.803510
 17.720050
 12.000000
 29.614190
 30.594120
 35.805030
 30.886890
  9.219544
 20.880610
  8.544003
 33.060550
 39.962480
 46.270940
 35.735140
 18.601080
 44.911020
 30.610460
 56.435800
 53.600370
 33.541020
 18.357560
  6.082763
 31.575310
 44.687810
 50.911690
 24.738630
 17.262680
 43.185650
 53.000000
 49.040800
 27.784890
 13.416410
 24.839490
 19.026300
  8.062258
 24.596750
 18.248290
 12.041590
 15.000000
 32.557640
 10.000000
 18.027760
 22.022710
 16.552950
 23.086790
 30.413810
  7.280110
 30.364450
 31.780500
 35.227830
 14.422200
   .000000
 26.832820
 29.274560
 44.598210
 32.893770
 31.780500
 27.202940
 26.019220
 25.612500
  8.246211
 24.166090
 28.071340
 26.172500
 20.591260
 32.062440
 14.212670
 16.552950
 17.464250
 22.803510
 39.962480
 39.623230
 26.076810
 16.278820
  6.708204
 34.205260
 34.985710
 30.232430
 12.649110
 22.022710
 18.110770
 33.615470
 27.459060
 21.840330
 21.633310
  6.403124
 21.840330
 25.553870
 34.132100
 34.713110
 33.015150
 36.235340
 17.464250
 42.059480
 50.606320
 38.118240
 24.186770
 19.104970
 42.953460
 31.064450
 36.878180
 12.165530
 12.083050
 43.462630
 48.836460
 46.872170
 16.124520
 20.880610
 25.000000
  9.899495
 34.885530
 36.400550
 40.360870
 16.278820
 41.677330
 58.412330
 32.557640
 41.436700
 47.296940
 17.262680
 32.572990
 46.872170
 26.476400
 57.008770
 53.009430
 61.911230
 23.323810
 26.832820
   .000000
 53.600370
 70.802540
 55.443660
 46.238510
 28.071340
 13.152950
 11.313710
 33.526110
 50.990200
 47.707440
 52.430910
 45.343140
 29.732140
 13.341660
 31.906110
 44.011360
 46.389650
 64.350600
 65.436990
 39.293770
 21.377560
 21.840330
 39.115220
 42.426410
 37.656340
 14.422200
 48.548940
 44.271890
 57.982760
 52.402290
 18.248290
  6.000000
 26.248810
 48.466480
 46.010870
 59.908260
 14.035670
 31.144820
 63.063460
 31.257000
 61.522350
 75.690160
 56.824290
 41.677330
 28.231190
 51.351730
 43.324360
 50.596440
 38.626420
 37.013510
 66.219330
 74.518460
 71.421290
 26.305890
 36.715120
 47.507890
 36.359320
 23.409400
 47.707440
 34.058770
 41.109610
 21.400930
 28.861740
 32.202480
 12.165530
  7.615773
 37.643060
 28.425340
 18.384780
 27.166150
 13.000000
  9.000000
 24.000000
 42.720020
 29.274560
 53.600370
   .000000
 34.234490
 39.357340
 50.209560
 54.781380
 55.226810
 47.759820
 21.095020
 15.652480
 41.868840
 24.166090
 29.068880
 41.773200
 40.311290
 40.706260
 14.422200
  7.280110
 38.832980
 33.060550
 23.430750
 34.176010
 32.062440
 58.830270
 58.008620
 54.378300
 41.000000
 21.633310
 12.529960
 35.114100
 30.413810
 50.990200
 47.675990
 34.205260
 12.806250
 11.401750
  8.602325
 56.462380
 60.539240
 21.213200
 25.059930
 17.888540
 44.045430
 49.396350
 42.520580
 45.694640
 63.702430
 25.059930
 24.515300
 18.027760
 28.301940
 45.607020
 40.199500
 43.104520
 29.546570
 42.438190
 35.608990
 24.596750
 36.769550
 44.721360
 32.310990
 54.644310
 29.698480
 12.529960
 38.587560
 39.395430
 32.893770
 60.207970
 58.137770
 52.172790
 48.270070
 21.377560
 43.185650
 10.770330
 50.089920
 44.598210
 70.802540
 34.234490
   .000000
 22.022710
 40.012500
 56.753850
 65.741920
 70.007140
 40.607880
 22.825420
 31.064450
 18.439090
 25.942240
 71.196910
 58.796260
 42.720020
 30.528680
 37.643060
 12.649110
  6.082763
 55.362440
 58.412330
 50.911690
 54.083270
 51.000000
 50.249380
 56.400360
 22.627420
 31.764760
 16.031220
 19.313210
 59.093150
 66.068150
 44.654230
 26.832820
 44.384680
 27.018510
 79.195960
 61.000000
 13.038400
 52.839380
 50.159740
 10.198040
 31.048350
 36.496570
 48.703180
 51.788030
 58.240880
 58.694120
 35.000000
 33.837850
 18.867960
  6.000000
 11.401750
 55.470710
 40.261640
 26.683330
 34.713110
 27.294690
 23.769730
 15.264340
 39.408120
 22.022710
 13.038400
 23.706540
 37.483330
 33.837850
 49.396350
 53.150730
 53.150730
 39.051250
 28.425340
 47.539460
 21.095020
 32.526910
 32.893770
 55.443660
 39.357340
 22.022710
   .000000
 18.000000
 36.249140
 47.634020
 57.706150
 33.136080
 23.706540
  9.486833
 15.264340
 13.038400
 64.327290
 45.650850
 24.083190
 27.658630
 38.600520
 10.440310
 16.124520
 53.084840
 49.040800
 39.560080
 32.249030
 29.017240
 28.635640
 41.880780
 18.027760
 29.832870
  6.324555
  8.944272
 40.607880
 51.865210
 30.016660
 26.925820
 45.354160
 36.235340
 66.370170
 39.849720
 25.238860
 47.169910
 57.245090
 21.931710
 10.630150
 15.652480
 29.410880
 30.083220
 57.314920
 60.415230
 29.017240
 20.880610
 10.816650
 22.561030
 17.000000
 47.853940
 20.248460
  8.062258
 24.331050
 30.413810
  9.848858
 16.401220
 32.388270
 29.068880
 29.832870
 22.135940
 44.102150
 43.185650
 46.000000
 54.817880
 59.539900
 39.051250
 42.190040
 56.850680
 37.643060
 23.537200
 31.780500
 46.238510
 50.209560
 40.012500
 18.000000
   .000000
 21.213200
 35.510560
 51.788030
 36.249140
 35.805030
  9.486833
 29.068880
 21.400930
 63.198100
 40.199500
 16.000000
 36.124780
 47.010640
 28.160260
 34.058770
 57.008770
 47.169910
 37.215590
 14.560220
 11.045360
 11.661900
 35.355340
 29.410880
 38.288380
 24.083190
 23.409400
 28.653100
 44.384680
 26.172500
 37.536650
 52.697250
 49.648770
 59.203040
 23.323810
 41.436700
 49.040800
 67.357250
 39.051250
 12.206560
  8.062258
 18.027760
 13.601470
 61.846580
 66.648330
 34.669870
 23.323810
 25.632010
 40.311290
 33.955850
 47.853940
 11.045360
 15.652480
 27.784890
 31.384710
 12.529960
 25.079870
 19.723080
 34.713110
 44.721360
 22.803510
 44.777230
 47.169910
 34.438350
 47.801670
 57.489130
 33.241540
 51.478150
 58.668560
 51.156620
 12.806250
 27.202940
 28.071340
 54.781380
 56.753850
 36.249140
 21.213200
   .000000
 15.524170
 36.496570
 34.985710
 44.407210
 26.832820
 41.048750
 32.062440
 52.000000
 27.313000
 15.033300
 40.804410
 49.193500
 46.615450
 50.695170
 52.345010
 37.215590
 29.068880
 11.045360
 14.560220
 10.295630
 22.360680
 39.051250
 42.379240
 41.109610
 37.656340
 10.049880
 28.284270
 21.095020
 44.147480
 52.697250
 57.489130
 42.011900
  5.830952
 54.009260
 43.185650
 69.115840
 58.180750
 33.301650
 20.615530
  9.219544
 23.345240
 57.314920
 63.655320
 36.769550
 27.459060
 45.793010
 58.523500
 53.225930
 40.000000
 16.492420
 30.083220
 30.364450
 33.136080
 25.806980
 33.615470
 14.142140
 38.832980
 53.225930
 27.513630
 43.566040
 48.041650
 24.839490
 40.224370
 52.801510
 29.120440
 55.578770
 56.753850
 58.189350
 15.652480
 26.019220
 13.152950
 55.226810
 65.741920
 47.634020
 35.510560
 15.524170
   .000000
 23.259410
 34.132100
 48.836460
 38.897300
 48.104050
 39.812060
 40.804410
 18.027760
 23.600850
 43.104520
 48.507730
 57.428220
 59.941640
 46.141090
 28.600700
 24.041630
 26.476400
 30.083220
 25.632010
 14.866070
 44.922150
 44.011360
 51.312770
 46.529560
  7.071068
 15.264340
 22.360680
 47.265210
 50.000000
 60.033330
 27.166150
 18.027760
 60.166440
 37.121420
 66.407830
 69.065190
 47.010640
 32.526910
 18.384780
 38.832980
 50.774010
 57.801380
 38.013160
 32.572990
 58.051700
 68.600290
 64.404970
 32.756680
 27.586230
 40.224370
 33.541020
 33.241540
 42.296570
 42.485290
 19.416490
 40.311290
 58.137770
 34.000000
 35.846900
 42.485290
 10.295630
 23.086790
 38.013160
 22.203600
 53.535030
 45.541190
 60.207970
 28.284270
 25.612500
 11.313710
 47.759820
 70.007140
 57.706150
 51.788030
 36.496570
 23.259410
   .000000
 30.000000
 48.414880
 51.264020
 51.662360
 46.043460
 18.439090
 12.083050
 36.138620
 40.804410
 40.496910
 65.459920
 65.192020
 30.066590
 13.601470
 19.104970
 47.265210
 50.039990
 45.011110
 16.492420
 47.381430
 40.496910
 59.076220
 53.009430
 26.476400
  8.246211
 27.730850
 45.221680
 38.639360
 55.036350
  9.219544
 40.521600
 60.605280
 23.345240
 53.000000
 76.216800
 61.032780
 45.880280
 34.132100
 59.033890
 33.541020
 40.792160
 35.608990
 37.443290
 68.476270
 74.411020
 72.422370
 18.439090
 41.231060
 49.648770
 35.468300
  6.082763
 30.610460
 20.615530
 20.024980
 11.704700
 29.529650
 14.422200
  9.848858
 14.035670
 19.849430
 20.024980
 23.600850
  7.810250
 23.706540
 23.706540
 30.413810
 22.360680
  8.246211
 33.526110
 21.095020
 40.607880
 33.136080
 36.249140
 34.985710
 34.132100
 30.000000
   .000000
 18.439090
 30.594120
 22.825420
 20.099750
 31.622780
 20.248460
 22.671570
 10.816650
 14.560220
 38.275320
 36.359320
 20.880610
 17.804490
 11.704700
 41.012190
 41.231060
 36.796740
 20.099750
 18.357560
 10.770330
 32.280030
 25.961510
 30.083220
 27.856780
 13.892440
 15.264340
 17.804490
 26.476400
 39.204590
 40.816660
 30.610460
 14.035670
 34.132100
 47.885280
 40.311290
 28.231190
 26.400760
 48.548940
 25.632010
 30.528680
  5.656854
 13.341660
 42.953460
 45.486260
 44.777230
 15.231550
 26.076810
 26.019220
  9.055386
 16.155490
 35.114100
 20.615530
 35.735140
 10.049880
 14.000000
 22.000000
 16.763050
 11.000000
 38.288380
 35.341190
 31.000000
 26.248810
  7.071068
 24.041630
 12.206560
 34.058770
 24.166090
 50.990200
 15.652480
 22.825420
 23.706540
 35.805030
 44.407210
 48.836460
 48.414880
 18.439090
   .000000
 26.907250
  8.544003
 14.422200
 48.373550
 38.078870
 29.427880
  7.810250
 16.000000
 24.020820
 19.646880
 32.984840
 36.069380
 29.681640
 46.238510
 44.721360
 41.785160
 36.769550
  6.403124
  8.944272
 19.646880
 14.764820
 43.185650
 45.650850
 26.476400
  4.123106
 23.000000
 13.892440
 57.628120
 49.819680
 12.206560
 30.016660
 33.541020
 31.320920
 33.837850
 28.653100
 35.227830
 49.406480
 36.345560
 38.052600
 12.806250
 17.029390
 30.413810
 28.231190
 29.274560
 32.802440
 29.732140
 20.518280
 15.297060
 24.515300
 14.317820
 10.049880
 32.202480
 21.470910
 20.396080
 18.110770
 37.161810
 35.227830
 43.931770
 50.249380
 52.924470
 35.000000
 33.015150
 49.091750
 28.160260
 24.413110
 28.071340
 47.707440
 41.868840
 31.064450
  9.486833
  9.486833
 26.832820
 38.897300
 51.264020
 30.594120
 26.907250
   .000000
 19.723080
 12.806250
 60.133190
 39.217340
 15.811390
 28.301940
 39.446170
 19.924860
 25.019990
 51.419840
 44.283180
 34.365680
 23.021730
 20.099750
 19.235380
 34.928500
 20.518280
 30.528680
 15.033300
 13.928390
 31.827660
 44.721360
 23.769730
 29.068880
 45.617980
 40.607880
 59.506300
 30.364450
 31.953090
 44.283180
 59.405390
 31.384710
 10.049880
  6.403124
 20.518280
 22.825420
 56.044620
 60.166440
 27.856780
 17.262680
 19.209370
 32.015620
 26.400760
 44.000000
 11.313710
  6.403124
 21.587030
 18.439090
 30.265490
 16.000000
 36.359320
 11.401750
  6.708204
 20.615530
 24.083190
 19.235380
 42.011900
 41.761230
 39.115220
 30.232430
 13.453620
 32.572990
 10.198040
 32.572990
 26.172500
 52.430910
 24.166090
 18.439090
 15.264340
 29.068880
 41.048750
 48.104050
 51.662360
 22.825420
  8.544003
 19.723080
   .000000
  9.000000
 54.230990
 40.360870
 26.172500
 14.142140
 24.186770
 16.124520
 13.601470
 40.311290
 40.496910
 32.557640
 41.000000
 38.897300
 36.674240
 38.013160
  4.472136
 16.031220
 11.180340
  6.403124
 41.761230
 47.634020
 26.419690
 12.165530
 31.144820
 21.213200
 60.827630
 46.010870
 13.038400
 36.055510
 42.047590
 25.059930
 25.612500
 22.803510
 32.249030
 42.544090
 44.045430
 46.270940
 17.464250
 15.652480
 22.090720
 22.803510
 22.135940
 38.013160
 25.079870
 13.416410
 16.278820
 14.317820
 21.377560
  7.000000
 29.068880
  9.219544
 13.416410
 12.806250
 25.000000
 22.472200
 37.121420
 40.112340
 40.804410
 26.248810
 21.023800
 36.359320
 19.104970
 24.166090
 20.591260
 45.343140
 29.068880
 25.942240
 13.038400
 21.400930
 32.062440
 39.812060
 46.043460
 20.099750
 14.422200
 12.806250
  9.000000
   .000000
 51.419840
 34.205260
 17.262680
 15.652480
 26.832820
 19.416490
 20.248460
 40.199500
 36.400550
 27.294690
 32.280030
 30.463090
 27.892650
 31.112700
  8.062258
 17.888540
 13.038400
  7.071068
 33.241540
 41.036570
 19.104970
 16.278820
 33.241540
 28.301940
 55.000000
 37.013510
 22.022710
 34.132100
 46.615450
 30.413810
 21.189620
 14.317820
 23.345240
 35.000000
 44.553340
 48.083260
 16.124520
  8.602325
 23.086790
 29.206160
 26.400760
 34.928500
 16.124520
  6.708204
 11.401750
 37.107950
 54.744860
 50.249380
 32.572990
 43.324360
 60.926190
 42.047590
 32.202480
 39.204590
 17.720050
 13.453620
 26.400760
 25.317980
 51.400390
 36.359320
 60.539240
 41.231060
 32.062440
 29.732140
 41.773200
 71.196910
 64.327290
 63.198100
 52.000000
 40.804410
 18.439090
 31.622780
 48.373550
 60.133190
 54.230990
 51.419840
   .000000
 24.698180
 47.265210
 40.706260
 35.383610
 69.892780
 67.542580
 18.867960
 16.031220
 26.019220
 61.983870
 64.031240
 58.940650
 29.732140
 49.769470
 39.446170
 63.890530
 57.567350
 42.485290
 25.612500
 37.054020
 44.418460
 30.610460
 50.209560
 21.840330
 56.797890
 59.640590
 18.357560
 40.804410
 79.202270
 70.178340
 56.008930
 47.296940
 72.780490
 19.924860
 26.305890
 36.769550
 43.566040
 74.464760
 76.478750
 76.321690
 16.492420
 52.153620
 56.718610
 40.024990
 22.203600
 31.000000
 30.413810
  8.062258
 29.206160
 46.669050
 21.954500
 28.160260
 33.955850
  7.211102
 22.203600
 35.114100
 13.152950
 43.863430
 40.199500
 49.406480
 17.029390
 14.212670
 13.341660
 40.311290
 58.796260
 45.650850
 40.199500
 27.313000
 18.027760
 12.083050
 20.248460
 38.078870
 39.217340
 40.360870
 34.205260
 24.698180
   .000000
 24.331050
 30.870700
 33.136080
 53.600370
 53.740120
 28.178010
 10.630150
  8.544003
 37.363080
 39.623230
 34.525350
  5.099020
 36.235340
 31.016120
 47.201690
 41.231060
 18.027760
  7.615773
 15.652480
 35.341190
 33.241540
 46.572530
 20.808650
 32.249030
 50.249380
 19.313210
 49.244290
 64.536810
 49.040800
 33.955850
 23.086790
 48.507730
 32.756680
 39.824620
 25.495100
 25.612500
 56.435800
 62.936480
 60.605280
 14.764820
 29.427880
 37.589890
 24.083190
 17.804490
  8.062258
 10.440310
 16.763050
 19.924860
 30.364450
  8.602325
 31.890440
 33.120990
 30.000000
 39.560080
 46.227700
 23.769730
 36.496570
 45.607020
 36.345560
  8.602325
 16.552950
 31.906110
 40.706260
 42.720020
 24.083190
 16.000000
 15.033300
 23.600850
 36.138620
 22.671570
 29.427880
 15.811390
 26.172500
 17.262680
 47.265210
 24.331050
   .000000
 26.400760
 35.805030
 33.837850
 36.769550
 42.544090
 31.257000
 21.377560
 18.439090
 18.601080
 14.142140
 19.646880
 24.020820
 28.178010
 27.784890
 23.409400
 16.643320
 29.154760
 10.440310
 29.410880
 40.311290
 42.720020
 44.011360
 20.396080
 39.051250
 34.014700
 56.222770
 45.486260
 25.079870
  9.848858
  6.082763
 26.400760
 47.507890
 53.009430
 23.021730
 12.649110
 34.655450
 45.177430
 40.804410
 32.280030
  5.099020
 16.643320
 16.124520
 10.000000
 33.286630
 19.798990
 29.427880
  7.071068
 20.615530
 18.027760
 10.000000
  7.071068
 30.610460
 27.856780
 25.495100
 18.601080
 13.000000
 20.808650
 20.000000
 29.274560
 17.464250
 44.011360
 14.422200
 30.528680
 27.658630
 36.124780
 40.804410
 43.104520
 40.804410
 10.816650
  7.810250
 28.301940
 14.142140
 15.652480
 40.706260
 30.870700
 26.400760
   .000000
 11.180340
 30.265490
 26.925820
 26.172500
 28.284270
 22.360680
 44.418460
 43.600460
 39.962480
 30.083220
 10.000000
  2.236068
 25.000000
 19.104970
 38.052600
 38.483760
 21.023800
  4.472136
 17.720050
 17.029390
 50.000000
 46.486560
 19.849430
 22.360680
 31.241000
 38.626420
 36.769550
 28.284270
 31.622780
 49.497470
 30.000000
 32.756680
  5.385165
 13.892440
 36.000000
 35.777090
 36.138620
 25.000000
 28.017850
 22.360680
 10.440310
 18.027760
 43.278170
 30.610460
 34.365680
 18.027760
 30.000000
 27.202940
  5.000000
  5.000000
 30.364450
 21.931710
 15.000000
 20.024980
 16.552950
  9.899495
 26.925820
 36.769550
 22.803510
 46.389650
  7.280110
 37.643060
 38.600520
 47.010640
 49.193500
 48.507730
 40.496910
 14.560220
 16.000000
 39.446170
 24.186770
 26.832820
 35.383610
 33.136080
 35.805030
 11.180340
   .000000
 40.012500
 35.355340
 17.888540
 26.925820
 25.000000
 54.203320
 53.814500
 49.819680
 34.058770
 20.615530
  8.944272
 35.355340
 29.832870
 44.643030
 40.447500
 28.231190
 12.041590
  7.000000
 15.000000
 49.244290
 55.009090
 25.079870
 18.027760
 20.518280
 46.872170
 47.927030
 39.051250
 40.311290
 60.207970
 20.615530
 22.090720
 12.806250
 24.041630
 46.270940
 43.416590
 45.177430
 22.360680
 38.209950
 33.541020
 19.849430
 33.105890
 34.176010
 24.083190
 48.104050
 26.570660
 10.049880
 31.890440
 40.199500
 35.014280
 56.435800
 57.723480
 55.009090
 45.188500
 26.248810
 47.675990
 16.124520
 42.011900
 39.962480
 64.350600
 38.832980
 12.649110
 10.440310
 28.160260
 46.615450
 57.428220
 65.459920
 38.275320
 24.020820
 19.924860
 16.124520
 19.416490
 69.892780
 53.600370
 33.837850
 30.265490
 40.012500
   .000000
  7.810250
 56.435800
 55.461700
 46.647610
 42.579340
 39.204590
 39.051250
 50.328920
 20.396080
 32.140320
  6.403124
 12.529960
 50.477720
 60.307540
 38.288380
 28.000000
 47.010640
 33.615470
 74.404300
 50.289170
 20.248460
 51.923020
 56.320510
 11.661900
 18.439090
 26.000000
 39.446170
 39.319210
 60.133190
 62.072540
 33.241540
 28.017850
  7.211102
 12.165530
  7.071068
 53.488320
 30.413810
 17.204650
 30.413810
 32.015620
 38.639360
 26.400760
 49.203660
 25.000000
  7.071068
 33.015150
 36.400550
 30.413810
 55.605750
 54.781380
 50.249380
 43.829210
 20.099750
 42.047590
  9.219544
 44.294470
 39.623230
 65.436990
 33.060550
  6.082763
 16.124520
 34.058770
 50.695170
 59.941640
 65.192020
 36.359320
 19.646880
 25.019990
 13.601470
 20.248460
 67.542580
 53.740120
 36.769550
 26.925820
 35.355340
  7.810250
   .000000
 52.630790
 54.083270
 46.097720
 48.041650
 45.011110
 44.181440
 51.088160
 18.027760
 28.460500
 10.000000
 13.416410
 53.225930
 60.876930
 39.204590
 23.769730
 42.296570
 26.925820
 74.330350
 54.918120
 13.000000
 49.244290
 50.010000
 11.704700
 25.632010
 30.413810
 42.720020
 46.097720
 55.901700
 57.078890
 30.886890
 28.425340
 14.866070
  9.219544
 10.049880
 51.478150
 34.205260
 20.615530
 29.732140
 26.925820
 50.606320
 41.484940
 33.421550
 31.064450
 46.690470
 34.928500
 16.278820
 22.472200
 22.135940
  7.000000
  8.062258
 19.209370
 34.438350
 17.492860
 44.598210
 39.698870
 26.076810
 39.293770
 23.430750
 55.362440
 53.084840
 57.008770
 52.345010
 46.141090
 30.066590
 20.880610
 32.984840
 51.419840
 40.311290
 40.199500
 18.867960
 28.178010
 42.544090
 26.172500
 17.888540
 56.435800
 52.630790
   .000000
 18.027760
 23.345240
 60.216280
 61.057350
 56.302750
 31.622780
 36.124780
 24.331050
 51.088160
 45.011110
 44.821870
 33.526110
 32.449960
 28.861740
 12.041590
 32.015620
 37.215590
 57.982760
 42.953460
  9.219544
 23.086790
 64.288410
 61.000000
 49.040800
 45.000000
 68.883960
  5.000000
 11.661900
 24.083190
 34.205260
 62.072540
 61.032780
 62.169120
 13.416410
 46.518810
 46.529560
 29.832870
 22.360680
 38.832980
 34.525350
 17.492860
 29.154760
 47.169910
 26.172500
 22.360680
 29.154760
  4.123106
 11.661900
 25.495100
 10.295630
 40.607880
 32.140320
 48.166380
 25.632010
 16.278820
 21.377560
 34.176010
 58.412330
 49.040800
 47.169910
 37.215590
 28.600700
 13.601470
 17.804490
 36.069380
 44.283180
 40.496910
 36.400550
 16.031220
 10.630150
 31.257000
 28.284270
 26.925820
 55.461700
 54.083270
 18.027760
   .000000
 10.000000
 46.615450
 48.383880
 43.324360
 15.000000
 36.055510
 27.658630
 49.244290
 42.953460
 28.425340
 15.524170
 21.023800
 32.557640
 25.179360
 41.593270
 22.360680
 42.438190
 48.104050
 10.000000
 40.199500
 65.513360
 54.332310
 40.000000
 31.622780
 57.008770
 22.360680
 29.546570
 23.430750
 28.160260
 59.464280
 63.245550
 62.177170
  5.000000
 36.124780
 41.231060
 25.079870
 14.142140
 29.120440
 24.738630
 10.295630
 21.213200
 39.051250
 16.278820
 20.000000
 25.495100
  9.848858
 18.867960
 29.154760
  5.099020
 35.341190
 32.756680
 41.231060
 16.643320
  6.708204
 21.840330
 32.062440
 50.911690
 39.560080
 37.215590
 29.068880
 24.041630
 19.104970
 11.704700
 29.681640
 34.365680
 32.557640
 27.294690
 26.019220
  8.544003
 21.377560
 22.360680
 25.000000
 46.647610
 46.097720
 23.345240
 10.000000
   .000000
 37.589890
 39.000000
 34.014700
  9.219544
 28.284270
 22.472200
 40.311290
 34.132100
 21.633310
 16.155490
 11.045360
 26.832820
 25.961510
 38.078870
 28.284270
 34.655450
 41.880780
 14.142140
 42.379240
 57.201400
 44.407210
 30.000000
 22.360680
 47.434170
 28.284270
 34.828150
 17.000000
 18.788290
 50.159740
 55.317270
 53.535030
 11.180340
 26.172500
 31.622780
 16.401220
 36.235340
 11.180340
 25.632010
 29.410880
 37.589890
 43.104520
 27.018510
 50.328920
 51.312770
 44.271890
 56.435800
 64.443770
 41.048750
 53.141320
 64.031240
 50.487620
 21.023800
 34.205260
 39.115220
 58.830270
 54.083270
 32.249030
 14.560220
 11.045360
 26.476400
 47.265210
 41.012190
 46.238510
 23.021730
 41.000000
 32.280030
 61.983870
 37.363080
 18.439090
 44.418460
 54.203320
 42.579340
 48.041650
 60.216280
 46.615450
 37.589890
   .000000
  4.242640
  4.472136
 32.280030
 40.162170
 46.324940
 38.052600
 36.221540
 21.000000
 39.115220
 27.802880
 46.957430
 58.728190
 60.008330
 53.037720
 10.000000
 53.935150
 51.312770
 74.652530
 53.600370
 26.400760
 18.248290
 15.264340
 12.369320
 65.215030
 71.063350
 41.400480
 30.528680
 40.162170
 54.744860
 48.507730
 48.764740
 16.552950
 28.160260
 34.409300
 36.069380
 10.630150
 24.186770
 31.575310
 36.619670
 40.447500
 26.907250
 50.209560
 50.606320
 46.324940
 57.697490
 64.815120
 42.059480
 51.478150
 63.702430
 48.052060
 22.803510
 34.985710
 42.426410
 58.008620
 51.000000
 29.017240
 11.045360
 14.560220
 30.083220
 50.039990
 41.231060
 44.721360
 20.099750
 38.897300
 30.463090
 64.031240
 39.623230
 18.601080
 43.600460
 53.814500
 39.204590
 45.011110
 61.057350
 48.383880
 39.000000
  4.242640
   .000000
  5.099020
 34.525350
 38.483760
 45.607020
 35.014280
 33.734260
 24.186770
 42.000000
 28.653100
 45.793010
 58.728190
 58.591810
 56.222770
 14.212670
 51.662360
 52.354560
 74.330350
 50.010000
 22.472200
 16.155490
 16.763050
  9.000000
 66.037860
 71.610050
 41.036570
 29.832870
 36.400550
 51.351730
 44.911020
 50.159740
 15.620500
 25.709920
 33.970580
 31.890440
  6.708204
 21.189620
 26.476400
 33.120990
 39.012820
 22.671570
 46.010870
 46.872170
 41.231060
 52.773100
 60.307540
 37.215590
 48.703180
 59.665740
 46.270940
 17.720050
 30.232430
 37.656340
 54.378300
 50.249380
 28.635640
 11.661900
 10.295630
 25.632010
 45.011110
 36.796740
 41.785160
 19.235380
 36.674240
 27.892650
 58.940650
 34.525350
 14.142140
 39.962480
 49.819680
 39.051250
 44.181440
 56.302750
 43.324360
 34.014700
  4.472136
  5.099020
   .000000
 29.427880
 35.735140
 41.880780
 34.234490
 32.062440
 19.416490
 37.013510
 23.853720
 42.485290
 54.451810
 55.542780
 51.351730
 11.661900
 49.648770
 47.507890
 70.292240
 50.289170
 23.853720
 14.035670
 11.704700
 14.035670
 61.294370
 67.007460
 37.013510
 26.076810
 37.161810
 51.195700
 45.221680
 45.188500
 12.083050
 24.020820
 30.000000
 20.615530
 26.019220
 26.627050
  3.000000
 27.294690
 44.045430
 18.439090
 29.068880
 34.132100
 12.083050
 26.172500
 38.013160
 14.317820
 43.011630
 41.976180
 47.507890
 12.000000
 12.649110
 14.422200
 41.000000
 56.400360
 41.880780
 35.355340
 22.360680
 14.866070
 16.492420
 20.099750
 36.769550
 34.928500
 38.013160
 31.112700
 29.732140
  5.099020
 19.646880
 30.083220
 34.058770
 50.328920
 51.088160
 31.622780
 15.000000
  9.219544
 32.280030
 34.525350
 29.427880
   .000000
 34.132100
 30.594120
 43.931770
 38.183770
 13.453620
 10.000000
 12.041590
 34.481880
 35.171010
 46.529560
 24.596750
 27.459060
 48.754490
 22.472200
 51.546100
 61.522350
 44.598210
 29.410880
 18.027760
 43.416590
 36.400550
 43.266620
 24.738630
 22.671570
 52.697250
 60.207970
 57.384670
 18.439090
 24.738630
 33.837850
 21.954500
 14.142140
 29.120440
 14.560220
 32.649650
  7.071068
 11.180340
 17.464250
 20.000000
 15.811390
 37.643060
 37.363080
 35.355340
 25.806980
 13.000000
 29.546570
 13.416410
 29.614190
 22.022710
 48.548940
 21.633310
 22.627420
 18.027760
 29.410880
 39.051250
 44.922150
 47.381430
 18.357560
  6.403124
 20.518280
  4.472136
  8.062258
 49.769470
 36.235340
 24.020820
 10.000000
 20.615530
 20.396080
 18.027760
 36.124780
 36.055510
 28.284270
 40.162170
 38.483760
 35.735140
 34.132100
   .000000
 12.041590
 15.000000
  9.219544
 38.832980
 43.600460
 22.847320
  8.944272
 27.459060
 20.248460
 56.568540
 44.283180
 15.297060
 31.622780
 39.446170
 29.529650
 27.784890
 22.360680
 30.000000
 43.011630
 40.000000
 42.579340
 13.000000
 12.369320
 26.000000
 27.202940
 26.570660
 33.541020
 23.769730
 14.142140
 12.206560
 11.180340
 35.227830
 21.931710
 30.149630
  9.219544
 22.360680
 19.697720
  8.062258
  5.000000
 30.232430
 26.400760
 23.345240
 18.357560
 13.038400
 18.601080
 21.095020
 30.594120
 18.110770
 44.271890
 12.529960
 31.764760
 29.832870
 38.288380
 42.379240
 44.011360
 40.496910
 10.770330
  8.944272
 30.528680
 16.031220
 17.888540
 39.446170
 31.016120
 28.178010
  2.236068
  8.944272
 32.140320
 28.460500
 24.331050
 27.658630
 22.472200
 46.324940
 45.607020
 41.880780
 30.594120
 12.041590
   .000000
 27.018510
 21.213200
 39.204590
 38.626420
 22.203600
  5.000000
 15.524170
 16.031220
 49.648770
 48.104050
 20.518280
 21.095020
 29.068880
 40.162170
 39.000000
 30.413810
 33.241540
 51.623640
 28.017850
 30.594120
  6.000000
 15.811390
 38.013160
 37.161810
 37.854990
 24.083190
 30.000000
 24.596750
 12.083050
 26.925820
 28.861740
 17.804490
 41.725290
 20.615530
  7.071068
 25.495100
 35.000000
 30.413810
 50.119860
 51.971150
 50.249380
 39.000000
 23.323810
 43.680660
 15.000000
 35.805030
 33.615470
 57.982760
 35.114100
 16.031220
  6.324555
 24.083190
 41.109610
 51.312770
 59.076220
 32.280030
 19.646880
 15.033300
 11.180340
 13.038400
 63.890530
 47.201690
 27.784890
 25.000000
 35.355340
  6.403124
 10.000000
 51.088160
 49.244290
 40.311290
 38.052600
 35.014280
 34.234490
 43.931770
 15.000000
 27.018510
   .000000
  6.324555
 44.418460
 53.907330
 31.890440
 23.345240
 42.296570
 31.064450
 68.007350
 45.122060
 19.209370
 46.097720
 52.924470
 17.804490
 16.643320
 20.615530
 33.541020
 36.400550
 55.000000
 57.428220
 27.459060
 21.633310
 11.000000
 17.464250
 13.453620
 47.434170
 24.698180
 11.180340
 24.166090
 20.615530
 26.019220
 13.000000
 36.124780
 14.317820
  7.071068
 19.849430
 29.068880
 25.000000
 43.909000
 45.705580
 44.553340
 32.695560
 19.798990
 38.626420
 14.317820
 30.886890
 27.459060
 52.402290
 30.413810
 19.313210
  8.944272
 23.409400
 37.656340
 46.529560
 53.009430
 25.961510
 14.764820
 13.928390
  6.403124
  7.071068
 57.567350
 41.231060
 23.409400
 19.104970
 29.832870
 12.529960
 13.416410
 45.011110
 42.953460
 34.132100
 36.221540
 33.734260
 32.062440
 38.183770
  9.219544
 21.213200
  6.324555
   .000000
 39.812060
 48.104050
 26.172500
 18.027760
 36.674240
 27.586230
 62.008060
 42.190040
 18.027760
 39.812060
 48.301140
 23.345240
 19.209370
 18.027760
 29.410880
 36.674240
 49.040800
 51.788030
 21.213200
 15.620500
 17.117240
 22.203600
 19.416490
 41.109610
 21.213200
  8.062258
 17.888540
 28.071340
 18.867960
 26.832820
 11.401750
 33.136080
 46.615450
 21.377560
 39.849720
 43.566040
 25.238860
 39.597980
 50.774010
 26.419690
 50.089920
 53.488320
 51.923020
  9.219544
 21.840330
 18.248290
 50.990200
 59.093150
 40.607880
 28.653100
 10.049880
  7.071068
 26.476400
 30.083220
 43.185650
 31.827660
 41.761230
 33.241540
 42.485290
 18.027760
 16.643320
 38.052600
 44.643030
 50.477720
 53.225930
 44.821870
 28.425340
 21.633310
 21.000000
 24.186770
 19.416490
 13.453620
 38.832980
 39.204590
 44.418460
 39.812060
   .000000
 18.248290
 17.029390
 42.000000
 47.010640
 55.081760
 32.062440
 14.317820
 54.129470
 35.608990
 63.560990
 62.128900
 40.000000
 25.455840
 11.313710
 33.136080
 49.678970
 56.400360
 33.241540
 26.476400
 50.990200
 61.773780
 57.428220
 31.827660
 20.518280
 33.286630
 28.017850
 29.681640
 34.713110
 36.619670
 12.529960
 36.619670
 53.814500
 28.425340
 35.510560
 41.484940
 11.401750
 26.925820
 41.000000
 20.615530
 51.478150
 47.010640
 56.859470
 20.880610
 21.633310
  6.000000
 47.675990
 66.068150
 51.865210
 44.384680
 28.284270
 15.264340
  8.246211
 27.856780
 45.650850
 44.721360
 47.634020
 41.036570
 25.612500
  7.615773
 29.154760
 38.483760
 40.447500
 60.307540
 60.876930
 33.526110
 15.524170
 16.155490
 39.115220
 42.000000
 37.013510
 10.000000
 43.600460
 38.626420
 53.907330
 48.104050
 18.248290
   .000000
 22.022710
 42.953460
 40.012500
 54.120240
 14.866070
 32.280030
 57.801380
 25.317980
 55.578770
 71.449280
 54.230990
 39.000000
 26.476400
 51.000000
 37.696160
 44.944410
 33.105890
 32.526910
 62.681740
 70.035710
 67.357250
 20.396080
 34.176010
 43.829210
 31.400640
 11.045360
 18.384780
 14.764820
 10.000000
 16.492420
 32.202480
  6.403124
 23.706540
 26.683330
 20.223750
 29.154760
 36.769550
 13.416410
 33.241540
 37.589890
 36.249140
  8.544003
  6.403124
 26.248810
 34.205260
 44.654230
 30.016660
 26.172500
 21.095020
 22.360680
 27.730850
 13.892440
 26.476400
 23.769730
 26.419690
 19.104970
 37.054020
 15.652480
 10.440310
 21.023800
 28.231190
 38.288380
 39.204590
 32.449960
 21.023800
 11.045360
 27.802880
 28.653100
 23.853720
 12.041590
 22.847320
 22.203600
 31.890440
 26.172500
 17.029390
 22.022710
   .000000
 25.019990
 31.622780
 38.052600
 36.359320
 26.925820
 37.947330
 23.706540
 48.020830
 49.497470
 33.734260
 19.026300
 12.727920
 36.769550
 37.443290
 43.278170
 16.278820
 10.816650
 40.816660
 48.270070
 45.343140
 21.840330
 15.132750
 21.954500
 11.180340
 14.142140
 35.777090
 21.633310
 33.734260
  9.486833
 18.027760
 21.377560
 12.649110
  7.071068
 35.000000
 31.304950
 27.018510
 23.021730
  8.544003
 20.615530
 16.124520
 33.060550
 21.840330
 48.466480
 12.806250
 26.832820
 26.925820
 37.536650
 44.147480
 47.265210
 45.221680
 15.264340
  4.123106
 29.068880
 12.165530
 16.278820
 44.418460
 35.341190
 29.410880
  4.472136
 12.041590
 28.000000
 23.769730
 28.861740
 32.557640
 26.832820
 46.957430
 45.793010
 42.485290
 34.481880
  8.944272
  5.000000
 23.345240
 18.027760
 42.000000
 42.953460
 25.019990
   .000000
 19.026300
 13.341660
 54.405880
 49.729270
 15.556350
 26.076810
 30.528680
 35.440090
 36.715120
 30.000000
 34.928500
 51.088160
 32.249030
 34.132100
  9.848858
 16.763050
 34.234490
 32.310990
 33.376640
 29.068880
 30.413810
 22.803510
 14.035670
 22.671570
 48.104050
 36.359320
 36.055510
 24.166090
 37.000000
 31.827660
  8.602325
 12.000000
 29.068880
 17.492860
  8.000000
 20.880610
 23.086790
  7.000000
 33.734260
 39.962480
 25.553870
 46.010870
 11.401750
 44.384680
 45.354160
 52.697250
 52.697250
 50.000000
 38.639360
 17.804490
 23.000000
 45.617980
 31.144820
 33.241540
 30.610460
 33.241540
 40.311290
 17.720050
  7.000000
 47.010640
 42.296570
 12.041590
 25.179360
 25.961510
 58.728190
 58.728190
 54.451810
 35.171010
 27.459060
 15.524170
 42.296570
 36.674240
 47.010640
 40.012500
 31.622780
 19.026300
   .000000
 20.000000
 46.840150
 58.523500
 31.622780
 15.297060
 16.552950
 53.758720
 54.424260
 44.654230
 44.204070
 65.604880
 13.928390
 15.132750
 18.027760
 29.410880
 53.235320
 50.219520
 52.153620
 20.223750
 43.278170
 39.924930
 25.000000
 27.018510
 48.846700
 34.438350
 46.173580
 22.803510
 24.186770
 34.713110
 19.235380
 12.649110
 44.777230
 36.796740
 26.832820
 33.526110
  7.810250
 16.763050
 17.720050
 46.270940
 34.132100
 59.908260
  8.602325
 27.018510
 36.235340
 49.648770
 57.489130
 60.033330
 55.036350
 26.476400
 13.892440
 40.607880
 21.213200
 28.301940
 50.209560
 46.572530
 42.720020
 17.029390
 15.000000
 33.615470
 26.925820
 32.015620
 41.593270
 38.078870
 60.008330
 58.591810
 55.542780
 46.529560
 20.248460
 16.031220
 31.064450
 27.586230
 55.081760
 54.120240
 38.052600
 13.341660
 20.000000
   .000000
 63.953110
 63.063460
 14.142140
 33.015150
 23.194830
 37.121420
 46.754680
 42.544090
 48.270070
 63.245550
 33.615470
 32.572990
 22.022710
 30.083220
 40.718550
 33.015150
 36.878180
 37.215590
 43.462630
 34.205260
 27.294690
 42.426410
 49.477270
 51.107730
 27.313000
 49.497470
 67.268120
 42.720020
 44.721360
 51.478150
 19.416490
 30.265490
 45.276920
 31.400640
 62.681740
 53.600370
 69.426220
 35.735140
 34.713110
 14.035670
 56.462380
 79.195960
 66.370170
 59.203040
 42.011900
 27.166150
  9.219544
 39.204590
 57.628120
 59.506300
 60.827630
 55.000000
 21.840330
 20.808650
 44.011360
 50.000000
 49.244290
 74.404300
 74.330350
 37.215590
 22.360680
 28.284270
 53.037720
 56.222770
 51.351730
 24.596750
 56.568540
 49.648770
 68.007350
 62.008060
 32.062440
 14.866070
 36.359320
 54.405880
 46.840150
 63.953110
   .000000
 45.177430
 69.814040
 31.622780
 60.299260
 85.276020
 69.079670
 53.851650
 41.231060
 65.192020
 40.000000
 47.042530
 44.821870
 46.400430
 77.175130
 83.546390
 81.400250
 26.925820
 49.040800
 58.309520
 44.598210
 37.161810
 16.278820
 30.016660
 25.000000
 40.261640
 49.254440
 28.460500
 50.606320
 52.924470
 39.446170
 53.263500
 63.253460
 38.948680
 56.885850
 64.498060
 56.008930
 18.601080
 33.015150
 31.144820
 60.539240
 61.000000
 39.849720
 23.323810
  5.830952
 18.027760
 40.521600
 40.816660
 49.819680
 30.364450
 46.010870
 37.013510
 56.797890
 32.249030
 20.396080
 46.486560
 55.009090
 50.289170
 54.918120
 57.982760
 42.438190
 34.655450
 10.000000
 14.212670
 11.661900
 27.459060
 44.283180
 48.104050
 45.122060
 42.190040
 14.317820
 32.280030
 26.925820
 49.729270
 58.523500
 63.063460
 45.177430
   .000000
 59.033890
 48.795490
 74.946650
 61.684680
 35.510560
 24.515300
 14.866070
 21.931710
 62.936480
 69.354160
 42.544090
 32.984840
 48.754490
 62.361850
 56.648040
 45.453270
 21.023800
 34.365680
 36.055510
 28.178010
 43.289720
 29.017240
 47.539460
 21.540660
 12.206560
 32.756680
 27.459060
 20.591260
 50.447990
 46.324940
 39.293770
 38.418750
  8.544003
 30.149630
  4.242640
 44.911020
 36.235340
 63.063460
 21.213200
 13.038400
 25.238860
 41.436700
 54.009260
 60.166440
 60.605280
 30.610460
 12.206560
 31.953090
 13.038400
 22.022710
 59.640590
 50.249380
 39.051250
 19.849430
 25.079870
 20.248460
 13.000000
 42.953460
 48.104050
 41.880780
 53.935150
 51.662360
 49.648770
 48.754490
 15.297060
 20.518280
 19.209370
 18.027760
 54.129470
 57.801380
 37.947330
 15.556350
 31.622780
 14.142140
 69.814040
 59.033890
   .000000
 41.400480
 37.336310
 23.021730
 35.805030
 35.693140
 45.099890
 54.626000
 45.541190
 45.705580
 25.000000
 27.658630
 27.459060
 19.026300
 22.803510
 44.598210
 38.118240
 25.961510
 26.925820
 20.000000
 42.047590
 34.234490
 24.207440
 25.495100
 42.720020
 26.925820
 14.142140
 21.213200
 14.035670
  6.000000
 15.811390
 10.295630
 33.301650
 22.203600
 42.190040
 30.610460
 17.464250
 31.257000
 25.059930
 52.839380
 47.169910
 49.040800
 43.185650
 37.121420
 23.345240
 14.035670
 30.016660
 44.283180
 36.055510
 34.132100
 18.357560
 19.313210
 34.014700
 22.360680
 18.027760
 51.923020
 49.244290
  9.219544
 10.000000
 14.142140
 51.312770
 52.354560
 47.507890
 22.472200
 31.622780
 21.095020
 46.097720
 39.812060
 35.608990
 25.317980
 23.706540
 26.076810
 15.297060
 33.015150
 31.622780
 48.795490
 41.400480
   .000000
 30.265490
 60.926190
 54.147950
 41.231060
 36.055510
 60.415230
 14.142140
 20.808650
 18.681540
 27.073970
 56.885850
 58.137770
 58.189350
  5.000000
 38.275320
 40.000000
 23.000000
 38.418750
 63.780880
 50.990200
 52.554730
 38.288380
 46.486560
 47.634020
 24.413110
 24.207440
 44.283180
 30.066590
 15.033300
 37.336310
 30.083220
 10.630150
 40.792160
 56.435800
 42.059480
 61.522350
 17.888540
 50.159740
 57.245090
 67.357250
 69.115840
 66.407830
 53.000000
 34.132100
 33.541020
 59.405390
 42.047590
 46.615450
 40.804410
 49.244290
 56.222770
 31.241000
 20.518280
 56.320510
 50.010000
 23.086790
 40.199500
 42.379240
 74.652530
 74.330350
 70.292240
 51.546100
 39.446170
 29.068880
 52.924470
 48.301140
 63.560990
 55.578770
 48.020830
 30.528680
 16.552950
 23.194830
 60.299260
 74.946650
 37.336310
 30.265490
   .000000
 60.299260
 67.230940
 59.464280
 60.464870
 80.659780
 20.880610
 15.264340
 33.301650
 44.553340
 63.245550
 56.142670
 60.016660
 35.227830
 58.728190
 53.254110
 40.360870
 43.266620
 45.694640
 35.608990
 59.413800
 36.359320
 18.357560
 43.139310
 48.083260
 41.976180
 66.850580
 66.483080
 61.660360
 55.226810
 31.064450
 53.037720
 20.099750
 53.600370
 50.606320
 75.690160
 44.045430
 10.198040
 21.931710
 39.051250
 58.180750
 69.065190
 76.216800
 47.885280
 31.320920
 31.384710
 25.059930
 30.413810
 79.202270
 64.536810
 45.486260
 38.626420
 46.872170
 11.661900
 11.704700
 64.288410
 65.513360
 57.201400
 53.600370
 50.010000
 50.289170
 61.522350
 29.529650
 40.162170
 17.804490
 23.345240
 62.128900
 71.449280
 49.497470
 35.440090
 53.758720
 37.121420
 85.276020
 61.684680
 23.021730
 60.926190
 60.299260
   .000000
 28.071340
 37.576590
 51.107730
 49.010200
 67.468510
 68.359340
 42.485290
 38.948680
 14.000000
  4.472136
  5.099020
 63.063460
 42.059480
 28.844410
 40.804410
 34.234490
 21.260290
 20.000000
 41.785160
 30.364450
 23.600850
 28.160260
 46.173580
 43.382020
 53.935150
 60.133190
 61.983870
 45.011110
 38.948680
 57.245090
 31.622780
 33.541020
 38.118240
 56.824290
 49.396350
 31.048350
 10.630150
 12.206560
 33.301650
 47.010640
 61.032780
 40.311290
 33.837850
 10.049880
 25.612500
 21.189620
 70.178340
 49.040800
 25.079870
 36.769550
 47.927030
 18.439090
 25.632010
 61.000000
 54.332310
 44.407210
 26.400760
 22.472200
 23.853720
 44.598210
 27.784890
 39.000000
 16.643320
 19.209370
 40.000000
 54.230990
 33.734260
 36.715120
 54.424260
 46.754680
 69.079670
 35.510560
 35.805030
 54.147950
 67.230940
 28.071340
   .000000
 15.231550
 28.844410
 21.023800
 65.513360
 69.260380
 37.107950
 27.073970
 14.142140
 30.066590
 23.021730
 54.009260
 20.124610
 14.560220
 31.257000
 22.360680
  8.246211
  8.485281
 26.570660
 21.213200
 25.000000
 14.317820
 36.055510
 35.355340
 39.204590
 47.074410
 51.478150
 31.400640
 35.341190
 48.918300
 32.249030
 18.357560
 24.186770
 41.677330
 42.520580
 36.496570
 15.652480
  8.062258
 20.615530
 32.526910
 45.880280
 28.231190
 28.653100
  6.403124
 22.803510
 14.317820
 56.008930
 33.955850
  9.848858
 28.284270
 39.051250
 26.000000
 30.413810
 49.040800
 40.000000
 30.000000
 18.248290
 16.155490
 14.035670
 29.410880
 22.360680
 30.413810
 20.615530
 18.027760
 25.455840
 39.000000
 19.026300
 30.000000
 44.654230
 42.544090
 53.851650
 24.515300
 35.693140
 41.231060
 59.464280
 37.576590
 15.231550
   .000000
 14.142140
 21.213200
 53.851650
 58.591810
 26.627050
 15.264340
 25.612500
 37.947330
 32.649650
 40.311290
  5.000000
 10.000000
 19.723080
 22.360680
  8.246211
 16.492420
 15.033300
 25.495100
 36.400550
 13.601470
 36.055510
 38.078870
 29.614190
 41.182520
 49.497470
 25.806980
 42.296570
 49.929950
 42.426410
  6.082763
 19.104970
 28.231190
 45.694640
 48.703180
 29.410880
 18.027760
  9.219544
 18.384780
 34.132100
 26.400760
 35.227830
 20.518280
 32.249030
 23.345240
 47.296940
 23.086790
  6.082763
 31.622780
 40.311290
 39.446170
 42.720020
 45.000000
 31.622780
 22.360680
 15.264340
 16.763050
 11.704700
 18.027760
 30.000000
 33.241540
 33.541020
 29.410880
 11.313710
 26.476400
 12.727920
 34.928500
 44.204070
 48.270070
 41.231060
 14.866070
 45.099890
 36.055510
 60.464870
 51.107730
 28.844410
 14.142140
   .000000
 25.495100
 50.000000
 55.973210
 27.730850
 18.248290
 39.698870
 50.990200
 46.324940
 33.541020
  9.219544
 22.360680
 21.189620
 43.011630
 18.384780
 29.698480
 40.447500
 42.426410
 42.720020
 34.132100
 57.008770
 56.568540
 55.108980
 65.924200
 72.111020
 50.159740
 55.758410
 70.092800
 50.695170
 31.575310
 42.953460
 51.351730
 63.702430
 51.788030
 30.083220
 13.601470
 23.345240
 38.832980
 59.033890
 48.548940
 49.406480
 22.825420
 42.544090
 35.000000
 72.780490
 48.507730
 26.400760
 49.497470
 60.207970
 39.319210
 46.097720
 68.883960
 57.008770
 47.434170
 12.369320
  9.000000
 14.035670
 43.416590
 43.011630
 51.623640
 36.400550
 36.674240
 33.136080
 51.000000
 36.769550
 51.088160
 65.604880
 63.245550
 65.192020
 21.931710
 54.626000
 60.415230
 80.659780
 49.010200
 21.023800
 21.213200
 25.495100
   .000000
 73.824110
 79.075910
 47.634020
 36.235340
 35.014280
 51.088160
 44.000000
 58.523500
 22.472200
 29.154760
 40.607880
 31.622780
 55.569770
 46.173580
 38.288380
 35.355340
 50.249380
 39.812060
 20.000000
 25.495100
 26.400760
 10.770330
  7.071068
 24.207440
 37.000000
 17.691810
 47.539460
 44.687810
 31.064450
 43.324360
 25.059930
 58.240880
 57.314920
 61.846580
 57.314920
 50.774010
 33.541020
 25.632010
 36.345560
 56.044620
 44.045430
 44.553340
 19.924860
 32.756680
 47.507890
 30.000000
 20.615530
 60.133190
 55.901700
  5.000000
 22.360680
 28.284270
 65.215030
 66.037860
 61.294370
 36.400550
 40.000000
 28.017850
 55.000000
 49.040800
 49.678970
 37.696160
 37.443290
 32.249030
 13.928390
 33.615470
 40.000000
 62.936480
 45.541190
 14.142140
 20.880610
 67.468510
 65.513360
 53.851650
 50.000000
 73.824110
   .000000
  7.280110
 28.442920
 38.897300
 66.000000
 64.031240
 65.620120
 18.027760
 51.429560
 50.990200
 34.481880
 36.235340
 61.032780
 50.566790
 45.000000
 38.897300
 52.038450
 44.944410
 23.086790
 27.073970
 33.615470
 18.027760
  7.280110
 30.413810
 37.336310
 15.811390
 48.259710
 50.911690
 36.878180
 50.596440
 24.515300
 58.694120
 60.415230
 66.648330
 63.655320
 57.801380
 40.792160
 30.528680
 38.052600
 60.166440
 46.270940
 48.083260
 26.305890
 39.824620
 53.009430
 32.756680
 22.090720
 62.072540
 57.078890
 11.661900
 29.546570
 34.828150
 71.063350
 71.610050
 67.007460
 43.266620
 42.579340
 30.594120
 57.428220
 51.788030
 56.400360
 44.944410
 43.278170
 34.132100
 15.132750
 32.572990
 47.042530
 69.354160
 45.705580
 20.808650
 15.264340
 68.359340
 69.260380
 58.591810
 55.973210
 79.075910
  7.280110
   .000000
 32.310990
 43.382020
 68.359340
 64.629710
 67.029850
 25.059930
 56.603890
 54.708320
 38.910150
  5.385165
 30.479500
 18.357560
 24.186770
  7.000000
 24.166090
 14.422200
  9.433981
 10.440310
 25.495100
 24.515300
 25.079870
 13.453620
 18.384780
 22.671570
 24.758840
 24.738630
 12.165530
 38.626420
 18.027760
 35.000000
 29.017240
 34.669870
 36.769550
 38.013160
 35.608990
  5.656854
 12.806250
 27.856780
 17.464250
 16.124520
 36.769550
 25.495100
 23.021730
  5.385165
 12.806250
 33.241540
 30.886890
 24.083190
 23.430750
 17.000000
 41.400480
 41.036570
 37.013510
 24.738630
 13.000000
  6.000000
 27.459060
 21.213200
 33.241540
 33.105890
 16.278820
  9.848858
 18.027760
 22.022710
 44.821870
 42.544090
 25.000000
 18.681540
 33.301650
 42.485290
 37.107950
 26.627050
 27.730850
 47.634020
 28.442920
 32.310990
   .000000
 11.401750
 38.327540
 39.962480
 39.560080
 20.591260
 25.455840
 22.561030
  7.071068
  7.280110
 19.416490
  7.280110
 20.808650
  7.280110
 21.400930
  5.099020
 20.808650
 20.808650
 28.635640
 33.060550
 36.235340
 18.248290
 24.083190
 33.941120
 25.632010
 17.262680
 12.083050
 37.013510
 28.301940
 33.837850
 20.880610
 23.323810
 27.459060
 32.572990
 37.443290
 13.341660
 17.029390
 17.262680
 15.652480
  8.602325
 43.566040
 25.612500
 12.649110
 13.892440
 24.041630
 28.017850
 28.425340
 34.205260
 28.160260
 18.788290
 30.528680
 29.832870
 26.076810
 22.671570
 12.369320
 15.811390
 21.633310
 15.620500
 26.476400
 32.526910
 10.816650
 16.763050
 29.410880
 30.083220
 46.400430
 32.984840
 27.658630
 27.073970
 44.553340
 38.948680
 27.073970
 15.264340
 18.248290
 36.235340
 38.897300
 43.382020
 11.401750
   .000000
 31.384710
 37.536650
 35.000000
 27.166150
 14.212670
 13.152950
  4.472136
 37.363080
 33.286630
 26.076810
 50.219520
 31.400640
 16.763050
 34.481880
 46.000000
 41.303750
 60.008330
 62.801270
 61.204570
 49.335590
 33.241540
 54.341510
 23.323810
 43.185650
 43.462630
 66.219330
 45.607020
 18.867960
 10.816650
 25.632010
 45.793010
 58.051700
 68.476270
 42.953460
 30.413810
 19.209370
 22.090720
 23.086790
 74.464760
 56.435800
 34.655450
 36.000000
 46.270940
  7.211102
 14.866070
 62.072540
 59.464280
 50.159740
 40.162170
 36.400550
 37.161810
 52.697250
 26.000000
 38.013160
 11.000000
 17.117240
 50.990200
 62.681740
 40.816660
 34.234490
 53.235320
 40.718550
 77.175130
 48.754490
 27.459060
 56.885850
 63.245550
 14.000000
 14.142140
 25.612500
 39.698870
 35.014280
 66.000000
 68.359340
 38.327540
 31.384710
   .000000
 16.492420
  9.055386
 57.974130
 30.479500
 18.867960
 34.481880
 41.231060
 46.173580
 34.985710
 58.258050
 34.205260
 16.278820
 42.011900
 44.944410
 38.600520
 64.815120
 63.560990
 58.051700
 53.009430
 27.294690
 49.162990
 16.492420
 53.000000
 48.836460
 74.518460
 40.199500
  6.000000
 22.561030
 40.311290
 58.523500
 68.600290
 74.411020
 45.486260
 28.231190
 32.015620
 22.803510
 29.206160
 76.478750
 62.936480
 45.177430
 35.777090
 43.416590
 12.165530
  9.219544
 61.032780
 63.245550
 55.317270
 54.744860
 51.351730
 51.195700
 60.207970
 27.202940
 37.161810
 17.464250
 22.203600
 61.773780
 70.035710
 48.270070
 32.310990
 50.219520
 33.015150
 83.546390
 62.361850
 19.026300
 58.137770
 56.142670
  4.472136
 30.066590
 37.947330
 50.990200
 51.088160
 64.031240
 64.629710
 39.962480
 37.536650
 16.492420
   .000000
  7.615773
 60.539240
 42.154480
 28.635640
 38.948680
 39.824620
 40.718550
 31.144820
 55.172460
 33.105890
 15.524170
 38.948680
 45.891170
 40.199500
 63.285070
 63.890530
 60.133190
 51.884490
 30.149630
 52.086470
 19.235380
 49.040800
 46.872170
 71.421290
 43.104520
 11.401750
 17.000000
 33.955850
 53.225930
 64.404970
 72.422370
 44.777230
 29.274560
 26.400760
 22.135940
 26.400760
 76.321690
 60.605280
 40.804410
 36.138620
 45.177430
  7.071068
 10.049880
 62.169120
 62.177170
 53.535030
 48.507730
 44.911020
 45.221680
 57.384670
 26.570660
 37.854990
 13.453620
 19.416490
 57.428220
 67.357250
 45.343140
 33.376640
 52.153620
 36.878180
 81.400250
 56.648040
 22.803510
 58.189350
 60.016660
  5.099020
 23.021730
 32.649650
 46.324940
 44.000000
 65.620120
 67.029850
 39.560080
 35.000000
  9.055386
  7.615773
   .000000
 60.008330
 37.215590
 24.207440
 37.215590
 20.615530
 40.162170
 34.014700
 20.518280
 26.925820
 44.721360
 26.076810
 18.027760
 25.000000
  9.055386
  7.810250
 20.615530
  9.000000
 36.796740
 27.166150
 45.000000
 27.784890
 16.124520
 26.305890
 29.546570
 55.470710
 47.853940
 47.853940
 40.000000
 32.756680
 18.439090
 15.231550
 32.802440
 44.000000
 38.013160
 34.928500
 16.492420
 14.764820
 32.280030
 25.000000
 22.360680
 53.488320
 51.478150
 13.416410
  5.000000
 11.180340
 48.764740
 50.159740
 45.188500
 18.439090
 33.541020
 24.083190
 47.434170
 41.109610
 31.827660
 20.396080
 21.840330
 29.068880
 20.223750
 37.215590
 26.925820
 45.453270
 44.598210
  5.000000
 35.227830
 63.063460
 54.009260
 40.311290
 33.541020
 58.523500
 18.027760
 25.059930
 20.591260
 27.166150
 57.974130
 60.539240
 60.008330
   .000000
 36.878180
 40.311290
 23.537200
 20.615530
  5.385165
  9.219544
 21.840330
 21.095020
 28.284270
 11.661900
 34.713110
 35.000000
 35.014280
 43.965900
 49.648770
 28.160260
 36.687870
 48.104050
 35.000000
 13.416410
 20.880610
 36.715120
 42.438190
 40.261640
 20.248460
 11.045360
 16.492420
 27.586230
 41.231060
 26.076810
 29.732140
 11.313710
 25.079870
 16.124520
 52.153620
 29.427880
  5.099020
 28.017850
 38.209950
 30.413810
 34.205260
 46.518810
 36.124780
 26.172500
 16.552950
 15.620500
 12.083050
 24.738630
 23.769730
 30.000000
 24.698180
 21.213200
 20.518280
 34.176010
 15.132750
 30.413810
 43.278170
 43.462630
 49.040800
 21.023800
 38.118240
 38.275320
 58.728190
 42.059480
 20.124610
  5.000000
  9.219544
 22.472200
 51.429560
 56.603890
 25.455840
 14.212670
 30.479500
 42.154480
 37.215590
 36.878180
   .000000
 13.601470
 18.384780
 20.000000
 18.110770
  7.211102
 31.400640
 15.811390
 15.000000
 15.652480
 31.622780
 29.154760
 41.436700
 46.000000
 47.434170
 31.400640
 26.627050
 43.046490
 22.360680
 24.839490
 25.000000
 47.507890
 35.608990
 26.683330
  8.062258
 15.652480
 30.083220
 40.224370
 49.648770
 26.019220
 20.518280
  6.403124
 13.416410
  6.708204
 56.718610
 37.589890
 16.643320
 22.360680
 33.541020
 17.204650
 20.615530
 46.529560
 41.231060
 31.622780
 28.160260
 25.709920
 24.020820
 33.837850
 14.142140
 24.596750
 11.180340
  8.062258
 33.286630
 43.829210
 21.954500
 22.803510
 39.924930
 34.205260
 58.309520
 34.365680
 25.961510
 40.000000
 53.254110
 28.844410
 14.560220
 10.000000
 22.360680
 29.154760
 50.990200
 54.708320
 22.561030
 13.152950
 18.867960
 28.635640
 24.207440
 40.311290
 13.601470
   .000000
 17.000000
  3.000000
 23.430750
 11.704700
 20.615530
  5.385165
 22.671570
  7.615773
 16.401220
 17.000000
 26.076810
 29.000000
 31.764760
 14.866070
 22.090720
 29.732140
 25.553870
 19.026300
  9.899495
 36.359320
 24.596750
 34.713110
 24.331050
 27.784890
 30.364450
 33.541020
 35.468300
  9.055386
 15.297060
 21.587030
 16.278820
 11.401750
 40.024990
 24.083190
 16.124520
 10.440310
 19.849430
 30.413810
 29.732140
 29.832870
 25.079870
 16.401220
 34.409300
 33.970580
 30.000000
 21.954500
 12.206560
 12.083050
 24.166090
 17.888540
 28.017850
 31.400640
 11.180340
 14.035670
 25.000000
 27.294690
 44.598210
 36.055510
 26.925820
 23.000000
 40.360870
 40.804410
 31.257000
 19.723080
 21.189620
 40.607880
 34.481880
 38.910150
  7.071068
  4.472136
 34.481880
 38.948680
 37.215590
 23.537200
 18.384780
 17.000000
   .000000
   .000000
 18.000000
  7.222222
 18.777780
  5.866667
  5.133333
  6.666666
 23.333330
 13.363640
  7.636364
   .558824
 18.441180
   .000000
 15.000000
  2.909091
 13.090910
 16.220340
 12.779660
 10.242420
 15.757580
  5.692307
 31.307690
  5.019608
 10.980390
  5.225806
  6.774194
  2.500000
 28.500000
  4.903226
  3.096774
  7.916667
 11.083330
  5.000000
 15.000000
 10.910710
  2.089286
  3.387097
 11.612900
 17.333330
  4.666667
 19.727270
  8.272727
  6.000000
  6.000000
  3.642857
  2.357143
 22.604650
  4.395349
 10.281250
  3.718750
  1.956521
 16.043480
  6.490909
 10.509090
 15.742860
 13.257140
  6.500000
  6.500000
  8.697675
 13.302330
 14.802630
 10.197370
 16.377360
 11.622640
  2.793103
 24.206900
  3.800000
 15.200000
   .909091
  9.090909
  9.777778
  2.222222
 10.500000
  3.500000
  6.909091
 17.090910
  8.000000
  8.000000
 13.200000
 19.800000
  4.411765
 10.588240
   .733333
 10.266670
  2.842105
 15.157900
  9.562500
  7.437500
  8.400000
 12.600000
  4.764706
 22.235290
 13.300000
  5.700000
 11.250000
  8.750000
  3.421053
  1.578947
 16.107140
  5.892857
  3.076923
  8.923077
  5.629630
 13.370370
   .771930
 21.228070
  6.208955
  9.791045
  6.000000
  1.000000
 19.760000
  6.240000
  8.184615
  5.815385
  7.000000
 14.000000
  2.057143
 21.942860
 12.187500
   .812500
 12.500000
  2.500000
  6.000000
 12.000000
  3.666667
  7.333333
 18.666670
  9.333334
  2.571428
  6.428572
  7.708333
 29.291670
  2.000000
 28.000000
  1.315789
  8.684211
  7.360000
   .640000
  9.666667
  1.333333
  2.745763
   .254237
   .416667
   .583333
   .666667
  5.333333
  5.000000
  5.000000
  1.500000
 18.500000
