StringID Type x y release ReadyTime DueDate ServiceTime weight volume Item_Conflitante1 Item_Conflitante2 Item_Conflitante3 Item_Conflitante4 Item_Conflitante5 Item_Conflitante6 Item_Conflitante7 Item_Conflitante8 Item_Conflitante9 Item_Conflitante10 Peso_Total Volume_Total
0 d 40 50 0 0 960 0 0 0           1000 1000
1 c 38 5 88 141 381 10 30 28 3 6 11 12 13 14 19 21 22 24
2 c 40 5 88 155 395 10 10 13 4 5 8 9 12 17 19 20 25
3 c 42 10 88 194 434 10 40 35 6 8 9 11 12 15 17 19 25
4 c 0 40 88 195 435 10 20 12 7 11 15 22 24
5 c 2 40 88 114 354 10 20 30 6 7 14 19 21 25
6 c 5 45 88 35 275 10 10 1 13 14 15 16 22
7 c 8 40 88 135 375 10 40 45 8 12 13 14 25
8 c 8 45 88 163 403 10 20 27 9 10 14 17 19 21 22 23 25
9 c 15 75 88 240 480 10 20 27 12 21 24 25
10 c 20 85 88 40 280 10 20 26 12 13 20 21 22
11 c 22 75 88 92 332 10 30 31 15 16 18 21 23 24
12 c 44 5 88 275 515 10 20 26 13 14 15 19 25
13 c 15 80 88 307 547 10 10 2 16 17 23 25
14 c 10 35 88 311 551 10 20 21 15 18 23 25
15 c 40 15 88 315 555 10 40 30 18 22 25
16 c 18 75 88 328 568 10 20 13 23 24
17 c 22 85 237 411 651 10 10 9 19 24
18 c 10 40 237 459 699 10 30 21 19 23
19 c 42 15 237 477 717 10 10 3 20 23 25
20 c 20 80 353 584 824 10 40 37 22 23 24
21 c 5 35 353 593 833 10 10 9 22 24
22 c 25 85 381 613 853 10 20 18
23 c 38 15 381 621 861 10 10 16
24 c 0 45 403 643 883 10 20 12
25 c 35 5 424 664 904 10 20 19

