StringID Type x y release ReadyTime DueDate ServiceTime weight volume Item_Conflitante1 Item_Conflitante2 Item_Conflitante3 Item_Conflitante4 Item_Conflitante5 Item_Conflitante6 Item_Conflitante7 Item_Conflitante8 Item_Conflitante9 Item_Conflitante10 Item_Conflitante11 Peso_Total Volume_Total
0 d 35 35 0 0 230 0 0 0            200 200
1 c 45 20 0 37 96 10 11 2 3 6 8 10 17 19 22
2 c 15 60 0 53 108 10 17 15 6 7 8 12 19
3 c 20 40 0 77 106 10 12 19 6 7 8 10 11 13 15 16 17 18 22
4 c 10 20 0 54 105 10 19 27 10 12 19 20 24
5 c 20 50 0 66 105 10 5 4 7 10 18 20 23 25
6 c 50 35 0 38 97 10 19 20 11 12 13 14 25
7 c 15 30 0 20 107 10 26 35 10 16
8 c 35 17 0 20 89 10 7 8 10 11 14 16 17 25
9 c 55 45 35 106 135 10 13 3 16 19
10 c 15 10 35 32 137 10 20 27 15 16 17 20 21 25
11 c 10 43 35 61 138 10 9 15 12 13 17 19 20
12 c 45 10 35 59 144 10 18 18 14 15 16 21 22
13 c 55 60 35 53 150 10 16 6 22
14 c 20 65 41 33 152 10 12 9 15 17 18 20 25
15 c 45 65 41 109 152 10 9 3 17 21 24 25
16 c 25 30 41 54 153 10 3 6 17 19 21 23 24 25
17 c 30 5 41 30 154 10 8 12 18 19
18 c 55 5 41 36 155 10 29 20 19 20 23
19 c 30 60 41 101 156 10 16 10 20 21 24 25
20 c 65 20 71 47 186 10 6 4 22 23
21 c 5 30 74 51 189 10 2 2 22 23 25
22 c 65 35 75 118 190 10 3 7
23 c 55 20 80 71 195 10 19 27 24
24 c 41 49 86 130 201 10 10 8
25 c 30 25 93 70 208 10 23 26

