StringID Type x y release ReadyTime DueDate ServiceTime weight volume Item_Conflitante1 Item_Conflitante2 Item_Conflitante3 Item_Conflitante4 Item_Conflitante5 Item_Conflitante6 Item_Conflitante7 Item_Conflitante8 Item_Conflitante9 Peso_Total Volume_Total
0 d 40 50 0 0 1236 0 0 0          200 200
1 c 30 50 80 10 265 90 10 8 10 11 13 14 16 21
2 c 15 80 80 176 447 90 10 10 6 8 9 15 18 25
3 c 15 75 80 68 365 90 20 13 5 7 8 13 16 18 20 22
4 c 18 75 80 33 226 90 20 21 6 7 8 10 11 15
5 c 20 85 80 394 609 90 40 49 6 8 10 13 16 17 20 24 25
6 c 20 80 80 318 495 90 40 46 8 10 13 14 19 20
7 c 22 75 80 30 280 90 30 27 9
8 c 25 50 80 15 333 90 10 7 10 13 15 16 18 19 21 24 25
9 c 35 69 80 363 590 90 10 19 12 14 15 17 19 23
10 c 25 52 80 88 305 90 40 36 14 17 18 19 21 24
11 c 38 68 80 150 429 90 20 22 18 21 23
12 c 40 66 80 87 308 90 20 15 13 14 19 20 21
13 c 42 65 80 15 226 90 10 7 17 25
14 c 42 66 80 16 336 90 10 9 15 16 18 23
15 c 35 66 80 279 488 90 10 13 16 18 20
16 c 22 85 80 489 698 90 10 4 17 19 20 23 25
17 c 38 70 321 429 710 90 10 10 21 22 23
18 c 40 69 321 499 824 90 20 15 19 21 22
19 c 25 85 321 547 826 90 20 17 20 23 24
20 c 28 55 321 664 845 90 10 12 23 24
21 c 42 68 321 643 866 90 10 8 22
22 c 45 70 321 756 939 90 30 25 25
23 c 28 52 373 704 991 90 20 10
24 c 30 52 425 836 1043 90 20 25
25 c 45 68 431 830 1049 90 10 15

