StringID Type x y release ReadyTime DueDate ServiceTime weight volume Item_Conflitante1 Item_Conflitante2 Item_Conflitante3 Item_Conflitante4 Item_Conflitante5 Item_Conflitante6 Item_Conflitante7 Item_Conflitante8 Item_Conflitante9 Item_Conflitante10 Item_Conflitante11 Item_Conflitante12 Item_Conflitante13 Item_Conflitante14 Item_Conflitante15 Item_Conflitante16 Item_Conflitante17 Item_Conflitante18 Item_Conflitante19 Item_Conflitante20 Item_Conflitante21 Item_Conflitante22 Item_Conflitante23 Item_Conflitante24 Item_Conflitante25 Item_Conflitante26 Item_Conflitante27 Item_Conflitante28 Item_Conflitante29 Item_Conflitante30 Item_Conflitante31 Item_Conflitante32 Item_Conflitante33 Item_Conflitante34 Item_Conflitante35 Item_Conflitante36 Item_Conflitante37 Item_Conflitante38 Item_Conflitante39 Item_Conflitante40 Item_Conflitante41 Item_Conflitante42 Item_Conflitante43 Item_Conflitante44 Item_Conflitante45 Item_Conflitante46 Item_Conflitante47 Item_Conflitante48 Item_Conflitante49 Item_Conflitante50 Item_Conflitante51 Item_Conflitante52 Item_Conflitante53 Item_Conflitante54 Item_Conflitante55 Item_Conflitante56 Item_Conflitante57 Item_Conflitante58 Item_Conflitante59 Item_Conflitante60 Item_Conflitante61 Item_Conflitante62 Item_Conflitante63 Item_Conflitante64 Item_Conflitante65 Item_Conflitante66 Item_Conflitante67 Item_Conflitante68 Item_Conflitante69 Item_Conflitante70 Item_Conflitante71 Item_Conflitante72 Item_Conflitante73 Item_Conflitante74 Item_Conflitante75 Item_Conflitante76 Item_Conflitante77 Item_Conflitante78 Item_Conflitante79 Item_Conflitante80 Item_Conflitante81 Item_Conflitante82 Item_Conflitante83 Item_Conflitante84 Item_Conflitante85 Item_Conflitante86 Item_Conflitante87 Peso_Total Volume_Total
0 d 40 50 0 0 240 0 0 0                                                                                        200 200
1 c 60 80 0 37 67 10 10 1 2 3 4 5 6 7 8 9 11 12 13 14 15 16 17 18 19 20 21 22 23 24 25 26 27 28 29 30 32 34 35 36 37 38 39 40 41 42 43 44 46 47 49 50 51 52 53 54 55 56 60 61 62 63 64 65 66 68 69 70 71 72 73 75 76 77 78 79 80 81 82 83 84 85 86 87 88 90 91 92 94 95 96 97 98 99 100
2 c 85 25 0 51 81 10 10 7 3 4 5 6 8 9 11 12 13 15 16 17 18 20 21 22 23 24 26 27 28 30 31 32 33 34 35 36 37 38 39 40 41 42 43 44 45 46 47 48 49 50 52 54 56 57 58 60 61 62 63 64 65 66 68 69 70 71 73 75 76 77 78 79 80 81 82 85 87 88 89 90 91 92 93 94 95 96 97 99 100
3 c 60 85 0 85 115 10 30 32 4 5 6 7 8 9 10 11 12 13 14 15 16 17 20 21 22 26 27 28 29 30 31 32 34 35 36 37 38 39 40 41 42 44 45 47 48 49 51 53 54 55 57 58 59 60 61 63 65 66 68 69 70 71 72 73 74 76 77 78 79 80 81 83 84 85 86 87 88 90 92 93 94 95 96 97 99 100
4 c 88 30 0 74 104 10 10 1 6 7 8 9 10 11 12 13 14 15 16 17 18 20 21 22 23 24 25 26 27 28 29 30 31 32 33 34 35 36 37 39 41 43 44 45 46 47 48 49 50 51 52 53 56 57 58 60 62 64 65 66 67 68 69 70 71 72 73 75 76 78 80 81 82 83 84 85 86 87 88 89 90 91 92 93 94 95 96 97 98 100
5 c 55 80 0 33 63 10 10 1 6 8 9 11 12 13 14 15 16 17 18 19 20 21 22 23 24 25 26 28 29 31 32 33 36 38 39 41 42 43 44 45 46 47 48 50 52 54 55 56 57 58 59 60 61 62 63 65 66 67 68 69 71 74 75 77 78 79 80 81 82 83 84 85 86 87 88 89 90 91 92 93 94 95 97 99 100
6 c 55 82 0 64 94 10 10 16 7 8 9 10 13 14 15 17 18 19 20 21 22 23 24 25 27 28 29 31 32 33 34 35 37 38 39 41 42 43 44 45 46 48 49 50 51 52 53 54 55 56 59 60 63 64 65 66 67 68 70 71 72 73 75 76 77 78 79 80 81 83 84 86 87 88 89 90 93 94 95 96 97 100
7 c 95 35 0 62 92 10 20 23 8 10 12 13 14 16 18 20 23 25 26 27 28 29 30 31 32 34 35 37 38 39 40 41 42 44 45 46 47 48 49 50 51 53 54 55 56 58 59 60 62 63 65 66 67 70 71 72 73 74 75 76 77 78 79 81 82 84 85 86 87 88 89 90 91 92 93 94 95 96 97 98 99 100
8 c 20 82 0 37 67 10 10 19 9 10 11 12 13 14 15 16 17 19 20 21 23 24 25 27 28 30 32 34 35 36 37 38 39 40 41 42 44 45 46 47 48 49 50 51 53 54 55 56 57 58 59 60 61 62 63 64 65 69 70 71 72 73 75 76 77 78 79 80 81 82 83 84 85 86 87 88 89 90 91 92 93 94 96 97 98 99 100
9 c 26 35 0 77 107 10 15 10 10 12 13 14 15 16 17 18 19 20 21 22 25 26 27 28 29 31 33 34 36 38 39 40 41 42 43 44 45 46 49 50 51 53 54 56 57 58 60 61 62 63 64 65 67 68 69 70 72 73 74 75 76 77 78 79 80 82 84 85 87 88 89 90 91 93 94 95 96 97 98 99
10 c 38 5 0 65 95 10 30 21 11 12 13 15 16 17 18 19 20 21 25 26 28 29 30 31 33 34 35 36 37 38 39 40 42 44 45 46 47 48 50 51 52 53 54 55 57 59 60 61 62 63 64 65 69 70 71 72 73 74 75 76 77 78 79 80 82 83 84 85 86 87 88 89 90 91 92 93 94 95 96 98 99
11 c 12 24 0 90 120 10 13 15 12 15 16 17 18 19 21 23 24 25 26 28 29 30 32 33 34 35 36 37 38 39 40 41 42 43 44 45 46 47 48 49 50 52 53 54 55 58 59 60 61 62 63 64 66 68 69 70 75 76 77 78 79 80 81 83 84 86 87 88 89 91 93 94 96 98
12 c 6 68 0 89 119 10 30 40 13 14 16 18 19 20 21 22 23 24 25 26 27 28 29 30 31 32 33 34 36 37 38 39 40 41 43 44 45 46 47 48 49 50 51 52 53 54 56 57 58 59 60 61 62 63 64 65 66 68 69 70 71 72 73 74 75 76 78 79 80 81 82 83 84 86 87 88 90 91 92 94 96 97 98 99 100
13 c 62 80 0 75 105 10 30 33 14 15 16 17 18 19 20 23 24 25 26 27 29 30 32 33 34 35 36 37 38 39 40 41 42 43 44 45 46 47 48 49 51 52 53 54 55 56 58 59 60 62 64 65 66 67 68 69 70 71 72 73 74 75 76 78 79 81 82 83 85 86 88 89 90 91 93 94 95 96 97 98 99 100
14 c 8 56 0 90 120 10 27 23 15 16 17 18 19 20 22 23 24 25 26 27 28 30 31 32 33 34 35 36 37 38 39 40 41 44 46 47 48 50 52 54 55 57 59 60 61 64 65 66 67 68 69 70 71 72 74 77 78 79 80 81 84 85 86 87 88 89 92 93 95 97 98 100
15 c 65 85 0 43 73 10 40 35 17 19 20 21 23 24 25 26 27 28 30 31 32 33 34 35 37 38 39 40 41 42 43 44 45 46 47 48 49 50 51 52 53 54 55 56 57 58 60 61 63 64 66 67 68 69 75 76 77 79 80 81 82 83 84 85 86 87 88 89 90 92 93 94 95 96 97 98 99 100
16 c 24 58 0 67 97 10 19 16 17 18 19 20 22 23 24 26 27 28 30 31 32 33 34 36 37 39 40 41 42 43 44 45 46 48 49 50 52 53 54 55 56 57 58 59 60 61 63 64 66 68 69 70 71 72 73 74 75 76 77 78 79 80 81 83 84 86 87 88 89 90 91 92 93 94 95 96 97 99
17 c 60 12 0 75 105 10 31 23 19 20 21 22 24 25 26 27 28 29 30 31 32 33 34 35 36 37 38 39 40 41 42 43 44 45 47 48 49 50 52 53 55 56 57 58 59 60 62 63 64 65 66 67 68 70 73 74 75 76 77 78 79 80 81 82 83 84 85 86 87 88 89 90 91 92 93 95 96 97 98 100
18 c 65 35 0 52 82 10 3 12 19 20 21 22 23 24 25 26 27 28 29 30 32 33 34 35 36 37 38 39 40 42 43 44 45 47 48 49 50 51 52 54 55 56 57 60 61 62 64 67 68 69 71 72 73 74 75 76 77 78 80 81 82 83 84 85 87 89 90 91 92 94 96 97 98 99 100
19 c 8 40 0 59 89 10 40 44 20 21 23 24 26 27 29 31 32 33 34 35 36 38 39 40 41 42 44 45 46 47 48 49 50 51 52 53 54 55 56 57 58 59 60 61 62 63 64 65 66 67 70 71 72 73 75 76 77 80 81 82 83 85 86 87 88 89 90 91 93 94 95 96 97 98 99 100
20 c 31 52 0 41 71 10 27 34 21 23 24 25 26 28 29 30 31 32 33 34 35 36 37 38 39 41 42 43 44 45 46 47 48 50 51 53 54 55 56 57 58 59 60 61 63 65 66 67 68 69 70 71 73 74 75 76 77 78 79 80 82 83 84 85 86 87 88 89 90 91 92 93 94 95 97 100
21 c 64 42 0 70 100 10 9 16 23 24 25 26 27 28 29 30 31 32 33 34 35 36 37 38 39 40 41 42 43 45 48 51 52 53 55 56 58 60 61 62 63 64 66 68 69 70 71 72 73 74 75 76 77 80 81 82 83 84 86 87 88 89 90 91 92 93 94 95 96 97 99
22 c 35 40 0 11 41 10 16 16 23 24 26 27 28 29 30 31 32 33 34 35 36 38 39 41 42 43 44 45 47 48 49 50 51 52 53 54 55 56 57 59 61 62 63 64 65 67 68 70 71 72 73 74 75 76 79 80 81 82 85 86 87 88 92 93 94 95 96 97 99
23 c 45 30 0 53 83 10 17 15 24 26 27 28 29 30 31 32 33 35 36 37 38 39 41 42 43 44 45 47 48 49 51 52 53 54 55 56 57 59 62 64 65 66 67 68 69 70 71 73 74 76 77 78 79 80 82 83 84 85 86 87 88 89 90 91 92 93 94 95 98 100
24 c 53 43 0 14 44 10 14 10 25 26 28 29 30 31 32 33 34 35 36 37 38 39 40 41 43 44 45 47 48 50 51 52 53 54 56 57 58 60 61 62 63 64 65 69 70 71 72 73 74 76 78 79 80 81 83 84 85 86 87 88 89 90 91 92 93 94 95 96 98 99 100
25 c 2 40 0 58 88 10 20 26 26 27 28 31 33 34 35 36 37 38 39 40 42 43 46 47 48 49 50 51 52 53 55 56 57 58 59 60 61 64 65 66 67 69 70 71 72 73 74 76 78 79 81 82 83 84 85 86 87 88 90 91 93 94 95 96 97 99
26 c 15 80 1 91 121 10 10 19 27 28 29 30 32 33 34 35 36 37 38 39 40 41 43 44 45 47 48 49 50 51 53 54 56 58 59 60 61 62 63 64 65 66 68 70 73 74 75 76 77 78 79 80 82 83 84 85 88 89 90 92 93 95 97 98 99 100
27 c 20 50 1 91 121 10 5 3 29 30 33 34 35 36 38 40 41 42 43 44 45 46 47 48 49 50 51 52 53 54 55 56 57 58 60 61 62 64 66 67 68 69 70 71 72 73 74 75 78 79 81 82 83 85 87 88 89 90 93 94 95 96 97 98 99 100
28 c 10 35 1 91 121 10 20 22 29 30 31 32 34 35 36 37 39 41 42 43 44 45 46 48 49 50 51 52 54 55 56 57 58 59 61 62 63 64 65 66 67 68 69 70 72 75 76 78 79 80 81 82 83 84 85 86 87 88 90 91 92 93 94 95 96 97 98 99 100
29 c 58 75 6 92 122 10 20 17 32 33 34 35 36 37 39 40 42 45 46 47 48 49 50 52 54 55 56 57 58 59 60 62 63 64 65 66 67 68 69 70 71 72 73 74 75 76 77 78 79 80 81 82 83 84 87 89 90 91 95 97 99 100
30 c 40 15 6 92 122 10 40 39 31 32 33 34 35 37 38 39 41 42 43 44 45 46 49 50 52 53 54 55 56 57 59 60 61 62 63 65 66 68 69 71 72 73 74 75 76 78 79 80 82 83 84 85 86 87 88 89 91 92 93 94 95 96 98 99 100
31 c 18 75 6 95 125 10 20 29 32 33 34 35 36 38 40 41 42 43 44 45 47 48 49 50 51 52 53 54 55 56 57 58 59 60 61 62 64 65 66 67 68 69 70 71 72 74 75 77 78 79 80 82 83 84 85 86 87 88 89 90 91 92 93 94 95 96 97 98
32 c 57 29 6 96 126 10 18 16 33 34 35 37 38 39 41 42 43 46 47 48 49 50 51 52 53 54 55 56 57 58 59 60 62 63 64 65 66 67 69 70 71 72 73 74 75 76 77 78 82 83 84 86 88 89 90 91 92 93 94 95 96 97 99 100
33 c 42 12 14 104 134 10 10 4 35 36 37 39 40 42 43 44 47 49 50 51 52 54 55 56 57 59 60 62 63 64 65 66 67 68 69 70 71 72 73 74 75 76 77 78 79 81 82 83 84 85 87 88 89 90 91 92 94 95 96 97 98 99 100
34 c 10 40 29 119 149 10 30 40 36 37 39 40 41 42 43 44 46 47 49 50 51 52 54 55 56 58 59 60 61 62 63 64 65 66 67 68 69 71 72 73 74 75 76 78 79 81 82 84 85 86 87 88 89 90 91 92 93 94 95 96 97 98 99 100
35 c 50 35 40 130 160 10 19 17 36 37 39 40 41 42 44 45 46 47 48 49 50 51 52 54 55 56 57 58 59 60 61 62 63 64 65 66 67 69 70 71 72 73 74 75 76 77 78 79 80 82 83 84 85 86 87 88 89 90 92 93 96 98 99 100
36 c 41 37 43 133 163 10 16 17 39 40 41 42 43 44 46 47 50 51 52 53 54 55 56 58 59 60 61 63 64 65 66 67 68 69 70 71 73 76 77 78 79 80 82 83 84 85 86 87 88 89 90 92 93 94 95 96 98 99 100
37 c 67 85 49 139 169 10 20 28 38 39 40 41 42 43 44 45 46 48 50 51 52 53 54 55 57 58 59 60 61 63 64 68 69 70 71 72 74 75 76 78 79 80 81 82 83 84 85 86 88 89 90 91 92 93 94 95 96 97 98 99 100
38 c 30 60 50 140 170 10 16 14 41 42 43 44 45 46 47 49 50 51 52 53 54 55 56 57 58 59 60 61 62 63 64 65 66 67 68 69 70 71 72 73 74 77 78 79 81 82 83 84 85 86 87 88 89 90 92 93 94 95 96 97 98 100
39 c 20 20 51 141 171 10 8 14 40 42 43 44 45 46 48 49 50 51 52 53 54 55 56 57 58 59 60 61 62 63 64 65 66 67 68 69 70 71 72 73 74 75 78 79 80 81 82 83 84 86 87 89 90 92 93 94 95 96 97 98 100
40 c 20 80 51 141 171 10 40 50 41 42 43 46 47 49 50 51 53 54 56 57 58 59 60 62 63 64 65 66 67 68 69 70 72 73 74 75 76 78 79 80 81 82 83 84 85 87 88 89 90 93 95 96 97 98 99 100
41 c 95 30 52 0 171 10 30 27 43 45 46 47 48 49 50 51 52 53 54 55 56 57 58 59 60 64 65 66 67 68 69 70 71 74 75 76 77 78 79 81 82 83 85 86 88 89 90 91 92 95 96 97 98 99 100
42 c 5 5 52 0 172 10 16 12 43 44 45 46 47 48 49 50 51 52 53 54 57 58 59 60 61 62 63 64 65 66 67 68 69 71 73 74 75 76 77 79 80 81 82 83 85 88 89 90 92 93 94 95 96 98 99
43 c 5 35 52 142 172 10 10 17 46 47 51 52 53 54 56 59 60 61 62 63 64 65 66 67 69 70 73 74 76 77 78 79 80 81 83 84 85 86 87 88 89 90 91 93 94 95 96 97 98 99 100
44 c 40 60 54 144 174 10 21 11 46 48 49 50 51 52 53 54 56 57 58 59 60 61 62 63 64 65 66 67 68 69 70 71 72 73 74 76 77 79 80 82 83 84 85 86 87 88 89 90 91 92 93 94 95 96 98 99 100
45 c 92 30 54 0 174 10 10 3 46 47 48 49 50 51 52 55 56 57 58 59 62 63 65 66 67 70 72 73 74 75 76 77 78 79 80 81 82 83 84 85 86 87 88 89 91 93 95 96 98 99 100
46 c 90 35 57 0 177 10 10 6 49 51 52 53 54 56 58 59 60 61 62 63 64 65 67 68 69 70 71 73 74 75 76 77 78 79 82 83 85 86 87 88 89 90 91 92 93 95 96 97 98 99 100
47 c 67 5 57 0 177 10 25 23 48 49 51 52 53 55 56 58 59 60 61 62 63 64 65 66 67 68 69 70 71 72 73 74 75 76 78 79 80 82 85 86 87 89 91 92 93 94 96 97 98 100
48 c 87 30 58 0 178 10 10 5 49 50 51 52 53 54 55 56 58 59 60 61 63 64 65 66 67 68 69 70 71 72 73 74 75 76 77 79 80 83 84 85 86 88 90 91 92 93 95 96 97 99 100
49 c 0 45 59 149 179 10 20 20 50 51 52 53 54 55 56 57 58 59 61 62 63 64 66 67 68 69 70 71 72 74 75 76 77 78 79 81 83 84 85 86 87 88 89 90 91 92 93 94 95 96 97 98 99
50 c 88 35 59 0 179 10 20 17 51 52 53 54 55 56 57 58 59 60 61 62 63 64 65 66 68 69 70 71 72 73 74 75 76 77 78 80 81 83 84 85 86 87 88 89 90 91 92 93 95 96 97 98 99 100
51 c 23 3 60 150 180 10 7 2 52 54 55 56 58 59 60 61 62 63 65 66 67 68 72 73 74 75 76 77 78 79 81 82 84 85 87 89 90 91 92 93 94 95 96 97 98 99 100
52 c 4 18 64 0 181 10 35 45 53 54 55 56 57 58 59 60 61 63 64 65 69 70 71 73 74 75 76 77 78 79 80 81 82 83 84 85 87 89 90 91 92 94 95 96 97 98 100
53 c 85 35 64 0 182 10 30 40 54 55 56 57 58 60 61 62 63 64 65 67 68 69 70 71 72 73 74 75 76 77 78 79 80 81 82 83 84 86 87 89 91 92 93 94 95 96 97 98 99
54 c 15 10 64 152 182 10 20 11 55 56 57 58 60 61 62 63 64 65 66 67 68 69 70 71 72 73 75 76 77 78 80 81 82 83 84 85 86 87 88 89 90 91 92 93 94 96 99
55 c 42 5 64 0 184 10 10 19 56 57 58 59 60 61 62 63 64 67 68 69 70 71 72 73 74 76 77 78 79 80 81 82 83 84 85 86 87 90 91 92 94 95 97 98 99 100
56 c 44 5 64 0 184 10 20 17 58 59 60 61 63 64 65 66 67 68 69 70 71 72 73 74 75 76 77 78 80 81 82 83 84 85 86 87 88 90 91 92 93 95 96 97 98 99 100
57 c 35 5 64 154 184 10 20 22 58 59 60 61 62 63 65 66 67 68 69 70 71 73 74 75 76 77 79 80 81 82 83 85 86 87 88 89 90 91 93 94 95 96 97 99 100
58 c 40 5 65 0 185 10 10 8 59 61 62 63 64 65 66 67 68 69 70 72 75 77 78 81 84 85 86 87 88 89 90 91 92 93 95 96 97 99 100
59 c 10 20 67 0 187 10 19 17 60 61 62 63 64 65 66 67 68 70 71 72 73 74 76 77 78 79 80 81 82 83 84 85 86 87 88 89 90 91 93 94 96 97 98 99 100
60 c 0 40 68 0 188 10 20 16 61 63 64 65 66 67 69 70 71 72 74 76 78 79 80 82 83 84 85 86 87 88 89 90 91 92 93 94 96 98 99 100
61 c 42 10 69 0 189 10 40 50 62 63 64 65 66 67 68 69 70 71 72 73 74 75 76 78 79 80 81 84 85 86 87 88 89 91 92 93 94 95 96 97 98 99 100
62 c 20 85 69 0 189 10 20 18 63 64 65 66 67 68 69 71 73 74 78 80 81 82 83 84 85 86 87 89 90 91 92 93 94 95 96 97 98 99
63 c 65 82 69 0 189 10 10 12 64 65 66 67 68 69 71 73 75 76 77 78 79 80 81 82 83 84 85 87 88 89 90 91 92 93 95 96 97 99 100
64 c 22 85 70 0 190 10 10 1 65 66 67 68 69 70 71 72 73 74 75 77 78 79 82 83 84 85 86 88 89 90 92 93 94 95 96 97 98 99 100
65 c 65 20 70 0 190 10 6 1 66 67 68 70 71 72 73 74 75 76 77 78 79 80 81 82 83 85 86 87 88 89 90 91 92 93 94 95 96 97 98 99 100
66 c 2 60 70 0 190 10 5 1 67 68 69 71 72 73 74 75 76 77 78 79 80 81 82 83 84 86 87 89 90 91 92 93 95 96 97 98 99 100
67 c 25 85 71 0 191 10 20 25 68 69 70 71 72 73 74 75 78 80 81 82 84 85 86 87 88 89 90 91 92 93 94 95 96 98 99
68 c 2 45 72 0 191 10 10 13 69 70 71 74 75 76 77 78 79 80 81 83 84 85 86 87 88 89 91 92 93 94 96 98 99
69 c 55 85 72 0 191 10 20 19 71 72 75 76 77 79 80 81 82 84 86 87 89 90 91 92 93 95 96 98 100
70 c 18 80 72 0 192 10 10 11 71 72 73 74 75 76 77 79 80 81 82 83 85 86 87 88 89 90 91 93 94 95 97 98
71 c 63 23 74 0 194 10 2 4 72 74 75 76 77 78 79 80 81 82 83 84 85 86 87 88 89 90 91 92 93 94 95 96 97 100
72 c 72 35 74 0 194 10 30 31 73 74 75 78 79 80 81 82 83 85 86 89 90 91 92 93 94 95 96 97 98 99 100
73 c 15 75 74 0 194 10 20 29 74 76 77 78 79 80 81 82 83 84 86 88 89 90 91 93 94 95 96 97 98 99 100
74 c 5 45 74 0 194 10 10 6 75 76 77 79 81 83 86 88 89 90 91 92 93 94 95 97 98 99 100
75 c 42 15 74 0 194 10 10 9 77 78 79 80 81 82 83 84 86 87 88 89 90 91 92 93 94 95 96 98 99 100
76 c 38 15 74 0 194 10 10 8 77 78 79 80 81 83 84 85 87 90 91 92 93 94 95 96 97 98 99 100
77 c 55 20 76 0 196 10 19 17 78 79 80 81 82 83 84 85 86 87 89 90 91 92 93 94 95 96 97 99
78 c 21 24 77 0 197 10 28 33 79 80 82 83 84 85 87 88 89 90 91 92 93 94 96 97 98 99
79 c 8 45 77 0 197 10 20 29 81 83 85 86 87 88 89 91 93 94 95 96 97 98 99 100
80 c 22 75 83 0 199 10 30 24 81 83 84 85 86 87 88 89 90 91 92 93 94 96 97 98 99 100
81 c 63 65 83 0 202 10 8 16 82 84 85 87 88 90 91 92 93 94 95 96 97 99 100
82 c 15 60 83 0 203 10 17 18 83 84 85 86 87 88 90 91 92 93 94 95 96 97 98 100
83 c 30 25 83 0 203 10 23 17 85 86 90 91 92 93 94 95 97 98 99 100
84 c 65 55 84 0 204 10 14 16 85 86 87 88 89 90 91 92 93 94 95 97 98 99 100
85 c 25 30 85 0 205 10 3 1 89 90 92 93 94 95 97 98 99 100
86 c 61 52 88 178 208 10 3 1 87 88 89 90 91 92 94 96 97 98 99 100
87 c 56 37 89 0 209 10 6 4 88 89 90 91 92 94 95 96 97 98 99 100
88 c 35 69 90 180 210 10 23 15 89 90 92 93 94 96 97 98 100
89 c 37 31 90 0 210 10 14 19 90 91 92 93 96 97 98 99 100
90 c 31 67 91 180 210 10 3 1 92 93 94 95 97 98 99
91 c 55 60 91 0 211 10 16 20 92 93 94 96 97 98 100
92 c 57 48 92 0 212 10 23 22 93 95 97 98 99 100
93 c 45 65 94 0 214 10 9 1 94 95 96 97 98 99 100
94 c 55 54 94 0 214 10 26 24 95 96 98 99 100
95 c 27 43 95 0 215 10 9 9 96 97 98 99
96 c 26 52 95 0 215 10 9 1 97 98 99 100
97 c 49 58 97 0 217 10 10 19 98 99 100
98 c 49 42 97 0 217 10 13 18 100
99 c 47 47 102 192 222 10 13 16 100
100 c 37 47 105 0 225 10 6 9

