StringID Type x y release ReadyTime DueDate ServiceTime weight volume Item_Conflitante1 Item_Conflitante2 Item_Conflitante3 Item_Conflitante4 Item_Conflitante5 Item_Conflitante6 Item_Conflitante7 Item_Conflitante8 Item_Conflitante9 Item_Conflitante10 Item_Conflitante11 Item_Conflitante12 Item_Conflitante13 Item_Conflitante14 Item_Conflitante15 Item_Conflitante16 Item_Conflitante17 Item_Conflitante18 Item_Conflitante19 Item_Conflitante20 Item_Conflitante21 Item_Conflitante22 Item_Conflitante23 Item_Conflitante24 Item_Conflitante25 Item_Conflitante26 Item_Conflitante27 Item_Conflitante28 Item_Conflitante29 Item_Conflitante30 Item_Conflitante31 Item_Conflitante32 Item_Conflitante33 Item_Conflitante34 Item_Conflitante35 Item_Conflitante36 Item_Conflitante37 Item_Conflitante38 Item_Conflitante39 Item_Conflitante40 Item_Conflitante41 Item_Conflitante42 Item_Conflitante43 Item_Conflitante44 Item_Conflitante45 Item_Conflitante46 Item_Conflitante47 Item_Conflitante48 Item_Conflitante49 Item_Conflitante50 Item_Conflitante51 Item_Conflitante52 Item_Conflitante53 Item_Conflitante54 Item_Conflitante55 Item_Conflitante56 Item_Conflitante57 Item_Conflitante58 Item_Conflitante59 Item_Conflitante60 Item_Conflitante61 Item_Conflitante62 Item_Conflitante63 Item_Conflitante64 Item_Conflitante65 Item_Conflitante66 Item_Conflitante67 Item_Conflitante68 Item_Conflitante69 Item_Conflitante70 Item_Conflitante71 Item_Conflitante72 Item_Conflitante73 Item_Conflitante74 Item_Conflitante75 Item_Conflitante76 Item_Conflitante77 Item_Conflitante78 Item_Conflitante79 Item_Conflitante80 Item_Conflitante81 Item_Conflitante82 Item_Conflitante83 Item_Conflitante84 Item_Conflitante85 Peso_Total Volume_Total
0 d 35 35 0 0 230 0 0 0                                                                                      200 200
1 c 31 52 0 24 85 10 27 26 2 3 4 5 8 9 10 11 13 14 15 16 17 18 19 20 21 22 23 25 26 27 28 29 30 32 33 34 35 36 37 38 39 40 41 42 43 44 45 46 47 49 50 51 52 53 55 58 59 60 61 62 63 64 66 67 68 69 70 72 73 74 76 78 79 80 81 85 86 87 88 89 90 92 93 94 95 97 98 99 100
2 c 53 52 0 24 92 10 11 20 3 4 5 7 8 10 11 12 13 14 15 16 17 18 20 23 24 25 26 27 28 30 32 33 35 36 37 38 39 40 41 42 43 44 45 47 48 49 50 51 52 53 55 56 58 59 60 61 62 63 64 66 67 68 69 70 71 72 73 74 75 76 77 79 81 82 83 84 85 86 88 89 90 91 92 93 94 95 96 97 98 99 100
3 c 57 68 0 54 109 10 15 13 4 5 6 7 9 10 12 14 15 16 17 18 19 21 22 23 24 25 26 27 30 31 32 33 35 36 37 38 39 40 41 42 44 48 50 52 53 54 55 56 58 59 60 61 62 63 64 65 66 67 68 70 71 72 73 74 75 76 77 79 80 81 82 83 84 85 86 88 89 90 91 92 93 95 96 97 98 100
4 c 2 60 0 41 112 10 5 1 5 6 7 8 9 10 11 12 13 14 15 16 17 18 19 20 21 22 23 24 25 26 27 28 29 30 31 33 34 35 36 37 38 39 40 41 42 43 44 45 46 47 49 50 51 53 54 56 57 58 60 61 63 65 66 67 68 69 70 71 72 73 74 75 76 77 78 79 80 81 82 83 84 86 88 89 91 92 93 94 95 96 97 98 99
5 c 14 37 0 21 89 10 11 11 6 7 8 9 12 16 17 18 19 20 21 23 24 25 26 27 28 30 31 33 35 36 37 38 39 40 42 43 44 46 47 48 49 50 51 52 54 57 58 59 60 62 63 64 65 66 67 68 69 70 71 73 74 75 76 78 81 83 84 87 89 91 92 93 94 95 96 98 99 100
6 c 5 5 0 60 115 10 16 10 7 8 9 10 11 12 14 15 18 19 20 21 22 23 24 25 27 28 29 30 32 34 35 36 37 38 39 40 41 42 43 46 47 48 49 50 51 52 53 54 55 56 57 58 60 62 63 64 66 67 68 69 70 71 72 73 75 77 78 79 80 81 82 83 85 86 87 88 89 90 92 95 96 97 98 99
7 c 60 12 0 33 110 10 31 32 8 9 10 12 14 15 16 17 18 19 20 21 22 23 24 26 28 30 32 33 34 35 36 37 38 39 40 41 42 44 45 46 47 48 49 50 52 54 55 58 59 60 61 62 64 65 66 67 68 70 71 73 74 77 78 80 81 83 84 85 86 87 88 89 90 91 92 93 94 95 96 99 100
8 c 40 25 0 65 114 10 9 2 10 11 12 13 14 15 16 17 18 19 20 22 24 26 27 28 29 30 31 32 33 34 35 36 37 38 39 41 42 43 44 45 46 48 49 50 51 54 57 58 59 60 62 63 65 66 68 69 70 71 72 73 74 75 76 77 79 80 81 83 85 86 88 90 92 95 96 97 98 100
9 c 24 12 0 25 91 10 5 7 10 11 13 15 16 17 18 19 20 21 23 24 26 27 28 30 31 32 33 35 36 37 38 39 42 43 44 45 46 47 48 49 52 54 56 57 59 60 61 62 63 64 65 66 67 68 69 70 71 73 74 75 76 77 79 81 82 85 87 88 89 90 92 93 94 95 96 97 98 99 100
10 c 15 47 0 29 90 10 16 17 11 12 13 14 15 16 18 19 21 22 23 24 25 26 27 28 29 30 31 32 33 34 37 38 39 40 41 42 44 45 46 47 48 49 50 51 52 53 54 55 57 58 59 60 62 64 65 66 68 69 70 71 72 73 74 75 77 78 80 81 82 83 84 85 87 88 89 90 91 92 93 94 95 96 97 99 100
11 c 11 14 0 45 102 10 18 24 13 14 16 17 18 19 20 21 23 24 25 26 27 28 29 30 32 33 34 35 36 37 38 39 40 41 42 43 45 46 47 48 49 51 52 53 54 55 56 57 60 62 63 64 65 66 68 69 70 71 72 73 74 75 76 78 79 80 81 84 85 86 87 88 89 90 91 92 93 94 96 99 100
12 c 6 38 0 29 99 10 16 24 15 16 18 19 20 22 23 24 25 27 28 30 31 34 35 36 37 39 40 42 43 44 45 46 48 49 50 51 52 53 57 59 60 61 62 63 64 65 67 68 69 70 71 72 73 74 76 77 78 79 80 82 83 84 85 86 87 88 89 91 93 94 95 96 97 98 99 100
13 c 8 56 0 34 105 10 27 23 15 16 18 20 21 22 23 24 25 26 27 28 29 31 32 35 37 38 40 42 43 44 45 46 47 48 50 51 52 54 55 56 57 58 60 62 63 64 66 67 68 69 71 72 74 75 76 77 78 80 81 82 83 84 86 87 88 89 91 92 94 95 96 97 98 99
14 c 20 26 0 60 115 10 9 11 15 16 17 18 19 20 21 22 24 25 26 27 28 29 30 31 32 33 34 35 36 37 39 40 41 43 44 45 47 48 49 50 51 52 53 54 56 58 59 60 61 63 64 65 66 67 68 69 70 71 72 73 74 77 78 79 80 81 82 83 84 85 86 87 88 89 90 91 92 95 96 98 99
15 c 27 43 0 26 87 10 9 13 16 17 19 20 21 22 24 26 27 28 30 31 33 34 35 36 37 38 39 40 41 42 43 44 45 47 50 51 52 53 54 55 57 58 59 60 61 62 63 64 65 66 67 68 69 70 71 72 77 78 79 81 83 84 86 87 88 91 93 95 97 98 99
16 c 49 42 0 52 103 10 13 7 17 18 19 20 22 24 25 26 27 29 32 33 34 35 36 37 38 39 40 41 43 44 45 46 49 50 51 52 53 54 56 57 58 62 63 64 65 68 69 70 71 74 75 76 78 79 81 82 83 84 85 86 87 89 90 91 93 94 95 96 97 98 99 100
17 c 49 11 0 45 102 10 18 23 18 19 20 21 22 23 24 25 26 27 28 29 30 31 32 33 34 35 36 37 38 39 40 41 43 44 45 46 47 48 49 50 51 52 53 54 55 56 57 58 59 61 62 63 64 65 66 67 68 69 70 71 72 74 75 76 77 78 79 80 81 82 83 84 85 86 88 89 90 92 93 94 95 96 97 98 99 100
18 c 21 24 0 17 100 10 28 25 20 21 22 24 25 26 27 28 29 31 33 35 36 38 39 40 41 42 45 46 47 48 49 50 51 52 53 54 55 56 58 59 60 61 62 63 65 66 67 69 70 71 72 73 74 75 76 77 78 80 83 84 86 87 89 90 91 92 94 96 97 98 100
19 c 44 17 0 56 109 10 9 1 20 21 22 23 24 25 26 28 29 32 33 34 35 36 37 38 39 40 42 44 45 46 47 48 49 50 51 52 53 54 55 58 59 60 62 64 65 66 67 68 71 72 73 74 75 76 78 79 80 81 82 83 84 85 86 87 88 89 90 91 92 93 95 96 97 98
20 c 12 24 0 55 106 10 13 23 21 22 23 24 25 27 28 29 31 33 34 35 36 37 38 39 41 42 43 44 45 46 47 48 49 50 51 54 55 57 59 60 62 63 64 65 66 69 70 72 73 74 75 76 77 78 79 80 81 82 86 87 88 89 91 92 94 95 96 97 98 99 100
21 c 24 58 0 30 95 10 19 16 22 24 26 28 29 31 32 33 34 36 37 38 39 40 41 42 43 44 46 47 48 49 50 51 52 53 54 55 56 57 58 59 60 61 62 63 64 65 66 68 71 72 73 74 75 77 78 80 81 82 83 84 85 86 87 89 90 91 92 94 95 96 97 98 99 100
22 c 27 69 0 34 103 10 10 2 24 25 27 28 29 30 31 32 33 34 36 37 40 41 42 43 45 47 49 50 51 52 53 54 55 58 59 60 61 62 63 64 65 66 72 73 74 75 76 77 78 79 81 82 83 84 86 87 88 89 91 92 93 94 95 96 97 98 99 100
23 c 15 77 0 48 107 10 9 1 24 25 26 27 28 29 30 31 32 33 34 35 37 38 39 40 41 44 46 48 49 51 52 53 54 55 56 57 58 59 61 63 64 66 67 68 69 70 71 72 73 74 76 77 78 79 81 82 83 84 85 86 87 88 89 90 91 92 93 94 95 96 97 98 100
24 c 62 77 0 49 113 10 20 11 25 26 27 28 29 31 32 33 34 35 36 38 39 40 41 42 43 44 45 46 47 48 49 50 52 53 54 55 56 60 61 63 64 65 68 69 71 73 75 76 77 78 79 80 81 82 83 84 86 87 88 89 90 91 92 93 94 96 97 99
25 c 47 16 0 22 96 10 25 31 26 27 28 29 31 32 33 34 35 37 38 39 40 41 43 44 45 47 48 49 50 51 52 53 54 55 57 58 59 61 62 63 64 66 68 69 70 71 73 74 75 78 80 81 82 83 84 86 87 88 90 91 92 93 97 98 99 100
26 c 40 60 0 49 102 10 21 27 29 31 32 34 35 38 39 40 41 42 43 44 45 46 47 48 50 51 52 53 54 55 57 58 59 60 61 62 63 64 65 66 67 69 70 71 72 73 74 75 76 77 79 80 81 82 84 85 86 88 89 90 91 92 93 94 96 97 98 99 100
27 c 64 42 0 37 98 10 9 14 29 30 31 32 33 34 36 37 38 41 43 45 46 47 48 50 51 52 53 54 55 56 57 59 60 61 62 64 66 67 68 69 70 71 72 73 75 76 77 78 79 80 81 82 83 84 85 86 89 90 94 95 96 97 98 99 100
28 c 37 47 0 23 86 10 6 14 29 31 32 33 34 35 36 37 38 39 40 41 44 45 46 47 48 49 51 52 53 54 55 56 57 58 59 60 61 62 63 64 65 66 67 68 69 70 72 73 74 75 76 77 79 80 81 82 83 84 86 87 88 89 90 91 93 94 95 97 98
29 c 35 40 0 8 75 10 16 21 31 32 33 34 35 36 37 38 39 40 41 42 43 44 45 46 47 48 50 51 52 53 54 55 56 58 59 60 61 62 63 64 66 67 68 69 70 71 72 73 74 75 76 77 78 79 80 81 82 84 86 87 88 89 90 92 96 97 98 100
30 c 20 50 0 61 110 10 5 5 31 32 34 35 36 37 38 41 42 43 44 45 46 47 48 49 50 51 52 53 56 57 59 60 61 63 64 65 66 68 69 70 71 72 73 74 75 76 77 78 79 80 81 82 83 84 87 88 91 92 93 95 96 97 98 99 100
31 c 35 17 0 22 87 10 7 13 32 33 34 36 37 38 39 40 41 42 44 45 47 48 50 51 52 53 54 55 56 57 58 59 60 62 63 65 66 67 68 69 70 71 72 73 74 76 77 78 80 81 83 84 85 86 87 89 92 93 95 97 98 100
32 c 19 21 0 32 93 10 10 5 33 34 35 36 37 38 39 40 41 42 43 44 45 46 48 49 50 51 52 53 54 55 56 57 58 59 61 62 63 64 65 67 68 69 70 71 73 74 76 78 79 80 81 82 83 85 86 87 88 89 90 92 93 94 95 96 98 100
33 c 20 65 0 42 101 10 12 20 34 35 36 38 39 40 41 43 44 45 47 48 49 51 52 55 56 57 58 59 60 61 62 63 64 65 66 67 68 69 70 71 72 73 74 75 78 79 81 82 83 84 86 87 90 91 92 93 94 95 96 97 98 99 100
34 c 50 35 0 38 97 10 19 24 35 36 37 39 40 42 43 44 45 46 47 48 49 51 52 54 55 56 57 58 59 60 61 62 63 64 65 66 67 68 69 70 71 72 73 74 76 77 78 79 81 83 84 85 86 87 88 89 90 91 92 93 95 96 99 100
35 c 41 37 0 11 76 10 16 18 37 38 39 40 41 42 43 46 47 48 50 51 52 53 54 55 56 57 58 59 60 61 62 63 64 65 66 67 69 70 71 72 73 74 75 76 77 78 79 80 81 82 83 84 85 87 89 90 91 92 93 94 95 96 98 99
36 c 15 30 4 20 93 10 26 16 37 38 39 40 41 42 43 44 45 46 47 48 49 50 51 55 57 59 60 61 62 63 64 65 67 68 69 71 72 73 74 75 76 77 78 79 81 83 84 85 86 87 88 89 90 92 93 94 95 96 97 99 100
37 c 15 10 4 32 114 10 20 22 38 39 40 42 43 44 45 46 47 48 49 50 52 53 54 55 56 57 58 59 60 61 62 63 64 65 66 67 68 69 70 71 72 73 74 75 76 77 78 79 80 82 84 85 86 87 88 89 91 92 95 96 97 98 100
38 c 30 5 4 35 96 10 8 15 39 40 41 43 44 45 46 47 48 50 52 53 54 56 57 58 59 60 61 62 63 64 65 66 67 68 69 71 73 74 77 78 79 80 81 82 83 85 86 87 88 89 90 91 92 93 94 95 96 97 99 100
39 c 10 20 4 52 107 10 19 26 40 42 43 44 46 47 48 49 50 51 52 54 55 56 57 58 59 60 61 62 63 64 65 66 68 69 70 72 73 74 75 76 77 78 79 80 81 82 83 85 86 87 88 89 93 94 96 97 98 99 100
40 c 22 22 4 18 88 10 2 6 41 42 43 44 46 47 48 50 51 52 53 55 56 58 60 61 62 63 64 65 66 67 68 70 72 77 79 80 83 84 85 86 87 88 89 90 91 93 94 95 96 97 98 99 100
41 c 25 24 4 14 78 10 20 15 42 43 45 46 47 48 51 52 53 54 55 57 58 59 61 63 64 65 66 68 70 71 72 73 74 75 76 77 78 79 81 82 83 84 85 86 87 88 89 91 92 94 96 97 99
42 c 20 40 4 69 114 10 12 20 43 44 45 46 47 48 49 51 53 54 55 56 57 58 59 60 61 62 64 65 66 67 68 69 70 72 73 74 75 76 77 78 79 81 82 83 85 86 87 88 89 90 91 92 93 94 95 96 98 99 100
43 c 55 5 4 43 102 10 29 37 44 45 46 47 48 49 50 51 52 53 54 55 56 57 58 60 61 62 63 64 65 66 67 68 70 72 73 74 75 76 77 78 79 80 81 82 84 85 86 88 89 91 92 93 94 95 96 97 98 99 100
44 c 45 20 4 37 96 10 11 12 46 47 49 50 51 52 53 54 55 56 57 58 59 61 62 63 64 65 66 67 68 69 70 71 73 74 75 76 77 78 79 80 81 82 83 84 85 86 87 88 89 90 91 92 94 95 96 98 99 100
45 c 26 52 4 50 107 10 9 1 46 48 49 50 51 52 53 54 56 59 60 61 62 63 64 65 67 68 69 70 71 72 73 75 76 77 78 79 82 83 84 87 88 90 91 92 94 95 97 98 99 100
46 c 15 60 4 52 109 10 17 18 47 49 50 51 52 53 54 55 56 57 58 59 60 61 62 63 64 65 66 67 69 70 71 72 74 75 77 79 81 82 83 84 85 87 88 89 91 92 94 95 96 97 98 99
47 c 67 5 4 59 116 10 25 26 48 50 51 52 53 54 55 56 58 59 60 61 62 63 65 66 67 69 70 71 72 73 74 75 77 78 79 82 83 84 85 86 87 88 89 90 91 93 94 95 96 97 98 99 100
48 c 28 18 4 79 116 10 26 30 50 51 52 54 56 59 60 61 62 63 64 65 66 68 69 70 71 72 73 74 75 76 77 78 79 80 81 82 83 84 85 87 88 89 90 91 92 94 96 97 98 99 100
49 c 55 54 4 78 119 10 26 23 50 51 52 53 54 55 56 57 58 59 60 62 63 64 65 66 69 70 71 72 73 74 75 77 78 80 81 82 83 84 85 86 87 89 90 92 93 94 95 96 97 98 99 100
50 c 16 22 17 70 121 10 41 51 51 52 53 54 57 58 59 60 61 62 63 64 65 67 68 69 70 71 72 73 74 75 76 77 78 79 80 81 83 85 86 88 89 91 92 93 94 96 97 98 99 100
51 c 57 48 17 72 121 10 23 30 52 53 54 55 57 59 61 62 64 65 67 68 70 71 72 73 74 76 77 78 79 80 81 82 83 84 85 86 87 88 89 90 91 92 93 95 97 98 99 100
52 c 49 58 17 64 121 10 10 9 53 54 55 56 57 58 59 61 62 63 64 65 66 67 68 69 70 71 72 73 76 77 78 79 80 81 82 83 84 85 90 92 93 94 96 97 98 99
53 c 4 18 17 74 123 10 35 27 54 55 57 58 60 62 63 64 65 66 67 68 69 70 71 72 74 75 77 78 79 80 81 82 83 84 85 86 87 88 89 90 91 92 93 94 95 96 97 98 99 100
54 c 37 31 17 75 124 10 14 18 56 58 59 61 62 63 64 65 66 67 68 69 70 71 72 73 74 75 77 78 79 80 82 83 84 85 86 87 88 89 90 92 95 96 98 99 100
55 c 10 43 17 75 124 10 9 10 56 58 59 60 61 63 64 65 66 67 69 70 72 73 74 75 76 77 78 81 82 83 84 85 86 87 89 90 91 92 93 94 97 98 99
56 c 31 67 17 73 126 10 3 1 57 58 59 60 61 62 65 67 68 69 70 71 73 74 75 76 77 80 81 82 83 84 85 87 88 89 90 92 93 94 95 96 97 99 100
57 c 45 10 17 76 127 10 18 13 58 59 60 61 63 64 65 66 67 68 69 70 71 72 73 74 75 76 77 78 79 80 81 82 83 84 85 86 87 88 89 90 91 92 93 94 96 98 99 100
58 c 26 27 17 81 128 10 27 21 59 60 63 64 65 66 67 68 70 71 72 73 74 75 76 78 80 81 82 83 84 85 86 88 89 90 91 92 93 96 97 98 100
59 c 55 60 17 74 129 10 16 20 60 63 64 65 66 67 68 69 70 71 73 75 76 77 78 79 80 82 83 84 85 87 88 89 90 91 92 93 94 95 96 97 98 99
60 c 61 52 17 71 130 10 3 1 61 62 64 65 67 68 69 70 71 72 75 76 77 78 79 80 81 82 83 84 85 86 88 91 92 94 95 96 97 98 99 100
61 c 11 31 17 81 130 10 7 8 62 63 64 65 66 67 68 69 71 72 73 74 75 77 79 80 81 82 86 87 88 89 90 91 92 93 94 95 96 97 98 99 100
62 c 42 7 17 72 131 10 5 13 63 64 66 67 68 69 71 72 73 74 75 76 77 78 79 80 81 84 85 86 87 88 89 90 91 93 94 95 96 98 99 100
63 c 25 30 17 76 131 10 3 3 64 65 66 67 68 69 70 71 72 73 74 75 77 78 79 81 82 83 84 85 86 88 89 90 91 92 94 95 96 97 98 99 100
64 c 6 68 17 93 132 10 30 25 66 67 68 69 70 71 72 73 74 75 76 77 79 80 81 82 83 84 85 87 89 91 92 93 94 95 97 98 100
65 c 32 12 19 77 134 10 7 15 66 67 68 69 70 73 74 75 77 78 79 80 81 82 83 84 86 87 88 89 90 92 93 94 95 96 98 99 100
66 c 55 45 28 98 143 10 13 18 67 69 70 71 73 74 75 76 77 78 79 80 81 82 84 85 86 88 89 90 91 93 95 96 99 100
67 c 65 55 32 96 147 10 14 19 68 69 70 71 72 73 74 75 77 79 80 81 82 83 84 85 87 88 89 90 91 92 93 94 95 96 99 100
68 c 30 60 40 107 150 10 16 6 69 70 71 72 73 74 75 76 78 79 80 81 82 83 84 85 86 88 89 91 92 93 94 95 96 97 98 99 100
69 c 2 48 40 92 151 10 1 9 70 72 73 75 76 77 78 79 80 81 82 84 85 86 88 90 91 93 94 95 96 97 98 99
70 c 47 47 40 102 155 10 13 10 72 73 74 75 76 77 79 82 83 84 87 88 89 90 91 92 95 96 97 98 99 100
71 c 45 65 41 105 156 10 9 18 72 73 74 75 76 77 79 80 81 82 83 84 86 87 88 89 90 91 92 93 94 95 96 97 98 99 100
72 c 49 73 50 104 159 10 25 16 74 75 76 78 79 80 81 84 85 86 87 88 89 90 91 92 94 96 97 98 99 100
73 c 25 21 50 115 160 10 12 16 75 77 78 79 80 81 82 83 84 85 86 87 88 89 90 91 92 93 94 95 96 97 98 99 100
74 c 45 30 50 112 161 10 17 27 75 76 77 78 79 80 82 83 84 87 88 89 92 93 95 96 98 99 100
75 c 23 3 50 111 162 10 7 2 77 80 81 83 84 86 87 89 90 91 93 94 95 96 97 98 99 100
76 c 53 12 50 106 163 10 6 12 77 79 80 81 82 83 84 86 87 88 89 90 91 93 94 95 96 98 99 100
77 c 20 20 50 113 164 10 8 4 78 79 80 82 84 85 86 87 88 89 90 92 93 94 96 97 98 99 100
78 c 22 27 50 114 165 10 11 13 79 80 82 83 84 85 87 88 90 91 92 94 95 97 98 99 100
79 c 63 23 56 111 170 10 2 6 80 81 83 85 86 87 88 89 90 91 92 94 95 97 98
80 c 57 29 56 118 171 10 18 11 81 84 87 88 89 90 91 92 93 94 96 97 98 99 100
81 c 35 69 60 116 175 10 23 23 83 84 85 86 88 89 90 91 92 95 96 97 98 99 100
82 c 56 39 63 117 176 10 36 34 83 84 85 89 90 95 97 98 99
83 c 63 65 63 116 178 10 8 2 84 85 86 88 89 91 92 93 94 96 97 98 99 100
84 c 46 13 69 123 184 10 8 3 85 87 88 89 90 91 92 95 96 97 99 100
85 c 55 20 69 123 184 10 19 19 86 87 88 89 90 91 92 93 94 95 97 98 99 100
86 c 65 20 71 121 186 10 6 1 88 89 90 91 92 94 96 98 99 100
87 c 5 30 75 124 189 10 2 1 88 89 90 91 92 93 95 96 97 98 99 100
88 c 65 35 75 124 190 10 3 12 89 90 92 93 94 96 97 98 99 100
89 c 13 52 77 128 192 10 36 42 90 91 92 93 94 95 97 98 99 100
90 c 15 19 79 132 194 10 1 1 91 92 93 95 96 98 99 100
91 c 18 18 80 123 195 10 17 14 92 93 94 95 96 97 98 99 100
92 c 30 25 81 131 196 10 23 30 93 94 95 96 97 98 99 100
93 c 37 56 83 123 198 10 5 8 94 95 97 100
94 c 41 49 84 133 198 10 10 14 95 96 97 98 99 100
95 c 56 37 84 135 198 10 6 10 96 97 98 99 100
96 c 18 24 84 129 199 10 22 28 97 98 99 100
97 c 17 34 84 134 199 10 3 10 98 99 100
98 c 53 43 85 136 200 10 14 13 99 100
99 c 36 26 95 147 210 10 18 13 100
100 c 26 35 96 139 211 10 15 21

