StringID Type x y release ReadyTime DueDate ServiceTime weight volume Item_Conflitante1 Item_Conflitante2 Item_Conflitante3 Item_Conflitante4 Item_Conflitante5 Item_Conflitante6 Item_Conflitante7 Item_Conflitante8 Item_Conflitante9 Item_Conflitante10 Peso_Total Volume_Total
0 d 40 50 0 0 240 0 0 0           200 200
1 c 38 5 0 65 95 10 30 27 3 6 9 10 11 13 16 19 23 24
2 c 2 40 0 58 88 10 20 12 3 7 8 11 15 20 22 23 25
3 c 5 45 0 35 65 10 10 18 4 5 9 10 13 18 21 22 23 24
4 c 8 40 5 59 89 10 40 43 6 7 12 13 14 17 18 24
5 c 42 10 5 72 102 10 40 31 13 14 15 17 24 25
6 c 44 5 5 87 117 10 20 17 13 14 17 21
7 c 0 40 5 72 102 10 20 16 10 11 12 14
8 c 10 35 5 91 121 10 20 18 12 13 17 21 23 25
9 c 15 80 5 91 121 10 10 19 10 11 15 17 19 20 25
10 c 40 15 5 92 122 10 40 43 15 16 18 19 20 22
11 c 18 75 5 95 125 10 20 13 14 16 19
12 c 10 40 32 119 149 10 30 35 14 17
13 c 42 15 32 122 152 10 10 19 18 20 22
14 c 20 80 51 141 171 10 40 49 17
15 c 5 35 52 142 172 10 10 13 16 21
16 c 38 15 58 148 178 10 10 1 19 22
17 c 0 45 59 149 179 10 20 21 19 22 24
18 c 35 5 64 154 184 10 20 29 19 21 22 24
19 c 40 5 65 0 185 10 10 7 21 22
20 c 20 85 69 0 189 10 20 21 22 25
21 c 22 85 70 0 190 10 10 12 22 23 25
22 c 25 85 71 0 191 10 20 25 24
23 c 15 75 74 0 194 10 20 23
24 c 8 45 77 0 197 10 20 23 25
25 c 22 75 79 0 199 10 30 22

