StringID Type x y release ReadyTime DueDate ServiceTime weight volume Item_Conflitante1 Item_Conflitante2 Item_Conflitante3 Item_Conflitante4 Item_Conflitante5 Item_Conflitante6 Item_Conflitante7 Item_Conflitante8 Item_Conflitante9 Item_Conflitante10 Item_Conflitante11 Peso_Total Volume_Total
0 d 35 35 0 0 230 0 0 0            200 200
1 c 50 35 41 15 133 10 19 19 7 12 15 17 23 25
2 c 20 50 41 36 135 10 5 11 5 6 8 13 19 20 21
3 c 20 40 41 47 136 10 12 8 12 16 17 18 23
4 c 45 20 41 18 136 10 11 16 5 7 9 11 12 13 15 18 19 23 25
5 c 10 20 41 29 139 10 19 20 10 14 15 16 17 20 22
6 c 15 60 41 32 146 10 17 20 8 10 17 20
7 c 35 17 41 18 147 10 7 16 11 13 20 21
8 c 10 43 41 50 149 10 9 2 14 15 21 22 25
9 c 20 65 41 33 152 10 12 16 10 14 20
10 c 30 5 41 30 152 10 8 18 15 17 18 22 23 25
11 c 45 10 41 50 153 10 18 21 13 14
12 c 55 5 41 36 155 10 29 19 14 18 20 21 24
13 c 55 60 41 47 156 10 16 7 15 19 20 22
14 c 25 30 43 49 158 10 3 6 15 16 17 22 24
15 c 55 45 52 76 165 10 13 8 18 23
16 c 15 30 52 20 167 10 26 25 17 20 21 22 24
17 c 30 60 57 85 172 10 16 21 18 19 23 24 25
18 c 45 65 67 79 182 10 9 19 22 25
19 c 65 20 71 56 186 10 6 2 20 23
20 c 15 10 72 32 187 10 20 17 21 22 23 25
21 c 5 30 74 60 189 10 2 2 23 24
22 c 65 35 75 58 190 10 3 1 23 25
23 c 55 20 80 73 195 10 19 24 24 25
24 c 41 49 89 73 204 10 10 2 25
25 c 30 25 93 79 208 10 23 19

