StringID Type x y release ReadyTime DueDate ServiceTime weight volume Item_Conflitante1 Item_Conflitante2 Item_Conflitante3 Item_Conflitante4 Item_Conflitante5 Item_Conflitante6 Item_Conflitante7 Item_Conflitante8 Item_Conflitante9 Item_Conflitante10 Item_Conflitante11 Item_Conflitante12 Item_Conflitante13 Item_Conflitante14 Item_Conflitante15 Item_Conflitante16 Item_Conflitante17 Item_Conflitante18 Item_Conflitante19 Item_Conflitante20 Item_Conflitante21 Item_Conflitante22 Item_Conflitante23 Item_Conflitante24 Item_Conflitante25 Item_Conflitante26 Item_Conflitante27 Item_Conflitante28 Item_Conflitante29 Item_Conflitante30 Item_Conflitante31 Item_Conflitante32 Item_Conflitante33 Item_Conflitante34 Item_Conflitante35 Item_Conflitante36 Item_Conflitante37 Item_Conflitante38 Item_Conflitante39 Item_Conflitante40 Item_Conflitante41 Item_Conflitante42 Item_Conflitante43 Item_Conflitante44 Item_Conflitante45 Item_Conflitante46 Item_Conflitante47 Item_Conflitante48 Item_Conflitante49 Item_Conflitante50 Item_Conflitante51 Item_Conflitante52 Item_Conflitante53 Item_Conflitante54 Item_Conflitante55 Peso_Total Volume_Total
0 d 40 50 0 0 3390 0 0 0                                                        700 700
1 c 67 85 0 694 854 90 20 23 2 4 6 7 8 10 14 15 16 17 20 23 25 26 27 28 29 30 37 38 39 40 41 42 43 44 47 48 52 53 55 59 61 64 66 67 68 70 74 75 76 81 82 84 85 86 90 92 93 95 96 97 99
2 c 53 35 0 213 373 90 50 50 7 8 9 16 17 21 22 24 28 29 30 35 38 39 40 43 44 45 46 51 52 57 58 59 65 66 68 69 70 73 78 80 81 82 83 86 88 90 91 95 99
3 c 45 35 0 680 840 90 10 15 6 7 10 11 13 14 17 21 23 25 27 28 30 31 32 33 34 37 38 39 40 41 42 43 46 47 48 49 50 51 53 63 64 65 66 70 71 72 74 75 76 77 79 80 83 89 93 95 97 99 100
4 c 47 40 0 12 172 90 10 6 5 6 7 8 13 14 15 17 19 22 23 24 26 28 32 34 35 36 38 39 40 41 42 43 44 47 48 52 53 55 58 60 62 63 64 66 67 68 72 74 76 77 80 82 86 87 89 90 91 98 99 100
5 c 50 35 0 120 280 90 20 25 6 7 8 9 10 12 13 14 15 17 20 23 25 26 28 29 30 31 35 36 40 42 44 45 46 48 51 54 55 57 61 62 63 64 65 70 71 72 75 79 80 82 84 86 89 92 93 94 96 99 100
6 c 38 5 0 1442 1602 90 30 32 8 9 10 11 14 15 16 17 18 19 20 21 22 23 24 26 27 30 31 33 34 35 38 39 41 42 45 47 50 51 53 55 56 57 58 61 62 63 64 67 71 72 75 76 77 78 80 81 83 84 86 89 92 99 100
7 c 42 15 0 1065 1225 90 10 13 8 9 10 14 17 18 21 22 27 29 31 34 37 38 42 43 45 47 48 49 50 53 54 56 57 59 61 64 65 66 67 68 69 70 72 73 74 75 77 79 82 88 89 91 92 93 94
8 c 44 5 0 1256 1416 90 20 12 9 10 12 20 23 25 26 28 31 34 37 38 39 40 42 45 48 49 51 53 57 58 59 60 65 66 67 68 69 73 75 76 78 79 80 81 82 84 85 86 88 89 90 91 92 96 98 100
9 c 55 80 0 407 567 90 10 2 10 11 12 13 14 16 18 21 22 24 25 27 28 29 30 31 33 37 38 42 43 46 47 48 51 52 53 54 60 62 64 65 67 69 71 72 73 78 79 80 81 83 84 87 92 94 100
10 c 0 40 0 1063 1223 90 30 24 13 15 18 19 20 21 23 25 26 27 28 29 30 33 35 38 40 41 42 48 49 53 54 57 58 59 62 63 64 69 70 72 73 78 80 81 82 83 87 88 89 91 93 95 98 99 100
11 c 55 85 0 502 662 90 20 16 12 13 14 15 18 20 21 23 27 28 30 34 39 41 44 46 49 51 52 53 54 55 57 58 60 61 62 63 64 65 66 67 70 77 78 79 80 85 87 90 92 94 95 98 99
12 c 60 66 0 1261 1421 90 10 4 13 17 19 20 25 26 34 35 37 38 39 40 41 43 45 47 50 52 53 56 58 59 62 66 67 70 73 76 78 80 81 82 84 86 87 90 94 96 97 99 100
13 c 70 58 681 1641 1801 90 20 17 15 19 22 23 24 26 27 28 29 30 33 35 37 38 39 40 41 45 46 48 50 51 52 53 55 56 59 60 61 62 63 64 66 67 71 72 73 74 75 78 81 82 85 87 88 90 91 94 98 100
14 c 14 66 681 1643 1803 90 10 1 15 16 18 19 20 21 22 23 25 26 27 28 33 34 35 39 40 41 42 44 46 48 52 54 56 59 60 61 62 63 64 65 67 68 70 71 72 73 76 79 80 81 84 85 91 96 100
15 c 32 20 681 1913 2073 90 10 3 16 17 18 20 22 25 26 28 29 34 36 38 44 46 48 49 50 51 52 54 57 58 61 62 63 64 65 66 67 68 71 72 73 74 76 78 80 82 84 85 86 89 90 91 93 97 98
16 c 90 35 681 2131 2291 90 10 8 21 22 23 24 26 27 28 31 32 34 37 39 40 41 42 43 46 47 48 49 51 53 55 62 63 64 67 72 73 74 82 83 85 86 87 88 93 94 95 96 99
17 c 20 80 681 2216 2376 90 40 34 22 28 31 32 36 37 38 40 44 45 47 48 52 54 58 60 61 62 63 64 66 67 69 73 74 78 80 81 83 85 87 88 90 91 93 94 95 96
18 c 22 75 1163 2405 2565 90 30 35 22 23 25 28 29 31 33 35 37 38 39 44 45 47 50 51 52 54 55 56 57 62 63 64 65 66 67 68 70 74 75 77 78 79 80 81 82 83 86 87 88 91 94 98
19 c 22 66 1163 2504 2664 90 40 33 25 31 33 36 37 38 40 42 44 45 47 48 49 54 55 56 57 58 59 61 62 65 68 71 73 74 77 78 80 83 88 90 93 95 100
20 c 28 70 1163 2601 2761 90 10 12 21 22 24 25 26 33 35 36 37 41 42 44 45 46 48 49 50 53 55 56 59 60 61 62 65 67 68 70 74 75 80 82 88 89 91 93 94 97 98 99
21 c 87 30 1163 2608 2768 90 10 20 24 27 28 30 31 32 33 34 35 37 40 41 44 45 46 48 50 52 53 55 60 65 67 69 71 72 73 74 75 79 85 90 92 93 99
22 c 35 69 1163 2698 2858 90 10 5 23 25 27 29 31 32 33 35 36 37 38 41 42 45 48 50 51 53 54 55 56 58 60 62 66 68 69 72 73 75 76 78 80 81 82 83 86 89 91 93 98 99 100
23 c 34 60 1365 2887 3047 90 20 10 25 28 33 35 38 40 41 42 43 44 52 53 54 56 57 58 60 63 64 66 68 70 73 74 75 77 78 80 81 82 83 85 87 91 93 94 96 98 99 100
24 c 72 45 1365 2900 3060 90 10 2 28 31 33 35 36 39 40 42 44 45 47 48 50 55 56 60 64 67 69 72 75 77 78 79 80 81 82 85 86 89 91 92 95 96 98
25 c 95 30 1579 0 3241 90 30 33 26 28 30 32 39 42 43 44 45 46 47 49 50 51 52 55 58 59 60 62 63 65 66 67 68 70 72 78 80 81 83 87 88 91 95 99
26 c 95 35 1579 0 3242 90 20 29 27 34 35 36 37 39 40 41 42 44 45 49 50 51 53 55 56 57 58 60 61 65 69 70 72 73 76 79 83 87 89 91 92 93 94 95 98 100
27 c 92 30 1579 0 3244 90 10 1 28 29 30 31 33 35 36 37 39 40 43 45 46 47 48 52 53 54 58 60 61 66 69 70 71 73 75 76 77 78 79 81 85 87 90 91 92 93 94 95 96 98
28 c 85 25 1579 0 3248 90 10 17 32 38 39 40 42 43 44 46 47 48 51 52 53 54 55 56 59 60 61 63 65 68 71 74 75 77 78 80 81 82 83 85 86 88 90 96 99 100
29 c 85 35 1579 0 3252 90 30 26 35 37 38 39 40 41 46 47 48 49 51 53 54 55 57 58 59 62 68 69 70 71 72 73 74 75 76 79 80 83 85 86 87 92 93 94 98 99
30 c 86 46 1579 0 3253 90 30 37 31 33 35 36 38 39 40 42 44 48 50 53 54 55 57 58 59 60 64 65 67 71 74 76 77 78 82 83 84 86 87 88 89 94 95 99
31 c 35 5 1579 0 3254 90 20 23 32 35 36 37 38 45 46 48 50 51 52 55 56 57 59 60 61 63 64 65 71 77 78 81 83 85 86 89 92 93 94 96 97
32 c 40 5 1579 0 3255 90 30 31 33 35 37 38 39 41 43 44 45 47 49 50 51 53 56 60 61 62 63 64 65 66 67 72 73 75 81 82 84 88 90 91 94 96 97 100
33 c 64 46 1579 3097 3257 90 20 11 35 36 37 38 40 44 45 48 52 53 54 55 56 57 59 64 67 68 71 72 74 76 77 79 80 84 85 88 89 90 92 95 97 98 99
34 c 60 85 1579 0 3259 90 30 40 36 37 40 41 44 45 48 49 52 53 55 58 59 60 61 62 65 66 70 71 72 74 76 78 80 81 83 88 89 91 92 93 97 98
35 c 38 10 1579 0 3259 90 10 3 38 39 40 42 43 44 49 50 53 55 56 57 58 59 60 62 63 64 65 66 68 75 76 77 79 82 84 85 86 87 89 93 94 95 96 97 100
36 c 65 82 1579 0 3259 90 10 17 37 40 41 45 46 47 48 51 52 54 55 56 57 58 60 61 62 64 66 69 72 73 77 78 79 81 87 88 89 92 93 95 96 98 100
37 c 0 45 1579 0 3259 90 20 23 38 44 46 48 49 50 51 53 55 60 61 62 67 73 74 82 87 90 91 92 93 97 98 100
38 c 42 10 1579 0 3259 90 40 33 39 40 41 43 44 46 47 48 49 50 51 56 58 62 63 64 71 74 75 77 78 80 81 82 83 84 85 88 89 90 91 92 94 95 99
39 c 20 85 1579 0 3259 90 40 38 42 43 44 45 46 47 49 52 54 55 59 60 62 63 67 71 72 79 81 83 87 89 90 91 92 94 95 98 99
40 c 78 40 1579 0 3260 90 20 18 41 44 45 46 47 48 52 57 58 60 61 62 63 64 67 68 70 72 76 77 78 79 80 83 84 85 88 89 90 92 94 96 97 98 100
41 c 22 85 1579 0 3260 90 10 5 43 45 46 47 48 49 50 51 52 54 58 60 61 65 66 67 68 70 71 72 77 86 88 89 90 91 95 97 98 99 100
42 c 2 40 1579 0 3260 90 20 25 44 50 51 53 55 57 58 61 62 63 64 66 69 72 74 75 76 78 84 85 86 87 94 95 97 98 99
43 c 15 80 1579 0 3260 90 10 1 45 46 47 48 52 54 59 60 62 75 79 80 86 89 90 91 92 93 94 95 98 99
44 c 25 85 1579 0 3261 90 20 16 45 46 47 48 49 50 52 53 55 56 60 61 62 63 64 65 70 72 76 77 79 85 86 91 93 94 96 100
45 c 5 35 1579 0 3261 90 10 20 46 47 50 54 58 59 60 61 63 64 65 67 68 71 73 75 78 79 80 82 84 85 87 90 92 97 98
46 c 62 80 1579 0 3262 90 30 22 49 52 54 55 57 60 61 62 63 64 65 66 68 69 70 71 73 75 76 77 78 79 82 83 84 85 87 91 92 93 94 96 99
47 c 4 55 1579 0 3263 90 20 22 49 50 51 54 59 61 62 63 67 71 72 73 77 79 80 81 82 83 84 85 88 89 90 92 93 94 95 96 97 98 100
48 c 5 45 1579 0 3264 90 10 3 49 57 60 63 64 66 69 72 73 75 76 77 78 80 85 86 87 91 93 97 99 100
49 c 75 55 1579 0 3264 90 20 24 52 53 54 55 56 58 59 60 62 64 66 67 70 71 72 73 75 77 79 82 85 87 89 90 92 95 98 99
50 c 38 15 1579 0 3264 90 40 39 51 57 61 62 63 66 67 68 69 70 72 73 78 83 85 86 87 89 94 95
51 c 15 75 1579 0 3264 90 20 26 52 53 55 60 62 63 64 66 67 69 71 73 75 76 80 83 84 88 89 92 93 95 97
52 c 8 62 1579 0 3265 90 10 15 53 55 57 58 59 60 61 62 66 68 69 72 75 77 81 82 87 90 91 94 99 100
53 c 8 40 1579 0 3266 90 40 42 56 58 59 61 62 64 65 66 68 70 74 78 79 81 82 83 84 86 87 89 94 96 97 98 100
54 c 10 35 1579 0 3266 90 20 13 55 56 58 59 61 62 63 66 67 68 69 71 72 73 76 77 80 82 83 84 88 91 92 94 95 97 98
55 c 18 75 1579 0 3266 90 20 29 59 60 61 64 72 74 75 76 77 83 84 87 88 89 90 93 94 95 99
56 c 72 55 1579 0 3267 90 10 15 58 59 60 66 70 71 72 75 77 79 81 86 87 88 90 91 93 94 95 98 99 100
57 c 8 45 1579 0 3267 90 20 13 58 59 61 66 68 70 72 79 81 84 88 90 91 92 93 94 95
58 c 36 18 1579 0 3267 90 10 4 59 64 65 67 69 70 72 73 75 76 79 82 84 85 88 90 91 93 95 96 98 99 100
59 c 10 40 1579 0 3268 90 30 32 62 63 64 66 68 69 70 72 73 74 76 77 78 80 81 83 85 88 89 92 93 96 97 98 99
60 c 48 20 1579 0 3268 90 10 19 62 63 65 67 74 75 76 77 78 79 81 82 84 85 86 87 88 89 90 91 92 93 94 95 96 98
61 c 58 75 1579 0 3269 90 20 16 63 65 66 67 68 69 70 71 72 73 76 79 83 84 87 93 94 95 99
62 c 62 69 1579 0 3270 90 10 5 65 67 68 69 70 71 73 76 77 78 81 82 89 91 92 94
63 c 52 75 1579 0 3272 90 10 16 64 68 70 72 73 76 78 81 82 83 84 85 88 90 92 93 95 98 99
64 c 58 70 1579 0 3273 90 20 18 65 66 68 69 71 72 74 77 78 79 84 87 89 91 92 94 95 97 98
65 c 65 60 1579 0 3273 90 30 33 67 71 74 78 80 82 87 91 92 94 95 96
66 c 66 55 1579 0 3273 90 10 17 67 69 70 71 72 74 75 80 86 89 90 91 95 96 98 100
67 c 44 25 1579 0 3274 90 10 9 68 69 70 71 72 73 74 79 82 85 87 88 90 92 93 95 97 99 100
68 c 16 42 1579 0 3274 90 20 25 73 79 81 82 84 87 91 92 96 97 98 100
69 c 34 25 1579 0 3274 90 30 40 70 71 76 77 80 81 82 84 85 88 89 90 92 94 95 97 98 99
70 c 62 40 1580 0 3275 90 10 17 71 72 73 74 75 77 79 81 84 86 88 89 92 93 95 97 99 100
71 c 25 30 1580 0 3275 90 10 6 73 74 75 79 84 85 88 89 90 92 94 95 96 97
72 c 53 30 1582 0 3276 90 10 19 73 74 75 78 79 80 81 90 91 93 95 98 100
73 c 60 60 1582 0 3277 90 10 10 74 77 78 79 82 88 95 96
74 c 30 30 1582 0 3277 90 10 15 77 78 80 81 83 85 87 89 91 93 94 95 97 100
75 c 26 32 1582 0 3277 90 10 3 76 79 81 82 83 84 85 87 89 90 92 93 94 97 98 99 100
76 c 50 30 1582 0 3277 90 10 1 77 79 80 81 82 83 84 85 88 89 91 92 93 95 97 100
77 c 25 35 1587 0 3278 90 10 11 81 82 83 85 86 87 88 91 92 93 94 95 96 100
78 c 56 64 1587 0 3278 90 10 8 83 84 87 90 95 99
79 c 48 30 1587 0 3278 90 10 1 81 82 83 84 89 91 93 94 95 96
80 c 42 30 1587 0 3279 90 10 17 83 85 88 91 93 96 97 99
81 c 60 55 1587 0 3279 90 10 20 82 83 85 86 89 90 92 95 96 97 98 99 100
82 c 45 70 1587 0 3279 90 30 34 84 85 87 91 94 95 98 100
83 c 20 55 1587 0 3279 90 10 9 84 85 90 91 94 95 96 98 99 100
84 c 20 50 1587 0 3280 90 10 3 87 88 93 97 98 99 100
85 c 33 32 1587 0 3280 90 20 17 86 88 89 91 92 95 98
86 c 30 35 1587 0 3281 90 10 16 89 90 91 92 94 95 96 97 98 99 100
87 c 35 32 1587 0 3281 90 10 8 88 90 91 93 94 97 99
88 c 23 52 1587 0 3282 90 10 8 92 94 97 99
89 c 33 35 1588 0 3283 90 10 7 92 96 97 100
90 c 47 35 1588 0 3283 90 10 13 91 92 93 94 95 96 98 99 100
91 c 35 66 1588 0 3283 90 10 4 92 94 96 98 99 100
92 c 45 65 1589 0 3284 90 20 14 94 96 98 100
93 c 42 65 1589 0 3284 90 10 8 96 97 98
94 c 50 40 1590 0 3285 90 50 46 95 96 97 98 100
95 c 25 50 1590 0 3285 90 10 13 96
96 c 28 52 1592 0 3287 90 20 27 99
97 c 30 56 1593 0 3288 90 20 30 98 100
98 c 36 40 1594 0 3289 90 10 19 100
99 c 30 50 1595 0 3290 90 10 1 100
100 c 42 58 1596 0 3291 90 40 47

