StringID Type x y release ReadyTime DueDate ServiceTime weight volume Item_Conflitante1 Item_Conflitante2 Item_Conflitante3 Item_Conflitante4 Item_Conflitante5 Item_Conflitante6 Item_Conflitante7 Item_Conflitante8 Item_Conflitante9 Item_Conflitante10 Item_Conflitante11 Item_Conflitante12 Item_Conflitante13 Item_Conflitante14 Item_Conflitante15 Item_Conflitante16 Item_Conflitante17 Item_Conflitante18 Item_Conflitante19 Item_Conflitante20 Item_Conflitante21 Item_Conflitante22 Item_Conflitante23 Item_Conflitante24 Item_Conflitante25 Item_Conflitante26 Item_Conflitante27 Item_Conflitante28 Item_Conflitante29 Item_Conflitante30 Item_Conflitante31 Item_Conflitante32 Item_Conflitante33 Item_Conflitante34 Item_Conflitante35 Item_Conflitante36 Item_Conflitante37 Item_Conflitante38 Item_Conflitante39 Item_Conflitante40 Item_Conflitante41 Item_Conflitante42 Item_Conflitante43 Item_Conflitante44 Item_Conflitante45 Item_Conflitante46 Item_Conflitante47 Item_Conflitante48 Item_Conflitante49 Item_Conflitante50 Item_Conflitante51 Item_Conflitante52 Item_Conflitante53 Item_Conflitante54 Item_Conflitante55 Item_Conflitante56 Peso_Total Volume_Total
0 d 40 50 0 0 960 0 0 0                                                         1000 1000
1 c 38 5 35 201 321 10 30 40 3 4 5 7 8 10 12 13 14 16 18 19 25 27 32 34 37 38 40 41 42 49 54 59 61 62 66 69 70 73 74 79 80 82 86 87 90 92 97 99
2 c 55 82 35 217 337 10 10 4 3 4 7 10 13 14 15 16 18 19 23 25 26 28 30 34 35 37 39 48 50 51 53 55 63 64 68 69 70 71 72 74 75 76 82 83 86 87 88 93 94 96 97 100
3 c 2 40 35 174 294 10 20 16 7 12 17 18 19 20 21 22 25 26 27 28 29 30 31 32 33 35 36 37 38 39 40 43 44 45 46 47 48 51 55 56 57 60 66 68 69 72 73 74 76 77 79 81 82 84 85 86 88 89 90 94 95 100
4 c 60 12 35 268 388 10 31 25 7 8 13 16 18 20 21 25 27 28 29 30 31 32 34 38 39 40 41 43 46 48 52 53 54 55 56 57 59 61 62 63 66 67 69 71 72 73 74 75 76 78 79 81 83 85 88 93 96 98 99 100
5 c 26 35 35 308 428 10 15 12 6 8 9 10 12 16 17 19 20 23 25 30 35 36 38 39 40 41 42 43 44 47 49 53 54 56 59 61 62 64 67 68 69 70 72 74 76 78 79 80 82 83 85 86 89 93 95 96 97 99
6 c 8 40 35 195 315 10 40 44 7 8 9 10 12 13 17 18 22 28 29 35 39 40 41 43 44 45 48 49 50 52 54 55 56 57 59 60 61 63 65 67 68 69 70 71 72 73 75 78 79 80 81 82 84 85 86 88 89 90 92 94 95 96 98 100
7 c 62 80 35 278 398 10 30 24 10 11 12 13 14 15 16 19 22 25 28 30 32 34 38 39 40 41 45 46 47 49 50 52 53 54 57 61 63 67 69 72 74 75 76 79 80 86 87 96 97
8 c 12 24 35 359 479 10 13 5 9 10 11 12 13 14 15 16 17 20 22 25 28 30 31 32 34 36 37 39 40 41 43 44 45 47 50 51 55 58 61 62 64 71 72 73 74 75 77 78 80 81 82 83 86 92 94 98 99 100
9 c 31 52 35 157 277 10 27 32 10 12 13 14 15 20 25 26 30 31 32 36 37 38 40 41 43 46 50 51 52 53 54 56 57 58 59 60 63 65 66 67 74 75 78 80 83 84 86 88 89 92 93 94 95 97 99 100
10 c 53 43 35 14 134 10 14 20 13 15 17 18 22 23 26 27 32 35 36 38 39 40 41 43 45 50 52 53 54 61 63 66 67 68 69 70 78 80 81 83 85 86 89 90 91 92 93 94 95 97 98
11 c 64 42 35 268 388 10 9 16 13 14 16 17 18 19 21 23 25 26 28 30 34 42 45 46 48 50 51 52 53 56 58 60 61 62 64 65 66 67 70 71 73 77 79 81 83 86 88 89 90 92 93 94 95 97
12 c 65 35 35 167 287 10 3 5 15 16 17 22 24 25 27 28 29 31 37 38 41 44 45 47 48 49 51 52 53 57 58 60 62 63 65 67 68 70 71 76 78 80 83 88 90 91 93 94 99 100
13 c 6 68 35 352 472 10 30 32 14 17 21 22 23 26 28 29 30 35 36 37 39 44 45 46 47 48 49 50 52 53 54 58 59 61 65 66 69 70 71 72 75 76 79 82 83 84 87 89 90 92 95 98
14 c 15 80 35 367 487 10 10 19 16 18 20 21 22 24 26 27 28 29 31 32 33 36 38 42 44 45 47 48 50 51 52 60 61 62 68 69 71 73 74 80 85 87 88 89 94 96 97 98 99
15 c 10 35 35 371 491 10 20 30 17 18 19 22 23 24 26 27 28 30 33 35 37 38 39 41 43 44 46 48 49 51 54 57 58 59 60 61 62 63 64 66 67 68 69 71 76 79 82 84 86 87 89 95 96 97 100
16 c 20 50 35 375 495 10 5 8 22 24 26 27 28 30 31 32 34 35 36 37 38 40 43 45 46 48 49 51 55 63 67 68 71 72 73 74 77 78 79 81 84 86 88 89 90 93 95 98 99 100
17 c 57 29 35 395 515 10 18 25 19 21 22 23 24 27 29 32 33 34 35 37 41 42 43 44 48 50 55 56 57 58 59 62 63 64 66 67 69 71 72 77 78 79 80 83 89 90 92 98 100
18 c 30 60 293 599 719 10 16 26 19 20 24 25 28 29 30 35 36 38 41 42 47 48 49 50 51 54 56 58 59 60 62 64 65 68 69 72 74 80 81 86 89 91 94 95 96 97 99 100
19 c 20 80 293 644 764 10 40 46 22 23 36 37 38 39 41 43 44 48 50 51 52 54 55 60 61 63 68 70 71 73 75 77 78 79 83 85 86 90 93 94 98
20 c 20 20 293 645 765 10 8 11 21 23 27 32 34 35 36 38 41 42 43 47 49 50 52 54 59 62 64 66 67 69 70 73 76 77 78 79 80 81 84 88 89 91 92 95 97 98 99
21 c 5 35 293 653 773 10 10 15 22 23 24 26 29 30 33 34 35 36 37 38 40 41 44 46 48 49 53 54 55 57 60 62 63 64 67 68 70 76 77 80 82 83 84 87 88 90 95 96 99
22 c 23 3 404 764 884 10 7 5 26 28 30 35 38 40 41 43 44 46 50 52 53 56 57 62 63 65 68 69 72 74 76 78 79 80 81 83 85 86 87 92 93 94 95 96 97
23 c 95 30 411 0 891 10 30 35 26 27 30 31 32 34 35 36 37 38 40 41 42 43 44 45 46 51 54 55 56 62 65 67 68 69 70 74 82 84 85 88 89 90 91 93 94 97 99
24 c 5 5 412 0 892 10 16 10 25 26 29 30 32 35 38 39 41 42 45 46 49 51 52 53 54 55 58 59 63 65 70 73 75 76 78 81 82 83 84 85 86 87 92 94 97 100
25 c 95 35 412 0 892 10 20 16 26 29 32 33 34 36 37 40 41 42 43 46 47 48 50 52 55 57 60 61 62 64 65 67 71 72 74 76 78 79 80 81 82 84 85 86 89 90 94 95 97 98 99 100
26 c 92 30 414 0 894 10 10 12 29 32 34 37 38 39 40 41 42 46 47 49 51 54 56 57 60 65 66 71 73 76 77 79 80 83 86 87 88 89 91 98
27 c 90 35 417 0 897 10 10 1 29 30 31 32 33 35 38 39 43 45 46 47 51 55 56 57 58 59 61 62 63 66 67 69 70 71 75 76 77 78 81 83 84 85 86 88 90 91 94 98
28 c 67 5 417 0 897 10 25 23 30 32 35 37 39 41 44 45 46 48 49 51 59 63 65 66 69 71 72 73 76 78 81 82 83 84 87 88 89 90 91 94 96 98
29 c 88 30 418 0 898 10 10 19 30 34 35 36 37 39 44 45 48 49 50 51 53 55 59 60 62 65 66 69 70 76 77 80 82 84 87 89 94 96 97 100
30 c 87 30 418 0 898 10 10 4 31 35 37 40 41 45 46 47 49 52 53 54 55 64 66 67 68 69 70 72 74 77 79 80 81 83 85 86 88 89 93 94 96 97 99
31 c 85 25 418 0 898 10 10 14 33 34 43 44 46 48 51 55 58 59 60 61 62 63 65 66 67 74 75 83 90 91 92 93 94 96
32 c 88 35 419 0 899 10 20 16 33 38 41 42 43 46 47 48 49 53 54 57 62 63 64 67 68 71 72 74 76 77 78 80 83 87 89 91 95 97 98 99 100
33 c 4 18 421 0 901 10 35 29 34 35 36 40 41 45 47 50 54 56 58 59 60 61 62 63 65 68 70 71 72 73 74 78 81 83 84 86 87 88 89 92 94 95 98 99
34 c 15 10 422 782 902 10 20 22 36 38 42 43 44 45 48 50 51 52 54 55 57 59 60 62 64 65 67 68 69 70 75 76 77 78 79 83 84 85 90 92 93 95 97 98 100
35 c 85 35 422 0 902 10 30 34 39 43 44 45 46 47 52 56 57 59 61 66 68 70 72 77 80 81 82 83 84 86 88 89 94 95 98
36 c 42 5 424 0 904 10 10 20 41 42 45 46 47 48 49 51 56 60 61 62 64 65 66 69 70 71 72 73 74 75 76 77 78 79 80 82 84 85 86 88 90 91 92 93 94 95 97 98 99 100
37 c 35 5 424 784 904 10 20 11 38 39 40 41 43 46 54 56 59 60 61 63 64 65 68 70 71 72 78 81 82 85 86 87 89 90 92 94 97 99 100
38 c 44 5 424 0 904 10 20 21 40 41 43 45 46 47 48 49 50 51 52 53 54 56 57 61 62 63 65 66 68 69 71 72 73 75 78 79 81 82 83 86 89 90 91 92 95 97 98
39 c 40 5 425 0 905 10 10 7 40 43 45 46 50 51 52 53 54 55 56 57 58 60 62 63 64 65 66 70 71 73 78 79 82 85 86 90 92 94 96 97 99 100
40 c 67 85 425 0 905 10 20 14 43 44 45 46 48 51 52 54 55 56 58 59 60 61 62 65 67 70 72 75 76 78 79 81 88 92 95 96 97 99 100
41 c 65 85 426 0 906 10 40 39 42 43 46 47 48 50 51 54 56 61 64 65 68 72 77 83 85 86 88 91 93 94 95 96 97 98
42 c 10 20 427 0 907 10 19 27 44 45 47 50 54 55 58 61 64 66 67 69 70 71 74 75 79 80 82 86 87 89 90 91 92 93 96 97 98 100
43 c 0 40 428 0 908 10 20 28 44 46 48 49 51 52 53 54 55 56 57 58 60 61 63 64 65 68 70 73 77 79 80 81 83 84 85 89 90 91 92 93 97
44 c 60 85 429 0 909 10 30 35 46 49 50 51 52 56 59 60 61 64 65 67 68 69 73 74 79 81 82 84 85 86 90 91 93 96 99
45 c 65 82 429 0 909 10 10 10 46 49 53 54 56 58 60 63 64 66 68 69 72 73 75 78 79 82 84 85 86 89 91 93 94 96 98 99
46 c 20 85 429 0 909 10 20 14 47 48 49 51 54 55 57 58 61 63 65 70 72 75 76 78 80 85 86 87 90 92 93 94 95 98 99
47 c 42 10 429 0 909 10 40 49 48 49 50 55 59 60 62 64 66 67 68 72 74 76 78 87 90 91 95 97 99
48 c 0 45 429 0 909 10 20 30 49 55 57 58 61 62 66 67 68 70 74 75 76 78 79 81 84 85 88 91 92 95 97 99 100
49 c 65 20 430 0 910 10 6 1 50 52 53 54 57 58 59 65 74 75 78 79 80 83 84 86 89 93 97 98 100
50 c 22 85 430 0 910 10 10 19 51 55 58 59 60 61 62 63 66 67 68 69 70 72 73 74 75 77 79 80 83 85 88 90 92 93 94 95 96 100
51 c 2 60 430 0 910 10 5 7 54 55 56 61 66 71 72 74 76 78 81 83 87 88 91 93 94 95 96 98 100
52 c 42 12 431 0 911 10 10 2 53 55 58 60 61 62 63 70 71 73 74 75 76 81 88 90 91 94
53 c 2 45 432 0 911 10 10 2 54 55 57 59 61 64 65 66 67 68 69 70 72 74 76 77 84 86 89 90 91 93 97 98 99
54 c 25 85 432 0 911 10 20 10 55 56 57 62 63 67 70 75 76 78 81 82 84 85 88 89 90 92 93 95 98 100
55 c 55 85 432 0 911 10 20 10 58 60 63 64 65 66 69 72 74 79 83 87 88 92 94 95 96 99 100
56 c 18 80 432 0 912 10 10 2 57 58 59 62 63 64 66 70 71 74 76 77 78 79 81 82 84 87 90 91 92 93 94 95 96 98 99
57 c 20 82 432 0 912 10 10 2 58 59 60 68 69 70 71 76 77 80 82 83 86 88 89 91 92 95 99 100
58 c 60 80 433 0 913 10 10 4 59 60 61 64 67 68 69 71 72 75 77 84 88 89 91 92 93 94 95 98 99
59 c 63 23 434 0 914 10 2 9 60 64 65 66 68 70 71 74 76 77 78 81 86 87 88 89 91 95 96 97 100
60 c 72 35 434 0 914 10 30 28 65 67 70 72 74 75 78 81 82 83 86 88 89 91 93 94
61 c 5 45 434 0 914 10 10 1 62 64 65 69 72 75 76 81 82 86 87 88 90 93 94 98
62 c 42 15 434 0 914 10 10 6 63 65 68 69 71 72 76 79 80 81 82 83 85 87 88 89 91 92 96 97 99
63 c 38 15 434 0 914 10 10 13 65 66 67 68 69 71 72 77 78 81 82 83 84 85 87 88 89 90 91 92 93 95 97 99 100
64 c 15 75 436 0 914 10 20 20 66 68 73 76 78 79 81 84 85 92 94 95 98 100
65 c 40 15 436 0 915 10 40 38 66 67 71 73 77 78 79 84 85 86 94 97 98 99 100
66 c 18 75 436 0 916 10 20 21 68 69 75 76 77 78 80 81 82 85 92 93 94 95 99 100
67 c 55 80 436 0 916 10 10 6 72 73 74 76 78 79 80 81 86 87 88 97 98 99
68 c 55 20 437 0 916 10 19 14 72 75 76 80 81 84 86 87 88 89 90 93 94 96 99
69 c 21 24 437 0 917 10 28 31 71 72 73 74 75 78 79 81 83 85 86 88 89 91 94 96 97 98
70 c 8 45 437 0 917 10 20 12 71 77 78 79 83 88 91 92 93 94 97 98 100
71 c 8 56 437 0 917 10 27 28 79 80 82 86 90 91 92 95 96 97 98 99
72 c 10 40 438 0 918 10 30 23 75 76 80 81 84 86 87 88 89 92 95 99
73 c 58 75 439 0 919 10 20 23 75 78 79 80 82 83 84 86 87 88 91 94
74 c 22 75 439 0 919 10 30 34 77 79 80 82 83 84 85 86 89 91 92 94 95 99 100
75 c 63 65 442 0 922 10 8 8 76 77 79 80 81 82 84 85 86 92 93 94 99 100
76 c 30 25 443 0 923 10 23 29 78 79 80 82 83 85 91 92 93 96
77 c 15 60 443 0 923 10 17 10 79 81 83 87 90 91 92 93 94 96 97 98 99
78 c 65 55 444 0 924 10 14 4 79 80 88 91 92 93 94 95
79 c 25 30 445 0 925 10 3 1 80 84 85 87 88 89 90 91 95 97 100
80 c 61 52 449 0 928 10 3 1 85 86 90 92 93 94 96 97 99
81 c 56 37 449 0 929 10 6 9 82 85 87 88 89 90 91 92 93 97 99 100
82 c 45 30 449 0 929 10 17 26 84 85 88 90 91 93 95 97 99 100
83 c 37 31 450 0 930 10 14 10 85 86 87 89 91 92 96 99 100
84 c 35 69 450 0 930 10 23 19 85 86 88 90 92 93 96 100
85 c 31 67 450 810 930 10 3 1 86 88 90 93 94 95 96 97 99
86 c 55 60 451 0 931 10 16 11 87 89 95 96 98 99
87 c 50 35 451 0 931 10 19 23 89 90 91 92 94 95 96 97
88 c 57 48 452 0 932 10 23 29 90 91 92 94 95 97 98
89 c 24 58 452 0 932 10 19 9 90 92 93 94 96 98 99
90 c 55 54 454 0 934 10 26 26 91 92 94 97 98 99 100
91 c 45 65 454 0 934 10 9 18 95 96 99 100
92 c 27 43 455 0 935 10 9 8 94 96 97 99 100
93 c 26 52 455 0 935 10 9 8 94 96 98 100
94 c 41 37 456 0 936 10 16 10 95 97 98 99
95 c 49 58 457 0 937 10 10 14 96 98 100
96 c 49 42 457 0 937 10 13 4 98 100
97 c 35 40 458 0 938 10 16 7 99
98 c 40 60 460 0 940 10 21 20 100
99 c 47 47 462 0 942 10 13 8 100
100 c 37 47 465 0 945 10 6 1

