StringID Type x y release ReadyTime DueDate ServiceTime weight volume Item_Conflitante1 Item_Conflitante2 Item_Conflitante3 Item_Conflitante4 Item_Conflitante5 Item_Conflitante6 Item_Conflitante7 Item_Conflitante8 Item_Conflitante9 Item_Conflitante10 Item_Conflitante11 Item_Conflitante12 Item_Conflitante13 Item_Conflitante14 Item_Conflitante15 Item_Conflitante16 Item_Conflitante17 Item_Conflitante18 Item_Conflitante19 Item_Conflitante20 Item_Conflitante21 Item_Conflitante22 Item_Conflitante23 Item_Conflitante24 Item_Conflitante25 Item_Conflitante26 Item_Conflitante27 Item_Conflitante28 Item_Conflitante29 Item_Conflitante30 Item_Conflitante31 Item_Conflitante32 Item_Conflitante33 Item_Conflitante34 Item_Conflitante35 Item_Conflitante36 Item_Conflitante37 Item_Conflitante38 Item_Conflitante39 Item_Conflitante40 Item_Conflitante41 Item_Conflitante42 Item_Conflitante43 Item_Conflitante44 Item_Conflitante45 Item_Conflitante46 Item_Conflitante47 Item_Conflitante48 Item_Conflitante49 Item_Conflitante50 Item_Conflitante51 Item_Conflitante52 Item_Conflitante53 Peso_Total Volume_Total
0 d 35 35 0 0 230 0 0 0                                                      200 200
1 c 31 52 0 24 85 10 27 26 2 3 4 7 8 11 12 15 18 21 22 24 25 27 29 30 32 34 35 36 37 38 40 44 50 51 52 53 58 59 61 62 63 67 70 73 77 78 79 81 82 83 84 85 86 87 90 96 97 98
2 c 53 52 0 24 92 10 11 20 5 6 8 9 10 12 14 15 22 23 26 34 35 38 39 40 41 43 44 46 47 49 53 54 55 56 60 66 67 68 71 75 77 78 79 80 81 83 84 85 87 88 89 91 93 95 97
3 c 57 68 0 54 109 10 15 13 6 12 14 19 23 25 27 29 30 31 32 33 35 36 37 38 39 40 41 42 45 46 47 51 55 56 57 58 59 60 62 63 64 68 71 72 73 77 80 82 83 84 85 86 89 90 92 96 97 98 100
4 c 2 60 0 41 112 10 5 1 5 8 9 10 11 12 13 14 19 21 22 25 27 28 29 33 34 38 40 41 42 47 53 57 61 63 64 65 66 71 72 74 75 80 81 82 85 89 90 92 93 95 97 100
5 c 14 37 0 21 89 10 11 11 8 15 16 17 20 21 27 29 30 31 34 35 39 40 41 43 44 47 48 49 51 57 60 63 64 66 67 68 70 72 76 77 78 80 82 84 85 86 87 91 95 98 100
6 c 5 5 0 60 115 10 16 10 7 8 10 14 17 20 21 23 26 27 28 29 30 31 33 38 40 42 45 48 49 50 53 55 56 57 59 64 65 66 70 74 76 80 82 84 86 87 90 92 95 96 97 98 99
7 c 60 12 0 33 110 10 31 32 8 9 10 13 14 15 17 18 23 24 26 27 28 30 32 36 38 41 48 53 54 56 57 58 61 63 64 65 66 68 69 70 73 74 75 76 80 81 82 84 85 86 87 89 91 96 97 99 100
8 c 40 25 0 65 114 10 9 2 9 10 12 14 15 17 18 19 20 23 25 28 30 31 32 39 40 41 42 47 48 49 51 52 53 54 55 56 62 64 65 68 70 72 73 76 78 79 81 82 84 86 87 88 90 91 93 96 97 100
9 c 24 12 0 25 91 10 5 7 10 11 12 14 16 17 18 21 25 26 29 30 31 32 37 43 45 46 47 50 54 57 58 59 61 62 65 66 67 68 69 70 71 73 75 76 77 78 81 87 89 93 95 96 97 98
10 c 15 47 0 29 90 10 16 17 11 13 14 18 19 20 21 22 24 29 31 35 38 39 40 41 43 44 45 48 49 55 56 58 63 70 71 73 74 76 77 78 81 82 85 88 95 96 98 100
11 c 11 14 0 45 102 10 18 24 12 13 14 15 16 17 19 20 21 22 27 28 29 30 31 32 33 35 37 38 39 40 43 44 49 51 53 55 56 57 58 63 64 67 69 71 73 75 78 79 81 82 84 85 86 87 88 90 91 92 94 97 99
12 c 6 38 0 29 99 10 16 24 13 14 16 20 22 24 26 28 34 35 36 37 39 40 42 44 47 48 52 53 55 57 58 62 63 66 67 68 69 76 77 81 83 84 85 86 87 90 91 92 96 99
13 c 8 56 0 34 105 10 27 23 14 15 16 19 20 21 22 24 25 30 31 34 35 37 39 40 44 46 47 49 52 54 59 60 61 62 65 66 69 70 71 72 73 75 76 77 78 79 80 81 82 83 87 89 97 98
14 c 20 26 0 60 115 10 9 11 15 16 17 18 19 21 22 23 26 28 29 33 34 35 36 37 38 39 42 43 45 46 48 50 51 52 53 54 56 59 60 61 63 64 71 77 82 84 86 87 88 91 92 93 94 95 96 97 99 100
15 c 27 43 0 26 87 10 9 13 16 17 18 19 22 23 27 28 36 40 43 44 45 50 52 54 55 56 60 61 64 66 67 69 70 73 75 77 79 80 81 84 85 87 89 96 97 98 100
16 c 49 42 0 52 103 10 13 7 17 19 20 21 23 27 31 33 35 36 37 48 49 59 61 62 65 67 69 73 74 78 79 81 82 83 85 87 92 93 95 96
17 c 49 11 0 45 102 10 18 23 18 24 26 28 29 33 34 35 36 37 38 39 41 42 44 46 47 48 49 51 52 56 58 59 60 63 67 69 70 72 74 78 79 80 81 82 87 89 90 92 93 94 96 97 98 100
18 c 21 24 0 17 100 10 28 25 21 24 28 32 35 37 41 43 44 46 47 50 51 54 56 58 60 61 66 67 69 70 71 72 74 75 77 80 81 82 83 86 90 96 97 98 100
19 c 44 17 0 56 109 10 9 1 21 22 23 25 28 35 36 39 40 44 46 47 48 49 50 52 54 57 61 62 63 67 68 72 73 74 76 78 82 85 88 89 93 100
20 c 12 24 0 55 106 10 13 23 21 22 24 27 28 29 32 35 40 42 44 49 50 59 61 62 66 68 72 73 77 78 82 84 87 88 89 93 94 95 96 98 100
21 c 24 58 0 30 95 10 19 16 24 27 29 30 31 32 33 34 35 37 38 41 42 43 45 46 47 48 52 53 54 55 56 57 59 60 61 62 63 64 66 68 69 72 73 75 76 77 78 79 80 81 83 85 87 88 89 91 95 97 98 99
22 c 27 69 0 34 103 10 10 2 23 24 25 26 27 29 30 34 35 37 39 42 45 46 47 49 52 57 58 59 60 62 63 65 66 67 68 70 71 72 75 76 77 78 79 81 82 83 85 88 92 93 96 97 100
23 c 15 77 0 48 107 10 9 1 28 29 34 35 38 39 40 41 43 44 45 46 49 50 51 57 60 62 64 65 67 68 72 73 74 75 77 78 79 81 84 85 86 90 91 97 100
24 c 62 77 0 49 113 10 20 11 25 26 29 32 33 35 39 44 45 47 48 49 51 54 56 58 61 63 65 67 69 71 72 73 74 76 79 80 83 84 85 86 87 92 93 94 98 99 100
25 c 47 16 0 22 96 10 25 31 26 27 28 33 35 36 37 38 39 40 42 43 44 45 46 47 48 49 55 57 58 59 63 64 65 69 74 77 78 79 80 83 92 93 94 95 96 98 100
26 c 40 60 0 49 102 10 21 27 27 28 32 34 36 38 41 42 45 46 47 48 50 51 55 57 58 63 67 69 72 73 75 78 79 80 82 83 85 86 87 90 91 92 95 96 97
27 c 64 42 0 37 98 10 9 14 28 29 30 33 34 35 36 39 40 45 47 49 51 57 60 61 62 65 69 73 83 86 87 88 92 93 94 95 97 98 99
28 c 37 47 0 23 86 10 6 14 32 33 34 35 37 38 42 43 44 45 46 49 51 52 56 59 60 65 69 73 74 78 79 80 82 84 88 89 90 91 92 94 96 99
29 c 35 40 0 8 75 10 16 21 36 37 39 40 41 42 44 45 46 47 48 51 52 54 55 60 61 62 63 67 68 69 70 74 77 79 80 81 82 85 87 89 90 91 96 97 98 99
30 c 20 50 0 61 110 10 5 5 32 33 35 38 40 41 43 45 47 51 52 53 54 55 58 60 61 62 63 68 69 71 72 76 77 78 81 84 85 88 90 91 93 94 98 99 100
31 c 35 17 0 22 87 10 7 13 32 33 35 37 39 40 41 42 43 44 45 51 52 53 57 58 61 66 68 71 74 76 78 79 81 82 87 89 90 91 92 96
32 c 19 21 0 32 93 10 10 5 33 36 38 39 40 41 42 43 47 52 55 57 58 61 62 64 65 66 70 71 73 76 77 78 79 80 81 85 86 87 89 90 91 93 94 95 96 100
33 c 20 65 0 42 101 10 12 20 35 36 37 38 39 45 46 48 50 51 53 55 56 59 61 63 64 65 66 70 72 74 75 77 79 82 85 88 89 90 93 94 96 98 99 100
34 c 50 35 0 38 97 10 19 24 36 37 40 42 45 47 50 51 56 57 59 60 61 62 64 65 66 67 68 69 70 71 72 73 74 75 76 77 78 80 81 82 83 85 86 89 91 93 95 96 97 99 100
35 c 41 37 0 11 76 10 16 18 37 38 42 43 44 45 47 48 50 52 56 57 60 65 66 67 70 71 72 73 77 79 80 81 82 84 87 89 90 91 92 93 94 95 96 99
36 c 15 30 4 20 93 10 26 16 38 42 44 47 49 51 52 53 56 58 60 61 62 65 67 69 70 71 72 76 77 78 79 80 81 83 86 87 90 91 95 96 98 100
37 c 15 10 4 32 114 10 20 22 38 39 41 43 44 45 48 49 54 55 56 58 60 63 64 65 67 68 71 73 75 77 78 80 82 89 92 95 96 100
38 c 30 5 4 35 96 10 8 15 39 40 43 44 45 47 50 52 58 59 60 62 65 68 69 72 73 74 75 76 77 81 82 85 86 87 88 89 92 94 95 98
39 c 10 20 4 52 107 10 19 26 40 41 42 44 45 47 49 50 51 53 55 56 59 61 63 64 65 66 68 72 73 75 76 77 78 79 80 81 83 85 86 87 90 91 92 94 97 98 99 100
40 c 22 22 4 18 88 10 2 6 41 42 49 51 53 55 58 61 62 63 69 71 80 82 83 84 86 88 90 91 92 95 99 100
41 c 25 24 4 14 78 10 20 15 42 46 47 48 49 50 53 56 57 60 63 64 65 67 69 71 73 76 77 81 82 87 88 92 93 97 99
42 c 20 40 4 69 114 10 12 20 47 51 53 54 55 58 60 61 65 69 71 72 74 76 78 79 80 83 84 86 88 89 90 91 93 96 98
43 c 55 5 4 43 102 10 29 37 45 50 51 52 53 55 57 58 59 62 63 64 65 67 68 70 73 77 78 79 80 82 83 85 86 90 91 93 94 96 97 98 99 100
44 c 45 20 4 37 96 10 11 12 50 51 55 57 59 60 62 64 65 68 69 70 71 72 73 74 76 77 79 81 83 86 87 88 89 90 91 92 94 98
45 c 26 52 4 50 107 10 9 1 46 47 52 54 57 58 60 62 63 64 66 67 68 70 73 74 75 77 78 87 89 92 94 97 99 100
46 c 15 60 4 52 109 10 17 18 49 51 54 55 56 58 60 61 62 64 66 69 72 74 75 76 78 79 80 81 83 84 85 88 89 93 94 98 99
47 c 67 5 4 59 116 10 25 26 48 52 53 54 55 57 61 62 63 64 65 66 69 70 71 72 73 75 76 79 80 82 84 85 86 89 92 97 99 100
48 c 28 18 4 79 116 10 26 30 49 50 55 58 60 64 66 69 70 71 72 74 75 76 77 78 81 84 87 89 91 92 94 96 97 98 100
49 c 55 54 4 78 119 10 26 23 53 54 58 59 62 67 68 70 71 75 78 83 85 86 89 91 95 96 98 99 100
50 c 16 22 17 70 121 10 41 51 51 53 54 55 56 58 59 61 65 68 70 72 73 75 79 80 81 83 85 86 88 91 95 96 99
51 c 57 48 17 72 121 10 23 30 53 55 57 58 59 60 61 63 67 70 71 73 74 76 79 80 83 85 86 91 92 93 94 95 99 100
52 c 49 58 17 64 121 10 10 9 55 56 58 66 67 69 70 71 73 77 78 80 85 86 88 89 92 93 94 95 97 98 100
53 c 4 18 17 74 123 10 35 27 54 58 59 61 62 67 68 69 74 75 77 79 80 81 85 86 89 91 94 95 96 97 98 99 100
54 c 37 31 17 75 124 10 14 18 56 57 58 59 60 61 67 68 70 71 74 75 81 85 87 88 89 90 91 92 93 94 95 96 97 100
55 c 10 43 17 75 124 10 9 10 59 61 62 64 65 67 70 73 74 75 76 77 78 83 84 86 87 90 92 93 95 97 98 99
56 c 31 67 17 73 126 10 3 1 57 59 62 63 64 65 68 70 71 74 75 76 77 78 81 83 84 86 89 90 91 92 93 95 98 100
57 c 45 10 17 76 127 10 18 13 58 59 62 64 65 67 68 71 72 74 78 79 80 82 84 85 87 89 90 91 93 94 98 100
58 c 26 27 17 81 128 10 27 21 59 61 63 65 67 69 70 73 75 76 80 84 86 87 88 89 91 93 95 99
59 c 55 60 17 74 129 10 16 20 61 62 63 64 66 67 68 69 72 77 79 81 83 85 91 94 95 96 97 98 99
60 c 61 52 17 71 130 10 3 1 64 65 66 67 72 74 75 76 78 79 83 84 87 88 90 92 93 94 95 97
61 c 11 31 17 81 130 10 7 8 62 66 68 69 70 71 72 73 74 78 79 80 81 85 88 89 91 93 95 98 99 100
62 c 42 7 17 72 131 10 5 13 64 65 70 71 73 74 76 77 78 79 81 83 84 87 89 93 98 100
63 c 25 30 17 76 131 10 3 3 64 65 66 67 68 71 72 75 76 77 80 83 84 85 86 89 90 93 94 95 96 97 98 99 100
64 c 6 68 17 93 132 10 30 25 66 67 68 69 70 71 72 73 74 76 78 80 82 83 86 87 90 91 92 94 95 98 100
65 c 32 12 19 77 134 10 7 15 66 67 76 77 81 82 83 84 87 88 90 91 95 96 100
66 c 55 45 28 98 143 10 13 18 68 69 70 72 73 74 75 76 78 81 82 83 84 87 88 89 92 93 95 100
67 c 65 55 32 96 147 10 14 19 68 69 70 73 74 76 77 78 80 82 83 85 86 87 91 92 93 95 97
68 c 30 60 40 107 150 10 16 6 70 73 74 76 77 83 85 88 89 93 95 97 100
69 c 2 48 40 92 151 10 1 9 70 71 73 76 78 86 88 89 91 92 93 99
70 c 47 47 40 102 155 10 13 10 76 77 78 80 81 82 83 86 88 89 91 92 96 97 100
71 c 45 65 41 105 156 10 9 18 73 75 76 77 78 79 81 82 83 84 88 90 93 95 98 99 100
72 c 49 73 50 104 159 10 25 16 73 75 76 77 79 80 83 88 91 92 94 97 98 99 100
73 c 25 21 50 115 160 10 12 16 75 76 77 81 82 83 85 91 92 93 94 95 96 97 99
74 c 45 30 50 112 161 10 17 27 76 77 78 79 81 83 84 85 86 88 92 94 95 96 98 100
75 c 23 3 50 111 162 10 7 2 76 77 78 86 89 90 91 95 96 97 99
76 c 53 12 50 106 163 10 6 12 79 80 81 82 85 86 87 88 89 91 94 95 98 99 100
77 c 20 20 50 113 164 10 8 4 78 80 81 82 85 86 87 89 90 95 96 98 99 100
78 c 22 27 50 114 165 10 11 13 81 82 83 84 85 87 89 92 93 94 96 97 98 99 100
79 c 63 23 56 111 170 10 2 6 83 85 86 88 89 90 94 95 97 99 100
80 c 57 29 56 118 171 10 18 11 81 82 83 85 86 87 88 89 92 97 98 99
81 c 35 69 60 116 175 10 23 23 83 85 87 89 91 92 93 95 98 100
82 c 56 39 63 117 176 10 36 34 84 89 91 96 98 100
83 c 63 65 63 116 178 10 8 2 84 85 86 87 88 89 90 92 93 95 97 100
84 c 46 13 69 123 184 10 8 3 86 89 91 92 94 95 97 98 99
85 c 55 20 69 123 184 10 19 19 89 91 95
86 c 65 20 71 121 186 10 6 1 87 88 89 94 99
87 c 5 30 75 124 189 10 2 1 90 91 95 97 99 100
88 c 65 35 75 124 190 10 3 12 89 90 91 94 96 98
89 c 13 52 77 128 192 10 36 42 91 92 94 98 99
90 c 15 19 79 132 194 10 1 1 92 95 96 98
91 c 18 18 80 123 195 10 17 14 95 98
92 c 30 25 81 131 196 10 23 30 94 97
93 c 37 56 83 123 198 10 5 8 94 95 97 98
94 c 41 49 84 133 198 10 10 14 95 98 99
95 c 56 37 84 135 198 10 6 10 96 98 100
96 c 18 24 84 129 199 10 22 28 98 99
97 c 17 34 84 134 199 10 3 10 98 99 100
98 c 53 43 85 136 200 10 14 13 99 100
99 c 36 26 95 147 210 10 18 13
100 c 26 35 96 139 211 10 15 21

