StringID Type x y release ReadyTime DueDate ServiceTime weight volume Item_Conflitante1 Item_Conflitante2 Item_Conflitante3 Item_Conflitante4 Item_Conflitante5 Item_Conflitante6 Item_Conflitante7 Item_Conflitante8 Item_Conflitante9 Item_Conflitante10 Item_Conflitante11 Item_Conflitante12 Item_Conflitante13 Item_Conflitante14 Item_Conflitante15 Item_Conflitante16 Item_Conflitante17 Item_Conflitante18 Item_Conflitante19 Item_Conflitante20 Item_Conflitante21 Item_Conflitante22 Item_Conflitante23 Item_Conflitante24 Item_Conflitante25 Item_Conflitante26 Item_Conflitante27 Item_Conflitante28 Item_Conflitante29 Item_Conflitante30 Item_Conflitante31 Item_Conflitante32 Item_Conflitante33 Item_Conflitante34 Item_Conflitante35 Item_Conflitante36 Item_Conflitante37 Item_Conflitante38 Item_Conflitante39 Item_Conflitante40 Item_Conflitante41 Item_Conflitante42 Item_Conflitante43 Item_Conflitante44 Item_Conflitante45 Item_Conflitante46 Item_Conflitante47 Item_Conflitante48 Item_Conflitante49 Item_Conflitante50 Item_Conflitante51 Item_Conflitante52 Peso_Total Volume_Total
0 d 40 50 0 0 1236 0 0 0                                                     200 200
1 c 5 35 43 224 404 90 10 16 2 3 6 7 14 16 17 18 19 20 23 24 28 29 32 36 40 41 42 45 46 47 49 50 53 54 56 57 60 63 64 65 66 72 73 74 77 78 81 83 84 85 86 89 90 91 92 93 94 95 96
2 c 53 35 43 293 473 90 50 54 4 5 6 12 14 15 17 18 19 21 26 29 32 34 36 38 39 40 41 44 45 46 49 50 51 53 56 58 59 60 62 64 66 67 68 69 72 73 75 79 81 82 83 85 86 87 90 92 93 94 95 96
3 c 0 40 43 411 591 90 30 38 4 7 8 9 13 14 22 23 29 31 33 38 41 42 43 44 48 49 50 51 55 56 62 63 66 67 68 69 70 71 75 78 79 80 81 82 84 85 86 87 92 95 96 97
4 c 35 30 43 203 383 90 10 1 5 6 8 11 13 14 18 21 23 24 27 28 29 30 31 33 41 43 45 49 54 57 59 60 61 62 64 65 68 69 70 74 75 76 77 83 88 90 92 93 94 97 99 100
5 c 35 32 43 111 291 90 10 1 8 9 10 13 14 16 17 18 19 21 22 23 24 25 26 30 32 38 39 40 41 43 44 45 49 54 57 59 61 69 70 71 72 75 77 81 83 85 86 87 89 94 100
6 c 33 32 43 19 199 90 20 30 9 12 13 15 19 20 22 24 29 30 34 35 38 41 43 48 51 52 53 56 58 60 61 71 72 75 76 78 82 83 84 87 88 89 90 91 92 93 96 98
7 c 33 35 43 16 196 90 10 19 8 9 11 14 15 16 19 21 23 27 28 30 33 34 37 38 41 43 44 45 46 49 53 55 60 62 64 65 66 68 74 78 79 80 81 84 86 89 92 93 95 98
8 c 32 30 43 296 476 90 10 7 10 11 14 15 16 17 20 21 22 23 24 25 26 27 29 30 36 39 40 41 42 43 44 46 48 49 50 51 52 53 56 58 59 61 63 64 67 70 71 73 80 81 82 87 88 90 91 92 93 95 97 99
9 c 30 32 43 389 569 90 30 28 14 16 19 20 22 23 24 27 29 30 33 34 36 39 41 42 43 44 46 47 50 52 55 57 58 61 62 63 64 66 71 72 74 75 76 78 79 83 86 88 89 93 94 95 98 100
10 c 65 55 43 25 205 90 20 16 13 14 18 21 23 24 25 28 31 32 35 39 41 43 44 46 51 52 53 58 59 60 61 62 63 64 65 66 67 68 72 73 77 78 79 80 81 83 85 87 88 90 91 94 96 97 98 99 100
11 c 66 55 43 116 296 90 10 5 12 17 18 20 21 22 26 28 29 30 31 32 38 39 43 44 45 46 47 48 50 51 53 54 56 57 58 63 64 65 68 73 75 78 80 86 87 88 89 90 92 96
12 c 70 58 43 401 581 90 20 19 14 15 17 21 26 28 31 32 33 34 36 37 38 39 41 42 43 45 46 50 51 52 53 58 62 63 65 68 73 75 78 79 80 81 82 83 85 87 88 89 90 92 93 94 95 96 97 98
13 c 72 55 43 212 392 90 10 4 15 16 18 20 23 25 27 29 30 32 33 34 35 38 39 40 49 50 52 56 58 59 60 61 62 63 66 67 68 69 71 72 73 74 75 77 82 83 85 86 88 90 92 93 96 98 99
14 c 44 5 43 227 407 90 20 27 15 18 20 21 23 24 27 30 32 34 39 45 48 50 54 55 56 57 58 61 62 64 65 66 72 73 74 77 83 84 86 87 88 91 92 94 97
15 c 60 55 43 20 200 90 10 6 16 18 19 21 22 23 27 28 29 30 32 33 37 41 48 50 51 52 53 54 55 61 62 63 70 73 74 77 79 80 81 83 87 88 90 92 93 98 99
16 c 42 10 43 132 312 90 40 38 17 18 19 20 22 25 26 27 28 29 32 34 38 41 43 45 52 55 57 59 60 61 62 63 65 67 68 69 72 76 77 79 83 86 90 91 93 94 96 99
17 c 40 5 43 321 501 90 30 29 22 23 29 34 36 37 38 42 43 45 46 47 48 52 55 56 57 58 62 64 65 67 68 69 70 71 73 74 75 76 79 81 84 85 91 92 94 97 98
18 c 40 15 43 35 215 90 40 48 22 23 24 28 30 32 34 35 39 40 44 45 46 48 49 58 60 61 62 65 67 68 69 70 71 78 82 94 96 97 99
19 c 38 5 43 413 593 90 30 28 20 23 24 25 26 28 30 32 34 38 39 40 41 42 43 51 52 55 56 57 58 59 61 63 66 67 69 71 73 77 79 80 83 84 86 95 98 99
20 c 75 55 43 305 485 90 20 24 26 28 29 31 35 36 38 39 40 42 44 49 50 51 55 62 63 66 68 69 71 74 75 76 77 81 82 83 84 86 89 90 91 94 97 99 100
21 c 50 35 43 200 380 90 20 15 23 24 25 28 32 33 35 36 39 43 46 47 48 49 51 52 54 55 56 57 60 61 64 67 68 70 71 72 74 75 77 78 79 80 82 84 88 89 90 92 93 95 97 98 100
22 c 50 40 43 105 285 90 50 57 25 26 30 31 33 34 36 37 39 43 44 45 46 47 48 51 52 54 57 60 61 63 64 67 68 72 75 77 84 85 86 87 89 90 91 92 93 96 100
23 c 48 40 43 13 193 90 10 11 26 27 30 31 34 35 36 39 40 41 42 43 44 46 47 51 52 53 55 56 57 58 60 63 68 74 75 76 78 79 80 82 86 89 90 91 92 93 94 96 97 98
24 c 85 35 43 47 227 90 30 35 26 28 31 32 34 38 41 45 48 49 55 56 57 59 60 61 63 64 66 67 68 70 72 74 78 79 80 82 83 85 87 88 92 95 96 99
25 c 47 40 43 12 192 90 10 13 28 29 30 33 37 39 40 41 47 48 50 53 54 55 56 58 61 62 63 65 69 70 71 79 84 86 87 89 91 92 93 96
26 c 88 35 43 50 230 90 20 13 27 30 31 35 37 38 39 40 42 45 46 47 48 51 54 55 57 58 59 60 63 67 69 70 74 75 77 79 80 83 84 86 89 90 93 94 95
27 c 95 30 43 332 512 90 30 26 28 33 34 35 36 37 42 43 44 46 47 48 49 50 51 52 54 55 56 58 59 60 61 62 66 67 73 74 75 78 83 84 89 92 94 95 97
28 c 95 35 43 237 417 90 20 28 29 31 32 35 38 39 42 45 46 47 51 52 55 56 57 58 59 61 62 69 71 72 74 75 78 79 80 84 85 86 91 93 94 96 98 99 100
29 c 53 30 43 388 568 90 10 12 33 35 36 39 42 47 49 50 53 54 58 59 60 61 62 63 65 66 67 69 70 82 83 86 87 88 89 93 96 97 99 100
30 c 92 30 43 425 605 90 10 6 31 33 35 36 37 41 42 44 47 53 56 59 60 68 69 70 72 75 76 77 80 81 82 83 84 85 87 88 90 91 92 93 94 97 98 99
31 c 42 15 43 37 217 90 10 9 32 34 35 37 43 45 46 47 51 53 55 56 57 58 59 60 61 62 63 65 66 68 69 71 72 74 77 79 81 82 88 90 92 93 97 99
32 c 8 40 43 33 213 90 40 33 35 36 37 40 42 43 44 49 51 53 56 57 59 61 62 66 67 69 73 75 83 84 85 86 90 91 95 96 98 99
33 c 2 40 43 319 499 90 20 10 35 37 42 43 45 46 47 48 49 50 51 52 53 54 61 63 64 66 68 71 73 77 81 83 86 88 89 90 93 95 96
34 c 10 35 43 129 309 90 20 13 35 37 38 39 41 42 44 45 49 52 56 63 64 65 66 67 70 71 72 74 75 78 79 80 82 85 86 89 93 94 95 96 98 100
35 c 58 75 43 30 210 90 20 28 38 39 41 42 43 44 45 48 49 53 56 57 59 60 63 64 67 71 72 76 78 80 82 84 86 87 88 89 90 93 94 95 97 99
36 c 42 66 43 16 196 90 10 1 37 39 41 42 43 44 46 49 50 52 54 56 59 61 63 64 65 66 69 70 74 75 79 80 81 82 85 88 90 91 92 93 94 95 97 99 100
37 c 60 80 43 36 216 90 10 17 38 40 49 52 54 55 57 60 61 63 68 70 71 73 75 76 77 78 79 80 81 83 85 86 87 89 94 95 97 98 99 100
38 c 42 65 43 15 195 90 10 9 39 40 41 42 43 44 45 49 52 53 54 56 57 58 59 61 62 63 64 65 66 67 68 69 70 71 72 73 74 77 79 82 83 85 88 89 93 95 100
39 c 40 66 43 108 288 90 20 30 42 44 49 50 52 54 55 58 59 60 63 64 65 66 69 70 72 74 76 77 79 80 84 85 86 87 88 90 91 93 94 97 98 100
40 c 38 68 43 200 380 90 20 14 41 42 46 48 50 51 53 55 56 57 60 63 64 65 66 67 69 70 73 75 83 84 85 87 88 90 93 94 95 97 99
41 c 35 66 43 294 474 90 10 2 43 44 45 47 48 50 51 52 53 63 65 67 68 69 72 73 74 75 76 77 79 82 83 84 85 86 87 90 92 94 95 98 99 100
42 c 35 69 43 387 567 90 10 16 43 45 46 47 49 52 54 55 56 57 58 59 61 62 63 64 65 66 67 70 73 75 77 78 79 80 82 83 85 87 88 89 91 92 93 94 95 97 98
43 c 62 80 43 128 308 90 30 31 45 46 47 48 50 51 52 53 54 58 59 60 61 62 63 65 66 68 70 71 76 78 83 84 86 88 89 94 97 98 99
44 c 22 75 43 30 210 90 30 38 45 46 49 54 55 56 57 58 60 62 65 66 67 68 73 74 75 76 77 78 80 82 83 84 85 86 87 88 89 90 92 94 95 96 100
45 c 20 80 43 317 497 90 40 39 46 47 49 50 52 53 56 57 61 63 67 68 70 72 73 74 75 76 79 80 81 83 85 88 90 92 96 97
46 c 10 40 43 31 211 90 30 33 47 48 49 52 55 56 57 58 59 62 63 65 67 68 69 70 72 74 75 77 79 80 81 82 84 85 86 89 90 92 93 96 97 99
47 c 18 75 43 34 214 90 20 26 48 50 53 57 58 60 61 62 64 65 67 69 70 72 74 75 79 84 86 88 89 90 91 93 94 96 99
48 c 15 75 43 127 307 90 20 21 50 51 52 53 55 59 60 61 62 63 64 65 66 67 74 79 81 82 85 86 87 89 91 93 95 97 99
49 c 15 80 43 222 402 90 10 16 50 52 55 56 57 59 60 62 63 65 68 72 75 80 82 88 90 92 93 95 98 100
50 c 20 85 43 412 592 90 40 40 51 59 63 64 67 68 75 77 78 80 82 83 84 86 89 90 91 93 94 95 96 97 99 100
51 c 30 50 43 10 190 90 10 1 52 53 54 59 61 62 63 68 69 73 74 76 77 80 83 86 90 93 96 98 99
52 c 20 55 43 387 567 90 10 3 56 57 58 59 64 65 67 70 71 72 75 78 82 83 85 86 87 88 90 95 96 97 98 99 100
53 c 20 50 43 292 472 90 10 14 54 55 56 58 59 61 62 63 66 67 69 74 75 84 85 87 94 95 96 97 98
54 c 23 52 43 199 379 90 10 14 55 56 57 66 69 70 72 75 76 77 79 80 82 83 85 87 89 92 95 96 97 98 99 100
55 c 25 52 43 107 287 90 40 41 57 58 61 63 75 78 79 83 85 88 95 99 100
56 c 25 50 43 15 195 90 10 9 57 60 61 63 64 65 66 67 68 69 73 75 77 79 80 81 82 84 88 90 91 92 94 95 97 99
57 c 90 35 43 142 322 90 10 17 58 61 62 66 68 69 72 73 74 76 78 79 80 81 83 84 85 90 93 94 96 98 99 100
58 c 65 82 43 221 401 90 10 12 59 62 65 67 72 74 75 76 77 78 85 93 94 95 98 99 100
59 c 65 85 43 407 587 90 40 40 60 61 62 64 65 66 67 71 74 76 77 79 80 81 82 84 88 89 93 99 100
60 c 67 85 43 315 495 90 20 28 63 64 65 67 68 70 74 78 79 82 83 88 92 94 96 98 99 100
61 c 38 70 43 480 660 90 10 15 63 65 70 72 74 77 78 82 83 84 85 87 88 89 90 95 99 100
62 c 23 55 43 480 660 90 20 13 66 67 69 73 78 81 82 83 86 89 90 92 94 95 96 99 100
63 c 30 30 43 481 661 90 10 20 64 67 73 75 77 79 80 83 86 87 89 92 93 95 98 99
64 c 50 30 43 481 661 90 10 12 65 68 70 74 75 77 82 84 87 88 89 90 91 93 95
65 c 68 60 267 494 674 90 30 32 67 76 79 80 82 84 86 88 89 92 93 94 95 96 97 99
66 c 60 85 267 502 682 90 30 26 68 69 70 71 73 74 76 80 81 86 87 89 92 93 100
67 c 22 85 267 504 684 90 10 17 69 71 72 73 77 78 82 86 87 88 91 95 99
68 c 35 5 267 506 686 90 20 10 69 70 71 73 75 76 77 78 79 82 84 85 86 87 90 91 93 95 99
69 c 0 45 267 506 686 90 20 18 71 73 75 81 84 86 87 88 89 91 92 98 99 100
70 c 88 30 267 519 699 90 10 20 75 77 83 84 85 86 89 91 93 94 97 98 99 100
71 c 25 55 267 572 752 90 10 19 75 76 80 84 87 88 93 94 97 98 100
72 c 40 69 267 572 752 90 20 26 74 76 78 84 85 86 88 91 92 98 100
73 c 48 30 267 573 753 90 10 6 75 76 78 80 82 83 84 87 88 97 98 100
74 c 28 30 267 573 753 90 10 14 75 76 79 80 81 82 84 85 87 92 95 99
75 c 65 60 267 587 767 90 30 39 76 77 78 79 80 81 82 85 88 90 92 94 96 100
76 c 55 85 267 597 777 90 20 26 77 80 81 82 84 87 91 93 95 98
77 c 25 85 267 597 777 90 20 23 78 79 82 86 88 90 91 93 94 96 97 99 100
78 c 5 45 267 601 781 90 10 9 79 80 89 93 94 95 99
79 c 38 15 267 606 786 90 10 5 82 83 84 85 86 87 91 92 93 95 96 97 98 99
80 c 87 30 267 610 790 90 10 14 83 85 87 89 90 91 94 95 96 97 100
81 c 42 68 267 665 845 90 10 19 82 83 85 87 88 89 92 93 99
82 c 28 55 267 665 845 90 10 16 83 85 86 89 93 95 99
83 c 45 30 267 666 846 90 10 6 87 88 90 91 93 94 95 98
84 c 25 30 267 666 846 90 10 11 85 87 88 90 92 94 100
85 c 63 58 267 680 860 90 10 16 86 87 89 91 92 95 96 100
86 c 55 80 267 692 872 90 10 1 88 90 91 93 95 97
87 c 8 45 267 694 874 90 20 22 90 92 93 94 95 97 98 100
88 c 85 25 267 705 885 90 10 18 90 91 95 97 99 100
89 c 45 70 415 758 938 90 30 33 95 96 98
90 c 28 52 415 758 938 90 20 22 92 94 96 97 99
91 c 26 32 415 758 938 90 10 10 92 94 95 96 97 100
92 c 47 35 415 761 941 90 10 19 93 95 96 97 99
93 c 60 60 415 773 953 90 10 18 94 95 96 98 100
94 c 30 52 415 850 1030 90 20 12 95 96 99 100
95 c 45 68 415 850 1030 90 10 15 96 98
96 c 25 35 415 851 1031 90 10 7 97 100
97 c 45 35 415 853 1033 90 10 20 98
98 c 45 65 505 943 1123 90 20 30 99 100
99 c 28 35 506 944 1124 90 10 9 100
100 c 30 35 509 947 1127 90 10 20

