StringID Type x y release ReadyTime DueDate ServiceTime weight volume Item_Conflitante1 Item_Conflitante2 Item_Conflitante3 Item_Conflitante4 Item_Conflitante5 Item_Conflitante6 Item_Conflitante7 Item_Conflitante8 Item_Conflitante9 Item_Conflitante10 Item_Conflitante11 Item_Conflitante12 Item_Conflitante13 Item_Conflitante14 Item_Conflitante15 Item_Conflitante16 Item_Conflitante17 Item_Conflitante18 Item_Conflitante19 Item_Conflitante20 Item_Conflitante21 Item_Conflitante22 Item_Conflitante23 Item_Conflitante24 Item_Conflitante25 Item_Conflitante26 Item_Conflitante27 Item_Conflitante28 Item_Conflitante29 Item_Conflitante30 Item_Conflitante31 Item_Conflitante32 Item_Conflitante33 Item_Conflitante34 Item_Conflitante35 Item_Conflitante36 Item_Conflitante37 Item_Conflitante38 Item_Conflitante39 Item_Conflitante40 Item_Conflitante41 Item_Conflitante42 Item_Conflitante43 Item_Conflitante44 Item_Conflitante45 Item_Conflitante46 Item_Conflitante47 Item_Conflitante48 Item_Conflitante49 Item_Conflitante50 Item_Conflitante51 Item_Conflitante52 Item_Conflitante53 Item_Conflitante54 Item_Conflitante55 Item_Conflitante56 Item_Conflitante57 Peso_Total Volume_Total
0 d 35 35 0 0 230 0 0 0                                                          200 200
1 c 14 37 0 44 54 10 11 5 3 6 7 8 9 10 14 16 18 19 21 26 28 33 34 38 49 50 51 53 54 57 58 63 67 70 71 74 75 77 79 81 82 83 84 88 89 90 94 95 97 98 100
2 c 2 60 0 41 51 10 5 3 5 6 7 8 9 11 14 17 18 19 21 24 28 29 32 35 36 39 44 45 47 50 51 58 60 61 62 67 68 71 75 80 83 84 88 89 91 94 95 99 100
3 c 15 47 0 55 65 10 16 13 6 8 10 12 13 15 21 22 23 24 25 27 32 33 36 39 41 42 43 47 48 49 50 51 53 55 58 59 60 61 62 66 67 68 69 71 73 74 77 80 81 84 85 86 88 89 90 91 92 93 94 95 96 97 98 99 100
4 c 5 5 0 83 93 10 16 12 6 7 8 10 11 12 13 15 16 17 19 20 22 24 30 33 34 35 38 39 40 42 44 48 51 52 54 56 61 62 63 65 66 76 78 82 83 84 88 91 94 96 99
5 c 60 12 0 44 54 10 31 23 10 12 14 18 19 21 23 24 25 27 33 34 38 39 41 42 43 46 48 49 52 55 56 59 61 62 66 68 71 72 74 76 77 79 81 84 85 86 87 88 91 95 96 98
6 c 40 25 0 85 95 10 9 17 7 8 9 11 12 13 15 16 17 18 19 20 23 24 29 31 33 36 37 38 39 41 42 45 46 49 50 51 52 57 58 59 63 64 65 68 72 73 74 75 76 77 79 81 84 86 89 91 92 95 96 97 100
7 c 42 7 0 97 107 10 5 12 8 9 10 13 15 16 18 22 24 25 26 27 31 32 36 40 41 42 44 45 48 49 52 53 54 55 56 57 58 59 63 68 71 79 80 82 83 86 87 88 91 93 94 95 96 97 98 99 100
8 c 24 12 0 31 41 10 5 14 13 17 18 19 20 23 25 27 28 29 30 34 38 39 41 42 44 45 46 47 48 49 50 51 52 54 57 58 63 69 71 72 73 77 78 79 80 82 88 94 95 98
9 c 55 54 0 94 104 10 26 22 10 11 12 14 15 16 18 23 25 26 27 28 30 31 32 33 34 35 36 38 40 41 42 43 44 46 47 48 51 52 54 56 59 60 66 67 70 71 72 73 74 75 76 85 87 88 89 93 94 95 98 99 100
10 c 11 14 0 69 79 10 18 25 13 14 17 19 24 26 28 30 34 35 37 38 39 41 43 47 48 49 50 51 54 55 57 60 61 62 63 64 66 67 69 70 71 74 78 79 80 83 84 86 87 91 94 95 96 97
11 c 6 38 0 32 42 10 16 19 14 15 17 18 19 22 25 26 31 32 33 35 36 37 39 42 43 44 46 49 50 51 52 53 54 55 56 58 59 60 62 64 65 67 73 76 80 85 86 90 91 95 96 98
12 c 8 56 0 51 61 10 27 24 13 14 15 16 17 20 22 23 27 28 29 30 32 33 35 37 38 40 42 44 46 47 50 52 55 56 59 60 62 63 64 65 66 67 70 71 72 76 81 83 84 88 89 93 94 95 96 98 99 100
13 c 57 48 0 92 102 10 23 31 16 17 18 19 20 22 23 25 26 30 31 32 35 36 37 41 42 44 45 50 51 52 53 55 56 58 60 61 67 69 70 71 73 77 78 82 83 86 87 89 92 94 98 99 100
14 c 20 26 0 83 93 10 9 3 20 23 24 28 30 32 42 43 44 46 47 48 49 52 54 55 57 62 64 71 73 74 80 83 84 86 87 88 90 92 93 94 95 97 100
15 c 67 5 0 83 93 10 25 32 16 17 19 25 27 28 29 31 33 35 36 37 39 44 49 50 51 52 53 54 56 61 63 65 69 72 73 74 75 78 82 83 84 88 90 91 93 94 95 96 98 99 100
16 c 49 58 0 88 98 10 10 14 18 20 23 24 25 26 28 29 30 31 34 36 37 41 42 48 50 53 55 57 60 61 63 66 68 69 72 74 76 81 86 87 88 93 96 99
17 c 37 31 0 95 105 10 14 16 18 19 20 22 23 26 30 33 34 36 39 44 47 48 53 55 56 57 58 62 66 73 76 79 82 86 87 88 89 90 97 98
18 c 61 52 0 96 106 10 3 1 21 22 23 27 28 29 32 34 37 38 40 41 42 44 45 52 53 54 55 56 58 62 67 68 69 70 71 72 74 75 76 77 79 80 83 85 87 90 91 93 95 97 100
19 c 49 42 0 73 83 10 13 5 21 22 23 24 25 31 32 34 35 41 43 44 47 51 53 54 55 56 58 59 60 65 67 69 75 76 79 82 83 84 88 89 90 92 95 98 99 100
20 c 49 11 0 69 79 10 18 28 21 24 25 27 28 29 31 34 35 36 37 39 41 42 43 44 45 46 48 49 52 55 58 59 63 65 66 70 72 74 77 80 81 82 84 87 88 90 91 92 93 97 99 100
21 c 32 12 0 101 111 10 7 1 22 23 25 26 29 30 31 32 37 38 42 44 45 49 50 51 54 57 59 61 62 63 64 65 67 68 71 73 76 77 78 79 82 86 92 95 96 97 98 99 100
22 c 44 17 0 78 88 10 9 3 25 26 28 29 30 32 33 34 37 38 41 46 48 49 50 51 53 54 55 57 58 59 60 61 64 65 73 74 76 77 81 82 84 86 87 89 90 92 93 94 97
23 c 21 24 0 18 28 10 28 19 24 26 28 30 31 36 37 40 44 47 48 49 52 53 56 58 63 65 66 67 68 71 72 73 74 77 79 80 81 83 84 87 88 90 92 95 96 100
24 c 47 16 0 35 45 10 25 15 25 26 27 28 31 32 36 37 38 40 44 45 48 49 50 51 53 56 58 60 63 64 66 67 69 74 76 77 79 80 81 82 83 84 85 87 90 91 92 96 99
25 c 12 24 0 76 86 10 13 15 28 31 35 37 41 42 45 47 51 55 56 59 60 62 63 64 66 67 70 71 72 76 77 79 80 81 83 85 87 89 90 91 93 94 95 98 100
26 c 24 58 0 58 68 10 19 21 28 30 35 36 37 39 40 41 42 44 45 47 48 51 52 54 56 57 58 60 63 66 67 68 70 74 75 78 79 81 83 84 85 87 89 90 92 93 94
27 c 27 69 0 34 44 10 10 13 28 34 36 37 39 40 42 43 45 46 48 49 51 55 57 58 59 60 61 63 64 65 68 69 70 71 74 75 80 81 82 84 85 86 87 88 93 94 96 100
28 c 15 77 0 73 83 10 9 3 29 32 34 35 37 38 39 40 41 44 46 48 49 53 54 55 56 57 58 59 62 63 64 71 73 75 76 77 78 79 85 88 89 90 93 95 97 98 99 100
29 c 62 77 0 51 61 10 20 28 32 36 38 39 41 44 47 48 50 51 54 55 56 57 58 61 65 66 67 68 69 71 72 73 74 76 78 79 81 82 83 87 89 90 93 96 97 98 99
30 c 57 68 0 77 87 10 15 24 31 34 35 36 38 41 43 44 45 46 47 48 49 51 54 56 58 60 61 67 68 69 70 71 73 76 77 80 81 85 86 87 88 89 90 93 100
31 c 27 43 0 52 62 10 9 3 32 33 36 37 38 40 42 43 45 46 48 53 55 56 57 59 60 63 67 70 71 75 80 83 84 85 86 89 90 91 94 97 100
32 c 53 52 0 37 47 10 11 18 33 34 38 39 40 41 44 45 47 48 49 53 55 58 59 61 62 65 66 69 71 72 74 79 82 83 85 88 89 92 96 97 98 99
33 c 37 47 0 50 60 10 6 13 36 41 44 46 47 48 50 51 52 53 57 58 59 60 63 65 70 72 73 74 75 77 79 80 81 82 85 86 87 89 90 91 94 97 99 100
34 c 31 52 0 50 60 10 27 19 35 37 39 40 41 46 47 48 51 55 58 61 62 63 65 70 71 74 77 78 79 81 82 84 85 87 90 91 92 93 94 96 97
35 c 19 21 0 58 68 10 10 7 36 42 44 45 50 51 52 54 56 58 59 60 61 62 63 64 67 68 70 71 72 73 74 75 76 79 80 88 89 90 93 95 96 97
36 c 35 17 0 50 60 10 7 9 37 39 40 45 48 50 51 52 55 56 58 59 60 65 69 71 73 75 79 80 81 86 88 90 92 95 96 99
37 c 25 24 0 39 49 10 20 14 42 43 45 47 48 49 51 53 55 57 58 61 62 66 70 71 72 74 77 82 86 87 89 90 92 95
38 c 15 30 0 34 44 10 26 25 41 42 47 48 49 50 52 54 56 57 59 61 65 66 69 73 74 75 76 77 80 82 84 88 90 91 98 100
39 c 25 30 0 99 109 10 3 1 40 41 42 45 49 50 53 54 55 58 60 63 67 68 69 71 73 75 76 78 79 80 81 86 89 90 91 92 95 96 97
40 c 20 50 0 81 91 10 5 7 41 42 46 48 49 50 52 54 57 58 64 65 66 67 69 73 75 76 78 81 82 84 87 88 89 92 94 95 97 100
41 c 10 43 0 95 105 10 9 10 42 43 44 45 46 47 48 51 53 54 57 61 62 64 65 66 67 68 69 71 72 73 78 79 80 81 82 83 84 87 88 89 91 93 94 95
42 c 55 60 0 97 107 10 16 11 43 45 46 48 53 54 55 56 57 59 63 64 69 70 71 72 73 74 76 77 80 81 82 83 84 86 92 96 97 98 99
43 c 26 27 0 100 110 10 27 24 44 45 47 49 50 52 53 55 56 59 61 62 65 66 67 69 70 72 74 76 79 82 83 87 90 91 92 93 96 97 98
44 c 20 65 0 67 77 10 12 11 46 47 51 52 53 54 57 58 60 61 63 65 66 67 68 70 71 73 74 75 76 78 81 82 85 87 92 93 94 95 97 98 100
45 c 50 35 0 63 73 10 19 13 48 49 54 55 57 59 60 61 65 66 70 73 74 78 79 83 86 87 88 89 90 91 92 95 97 98 100
46 c 22 22 0 18 28 10 2 3 48 51 53 54 55 56 58 59 60 64 65 66 67 69 73 75 76 81 83 84 88 91 93 94 95 96 97 98
47 c 15 10 0 32 42 10 20 25 49 50 53 55 58 66 67 68 70 72 73 74 80 81 86 87 88 90 91 94 95 97 99
48 c 30 5 0 61 71 10 8 15 50 51 52 53 54 56 57 61 65 66 69 70 71 73 74 75 81 82 84 85 86 87 88 89 90 93 94 97 98 100
49 c 11 31 0 101 111 10 7 6 53 55 58 59 60 61 62 64 67 69 70 75 76 78 82 84 85 86 87 88 91 93 94 96 98 100
50 c 10 20 0 75 85 10 19 11 52 53 57 58 59 62 63 66 67 68 69 70 71 72 73 74 75 79 81 82 83 85 86 87 88 94 95 96 97 98 99
51 c 28 18 0 93 103 10 26 32 53 56 59 60 64 66 67 68 70 71 76 78 80 81 82 83 84 87 92 94 97 100
52 c 20 40 0 87 97 10 12 11 53 54 58 61 62 64 66 67 70 72 73 74 81 83 84 86 90 92 93 94 96 98
53 c 15 60 0 76 86 10 17 13 54 56 58 59 60 61 62 66 68 70 76 77 83 84 85 87 88 90 91 93 94 95 96 97
54 c 40 60 0 71 81 10 21 25 58 63 64 67 71 73 75 78 80 82 83 85 87 88 89 90 94 97
55 c 26 52 0 74 84 10 9 1 57 58 59 60 61 62 63 64 66 68 69 73 74 75 78 84 87 92 94 96 99
56 c 45 20 0 62 72 10 11 10 58 59 65 67 68 69 71 73 75 76 77 78 80 82 86 90 95 97 98 99 100
57 c 45 10 0 97 107 10 18 27 59 60 62 63 65 68 69 71 78 81 83 84 85 86 87 93 94 95 96 98 100
58 c 55 5 0 68 78 10 29 37 59 60 61 62 63 65 66 68 70 71 72 74 76 77 79 80 82 84 85 86 88 89 90 93 94 97 98 99 100
59 c 31 67 0 95 105 10 3 1 61 62 64 66 68 69 72 74 78 79 80 82 84 87 88 89 90 96 97 98 99
60 c 4 18 0 94 104 10 35 44 61 62 63 64 69 70 71 72 74 79 81 82 83 85 86 87 88 90 94 95 96 98 99
61 c 16 22 0 91 101 10 41 42 62 63 64 65 67 69 72 75 77 78 80 81 82 84 86 88 90 93 94 99 100
62 c 35 40 0 37 47 10 16 20 63 66 69 70 71 72 73 75 76 77 79 80 82 83 84 85 88 92 93 94 95 97
63 c 41 37 0 39 49 10 16 14 66 68 71 72 74 78 82 83 90 91 93 95 96 97 98 99 100
64 c 64 42 0 63 73 10 9 18 66 67 68 74 75 77 81 82 85 87 92 93 96 97 100
65 c 6 68 3 108 118 10 30 21 66 67 69 70 72 74 76 78 79 80 82 83 89 94 96 97 99
66 c 55 45 19 116 126 10 13 4 67 69 70 72 73 76 77 79 86 88 89 90 91 94 97 98
67 c 2 48 19 117 127 10 1 1 68 71 74 75 77 79 81 85 86 87 89 90 94 95 97 98 99
68 c 65 55 19 117 127 10 14 9 71 74 75 76 77 80 81 82 87 89 90 91 92 93 95 96 99
69 c 47 47 19 124 134 10 13 7 70 71 72 75 77 78 79 80 82 85 86 90 91 94 100
70 c 30 60 19 124 134 10 16 26 71 73 74 75 76 77 78 80 81 83 84 85 86 87 89 90 92 95 97 98 99 100
71 c 45 65 28 126 136 10 9 2 74 76 79 83 86 91 95 96 97 98 99 100
72 c 49 73 28 127 137 10 25 18 76 78 81 82 86 88 89 90 92 94 95 97
73 c 53 12 28 130 140 10 6 9 74 75 77 80 82 83 85 86 93 98 99 100
74 c 45 30 28 132 142 10 17 27 75 80 87 88 89 90 91 93 96 98 99
75 c 23 3 28 132 142 10 7 15 76 77 78 80 81 85 88 90 91 92 93 95 97 99 100
76 c 25 21 28 133 143 10 12 9 77 81 83 86 87 91 92 93 99
77 c 20 20 38 134 144 10 8 4 79 80 81 87 89 91 92 93 100
78 c 22 27 38 135 145 10 11 17 79 82 85 88 90 91 92 93 94 95 97 99 100
79 c 63 23 38 136 146 10 2 8 81 82 83 84 85 86 91 95 96 98 100
80 c 57 29 38 140 150 10 18 20 81 83 86 88 89 90 91 92 96 97 98 99
81 c 35 69 38 141 151 10 23 16 82 85 86 87 89 90 91 92 94 95 96 98 99 100
82 c 56 39 38 142 152 10 36 32 85 87 88 89 93 96 97
83 c 63 65 38 143 153 10 8 10 86 87 88 92 94 95 97 98 99
84 c 55 20 44 149 159 10 19 25 86 88 93 96 97
85 c 46 13 44 149 159 10 8 2 91 92 93 95 96 100
86 c 65 35 48 153 163 10 3 11 87 90 92 93 94 96 97 99
87 c 5 30 55 157 167 10 2 1 89 90 92 95 96 98 99 100
88 c 30 25 55 159 169 10 23 13 90 91 92 95 96 98 100
89 c 15 19 55 160 170 10 1 1 90 92 93 94 95 100
90 c 41 49 56 161 171 10 10 6 93 94 97 98 100
91 c 17 34 60 162 172 10 3 11 92 93
92 c 13 52 60 165 175 10 36 38 93 94 95 96 99
93 c 65 20 67 172 182 10 6 11 97 99 100
94 c 26 35 77 176 186 10 15 22 95 97 99
95 c 53 43 77 179 189 10 14 23 96 98 99 100
96 c 37 56 77 182 192 10 5 2 97 99
97 c 56 37 77 182 192 10 6 4 98 99
98 c 18 18 80 185 195 10 17 8
99 c 18 24 83 188 198 10 22 32
100 c 36 26 95 200 210 10 18 13

