   289.702600
 50
   .000000
 25.903730
 10.948810
 16.844230
  4.085888
 20.839240
 39.041070
 58.682310
 68.714210
  7.351963
 54.727330
 13.440200
 17.522010
 15.189100
 38.810120
  7.761027
  1.480460
 19.665310
 15.110470
 46.954330
 25.554580
 61.688990
 11.093220
 11.025030
 40.792150
 35.350320
 37.746610
 14.722760
  5.836042
 13.905750
 54.091150
 53.324830
 49.840470
 33.211730
 12.838090
 10.692800
 35.355330
 40.965260
 15.431280
 41.963560
 10.298540
 11.043430
  6.594195
 10.843200
 15.449170
 15.212260
 17.466710
 45.838750
 40.180720
 31.617580
 41.344030
 25.903730
   .000000
 16.339780
 14.359790
 29.918410
 33.214140
 55.336370
 84.204650
 94.589650
 29.461600
 55.271110
 36.954880
 11.075980
 12.963730
 64.713040
 19.033190
 25.792630
  8.184348
 26.069170
 35.308900
 27.524380
 87.241350
 18.718070
 18.114250
 66.512930
 14.472410
 12.524090
 40.614650
 31.049280
 36.782280
 79.986800
 29.869190
 40.088280
 45.668660
 38.709820
 26.093030
 57.719260
 55.828440
 27.661820
 59.361800
 35.646560
 17.807240
 23.038260
 34.274080
 23.568950
 22.655380
 29.905610
 45.491070
 57.184070
  5.824554
 61.161450
 10.948810
 16.339780
   .000000
 13.567770
 14.979740
 19.452250
 47.734860
 68.002520
 78.724340
 13.134580
 49.272070
 20.617190
  6.612417
  4.251038
 49.067480
  3.190858
 11.460010
 12.582400
 11.860650
 44.512940
 18.917840
 71.049340
 11.354070
  2.499542
 50.472860
 28.412130
 28.791550
 25.302760
 16.742790
 20.449460
 64.443680
 42.413130
 40.801540
 32.716090
 23.110050
 10.260000
 41.607230
 49.176400
 20.717880
 44.748630
 19.642250
  2.144337
 11.760420
 17.946490
 10.197230
 17.618840
 15.716890
 39.738550
 42.679090
 21.682120
 45.740440
 16.844230
 14.359790
 13.567770
   .000000
 20.049350
 32.828630
 40.995280
 74.800900
 83.983450
 23.141230
 62.156070
 30.134350
 14.672760
 14.154510
 54.021340
 13.840680
 15.999780
  6.201853
 25.311190
 31.240040
 31.950150
 77.756340
  6.099751
 16.043020
 56.743810
 18.994280
 23.282120
 30.208970
 20.250900
 30.439790
 68.872700
 44.216400
 50.942980
 46.110630
 28.936390
 22.839260
 52.067950
 41.577230
 13.367660
 57.289560
 27.070360
 15.698380
 11.333980
 27.441980
 23.764990
  8.306625
 29.059710
 52.452000
 55.321330
 19.801350
 57.488010
  4.085888
 29.918410
 14.979740
 20.049350
   .000000
 22.029760
 36.733310
 54.954460
 64.769700
  7.731714
 56.510810
 11.519070
 21.575270
 19.229120
 34.825780
 11.789350
  4.208211
 23.432030
 17.396990
 49.155350
 28.195430
 57.943260
 14.029250
 14.849300
 36.985380
 38.861940
 41.631290
 10.700920
  2.410300
 12.297840
 50.069480
 57.383920
 52.963530
 33.539100
  8.994781
 12.818810
 32.947110
 38.908340
 15.883620
 40.842560
  7.269463
 14.906600
  8.916188
  9.351297
 18.240820
 16.930990
 19.047570
 47.937200
 39.202210
 35.656280
 39.596700
 20.839240
 33.214140
 19.452250
 32.828630
 22.029760
   .000000
 58.565940
 58.154020
 70.742340
 14.301180
 34.656560
 15.422300
 22.257020
 20.854420
 43.897150
 19.115460
 22.312000
 31.788410
  7.602181
 63.951790
 11.124830
 61.180200
 29.163320
 16.959170
 42.942820
 46.970620
 45.393760
 26.135110
 24.377080
 14.229380
 58.591740
 50.740210
 35.402680
 13.283700
 23.536680
 10.525580
 27.320470
 60.871910
 36.122180
 26.163580
 19.447020
 17.319270
 26.630390
 14.973730
  9.745608
 34.877170
  3.771458
 26.635470
 23.974420
 37.139640
 28.543800
 39.041070
 55.336370
 47.734860
 40.995280
 36.733310
 58.565940
   .000000
 62.393430
 64.926310
 44.347260
 93.188810
 44.859740
 52.893760
 51.150090
 41.951220
 45.170150
 37.784160
 47.196840
 54.014910
 48.178120
 64.595650
 64.452260
 37.900970
 48.974730
 47.692340
 54.686520
 62.091160
 34.593400
 34.329690
 46.075220
 50.246740
 85.118340
 88.444330
 68.776210
 36.593660
 49.465560
 58.772870
  3.490847
 28.008720
 71.692050
 39.839250
 48.847520
 35.974630
 44.135470
 54.488920
 32.768600
 55.760870
 84.665770
 70.712520
 60.574340
 67.879520
 58.682310
 84.204650
 68.002520
 74.800900
 54.954460
 58.154020
 62.393430
   .000000
 13.884580
 54.927280
 80.685050
 47.609200
 74.204600
 71.897060
 21.953930
 65.176190
 59.150470
 78.341380
 61.731220
100.490200
 69.266210
  3.063600
 68.701730
 66.639460
 18.085160
 93.756810
 96.362990
 44.597430
 54.550100
 48.042810
 14.065970
108.162300
 91.662040
 55.416340
 45.961850
 59.475870
 32.000380
 65.856430
 66.072760
 43.721960
 48.592270
 66.884000
 63.466980
 50.157340
 64.302660
 69.683170
 59.262540
 77.789400
 44.993970
 89.680920
 37.002200
 68.714210
 94.589650
 78.724340
 83.983450
 64.769700
 70.742340
 64.926310
 13.884580
   .000000
 65.922490
 94.514360
 58.927920
 85.146930
 82.790040
 29.992360
 75.736010
 68.963370
 88.131000
 73.638970
107.255600
 81.859730
 11.581570
 77.929660
 77.620680
 28.391650
102.949600
106.391300
 54.094730
 63.971800
 59.531260
 15.518270
119.936000
104.906500
 68.943810
 55.883960
 70.948140
 45.450140
 68.221930
 73.860710
 57.594800
 59.083200
 77.832020
 72.757410
 61.295500
 76.118800
 77.996480
 71.499600
 91.402120
 58.836400
100.235500
 50.863930
  7.351963
 29.461600
 13.134580
 23.141230
  7.731714
 14.301180
 44.347260
 54.927280
 65.922490
   .000000
 48.845310
  7.508416
 19.292220
 16.971610
 36.615390
 10.561820
  8.783949
 24.673320
 10.397720
 53.921570
 21.274750
 57.980000
 17.901470
 11.730120
 37.568260
 40.713980
 41.859960
 14.133470
 10.078080
  7.490080
 51.999750
 54.297860
 46.468390
 26.052120
 11.541320
  6.032956
 29.093100
 46.593680
 22.680130
 34.700580
  7.366282
 11.963660
 13.887900
  4.812734
 11.900720
 22.521220
 11.434880
 40.414340
 32.881100
 34.799860
 34.398300
 54.727330
 55.271110
 49.272070
 62.156070
 56.510810
 34.656560
 93.188810
 80.685050
 94.514360
 48.845310
   .000000
 49.404450
 47.805210
 48.006150
 73.308810
 50.573380
 56.134140
 58.485350
 39.663990
 90.471140
 30.355540
 83.316330
 60.577630
 47.108060
 70.357880
 69.366490
 63.728880
 60.314290
 58.897700
 48.152700
 85.861690
 53.398630
 22.596180
 27.367780
 57.821500
 44.039550
 49.766670
 95.419120
 69.209850
 37.079360
 53.927280
 47.381720
 59.574210
 49.464770
 39.896090
 66.806680
 37.466060
  9.815403
 35.693930
 55.820210
 43.712260
 13.440200
 36.954880
 20.617190
 30.134350
 11.519070
 15.422300
 44.859740
 47.609200
 58.927920
  7.508416
 49.404450
   .000000
 26.624610
 24.346600
 30.158230
 18.063240
 14.579810
 32.093020
 15.170630
 60.345720
 25.136080
 50.668630
 24.525320
 19.071050
 30.536970
 48.105280
 49.367000
 10.909840
 13.042190
  1.253514
 45.424940
 61.028180
 50.341960
 23.917530
  8.460130
 12.024580
 21.940640
 47.510770
 27.370360
 29.417400
  5.172373
 19.331120
 19.882160
  2.740695
 17.428840
 28.301430
 14.199030
 41.917220
 27.858350
 42.244370
 28.104250
 17.522010
 11.075980
  6.612417
 14.672760
 21.575270
 22.257020
 52.893760
 74.204600
 85.146930
 19.292220
 47.805210
 26.624610
   .000000
  2.378778
 55.587750
  9.792295
 17.928660
 10.774100
 15.002780
 43.390590
 18.109050
 77.259980
 15.166890
  7.565575
 56.832680
 24.775970
 23.528830
 31.906020
 23.270060
 26.302860
 70.974890
 35.808860
 36.555020
 35.004240
 29.684630
 15.215510
 46.811370
 54.061920
 25.130590
 48.352840
 26.111570
  7.329591
 17.281570
 24.047270
 12.543980
 21.110670
 18.863820
 38.031610
 46.189850
 15.774500
 50.086010
 15.189100
 12.963730
  4.251038
 14.154510
 19.229120
 20.854420
 51.150090
 71.897060
 82.790040
 16.971610
 48.006150
 24.346600
  2.378778
   .000000
 53.213450
  7.439896
 15.644120
 11.232390
 13.401130
 43.908480
 17.898060
 74.950630
 13.735390
  5.278349
 54.487190
 26.138970
 25.483940
 29.530460
 20.962740
 24.060380
 68.599510
 38.162270
 37.819220
 33.841730
 27.305860
 13.136320
 44.766400
 52.422140
 23.598440
 46.796700
 23.741900
  5.016706
 15.324000
 21.745350
 11.115910
 19.867060
 17.320810
 38.297600
 44.659890
 17.941030
 48.300360
 38.810120
 64.713040
 49.067480
 54.021340
 34.825780
 43.897150
 41.951220
 21.953930
 29.992360
 36.615390
 73.308810
 30.158230
 55.587750
 53.213450
   .000000
 46.008430
 39.006230
 58.145670
 45.300430
 78.608880
 54.675450
 24.619020
 47.954780
 48.150070
  5.971877
 73.004190
 76.418840
 24.130810
 33.980570
 30.975250
 15.394360
 90.912490
 79.230860
 46.002830
 26.027420
 42.055950
 24.999790
 45.440910
 44.409080
 40.028740
 29.489680
 48.334210
 42.771620
 32.233580
 47.586110
 48.282920
 43.816100
 68.008870
 40.216810
 70.406090
 33.939640
  7.761027
 19.033190
  3.190858
 13.840680
 11.789350
 19.115460
 45.170150
 65.176190
 75.736010
 10.561820
 50.573380
 18.063240
  9.792295
  7.439896
 46.008430
   .000000
  8.326189
 14.241940
 11.776970
 45.079270
 20.373310
 68.215370
 10.236600
  3.809240
 47.544510
 30.283450
 31.340190
 22.158550
 13.567390
 18.024970
 61.370540
 45.599430
 43.274250
 32.364690
 20.010140
  9.004108
 39.483260
 46.744000
 18.772290
 43.561120
 16.670330
  3.679926
  9.353696
 15.342730
 10.774120
 16.316900
 15.347830
 41.208620
 41.557890
 24.539620
 44.120620
  1.480460
 25.792630
 11.460010
 15.999780
  4.208211
 22.312000
 37.784160
 59.150470
 68.963370
  8.783949
 56.134140
 14.579810
 17.928660
 15.644120
 39.006230
  8.326189
   .000000
 19.223880
 16.490310
 45.766480
 26.830980
 62.142650
 10.092730
 11.827830
 41.191460
 34.707660
 37.431000
 14.875430
  5.377219
 15.117780
 54.219630
 53.662130
 50.937110
 34.687830
 13.198020
 12.117560
 36.427430
 39.653610
 13.955720
 43.318080
 11.076220
 11.806400
  5.311885
 12.051720
 16.720500
 13.868870
 18.921520
 47.203570
 41.554370
 31.557270
 42.586540
 19.665310
  8.184348
 12.582400
  6.201853
 23.432030
 31.788410
 47.196840
 78.341380
 88.131000
 24.673320
 58.485350
 32.093020
 10.774100
 11.232390
 58.145670
 14.241940
 19.223880
   .000000
 24.203290
 32.697330
 28.867530
 81.343030
 10.843520
 14.974890
 60.411490
 16.049440
 18.305490
 34.045530
 24.173980
 32.163200
 73.248830
 38.053530
 45.756860
 44.935930
 32.417330
 22.807670
 53.710610
 47.764680
 19.478550
 57.327410
 29.883690
 14.614450
 15.607770
 29.352480
 22.157110
 14.476430
 28.123700
 48.688080
 55.250510
 13.765960
 58.250710
 15.110470
 26.069170
 11.860650
 25.311190
 17.396990
  7.602181
 54.014910
 61.731220
 73.638970
 10.397720
 39.663990
 15.170630
 15.002780
 13.401130
 45.300430
 11.776970
 16.490310
 24.203290
   .000000
 56.372060
 10.892780
 64.791390
 21.982950
  9.363738
 45.334080
 39.536890
 38.445000
 24.315890
 19.802410
 14.326950
 60.501710
 46.432030
 36.081480
 20.855500
 21.668330
  4.578744
 32.481190
 56.035300
 29.718110
 33.399020
 17.373040
  9.722862
 20.074480
 13.441900
  2.675202
 27.923600
  3.931774
 30.731140
 31.258890
 30.394060
 35.129710
 46.954330
 35.308900
 44.512940
 31.240040
 49.155350
 63.951790
 48.178120
100.490200
107.255600
 53.921570
 90.471140
 60.345720
 43.390590
 43.908480
 78.608880
 45.079270
 45.766480
 32.697330
 56.372060
   .000000
 61.490260
103.221100
 36.020170
 47.011870
 82.675370
 22.331750
 30.555450
 57.398530
 48.405950
 60.859370
 91.738720
 55.090870
 74.778590
 77.226710
 57.018310
 54.079300
 82.097150
 46.379730
 34.777290
 88.441000
 56.414230
 46.654430
 40.465360
 57.794980
 54.586590
 32.267010
 60.197800
 80.663620
 86.506480
 36.120400
 88.275530
 25.554580
 27.524380
 18.917840
 31.950150
 28.195430
 11.124830
 64.595650
 69.266210
 81.859730
 21.274750
 30.355540
 25.136080
 18.109050
 17.898060
 54.675450
 20.373310
 26.830980
 28.867530
 10.892780
 61.490260
   .000000
 72.288070
 30.241010
 16.795400
 53.976080
 41.979590
 38.550440
 35.007120
 30.586260
 24.094330
 69.549160
 40.184460
 25.317410
 19.461250
 32.347970
 15.433150
 38.163590
 66.479030
 39.135590
 34.620410
 28.051260
 17.056270
 29.593700
 23.870190
 10.110590
 36.486660
 10.956580
 20.854930
 32.367600
 30.069580
 38.227770
 61.688990
 87.241350
 71.049340
 77.756340
 57.943260
 61.180200
 64.452260
  3.063600
 11.581570
 57.980000
 83.316330
 50.668630
 77.259980
 74.950630
 24.619020
 68.215370
 62.142650
 81.343030
 64.791390
103.221100
 72.288070
   .000000
 71.656620
 69.694630
 21.015030
 96.722600
 99.384600
 47.547800
 57.507840
 51.105180
 15.119120
111.221800
 94.577650
 58.261540
 48.948840
 62.539040
 34.899910
 67.897760
 68.886210
 46.288090
 51.619320
 69.938260
 66.422740
 53.212940
 67.364270
 72.555810
 62.311840
 80.585580
 47.625350
 92.725910
 39.605570
 11.093220
 18.718070
 11.354070
  6.099751
 14.029250
 29.163320
 37.900970
 68.701730
 77.929660
 17.901470
 60.577630
 24.525320
 15.166890
 13.735390
 47.954780
 10.236600
 10.092730
 10.843520
 21.982950
 36.020170
 30.241010
 71.656620
   .000000
 13.474430
 50.644080
 25.086270
 28.941320
 24.109230
 14.152240
 24.941270
 62.863530
 48.333520
 51.554210
 42.304680
 22.859800
 18.732950
 46.448510
 38.941840
  9.977273
 52.504230
 21.152780
 13.196250
  5.234912
 21.894160
 20.976100
  6.266841
 25.424690
 51.081680
 50.618960
 24.478360
 52.273140
 11.025030
 18.114250
  2.499542
 16.043020
 14.849300
 16.959170
 48.974730
 66.639460
 77.620680
 11.730120
 47.108060
 19.071050
  7.565575
  5.278349
 48.150070
  3.809240
 11.827830
 14.974890
  9.363738
 47.011870
 16.795400
 69.694630
 13.474430
   .000000
 49.286830
 30.670580
 30.632270
 24.727190
 16.849110
 18.783610
 63.544080
 42.921430
 39.470010
 30.218550
 22.393550
  8.058505
 39.625410
 50.552770
 22.465350
 42.362580
 18.661780
   .361936
 13.145780
 16.482350
  7.734807
 19.699920
 13.231300
 37.649960
 40.278240
 23.211370
 43.494460
 40.792150
 66.512930
 50.472860
 56.743810
 36.985380
 42.942820
 47.692340
 18.085160
 28.391650
 37.568260
 70.357880
 30.536970
 56.832680
 54.487190
  5.971877
 47.544510
 41.191460
 60.411490
 45.334080
 82.675370
 53.976080
 21.015030
 50.644080
 49.286830
   .000000
 75.716000
 78.534170
 26.534860
 36.498070
 31.154730
 15.813540
 91.554800
 77.877310
 43.341100
 27.994400
 42.558890
 20.970040
 51.176620
 48.101210
 35.735400
 30.877300
 49.506980
 45.410930
 32.912340
 47.779090
 51.619680
 43.375350
 65.712700
 36.174600
 72.083360
 29.346490
 35.350320
 14.472410
 28.412130
 18.994280
 38.861940
 46.970620
 54.686520
 93.756810
102.949600
 40.713980
 69.366490
 48.105280
 24.775970
 26.138970
 73.004190
 30.283450
 34.707660
 16.049440
 39.536890
 22.331750
 41.979590
 96.722600
 25.086270
 30.670580
 75.716000
   .000000
  8.856780
 49.184680
 39.218470
 48.202080
 87.782160
 34.234270
 52.581380
 59.773320
 47.825520
 38.668930
 69.759740
 54.263200
 30.361400
 72.917860
 45.646370
 30.319690
 30.311760
 45.365040
 37.225310
 25.526310
 43.459550
 59.647530
 70.791220
 13.919150
 74.149370
 37.746610
 12.524090
 28.791550
 23.282120
 41.631290
 45.393760
 62.091160
 96.362990
106.391300
 41.859960
 63.728880
 49.367000
 23.528830
 25.483940
 76.418840
 31.340190
 37.431000
 18.305490
 38.445000
 30.555450
 38.550440
 99.384600
 28.941320
 30.632270
 78.534170
  8.856780
   .000000
 52.296770
 42.467760
 49.237890
 91.550610
 25.379910
 45.429420
 57.433720
 50.575410
 38.616550
 70.243350
 61.945320
 36.138050
 71.550590
 47.774650
 30.321700
 33.886160
 46.664510
 35.885010
 31.050380
 42.220000
 54.225590
 69.348740
  8.480863
 73.573790
 14.722760
 40.614650
 25.302760
 30.208970
 10.700920
 26.135110
 34.593400
 44.597430
 54.094730
 14.133470
 60.314290
 10.909840
 31.906020
 29.530460
 24.130810
 22.158550
 14.875430
 34.045530
 24.315890
 57.398530
 35.007120
 47.547800
 24.109230
 24.727190
 26.534860
 49.184680
 52.296770
   .000000
  9.967348
 12.161900
 39.372380
 67.629050
 60.320380
 34.513790
  2.659649
 20.147980
 26.447000
 37.452260
 22.674870
 37.570780
  6.957160
 24.857730
 18.876250
 11.260290
 26.018800
 25.485460
 24.371570
 52.741100
 36.397040
 46.339760
 34.656820
  5.836042
 31.049280
 16.742790
 20.250900
  2.410300
 24.377080
 34.329690
 54.550100
 63.971800
 10.078080
 58.897700
 13.042190
 23.270060
 20.962740
 33.980570
 13.567390
  5.377219
 24.173980
 19.802410
 48.405950
 30.586260
 57.507840
 14.152240
 16.849110
 36.498070
 39.218470
 42.467760
  9.967348
   .000000
 13.953060
 49.086070
 59.031490
 55.291260
 35.688250
  8.812671
 15.225070
 33.877460
 36.524700
 14.441250
 42.459580
  8.270308
 16.875360
  8.917326
 11.159950
 20.604060
 16.152610
 21.440240
 50.344560
 40.887130
 36.839200
 40.904410
 13.905750
 36.782280
 20.449460
 30.439790
 12.297840
 14.229380
 46.075220
 48.042810
 59.531260
  7.490080
 48.152700
  1.253514
 26.302860
 24.060380
 30.975250
 18.024970
 15.117780
 32.163200
 14.326950
 60.859370
 24.094330
 51.105180
 24.941270
 18.783610
 31.154730
 48.202080
 49.237890
 12.161900
 13.953060
   .000000
 46.185280
 60.404760
 49.251160
 22.701500
  9.711878
 11.450770
 21.653140
 48.709860
 28.180580
 28.550570
  6.311294
 19.059270
 20.429590
  3.066448
 16.668040
 28.928010
 13.140490
 40.687430
 26.941470
 41.992730
 27.472400
 54.091150
 79.986800
 64.443680
 68.872700
 50.069480
 58.591740
 50.246740
 14.065970
 15.518270
 51.999750
 85.861690
 45.424940
 70.974890
 68.599510
 15.394360
 61.370540
 54.219630
 73.248830
 60.501710
 91.738720
 69.549160
 15.119120
 62.863530
 63.544080
 15.813540
 87.782160
 91.550610
 39.372380
 49.086070
 46.185280
   .000000
106.291700
 93.659030
 59.040950
 41.367490
 57.382900
 36.138130
 53.630580
 58.434140
 50.270070
 44.883060
 63.727380
 57.745450
 47.574920
 62.843560
 62.657990
 58.810900
 81.472280
 51.007780
 85.707900
 43.597350
 53.324830
 29.869190
 42.413130
 44.216400
 57.383920
 50.740210
 85.118340
108.162300
119.936000
 54.297860
 53.398630
 61.028180
 35.808860
 38.162270
 90.912490
 45.599430
 53.662130
 38.053530
 46.432030
 55.090870
 40.184460
111.221800
 48.333520
 42.921430
 91.554800
 34.234270
 25.379910
 67.629050
 59.031490
 60.404760
106.291700
   .000000
 31.054740
 58.818740
 65.314840
 49.003970
 78.058010
 85.457890
 57.529290
 74.301250
 61.506180
 42.777740
 52.101090
 58.748830
 43.878400
 52.519810
 49.043750
 45.853150
 72.070210
 24.556170
 78.356730
 49.840470
 40.088280
 40.801540
 50.942980
 52.963530
 35.402680
 88.444330
 91.662040
104.906500
 46.468390
 22.596180
 50.341960
 36.555020
 37.819220
 79.230860
 43.274250
 50.937110
 45.756860
 36.081480
 74.778590
 25.317410
 94.577650
 51.554210
 39.470010
 77.877310
 52.581380
 45.429420
 60.320380
 55.291260
 49.251160
 93.659030
 31.054740
   .000000
 36.615150
 57.661860
 40.498210
 59.679180
 89.970470
 61.377130
 51.082940
 53.363430
 39.597770
 52.527760
 49.180610
 34.769150
 57.636610
 36.153140
 16.773710
 49.089070
 38.680110
 56.699510
 33.211730
 45.668660
 32.716090
 46.110630
 33.539100
 13.283700
 68.776210
 55.416340
 68.943810
 26.052120
 27.367780
 23.917530
 35.004240
 33.841730
 46.002830
 32.364690
 34.687830
 44.935930
 20.855500
 77.226710
 19.461250
 58.261540
 42.304680
 30.218550
 43.341100
 59.773320
 57.433720
 34.513790
 35.688250
 22.701500
 59.040950
 58.818740
 36.615150
   .000000
 32.274470
 23.572190
 23.496320
 71.398830
 48.643000
 15.491050
 28.967430
 30.577120
 39.399640
 24.828730
 22.779570
 47.842830
 17.050970
 22.518410
 13.274760
 49.001810
 20.256990
 12.838090
 38.709820
 23.110050
 28.936390
  8.994781
 23.536680
 36.593660
 45.961850
 55.883960
 11.541320
 57.821500
  8.460130
 29.684630
 27.305860
 26.027420
 20.010140
 13.198020
 32.417330
 21.668330
 57.018310
 32.347970
 48.948840
 22.859800
 22.393550
 27.994400
 47.825520
 50.575410
  2.659649
  8.812671
  9.711878
 41.367490
 65.314840
 57.661860
 32.274470
   .000000
 17.535440
 25.853610
 39.351120
 22.530750
 36.142320
  4.300273
 22.542370
 17.644500
  8.619303
 23.402860
 24.853020
 21.719570
 50.160060
 34.853730
 44.383390
 33.640970
 10.692800
 26.093030
 10.260000
 22.839260
 12.818810
 10.525580
 49.465560
 59.475870
 70.948140
  6.032956
 44.039550
 12.024580
 15.215510
 13.136320
 42.055950
  9.004108
 12.117560
 22.807670
  4.578744
 54.079300
 15.433150
 62.539040
 18.732950
  8.058505
 42.558890
 38.668930
 38.616550
 20.147980
 15.225070
 11.450770
 57.382900
 49.003970
 40.498210
 23.572190
 17.535440
   .000000
 31.630080
 51.520370
 25.691210
 34.615070
 13.294200
  8.395221
 16.132920
  9.827358
  5.871405
 24.357080
  6.908410
 35.231140
 32.587820
 30.989440
 35.481110
 35.355330
 57.719260
 41.607230
 52.067950
 32.947110
 27.320470
 58.772870
 32.000380
 45.450140
 29.093100
 49.766670
 21.940640
 46.811370
 44.766400
 24.999790
 39.483260
 36.427430
 53.710610
 32.481190
 82.097150
 38.163590
 34.899910
 46.448510
 39.625410
 20.970040
 69.759740
 70.243350
 26.447000
 33.877460
 21.653140
 36.138130
 78.058010
 59.679180
 23.496320
 25.853610
 31.630080
   .000000
 62.001250
 48.209560
 15.046190
 25.708220
 39.944180
 41.681840
 24.626380
 35.156350
 49.871520
 29.262400
 45.984960
 15.253380
 62.559190
  9.428984
 40.965260
 55.828440
 49.176400
 41.577230
 38.908340
 60.871910
  3.490847
 65.856430
 68.221930
 46.593680
 95.419120
 47.510770
 54.061920
 52.422140
 45.440910
 46.744000
 39.653610
 47.764680
 56.035300
 46.379730
 66.479030
 67.897760
 38.941840
 50.552770
 51.176620
 54.263200
 61.945320
 37.452260
 36.524700
 48.709860
 53.630580
 85.457890
 89.970470
 71.398830
 39.351120
 51.520370
 62.001250
   .000000
 28.968910
 74.741130
 42.431500
 50.404550
 37.444440
 46.652000
 56.370700
 33.492410
 57.954330
 86.751500
 73.713260
 60.905180
 71.053280
 15.431280
 27.661820
 20.717880
 13.367660
 15.883620
 36.122180
 28.008720
 66.072760
 73.860710
 22.680130
 69.209850
 27.370360
 25.130590
 23.598440
 44.409080
 18.772290
 13.955720
 19.478550
 29.718110
 34.777290
 39.135590
 68.886210
  9.977273
 22.465350
 48.101210
 30.361400
 36.138050
 22.674870
 14.441250
 28.180580
 58.434140
 57.529290
 61.377130
 48.643000
 22.530750
 25.691210
 48.209560
 28.968910
   .000000
 56.725620
 22.711250
 22.252260
  9.650234
 25.223110
 29.315460
  5.119094
 32.596480
 59.943180
 55.072520
 33.168180
 55.343020
 41.963560
 59.361800
 44.748630
 57.289560
 40.842560
 26.163580
 71.692050
 43.721960
 57.594800
 34.700580
 37.079360
 29.417400
 48.352840
 46.796700
 40.028740
 43.561120
 43.318080
 57.327410
 33.399020
 88.441000
 34.620410
 46.288090
 52.504230
 42.362580
 35.735400
 72.917860
 71.550590
 37.570780
 42.459580
 28.550570
 50.270070
 74.301250
 51.082940
 15.491050
 36.142320
 34.615070
 15.046190
 74.741130
 56.725620
   .000000
 34.375840
 42.721380
 48.552820
 31.508560
 35.809660
 57.175290
 29.497200
 35.442810
  2.253005
 63.258950
  6.768067
 10.298540
 35.646560
 19.642250
 27.070360
  7.269463
 19.447020
 39.839250
 48.592270
 59.083200
  7.366282
 53.927280
  5.172373
 26.111570
 23.741900
 29.489680
 16.670330
 11.076220
 29.883690
 17.373040
 56.414230
 28.051260
 51.619320
 21.152780
 18.661780
 30.877300
 45.646370
 47.774650
  6.957160
  8.270308
  6.311294
 44.883060
 61.506180
 53.363430
 28.967430
  4.300273
 13.294200
 25.708220
 42.431500
 22.711250
 34.375840
   .000000
 18.844540
 16.142610
  4.476361
 19.149450
 24.166660
 17.470480
 46.080630
 32.888430
 41.206750
 32.639720
 11.043430
 17.807240
  2.144337
 15.698380
 14.906600
 17.319270
 48.847520
 66.884000
 77.832020
 11.963660
 47.381720
 19.331120
  7.329591
  5.016706
 48.334210
  3.679926
 11.806400
 14.614450
  9.722862
 46.654430
 17.056270
 69.938260
 13.196250
   .361936
 49.506980
 30.319690
 30.321700
 24.857730
 16.875360
 19.059270
 63.727380
 42.777740
 39.597770
 30.577120
 22.542370
  8.395221
 39.944180
 50.404550
 22.252260
 42.721380
 18.844540
   .000000
 12.979320
 16.729680
  8.072412
 19.431620
 13.592520
 37.908540
 40.637940
 22.933480
 43.841610
  6.594195
 23.038260
 11.760420
 11.333980
  8.916188
 26.630390
 35.974630
 63.466980
 72.757410
 13.887900
 59.574210
 19.882160
 17.281570
 15.324000
 42.771620
  9.353696
  5.311885
 15.607770
 20.074480
 40.465360
 29.593700
 66.422740
  5.234912
 13.145780
 45.410930
 30.311760
 33.886160
 18.876250
  8.917326
 20.429590
 57.745450
 52.101090
 52.527760
 39.399640
 17.644500
 16.132920
 41.681840
 37.444440
  9.650234
 48.552820
 16.142610
 12.979320
   .000000
 17.363420
 19.690440
  8.633417
 23.038950
 50.351860
 46.758910
 28.861030
 47.897070
 10.843200
 34.274080
 17.946490
 27.441980
  9.351297
 14.973730
 44.135470
 50.157340
 61.295500
  4.812734
 49.464770
  2.740695
 24.047270
 21.745350
 32.233580
 15.342730
 12.051720
 29.352480
 13.441900
 57.794980
 23.870190
 53.212940
 21.894160
 16.482350
 32.912340
 45.365040
 46.664510
 11.260290
 11.159950
  3.066448
 47.574920
 58.748830
 49.180610
 24.828730
  8.619303
  9.827358
 24.626380
 46.652000
 25.223110
 31.508560
  4.476361
 16.729680
 17.363420
   .000000
 15.490080
 25.871210
 13.121970
 41.608860
 29.852250
 39.604570
 30.536480
 15.449170
 23.568950
 10.197230
 23.764990
 18.240820
  9.745608
 54.488920
 64.302660
 76.118800
 11.900720
 39.896090
 17.428840
 12.543980
 11.115910
 47.586110
 10.774120
 16.720500
 22.157110
  2.675202
 54.586590
 10.110590
 67.364270
 20.976100
  7.734807
 47.779090
 37.225310
 35.885010
 26.018800
 20.604060
 16.668040
 62.843560
 43.878400
 34.769150
 22.779570
 23.402860
  5.871405
 35.156350
 56.370700
 29.315460
 35.809660
 19.149450
  8.072412
 19.690440
 15.490080
   .000000
 27.091000
  6.339843
 30.678410
 33.645980
 27.780970
 37.711910
 15.212260
 22.655380
 17.618840
  8.306625
 16.930990
 34.877170
 32.768600
 69.683170
 77.996480
 22.521220
 66.806680
 28.301430
 21.110670
 19.867060
 48.282920
 16.316900
 13.868870
 14.476430
 27.923600
 32.267010
 36.486660
 72.555810
  6.266841
 19.699920
 51.619680
 25.526310
 31.050380
 25.485460
 16.152610
 28.928010
 62.657990
 52.519810
 57.636610
 47.842830
 24.853020
 24.357080
 49.871520
 33.492410
  5.119094
 57.175290
 24.166660
 19.431620
  8.633417
 25.871210
 27.091000
   .000000
 31.193250
 57.334560
 55.389850
 28.097960
 56.392460
 17.466710
 29.905610
 15.716890
 29.059710
 19.047570
  3.771458
 55.760870
 59.262540
 71.499600
 11.434880
 37.466060
 14.199030
 18.863820
 17.320810
 43.816100
 15.347830
 18.921520
 28.123700
  3.931774
 60.197800
 10.956580
 62.311840
 25.424690
 13.231300
 43.375350
 43.459550
 42.220000
 24.371570
 21.440240
 13.140490
 58.810900
 49.043750
 36.153140
 17.050970
 21.719570
  6.908410
 29.262400
 57.954330
 32.596480
 29.497200
 17.470480
 13.592520
 23.038950
 13.121970
  6.339843
 31.193250
   .000000
 28.985170
 27.347060
 34.082640
 31.404710
 45.838750
 45.491070
 39.738550
 52.452000
 47.937200
 26.635470
 84.665770
 77.789400
 91.402120
 40.414340
  9.815403
 41.917220
 38.031610
 38.297600
 68.008870
 41.208620
 47.203570
 48.688080
 30.731140
 80.663620
 20.854930
 80.585580
 51.081680
 37.649960
 65.712700
 59.647530
 54.225590
 52.741100
 50.344560
 40.687430
 81.472280
 45.853150
 16.773710
 22.518410
 50.160060
 35.231140
 45.984960
 86.751500
 59.943180
 35.442810
 46.080630
 37.908540
 50.351860
 41.608860
 30.678410
 57.334560
 28.985170
   .000000
 33.629870
 46.199930
 41.549350
 40.180720
 57.184070
 42.679090
 55.321330
 39.202210
 23.974420
 70.712520
 44.993970
 58.836400
 32.881100
 35.693930
 27.858350
 46.189850
 44.659890
 40.216810
 41.557890
 41.554370
 55.250510
 31.258890
 86.506480
 32.367600
 47.625350
 50.618960
 40.278240
 36.174600
 70.791220
 69.348740
 36.397040
 40.887130
 26.941470
 51.007780
 72.070210
 49.089070
 13.274760
 34.853730
 32.587820
 15.253380
 73.713260
 55.072520
  2.253005
 32.888430
 40.637940
 46.758910
 29.852250
 33.645980
 55.389850
 27.347060
 33.629870
   .000000
 61.045220
  8.041398
 31.617580
  5.824554
 21.682120
 19.801350
 35.656280
 37.139640
 60.574340
 89.680920
100.235500
 34.799860
 55.820210
 42.244370
 15.774500
 17.941030
 70.406090
 24.539620
 31.557270
 13.765960
 30.394060
 36.120400
 30.069580
 92.725910
 24.478360
 23.211370
 72.083360
 13.919150
  8.480863
 46.339760
 36.839200
 41.992730
 85.707900
 24.556170
 38.680110
 49.001810
 44.383390
 30.989440
 62.559190
 60.905180
 33.168180
 63.258950
 41.206750
 22.933480
 28.861030
 39.604570
 27.780970
 28.097960
 34.082640
 46.199930
 61.045220
   .000000
 65.486130
 41.344030
 61.161450
 45.740440
 57.488010
 39.596700
 28.543800
 67.879520
 37.002200
 50.863930
 34.398300
 43.712260
 28.104250
 50.086010
 48.300360
 33.939640
 44.120620
 42.586540
 58.250710
 35.129710
 88.275530
 38.227770
 39.605570
 52.273140
 43.494460
 29.346490
 74.149370
 73.573790
 34.656820
 40.904410
 27.472400
 43.597350
 78.356730
 56.699510
 20.256990
 33.640970
 35.481110
  9.428984
 71.053280
 55.343020
  6.768067
 32.639720
 43.841610
 47.897070
 30.536480
 37.711910
 56.392460
 31.404710
 41.549350
  8.041398
 65.486130
   .000000
 84.500780
 53.526230
  5.807598
  8.525720
 20.624020
 17.366990
 43.852990
 60.100000
 31.311760
 23.053140
 61.010830
 33.022010
 74.147160
 85.275670
 74.179930
 56.325420
 30.782650
 42.891400
 48.673890
 49.383830
 28.725270
 25.932890
 74.654210
108.302400
 19.437300
 24.877340
 29.570080
 28.167480
 95.183410
 92.658260
 42.475970
 51.324470
 98.813070
141.816400
 56.803890
 41.860870
 33.073500
 35.020680
 37.157450
 36.720660
 56.527160
 34.306930
 16.939830
 15.548700
 29.699300
 31.062440
 22.943170
 26.621890
 46.258950
 59.361080
 12.928150
  8.864248
 59.168940
 62.141510
 58.785000
 72.405910
 14.884860
  9.993448
 26.474920
 19.075920
 11.273010
  6.435780
 66.552100
 36.035300
 67.318470
 97.987210
 49.280680
 52.829110
 64.328620
 64.407970
   .256491
   .195383
 29.571260
 24.572260
 53.270020
 50.411070
 53.240320
 30.669100
 75.698970
 83.492010
 23.732190
 18.171170
 89.951060
 47.289330
 81.609060
 80.759940
 96.963070
 63.197330
 57.719140
 55.001220
  8.292873
 11.065830
  2.537234
  1.374274
 73.388100
 79.654060
 33.799240
 36.830530
 43.442520
 29.873940
