   320.435500
 50
   .000000
  6.684728
 49.862720
 16.414150
 53.670820
 10.627540
 28.624320
 47.734070
 20.047330
  9.014620
 15.629280
  6.987822
 53.161340
  2.909729
 20.908670
  8.144641
 40.297690
 12.620410
 19.183570
 15.762290
 18.492440
  1.164891
 36.780660
  4.018589
 23.866720
  7.884295
 12.258020
 13.524210
 40.873860
 16.947240
 13.207360
  9.040614
 57.264200
 15.164820
 11.189690
 15.831710
 62.808550
 37.660900
 15.560500
 13.550570
 10.410930
 16.633070
 19.963260
 28.758730
 34.408330
 14.958020
 25.150370
 14.317750
  7.277709
 29.399900
 50.269690
  6.684728
   .000000
 48.035570
 19.516310
 60.355080
 15.571970
 23.465730
 52.057240
 13.936380
  8.860179
 21.540980
 10.240260
 57.433010
  9.551476
 27.236920
 14.028350
 46.967650
  6.568156
 25.523930
 10.642680
 25.019410
  7.243255
 30.272900
  7.569901
 20.973580
  5.283437
 18.661670
  9.382304
 37.312290
 21.962770
  9.295233
 12.519350
 63.844060
 11.674600
 10.801890
  9.432823
 65.385450
 31.880660
 11.244480
 19.619070
 15.566560
 13.655280
 13.317020
 29.727620
 40.772130
 21.232460
 18.484580
 14.301860
  2.729263
 35.523090
 54.942500
 49.862720
 48.035570
   .000000
 38.128300
 84.999280
 60.102780
 31.278160
 46.527690
 40.279940
 56.810260
 63.009980
 56.702340
 48.924510
 51.438710
 65.539830
 47.914500
 75.669820
 43.411190
 64.105270
 38.900120
 62.153890
 51.023690
 57.897770
 46.009510
 27.238730
 43.128550
 58.540230
 38.887660
 15.870740
 65.880910
 56.099690
 42.680660
 93.001480
 58.408570
 58.829480
 43.470070
 39.960170
 33.971490
 37.364150
 60.841500
 59.737080
 60.563860
 45.339200
 25.352390
 76.368100
 61.176900
 49.313510
 62.334530
 45.357120
 54.920590
 98.277640
 16.414150
 19.516310
 38.128300
   .000000
 51.331580
 24.197680
 28.446970
 32.735200
 25.469620
 25.402280
 25.490810
 22.949450
 38.056300
 16.372410
 27.432370
 10.713010
 39.776680
 20.723200
 26.038510
 19.885830
 24.036930
 17.296510
 47.118230
 12.759940
 18.557460
 15.071700
 20.989690
 16.962260
 33.923420
 28.990200
 28.555970
  7.404651
 57.620970
 30.812500
 27.593970
 23.749520
 46.410370
 38.442940
 17.928880
 23.432180
 23.684750
 32.563850
 28.495470
 13.734740
 38.570730
 23.424830
 34.689930
 30.712560
 17.448790
 21.564980
 60.303560
 53.670820
 60.355080
 84.999280
 51.331580
   .000000
 47.966480
 78.981300
 45.885170
 72.921420
 57.719800
 41.327600
 53.187860
 48.268590
 50.818480
 34.930130
 47.592360
 13.653820
 65.848850
 36.361870
 67.705910
 35.986130
 53.187650
 89.917330
 54.133660
 69.837810
 59.861890
 42.357410
 64.772470
 84.793430
 44.076190
 64.099630
 52.255970
 10.325780
 64.856800
 58.471390
 69.228420
 67.909080
 88.927700
 66.509890
 42.399850
 47.557480
 64.978820
 73.593090
 60.416220
 23.808270
 40.395240
 78.770340
 58.559570
 60.509140
 30.489050
 42.057500
 10.627540
 15.571970
 60.102780
 24.197680
 47.966480
   .000000
 38.857650
 51.687840
 29.488540
  9.898706
  6.746556
  5.722970
 57.067930
  8.666445
 13.126790
 13.541690
 34.312680
 22.136220
 11.612950
 25.926570
 12.187610
  9.492718
 42.338110
 14.170670
 34.480250
 18.415650
  6.618232
 23.978080
 51.501170
  6.424778
 16.275090
 17.750840
 49.960840
 16.891250
 10.506760
 24.891660
 69.235410
 47.452590
 26.006060
  5.632931
   .627518
 17.094380
 28.172610
 37.665350
 26.261000
  7.676651
 32.193690
 11.117320
 17.264740
 29.378830
 39.693670
 28.624320
 23.465730
 31.278160
 28.446970
 78.981300
 38.857650
   .000000
 56.625970
 10.697620
 31.725280
 44.247890
 33.702490
 61.241560
 31.319440
 49.199530
 31.962840
 66.502580
 17.006690
 47.484120
 12.931870
 46.401140
 29.632690
 27.125400
 26.293990
 10.987640
 20.809620
 40.614360
 15.177410
 16.549950
 45.282380
 28.541120
 26.830200
 84.182600
 30.468310
 33.189560
 15.185520
 61.850540
 10.013040
 13.170470
 42.142080
 38.770840
 32.519480
 15.104930
 27.276910
 62.457030
 43.407640
 18.124940
 36.375770
 21.595400
 49.954420
 78.403810
 47.734070
 52.057240
 46.527690
 32.735200
 45.885170
 51.687840
 56.625970
   .000000
 57.093040
 56.519240
 49.126650
 52.962330
  5.433669
 46.555800
 46.626020
 39.908380
 42.386020
 53.326710
 46.315170
 51.784530
 44.017410
 48.298040
 79.322550
 44.782250
 45.663270
 47.806210
 45.763320
 49.115920
 53.333000
 53.636380
 60.735870
 39.553410
 55.793630
 62.841270
 58.550940
 56.164680
 22.405400
 65.646340
 49.618310
 47.977600
 51.063390
 64.367130
 60.785920
 29.509590
 49.557940
 46.678750
 66.979290
 61.118970
 50.145960
 25.145260
 75.647670
 20.047330
 13.936380
 40.279940
 25.469620
 72.921420
 29.488540
 10.697620
 57.093040
   .000000
 21.473320
 35.436330
 24.009270
 62.148360
 22.933050
 40.950560
 25.350860
 59.851550
  7.449187
 39.226450
  5.615068
 38.501000
 20.873900
 22.345950
 18.812650
 14.460110
 13.061380
 32.304180
  8.636347
 26.737870
 35.848440
 17.866910
 21.237530
 77.130550
 19.770770
 22.761510
  4.718771
 65.997960
 18.006360
  7.570280
 33.462320
 29.498910
 21.824390
  5.107352
 29.573120
 54.455560
 34.978620
 10.433180
 25.833130
 12.779090
 45.690720
 68.542240
  9.014620
  8.860179
 56.810260
 25.402280
 57.719800
  9.898706
 31.725280
 56.519240
 21.473320
   .000000
 16.644250
  4.600345
 61.952530
 10.003950
 23.003520
 16.621990
 44.074460
 14.779900
 21.447180
 19.244060
 21.756270
  8.272942
 32.439460
 12.727730
 29.824810
 13.715820
 15.528560
 18.236810
 46.115690
 15.438980
  6.392284
 18.003730
 59.858070
  7.353309
  2.213624
 16.756060
 71.810130
 39.377690
 20.062710
 15.333480
 10.228430
  8.194318
 19.172720
 37.297260
 36.131800
 17.325300
 22.556360
  5.629917
 11.470070
 36.710100
 47.152780
 15.629280
 21.540980
 63.009980
 25.490810
 41.327600
  6.746556
 44.247890
 49.126650
 35.436330
 16.644250
   .000000
 12.348640
 54.380580
 12.961260
  6.410174
 15.107680
 27.681950
 27.995120
  5.006372
 31.388150
  6.184306
 14.660780
 49.083540
 18.324390
 38.686580
 23.457090
  4.506868
 29.108520
 55.771940
  4.526585
 23.021250
 20.396180
 43.220970
 23.580920
 17.181840
 30.971840
 68.101200
 53.237350
 31.140100
  2.206539
  6.441392
 23.651730
 34.545540
 39.223710
 19.569830
  2.461728
 38.812130
 17.326280
 22.814310
 25.270440
 35.426970
  6.987822
 10.240260
 56.702340
 22.949450
 53.187860
  5.722970
 33.702490
 52.962330
 24.009270
  4.600345
 12.348640
   .000000
 58.391850
  6.648531
 18.612840
 13.186220
 39.552680
 16.777790
 17.011210
 20.833740
 17.204850
  5.886385
 36.836780
 11.002410
 30.295890
 13.910500
 10.933550
 19.202440
 47.093280
 11.881340
 10.921050
 15.751730
 55.538570
 11.941590
  5.976829
 19.353610
 69.114400
 42.012440
 21.185170
 10.865530
  5.920911
 12.616070
 22.479990
 35.680870
 31.916900
 12.818570
 26.485460
  8.157360
 12.292220
 32.374070
 44.702660
 53.161340
 57.433010
 48.924510
 38.056300
 48.268590
 57.067930
 61.241560
  5.433669
 62.148360
 61.952530
 54.380580
 58.391850
   .000000
 51.989400
 51.683450
 45.342050
 46.081620
 58.573570
 51.438670
 56.904190
 49.162590
 53.729520
 84.432120
 50.186520
 50.333600
 53.125930
 51.091800
 54.285050
 56.961370
 58.898780
 66.147370
 44.940450
 58.404350
 68.260760
 63.984590
 61.360630
 19.715610
 70.043050
 54.719690
 53.279360
 56.442670
 69.794200
 65.945760
 33.986100
 53.920050
 51.940670
 72.127130
 66.548030
 55.489790
 30.029440
 80.011520
  2.909729
  9.551476
 51.438710
 16.372410
 50.818480
  8.666445
 31.319440
 46.555800
 22.933050
 10.003950
 12.961260
  6.648531
 51.989400
   .000000
 18.047670
  6.650543
 37.416180
 15.518010
 16.321830
 18.529210
 15.586640
  2.413221
 39.460970
  5.558278
 26.003760
 10.511010
  9.393963
 16.157720
 43.082120
 14.713220
 15.135280
  9.364959
 54.355000
 16.858010
 11.995720
 18.741020
 62.465920
 40.469930
 18.185930
 10.828140
  8.325692
 18.078940
 22.855190
 29.404930
 31.526900
 12.132350
 27.965050
 14.701400
 10.154450
 27.164400
 47.962230
 20.908670
 27.236920
 65.539830
 27.432370
 34.930130
 13.126790
 49.199530
 46.626020
 40.950560
 23.003520
  6.410174
 18.612840
 51.683450
 18.047670
   .000000
 18.195030
 21.293280
 33.510460
  1.725838
 36.538290
  3.409161
 20.088400
 55.428290
 22.917130
 42.675620
 28.447040
  8.654004
 34.031910
 59.617810
  9.591857
 29.391770
 23.773010
 36.936080
 29.989510
 23.590960
 36.636780
 66.771240
 58.497400
 36.029330
  7.781728
 12.775160
 30.050880
 40.447470
 40.877380
 13.535240
  6.006960
 44.954960
 23.658860
 28.186200
 21.772490
 32.973460
  8.144641
 14.028350
 47.914500
 10.713010
 47.592360
 13.541690
 31.962840
 39.908380
 25.350860
 16.621990
 15.107680
 13.186220
 45.342050
  6.650543
 18.195030
   .000000
 34.691450
 18.483470
 16.596630
 20.124640
 15.007140
  8.495753
 44.242070
  6.755339
 24.551900
 12.321390
 10.626040
 17.230770
 41.429330
 18.337890
 21.343940
  5.581320
 52.255670
 23.245030
 18.642950
 21.901080
 56.075000
 41.700160
 19.050660
 12.962040
 13.009280
 24.599730
 26.504950
 24.360850
 30.805820
 13.288640
 32.205440
 21.313870
 13.360040
 21.495390
 50.409800
 40.297690
 46.967650
 75.669820
 39.776680
 13.653820
 34.312680
 66.502580
 42.386020
 59.851550
 44.074460
 27.681950
 39.552680
 46.081620
 37.416180
 21.293280
 34.691450
   .000000
 52.651920
 22.709600
 54.784440
 22.362650
 39.755650
 76.322550
 41.042190
 57.946130
 46.806780
 28.762640
 51.919770
 73.675770
 30.547380
 50.457900
 39.672840
 17.851270
 51.203010
 44.817800
 55.996960
 64.750090
 76.343680
 53.736630
 28.749210
 33.904370
 51.333470
 60.259280
 50.448570
 11.556590
 26.749200
 65.304280
 44.943340
 47.275830
 21.012120
 35.306320
 12.620410
  6.568156
 43.411190
 20.723200
 65.848850
 22.136220
 17.006690
 53.326710
  7.449187
 14.779900
 27.995120
 16.777790
 58.573570
 15.518010
 33.510460
 18.483470
 52.651920
   .000000
 31.787260
  4.619415
 31.102080
 13.427310
 26.545970
 11.766320
 16.199200
  6.284433
 24.869460
  5.037542
 31.571010
 28.530850
 12.704960
 15.123620
 69.810200
 14.997470
 16.388820
  3.418260
 64.553560
 25.320380
  6.092830
 26.013880
 22.119400
 17.152820
  8.126357
 28.078080
 47.023950
 27.533030
 14.156180
 19.730800
  5.393309
 39.492280
 61.459700
 19.183570
 25.523930
 64.105270
 26.038510
 36.361870
 11.612950
 47.484120
 46.315170
 39.226450
 21.447180
  5.006372
 17.011210
 51.438670
 16.321830
  1.725838
 16.596630
 22.709600
 31.787260
   .000000
 34.814360
  2.359961
 18.366960
 53.845010
 21.207340
 41.030720
 26.725300
  6.928213
 32.314220
 57.997220
  8.703698
 27.839360
 22.165570
 38.576480
 28.502720
 22.111760
 34.918810
 66.158090
 56.772900
 34.313670
  6.149189
 11.228030
 28.632510
 38.747260
 39.568070
 15.249890
  4.306000
 43.293560
 22.332610
 26.460980
 21.703910
 34.280220
 15.762290
 10.642680
 38.900120
 19.885830
 67.705910
 25.926570
 12.931870
 51.784530
  5.615068
 19.244060
 31.388150
 20.833740
 56.904190
 18.529210
 36.538290
 20.124640
 54.784440
  4.619415
 34.814360
   .000000
 33.886970
 16.738080
 27.538010
 13.842980
 11.780130
  8.119230
 27.899920
  3.039424
 26.969420
 32.351340
 17.287620
 15.730490
 72.226820
 19.545430
 20.936420
  5.089647
 61.629210
 21.961640
  2.238489
 29.311210
 25.839460
 21.699440
  9.120994
 25.049710
 49.936060
 30.659910
 15.241520
 24.313350
  8.663554
 40.127050
 65.510850
 18.492440
 25.019410
 62.153890
 24.036930
 35.986130
 12.187610
 46.401140
 44.017410
 38.501000
 21.756270
  6.184306
 17.204850
 49.162590
 15.586640
  3.409161
 15.007140
 22.362650
 31.102080
  2.359961
 33.886970
   .000000
 17.784150
 53.964150
 20.119900
 39.550140
 25.768550
  6.440240
 31.279900
 56.427240
 10.421330
 28.122970
 20.586160
 38.831910
 28.974310
 22.639890
 34.320480
 63.799710
 55.837010
 33.250290
  6.555917
 11.713050
 29.274610
 38.323230
 37.468220
 16.062350
  4.511553
 43.104150
 23.208650
 25.725690
 19.538760
 36.380950
  1.164891
  7.243255
 51.023690
 17.296510
 53.187650
  9.492718
 29.632690
 48.298040
 20.873900
  8.272942
 14.660780
  5.886385
 53.729520
  2.413221
 20.088400
  8.495753
 39.755650
 13.427310
 18.366960
 16.738080
 17.784150
   .000000
 37.048050
  5.125494
 25.018590
  8.960023
 11.463280
 14.578750
 42.014400
 15.838570
 12.916610
  9.974281
 56.602580
 14.756170
 10.401620
 16.562260
 63.648270
 38.583610
 16.614660
 12.619910
  9.293784
 16.113350
 20.559710
 29.808900
 33.612410
 14.105770
 25.584530
 13.418890
  8.160587
 29.459290
 49.158910
 36.780660
 30.272900
 57.897770
 47.118230
 89.917330
 42.338110
 27.125400
 79.322550
 22.345950
 32.439460
 49.083540
 36.836780
 84.432120
 39.460970
 55.428290
 44.242070
 76.322550
 26.545970
 53.845010
 27.538010
 53.964150
 37.048050
   .000000
 37.564760
 35.894500
 32.707800
 47.563210
 30.259500
 42.270030
 47.504910
 26.077190
 41.607630
 92.293570
 25.864910
 32.126420
 23.377210
 87.954860
 25.141680
 29.712740
 47.702080
 42.658370
 26.491500
 18.624620
 51.795220
 68.532200
 49.646200
 12.429550
 33.206120
 31.014010
 65.680990
 75.585080
  4.018589
  7.569901
 46.009510
 12.759940
 54.133660
 14.170670
 26.293990
 44.782250
 18.812650
 12.727730
 18.324390
 11.002410
 50.186520
  5.558278
 22.917130
  6.755339
 41.042190
 11.766320
 21.207340
 13.842980
 20.119900
  5.125494
 37.564760
   .000000
 20.459630
  5.769353
 14.394420
 11.161570
 37.546110
 20.271110
 15.975090
  5.375250
 58.400410
 18.153520
 14.937390
 15.178110
 59.149640
 35.741080
 13.132230
 16.142780
 13.861280
 19.837710
 19.752670
 24.762060
 36.182080
 17.213220
 25.464430
 18.192050
  6.608146
 28.116860
 53.497030
 23.866720
 20.973580
 27.238730
 18.557460
 69.837810
 34.480250
 10.987640
 45.663270
 14.460110
 29.824810
 38.686580
 30.295890
 50.333600
 26.003760
 42.675620
 24.551900
 57.946130
 16.199200
 41.030720
 11.780130
 39.550140
 25.018590
 35.894500
 20.459630
   .000000
 16.397280
 34.528200
 11.681810
 17.091860
 40.705500
 28.866110
 18.992150
 75.783600
 31.187150
 31.764660
 16.633880
 52.069200
 20.528180
 10.129080
 36.485170
 34.227440
 33.341380
 19.479780
 16.465090
 55.300920
 37.343170
 24.741390
 35.251720
 18.370780
 40.059990
 73.956340
  7.884295
  5.283437
 43.128550
 15.071700
 59.861890
 18.415650
 20.809620
 47.806210
 13.061380
 13.715820
 23.457090
 13.910500
 53.125930
 10.511010
 28.447040
 12.321390
 46.806780
  6.284433
 26.725300
  8.119230
 25.768550
  8.960023
 32.707800
  5.769353
 16.397280
   .000000
 19.826510
  5.651797
 33.210740
 24.792800
 14.505890
  8.899875
 64.165180
 16.904930
 15.800830
  9.681126
 60.349940
 30.072210
  7.685419
 21.337520
 18.244610
 18.918280
 14.408980
 24.482670
 41.820680
 22.607560
 20.378780
 19.305560
  2.635304
 33.208070
 58.105960
 12.258020
 18.661670
 58.540230
 20.989690
 42.357410
  6.618232
 40.614360
 45.763320
 32.304180
 15.528560
  4.506868
 10.933550
 51.091800
  9.393963
  8.654004
 10.626040
 28.762640
 24.869460
  6.928213
 27.899920
  6.440240
 11.463280
 47.563210
 14.394420
 34.528200
 19.826510
   .000000
 25.437310
 51.582880
  8.342234
 21.838280
 15.993500
 45.240360
 22.837920
 16.618370
 28.025280
 64.161770
 49.853820
 27.447370
  2.493681
  6.028938
 23.318430
 31.937740
 34.723970
 22.154710
  2.825314
 36.665700
 17.668390
 19.534510
 22.836740
 39.816860
 13.524210
  9.382304
 38.887660
 16.962260
 64.772470
 23.978080
 15.177410
 49.115920
  8.636347
 18.236810
 29.108520
 19.202440
 54.285050
 16.157720
 34.031910
 17.230770
 51.919770
  5.037542
 32.314220
  3.039424
 31.279900
 14.578750
 30.259500
 11.161570
 11.681810
  5.651797
 25.437310
   .000000
 27.966240
 30.380580
 17.317480
 12.707340
 69.427370
 19.683320
 20.121080
  7.120665
 59.650680
 24.592570
  2.036407
 26.985730
 23.833750
 21.825560
 11.670870
 23.116150
 47.342240
 28.230480
 17.870160
 23.594260
  6.934489
 37.087760
 63.667260
 40.873860
 37.312290
 15.870740
 33.923420
 84.793430
 51.501170
 16.549950
 53.333000
 26.737870
 46.115690
 55.771940
 47.093280
 56.961370
 43.082120
 59.617810
 41.429330
 73.675770
 31.571010
 57.997220
 26.969420
 56.427240
 42.014400
 42.270030
 37.546110
 17.091860
 33.210740
 51.582880
 27.966240
   .000000
 57.768680
 44.039730
 35.848190
 91.503370
 46.163640
 47.884000
 30.706050
 52.487340
 18.109980
 26.067950
 53.569020
 51.268170
 48.284710
 31.507220
 25.419170
 71.962190
 54.390270
 34.595360
 51.280540
 34.894270
 54.377550
 91.042270
 16.947240
 21.962770
 65.880910
 28.990200
 44.076190
  6.424778
 45.282380
 53.636380
 35.848440
 15.438980
  4.526585
 11.881340
 58.898780
 14.713220
  9.591857
 18.337890
 30.547380
 28.530850
  8.703698
 32.351340
 10.421330
 15.838570
 47.504910
 20.271110
 40.705500
 24.792800
  8.342234
 30.380580
 57.768680
   .000000
 21.548500
 23.230920
 45.051740
 21.661840
 15.394780
 31.218250
 72.442260
 53.833950
 32.411620
  5.875968
  6.548647
 21.350360
 34.316750
 42.690990
 21.222930
  6.958473
 37.994670
 14.683790
 23.689350
 29.761630
 33.322470
 13.207360
  9.295233
 56.099690
 28.555970
 64.099630
 16.275090
 28.541120
 60.735870
 17.866910
  6.392284
 23.021250
 10.921050
 66.147370
 15.135280
 29.391770
 21.343940
 50.457900
 12.704960
 27.839360
 17.287620
 28.122970
 12.916610
 26.077190
 15.975090
 28.866110
 14.505890
 21.838280
 17.317480
 44.039730
 21.548500
   .000000
 21.299420
 66.217760
  2.410437
  6.197882
 13.418040
 74.649830
 35.105170
 18.737180
 21.723760
 16.617970
  4.515722
 14.441850
 38.988560
 42.459350
 23.709720
 16.745880
  8.365229
 11.873780
 42.290360
 52.068390
  9.040614
 12.519350
 42.680660
  7.404651
 52.255970
 17.750840
 26.830200
 39.553410
 21.237530
 18.003730
 20.396180
 15.751730
 44.940450
  9.364959
 23.773010
  5.581320
 39.672840
 15.123620
 22.165570
 15.730490
 20.586160
  9.974281
 41.607630
  5.375250
 18.992150
  8.899875
 15.993500
 12.707340
 35.848190
 23.230920
 21.299420
   .000000
 57.380150
 23.508620
 20.199980
 18.457700
 53.814130
 36.705620
 14.310310
 18.206290
 17.311430
 25.211340
 23.235320
 20.040110
 36.320160
 18.734440
 29.265680
 23.357700
 10.841430
 24.487970
 55.805690
 57.264200
 63.844060
 93.001480
 57.620970
 10.325780
 49.960840
 84.182600
 55.793630
 77.130550
 59.858070
 43.220970
 55.538570
 58.404350
 54.355000
 36.936080
 52.255670
 17.851270
 69.810200
 38.576480
 72.226820
 38.831910
 56.602580
 92.293570
 58.400410
 75.783600
 64.165180
 45.240360
 69.427370
 91.503370
 45.051740
 66.217760
 57.380150
   .000000
 66.612210
 60.242490
 73.087360
 77.974040
 93.955670
 71.292160
 44.714740
 49.658860
 66.399610
 77.153810
 67.960780
 23.831940
 42.859980
 81.861200
 59.726540
 64.416980
 38.080900
 35.263620
 15.164820
 11.674600
 58.408570
 30.812500
 64.856800
 16.891250
 30.468310
 62.841270
 19.770770
  7.353309
 23.580920
 11.941590
 68.260760
 16.858010
 29.989510
 23.245030
 51.203010
 14.997470
 28.502720
 19.545430
 28.974310
 14.756170
 25.864910
 18.153520
 31.187150
 16.904930
 22.837920
 19.683320
 46.163640
 21.661840
  2.410437
 23.508620
 66.612210
   .000000
  6.399544
 15.468700
 76.983800
 36.636380
 21.060300
 22.472460
 17.303410
  2.155434
 15.987770
 41.386420
 42.793870
 24.496660
 17.523700
  7.524836
 14.275150
 43.906410
 51.153510
 11.189690
 10.801890
 58.829480
 27.593970
 58.471390
 10.506760
 33.189560
 58.550940
 22.761510
  2.213624
 17.181840
  5.976829
 63.984590
 11.995720
 23.590960
 18.642950
 44.817800
 16.388820
 22.111760
 20.936420
 22.639890
 10.401620
 32.126420
 14.937390
 31.764660
 15.800830
 16.618370
 20.121080
 47.884000
 15.394780
  6.197882
 20.199980
 60.242490
  6.399544
   .000000
 18.074780
 73.996940
 40.511870
 21.889400
 16.111680
 10.937740
  6.705492
 20.049060
 39.504750
 36.437270
 18.145110
 22.891880
  3.508460
 13.473510
 38.348400
 46.186080
 15.831710
  9.432823
 43.470070
 23.749520
 69.228420
 24.891660
 15.185520
 56.164680
  4.718771
 16.756060
 30.971840
 19.353610
 61.360630
 18.741020
 36.636780
 21.901080
 55.996960
  3.418260
 34.918810
  5.089647
 34.320480
 16.562260
 23.377210
 15.178110
 16.633880
  9.681126
 28.025280
  7.120665
 30.706050
 31.218250
 13.418040
 18.457700
 73.087360
 15.468700
 18.074780
   .000000
 66.624430
 22.697350
  7.253840
 29.049350
 24.927910
 17.581000
  4.793985
 30.046050
 50.168220
 30.638960
 10.948290
 21.201140
  8.723971
 42.876480
 63.830040
 62.808550
 65.385450
 39.960170
 46.410370
 67.909080
 69.235410
 61.850540
 22.405400
 65.997960
 71.810130
 68.101200
 69.114400
 19.715610
 62.465920
 66.771240
 56.075000
 64.750090
 64.553560
 66.158090
 61.629210
 63.799710
 63.648270
 87.954860
 59.149640
 52.069200
 60.349940
 64.161770
 59.650680
 52.487340
 72.442260
 74.649830
 53.814130
 77.974040
 76.983800
 73.996940
 66.624430
   .000000
 68.828460
 59.404480
 66.578530
 68.642430
 78.834010
 70.618260
 36.581430
 71.389030
 65.653000
 76.429880
 77.057010
 62.959350
 46.381790
 97.355300
 37.660900
 31.880660
 33.971490
 38.442940
 88.927700
 47.452590
 10.013040
 65.646340
 18.006360
 39.377690
 53.237350
 42.012440
 70.043050
 40.469930
 58.497400
 41.700160
 76.343680
 25.320380
 56.772900
 21.961640
 55.837010
 38.583610
 25.141680
 35.741080
 20.528180
 30.072210
 49.853820
 24.592570
 18.109980
 53.833950
 35.105170
 36.705620
 93.955670
 36.636380
 40.511870
 22.697350
 68.828460
   .000000
 22.679390
 51.200490
 47.439750
 38.480030
 20.673130
 36.136780
 71.892600
 52.601400
 20.743560
 43.376440
 30.424270
 59.964610
 86.512600
 15.560500
 11.244480
 37.364150
 17.928880
 66.509890
 26.006060
 13.170470
 49.618310
  7.570280
 20.062710
 31.140100
 21.185170
 54.719690
 18.185930
 36.029330
 19.050660
 53.736630
  6.092830
 34.313670
  2.238489
 33.250290
 16.614660
 29.712740
 13.132230
 10.129080
  7.685419
 27.447370
  2.036407
 26.067950
 32.411620
 18.737180
 14.310310
 71.292160
 21.060300
 21.889400
  7.253840
 59.404480
 22.679390
   .000000
 29.014000
 25.865660
 23.213940
 11.354630
 22.823340
 49.311480
 30.245130
 17.455020
 25.336350
  8.896117
 38.508370
 65.691720
 13.550570
 19.619070
 60.841500
 23.432180
 42.399850
  5.632931
 42.142080
 47.977600
 33.462320
 15.333480
  2.206539
 10.865530
 53.279360
 10.828140
  7.781728
 12.962040
 28.749210
 26.013880
  6.149189
 29.311210
  6.555917
 12.619910
 47.702080
 16.142780
 36.485170
 21.337520
  2.493681
 26.985730
 53.569020
  5.875968
 21.723760
 18.206290
 44.714740
 22.472460
 16.111680
 29.049350
 66.578530
 51.200490
 29.014000
   .000000
  5.173944
 22.725380
 32.738930
 37.166280
 21.244580
  2.044364
 37.175800
 16.677480
 20.780260
 24.620560
 37.629230
 10.410930
 15.566560
 59.737080
 23.684750
 47.557480
   .627518
 38.770840
 51.063390
 29.498910
 10.228430
  6.441392
  5.920911
 56.442670
  8.325692
 12.775160
 13.009280
 33.904370
 22.119400
 11.228030
 25.839460
 11.713050
  9.293784
 42.658370
 13.861280
 34.227440
 18.244610
  6.028938
 23.833750
 51.268170
  6.548647
 16.617970
 17.311430
 49.658860
 17.303410
 10.937740
 24.927910
 68.642430
 47.439750
 25.865660
  5.173944
   .000000
 17.562150
 28.290040
 37.185840
 26.000840
  7.209671
 32.405070
 11.667780
 17.176290
 28.764140
 39.865270
 16.633070
 13.655280
 60.563860
 32.563850
 64.978820
 17.094380
 32.519480
 64.367130
 21.824390
  8.194318
 23.651730
 12.616070
 69.794200
 18.078940
 30.050880
 24.599730
 51.333470
 17.152820
 28.632510
 21.699440
 29.274610
 16.113350
 26.491500
 19.837710
 33.341380
 18.918280
 23.318430
 21.825560
 48.284710
 21.350360
  4.515722
 25.211340
 66.399610
  2.155434
  6.705492
 17.581000
 78.834010
 38.480030
 23.213940
 22.725380
 17.562150
   .000000
 17.892260
 43.382750
 42.568170
 24.767210
 18.971190
  6.747474
 16.299050
 44.901470
 49.852740
 19.963260
 13.317020
 45.339200
 28.495470
 73.593090
 28.172610
 15.104930
 60.785920
  5.107352
 19.172720
 34.545540
 22.479990
 65.945760
 22.855190
 40.447470
 26.504950
 60.259280
  8.126357
 38.747260
  9.120994
 38.323230
 20.559710
 18.624620
 19.752670
 19.479780
 14.408980
 31.937740
 11.670870
 31.507220
 34.316750
 14.441850
 23.235320
 77.153810
 15.987770
 20.049060
  4.793985
 70.618260
 20.673130
 11.354630
 32.738930
 28.290040
 17.892260
   .000000
 34.070920
 53.971110
 34.442750
  6.205120
 22.756220
 13.176490
 47.616640
 66.229720
 28.758730
 29.727620
 25.352390
 13.734740
 60.416220
 37.665350
 27.276910
 29.509590
 29.573120
 37.297260
 39.223710
 35.680870
 33.986100
 29.404930
 40.877380
 24.360850
 50.448570
 28.078080
 39.568070
 25.049710
 37.468220
 29.808900
 51.795220
 24.762060
 16.465090
 24.482670
 34.723970
 23.116150
 25.419170
 42.690990
 38.988560
 20.040110
 67.960780
 41.386420
 39.504750
 30.046050
 36.581430
 36.136780
 22.823340
 37.166280
 37.185840
 43.382750
 34.070920
   .000000
 51.105610
 37.135170
 39.972750
 42.872140
 27.115660
 29.990000
 73.840870
 34.408330
 40.772130
 76.368100
 38.570730
 23.808270
 26.261000
 62.457030
 49.557940
 54.455560
 36.131800
 19.569830
 31.916900
 53.920050
 31.526900
 13.535240
 30.805820
 11.556590
 47.023950
 15.249890
 49.936060
 16.062350
 33.612410
 68.532200
 36.182080
 55.300920
 41.820680
 22.154710
 47.342240
 71.962190
 21.222930
 42.459350
 36.320160
 23.831940
 42.793870
 36.437270
 50.168220
 71.389030
 71.892600
 49.311480
 21.244580
 26.000840
 42.568170
 53.971110
 51.105610
   .000000
 19.541130
 58.376530
 35.903370
 41.680040
 25.154380
 26.099130
 14.958020
 21.232460
 61.176900
 23.424830
 40.395240
  7.676651
 43.407640
 46.678750
 34.978620
 17.325300
  2.461728
 12.818570
 51.940670
 12.132350
  6.006960
 13.288640
 26.749200
 27.533030
  4.306000
 30.659910
  4.511553
 14.105770
 49.646200
 17.213220
 37.343170
 22.607560
  2.825314
 28.230480
 54.390270
  6.958473
 23.709720
 18.734440
 42.859980
 24.496660
 18.145110
 30.638960
 65.653000
 52.601400
 30.245130
  2.044364
  7.209671
 24.767210
 34.442750
 37.135170
 19.541130
   .000000
 39.002240
 18.712410
 22.232150
 22.954890
 37.121960
 25.150370
 18.484580
 49.313510
 34.689930
 78.770340
 32.193690
 18.124940
 66.979290
 10.433180
 22.556360
 38.812130
 26.485460
 72.127130
 27.965050
 44.954960
 32.205440
 65.304280
 14.156180
 43.293560
 15.241520
 43.104150
 25.584530
 12.429550
 25.464430
 24.741390
 20.378780
 36.665700
 17.870160
 34.595360
 37.994670
 16.745880
 29.265680
 81.861200
 17.523700
 22.891880
 10.948290
 76.429880
 20.743560
 17.455020
 37.175800
 32.405070
 18.971190
  6.205120
 39.972750
 58.376530
 39.002240
   .000000
 24.958580
 18.859750
 53.513520
 68.672510
 14.317750
 14.301860
 62.334530
 30.712560
 58.559570
 11.117320
 36.375770
 61.118970
 25.833130
  5.629917
 17.326280
  8.157360
 66.548030
 14.701400
 23.658860
 21.313870
 44.943340
 19.730800
 22.332610
 24.313350
 23.208650
 13.418890
 33.206120
 18.192050
 35.251720
 19.305560
 17.668390
 23.594260
 51.280540
 14.683790
  8.365229
 23.357700
 59.726540
  7.524836
  3.508460
 21.201140
 77.057010
 43.376440
 25.336350
 16.677480
 11.667780
  6.747474
 22.756220
 42.872140
 35.903370
 18.712410
 24.958580
   .000000
 16.980380
 40.100520
 43.738610
  7.277709
  2.729263
 45.357120
 17.448790
 60.509140
 17.264740
 21.595400
 50.145960
 12.779090
 11.470070
 22.814310
 12.292220
 55.489790
 10.154450
 28.186200
 13.360040
 47.275830
  5.393309
 26.460980
  8.663554
 25.725690
  8.160587
 31.014010
  6.608146
 18.370780
  2.635304
 19.534510
  6.934489
 34.894270
 23.689350
 11.873780
 10.841430
 64.416980
 14.275150
 13.473510
  8.723971
 62.959350
 30.424270
  8.896117
 20.780260
 17.176290
 16.299050
 13.176490
 27.115660
 41.680040
 22.232150
 18.859750
 16.980380
   .000000
 34.680800
 56.885720
 29.399900
 35.523090
 54.920590
 21.564980
 30.489050
 29.378830
 49.954420
 25.145260
 45.690720
 36.710100
 25.270440
 32.374070
 30.029440
 27.164400
 21.772490
 21.495390
 21.012120
 39.492280
 21.703910
 40.127050
 19.538760
 29.459290
 65.680990
 28.116860
 40.059990
 33.208070
 22.836740
 37.087760
 54.377550
 29.761630
 42.290360
 24.487970
 38.080900
 43.906410
 38.348400
 42.876480
 46.381790
 59.964610
 38.508370
 24.620560
 28.764140
 44.901470
 47.616640
 29.990000
 25.154380
 22.954890
 53.513520
 40.100520
 34.680800
   .000000
 50.984380
 50.269690
 54.942500
 98.277640
 60.303560
 42.057500
 39.693670
 78.403810
 75.647670
 68.542240
 47.152780
 35.426970
 44.702660
 80.011520
 47.962230
 32.973460
 50.409800
 35.306320
 61.459700
 34.280220
 65.510850
 36.380950
 49.158910
 75.585080
 53.497030
 73.956340
 58.105960
 39.816860
 63.667260
 91.042270
 33.322470
 52.068390
 55.805690
 35.263620
 51.153510
 46.186080
 63.830040
 97.355300
 86.512600
 65.691720
 37.629230
 39.865270
 49.852740
 66.229720
 73.840870
 26.099130
 37.121960
 68.672510
 43.738610
 56.885720
 50.984380
   .000000
 26.556380
 38.959340
 37.457200
 36.986980
 49.894620
 27.848030
 22.005590
 14.809260
 14.873760
 16.214760
 56.904130
 54.947610
 96.469160
 50.570000
 56.760230
 72.611050
 75.826350
 99.410210
 58.692590
 50.031180
 30.196970
 41.482760
 86.854810
109.692000
 14.130700
  7.376413
 99.095180
 73.525730
  8.603809
  9.920009
 65.822870
 85.051030
 68.971170
 69.586250
 68.807290
 59.771220
 45.532700
 57.202380
 53.289650
 45.851470
 55.540560
 48.347090
 12.962730
 17.925840
 74.193400
109.741500
 13.592770
 16.724850
  7.989450
 11.245740
 51.683050
 26.117440
 54.850840
 65.279060
  8.103106
  6.289802
 70.967360
104.363100
 25.379720
 13.312580
 54.790910
 47.424030
 82.253500
109.527900
 80.484870
 94.680300
 37.067580
 22.611540
 69.677620
 75.794650
 46.531690
 30.346390
  1.940061
  1.565386
 41.856420
 23.551480
 94.253420
 82.373070
 97.181870
 63.105610
 74.176590
 97.492210
  5.611259
  4.389642
 62.740060
 47.290530
 80.988080
 69.949150
 56.422140
 49.755210
 65.595970
 63.042310
 77.559530
 41.058280
 31.742400
 16.621280
 19.328950
 23.236560
 71.272810
 90.114350
