   823.918900
 50
   .000000
 62.739520
 45.302710
  6.486408
 52.264560
 18.353110
 19.601270
  9.176476
  8.031126
 51.785230
 32.604230
   .650796
 21.021140
 33.240830
  4.661596
 26.588900
 13.783620
 26.141060
 14.028630
 42.395690
 13.730780
  8.632730
 16.787140
 14.480040
 62.383710
 42.489030
 38.792980
 47.762890
 15.336940
 11.722180
 50.028690
 14.792910
 20.519730
 12.546060
 11.806070
  5.373862
 50.520950
 55.870400
 13.279440
  6.039307
 11.617570
 15.254440
 49.488320
 44.487850
 17.591590
 10.907420
 13.242750
  7.833521
 16.811910
 14.136980
 32.630700
 62.739520
   .000000
104.295500
 65.523890
114.882600
 55.217950
 82.331950
 53.845040
 62.304620
112.905400
 52.565380
 62.328520
 83.694040
 29.818280
 67.087160
 69.563410
 58.994930
 41.602410
 71.904340
 67.351800
 56.214140
 69.440930
 78.790630
 49.553990
124.900200
102.812700
 72.610360
108.016400
 47.426990
 68.871990
 21.069600
 68.469530
 42.250080
 50.383770
 50.972170
 60.944610
112.938800
117.915600
 49.704500
 66.456400
 52.179920
 77.894730
111.395600
 89.495820
 45.155650
 57.686720
 53.761380
 59.971940
 63.090700
 59.939080
 85.494870
 45.302710
104.295500
   .000000
 46.639380
 22.490270
 49.301870
 29.645410
 54.124550
 50.589870
 11.528520
 56.937680
 45.915070
 30.860400
 76.695130
 42.631240
 62.166890
 45.302250
 71.429160
 46.141310
 80.640690
 58.016440
 43.445230
 36.781930
 55.373400
 38.223380
 41.126270
 73.853690
 43.216240
 59.296040
 35.935780
 87.134970
 35.848420
 63.470650
 57.146050
 55.402610
 44.793130
 32.648200
 38.443390
 56.072270
 39.836200
 53.110260
 34.574700
 36.283960
 28.716260
 61.258630
 46.861110
 58.320540
 51.897430
 57.054940
 56.672450
 20.920740
  6.486408
 65.523890
 46.639380
   .000000
 50.694720
 24.775970
 18.329650
 12.088850
  3.992102
 51.807790
 39.002350
  6.209294
 18.861210
 35.711730
  4.613469
 20.584260
 20.269540
 26.323590
  7.860420
 37.326740
 11.538630
  3.963115
 13.356070
 19.568280
 59.446280
 37.930480
 33.014940
 43.215530
 18.580170
 16.658930
 54.427260
 20.225380
 24.021110
 15.439650
 15.839340
 11.859880
 47.458950
 52.400200
 17.638770
 10.924650
 16.846340
 13.252820
 45.894070
 49.302280
 20.846160
 17.339890
 12.606090
  5.825402
 11.595280
 10.134390
 36.562600
 52.264560
114.882600
 22.490270
 50.694720
   .000000
 62.721280
 32.715830
 61.367270
 54.511910
 12.773220
 73.392010
 52.724240
 31.833550
 85.505300
 48.165340
 59.429700
 57.741360
 77.009990
 46.661360
 76.943310
 61.887040
 46.779170
 37.627650
 65.514770
 15.749170
 26.550580
 68.921550
 26.146280
 67.590420
 47.041590
100.321700
 48.700540
 72.646290
 64.790050
 63.939190
 54.041630
 12.627140
 17.027930
 65.178620
 48.505730
 62.789870
 37.523620
 17.320250
 50.757370
 69.826440
 58.008140
 63.297520
 56.519730
 58.077480
 59.261100
 40.272300
 18.353110
 55.217950
 49.301870
 24.775970
 62.721280
   .000000
 32.898010
 17.655840
 25.115930
 58.628220
 14.257830
 18.569840
 35.315220
 29.910310
 22.293910
 43.583590
  5.371112
 30.919290
 32.362450
 56.854110
 27.001390
 26.746190
 33.154790
 10.888660
 75.286750
 58.761520
 54.962630
 63.900900
 17.221460
 15.933560
 38.029930
 14.070260
 18.152530
 17.694210
 14.823060
 13.100330
 64.038090
 69.975950
 13.700300
 17.031980
 11.176470
 30.412520
 64.003090
 36.870220
 17.802670
  7.445693
 24.525430
 23.626800
 33.192820
 29.506110
 30.373930
 19.601270
 82.331950
 29.645410
 18.329650
 32.715830
 32.898010
   .000000
 28.658480
 22.284160
 33.597980
 45.919910
 20.037320
  2.931180
 52.819190
 15.454160
 32.646990
 27.542820
 44.567610
 16.506100
 51.099740
 29.821460
 14.599270
  7.219347
 33.384140
 43.118630
 26.571710
 44.655620
 31.473870
 34.937290
 17.275410
 68.840380
 20.432980
 40.089730
 32.090720
 31.364850
 22.015800
 31.467650
 37.205330
 32.714240
 16.599100
 30.565820
  5.166132
 31.124110
 40.668250
 37.192460
 26.792950
 30.871300
 24.091910
 27.637520
 27.782850
 26.303340
  9.176476
 53.845040
 54.124550
 12.088850
 61.367270
 17.655840
 28.658480
   .000000
  9.920997
 60.915920
 30.707560
  8.668745
 29.867750
 24.178560
 13.264860
 26.609620
 15.352200
 17.446100
 19.527450
 39.221630
  9.368706
 15.822400
 25.027670
  8.681024
 71.075480
 50.019210
 37.455640
 55.304370
  6.522261
 18.990430
 42.371070
 20.933260
 11.948420
  3.461274
  4.095968
  9.910397
 59.136370
 64.268660
  6.011183
 14.295040
  6.751926
 24.066760
 57.800320
 50.339450
  8.806689
 11.756440
  6.934734
  7.652300
 16.218370
 12.263620
 39.880070
  8.031126
 62.304620
 50.589870
  3.992102
 54.511910
 25.115930
 22.284160
  9.920997
   .000000
 55.793330
 39.105630
  7.491200
 22.699030
 32.500160
  8.166281
 18.736650
 21.182110
 22.510730
  9.806712
 34.423090
  7.550600
  7.748123
 16.986290
 18.257990
 62.889160
 40.687670
 30.797160
 45.947380
 16.084070
 19.454770
 52.090930
 22.746200
 21.477970
 12.934770
 13.975160
 13.005740
 50.889610
 55.656370
 15.875810
 13.629360
 15.795550
 17.175510
 49.119820
 52.278640
 18.264470
 17.884360
  8.843178
  2.394051
  8.780975
  6.442187
 39.924730
 51.785230
112.905400
 11.528520
 51.807790
 12.773220
 58.628220
 33.597980
 60.915920
 55.793330
   .000000
 67.434310
 52.342850
 33.836320
 84.429580
 48.380260
 64.409210
 54.176060
 77.717320
 49.603960
 82.651510
 63.343940
 48.178700
 40.042450
 63.442470
 27.881970
 36.690620
 75.171270
 37.450300
 66.628880
 44.033450
 96.657150
 44.704320
 71.232890
 64.163920
 62.784400
 52.292200
 24.843080
 29.761650
 63.710410
 46.951110
 60.950130
 38.763550
 29.223470
 40.160720
 68.735190
 55.222480
 64.161390
 57.455370
 61.026080
 61.377830
 31.980770
 32.604230
 52.565380
 56.937680
 39.002350
 73.392010
 14.257830
 45.919910
 30.707560
 39.105630
 67.434310
   .000000
 32.805500
 48.543290
 34.080280
 36.522300
 57.227970
 19.270560
 40.024520
 46.619710
 69.108350
 39.984330
 40.992250
 47.018440
 22.418110
 86.995680
 72.273050
 68.095570
 77.313710
 28.166480
 28.649000
 32.448120
 25.680780
 26.523900
 29.752630
 27.124330
 27.354610
 76.237720
 82.375340
 25.489750
 30.955080
 23.957720
 44.053620
 76.679570
 37.217430
 27.745860
 21.699430
 37.172900
 37.430580
 46.798380
 42.934650
 36.219130
   .650796
 62.328520
 45.915070
  6.209294
 52.724240
 18.569840
 20.037320
  8.668745
  7.491200
 52.342850
 32.805500
   .000000
 21.393000
 32.785030
  4.896697
 26.114820
 14.107500
 25.540280
 13.879940
 41.813710
 13.082950
  8.633334
 17.023320
 14.293680
 62.736280
 42.654610
 38.278060
 47.933380
 14.907540
 12.358790
 49.787030
 15.395310
 20.136270
 12.067620
 11.443180
  5.715562
 50.856330
 56.168530
 12.970230
  6.688973
 11.443490
 15.610060
 49.770240
 45.109410
 17.173110
 11.131020
 12.598460
  7.207900
 16.269360
 13.533820
 33.279000
 21.021140
 83.694040
 30.860400
 18.861210
 31.833550
 35.315220
  2.931180
 29.867750
 22.699030
 33.836320
 48.543290
 21.393000
   .000000
 54.036090
 16.608250
 31.320770
 29.945610
 45.180100
 15.775480
 49.791750
 30.138980
 14.954810
  6.206595
 35.157180
 41.374480
 23.802310
 43.050870
 28.776900
 36.269890
 19.904170
 70.726790
 23.186690
 41.529200
 33.325760
 32.825840
 23.952800
 29.563780
 35.110680
 34.275340
 18.687590
 32.307950
  5.801072
 28.893320
 43.378350
 38.547050
 28.969890
 31.465160
 24.686190
 27.194920
 27.768030
 28.993000
 33.240830
 29.818280
 76.695130
 35.711730
 85.505300
 29.910310
 52.819190
 24.178560
 32.500160
 84.429580
 34.080280
 32.785030
 54.036090
   .000000
 37.442040
 41.799110
 32.175680
 13.648980
 42.154690
 44.825240
 26.695240
 39.637570
 49.004150
 21.371690
 95.124890
 73.096310
 47.700290
 78.325310
 17.934390
 40.763300
 23.233580
 41.165630
 13.235050
 20.731880
 21.692140
 32.141780
 83.150870
 88.097670
 20.725370
 37.502710
 23.593650
 48.236610
 81.577410
 66.705840
 15.741140
 29.979100
 24.069120
 30.158810
 34.001060
 30.545110
 59.647400
  4.661596
 67.087160
 42.631240
  4.613469
 48.165340
 22.293910
 15.454160
 13.264860
  8.166281
 48.380260
 36.522300
  4.896697
 16.608250
 37.442040
   .000000
 24.957650
 17.341040
 29.345710
 10.373550
 41.928560
 15.401500
  4.520230
 12.133010
 19.141550
 57.894910
 37.835470
 37.462380
 43.106950
 19.668360
 12.217660
 54.676230
 15.909090
 24.965860
 16.719950
 16.308320
  9.233204
 45.995110
 51.278170
 17.863980
  6.681375
 16.279070
 10.807850
 44.874810
 44.720970
 21.949490
 14.932660
 15.813480
  9.266198
 16.208430
 14.568540
 31.954540
 26.588900
 69.563410
 62.166890
 20.584260
 59.429700
 43.583590
 32.646990
 26.609620
 18.736650
 64.409210
 57.227970
 26.114820
 31.320770
 41.799110
 24.957650
   .000000
 39.897560
 28.370230
 16.620640
 18.473800
 17.764600
 21.392500
 25.435780
 35.222530
 63.330860
 37.896090
 12.567340
 42.401100
 30.823350
 37.172070
 64.393690
 40.801560
 35.221750
 28.275730
 30.476530
 31.731480
 51.944650
 54.954020
 32.310460
 31.500740
 33.313350
 28.101460
 48.660620
 69.449700
 32.370790
 36.530910
 20.881460
 19.965790
 10.429920
 14.350820
 56.080370
 13.783620
 58.994930
 45.302250
 20.269540
 57.741360
  5.371112
 27.542820
 15.352200
 21.182110
 54.176060
 19.270560
 14.107500
 29.945610
 32.175680
 17.341040
 39.897560
   .000000
 30.870770
 27.599760
 54.272710
 24.296210
 21.848440
 27.854060
 11.188180
 70.066950
 53.404170
 51.696160
 58.536520
 16.933970
 10.744160
 42.680670
  9.495961
 19.407250
 16.422400
 13.643490
  8.409763
 58.750610
 64.657420
 13.187530
 11.733090
 10.072980
 25.058690
 58.657960
 35.865530
 18.158360
  3.606640
 22.244090
 20.033950
 29.668930
 26.256610
 27.475600
 26.141060
 41.602410
 71.429160
 26.323590
 77.009990
 30.919290
 44.567610
 17.446100
 22.510730
 77.717320
 40.024520
 25.540280
 45.180100
 13.648980
 29.345710
 28.370230
 30.870770
   .000000
 31.305830
 31.912430
 15.366910
 30.231060
 39.484340
 20.106660
 85.105990
 61.762930
 34.149270
 66.876570
 13.950230
 36.400140
 36.792130
 38.061550
 13.534050
 14.892810
 17.375230
 27.270840
 73.117970
 77.584970
 17.692580
 31.684320
 20.803690
 39.558050
 71.028590
 66.724940
 13.119620
 27.643870
 13.717860
 20.505160
 21.559820
 18.722740
 57.119140
 14.028630
 71.904340
 46.141310
  7.860420
 46.661360
 32.362450
 16.506100
 19.527450
  9.806712
 49.603960
 46.619710
 13.879940
 15.775480
 42.154690
 10.373550
 16.620640
 27.599760
 31.305830
   .000000
 34.864200
 15.954400
  5.896101
  9.572044
 27.378210
 53.815300
 30.946090
 29.069750
 36.188680
 25.849780
 21.967680
 61.853400
 25.819370
 31.264700
 22.690820
 23.459730
 19.282430
 41.839360
 46.300930
 25.310920
 16.905590
 24.687670
 11.639750
 39.745370
 53.244320
 28.053020
 24.921150
 18.152610
 12.200760
 11.496930
 12.774020
 39.603110
 42.395690
 67.351800
 80.640690
 37.326740
 76.943310
 56.854110
 51.099740
 39.221630
 34.423090
 82.651510
 69.108350
 41.813710
 49.791750
 44.825240
 41.928560
 18.473800
 54.272710
 31.912430
 34.864200
   .000000
 29.988880
 39.022030
 43.897330
 46.783930
 79.102550
 53.379030
  8.580578
 57.149210
 40.964880
 53.841420
 67.926920
 57.166000
 43.620910
 39.460450
 42.227910
 46.906380
 68.354230
 70.476880
 43.708470
 48.018940
 45.737160
 46.464800
 64.569520
 86.614400
 41.649930
 50.685480
 32.328850
 34.740430
 25.763200
 28.333960
 73.754950
 13.730780
 56.214140
 58.016440
 11.538630
 61.887040
 27.001390
 29.821460
  9.368706
  7.550600
 63.343940
 39.984330
 13.082950
 30.138980
 26.695240
 15.401500
 17.764600
 24.296210
 15.366910
 15.954400
 29.988880
   .000000
 15.242180
 24.267730
 17.660630
 69.739580
 46.646110
 28.118030
 51.822900
 13.080040
 25.406210
 47.898410
 28.197260
 17.753360
 10.534810
 12.901510
 17.325120
 57.751060
 62.253530
 14.662720
 19.768040
 16.083190
 24.695560
 55.697510
 57.988130
 14.748550
 20.701970
  3.150512
  6.166922
  7.866997
  3.950447
 46.361380
  8.632730
 69.440930
 43.445230
  3.963115
 46.779170
 26.746190
 14.599270
 15.822400
  7.748123
 48.178700
 40.992250
  8.633334
 14.954810
 39.637570
  4.520230
 21.392500
 21.848440
 30.231060
  5.896101
 39.022030
 15.242180
   .000000
  9.395525
 22.784770
 55.500410
 34.295460
 33.959830
 39.583560
 22.343240
 16.196430
 58.008070
 20.013560
 27.769040
 19.232020
 19.391070
 13.650030
 43.517680
 48.507300
 21.116400
 11.012730
 19.973670
  9.456300
 42.015460
 48.059330
 24.623830
 19.343320
 16.523380
  9.766485
 13.806850
 13.282150
 34.781330
 16.787140
 78.790630
 36.781930
 13.356070
 37.627650
 33.154790
  7.219347
 25.027670
 16.986290
 40.042450
 47.018440
 17.023320
  6.206595
 49.004150
 12.133010
 25.435780
 27.854060
 39.484340
  9.572044
 43.897330
 24.267730
  9.395525
   .000000
 31.260530
 46.121160
 25.850030
 37.449380
 31.091960
 31.537320
 19.101600
 66.808940
 22.846320
 36.920390
 28.474850
 28.357160
 20.713030
 34.148850
 39.247830
 29.967650
 16.125510
 28.394130
  3.643989
 32.800990
 46.752410
 33.825740
 26.199230
 25.826480
 19.125020
 20.994600
 21.698490
 32.555720
 14.480040
 49.553990
 55.373400
 19.568280
 65.514770
 10.888660
 33.384140
  8.681024
 18.257990
 63.442470
 22.418110
 14.293680
 35.157180
 21.371690
 19.141550
 35.222530
 11.188180
 20.106660
 27.378210
 46.783930
 17.660630
 22.784770
 31.260530
   .000000
 76.479440
 56.948200
 45.717700
 62.227020
  6.338320
 19.494010
 35.605080
 19.809940
  8.290117
  7.340881
  4.762187
 11.476100
 64.719510
 70.205840
  3.078264
 17.012310
  2.868348
 29.505730
 63.873620
 46.908810
  7.073139
  8.620507
 14.771100
 16.152660
 24.870480
 20.875580
 38.520200
 62.383710
124.900200
 38.223380
 59.446280
 15.749170
 75.286750
 43.118630
 71.075480
 62.889160
 27.881970
 86.995680
 62.736280
 41.374480
 95.124890
 57.894910
 63.330860
 70.066950
 85.105990
 53.815300
 79.102550
 69.739580
 55.500410
 46.121160
 76.479440
   .000000
 25.730350
 70.619130
 22.297270
 77.546140
 59.355870
111.954700
 61.603430
 82.860210
 74.534770
 74.179080
 65.133950
 12.000040
  8.688985
 75.648720
 59.690020
 73.644910
 47.129890
 14.671570
 66.456820
 79.832060
 69.758270
 71.689460
 65.135570
 64.509540
 66.543400
 55.481250
 42.489030
102.812700
 41.126270
 37.930480
 26.550580
 58.761520
 26.571710
 50.019210
 40.687670
 36.690620
 72.273050
 42.654610
 23.802310
 73.096310
 37.835470
 37.896090
 53.404170
 61.762930
 30.946090
 53.379030
 46.646110
 34.295460
 25.850030
 56.948200
 25.730350
   .000000
 44.915220
  5.288208
 56.501910
 43.679070
 92.303340
 46.985030
 61.944270
 53.351280
 53.684010
 46.559050
 15.457900
 17.156660
 55.409010
 41.784530
 54.096080
 28.349670
 11.246090
 63.129790
 58.757190
 51.993100
 49.055130
 43.070030
 40.404960
 43.055520
 49.243090
 38.792980
 72.610360
 73.853690
 33.014940
 68.921550
 54.962630
 44.655620
 37.455640
 30.797160
 75.171270
 68.095570
 38.278060
 43.050870
 47.700290
 37.462380
 12.567340
 51.696160
 34.149270
 29.069750
  8.580578
 28.118030
 33.959830
 37.449380
 45.717700
 70.619130
 44.915220
   .000000
 48.604410
 40.503810
 49.658090
 70.918930
 53.234260
 44.064610
 38.440830
 40.979860
 43.762580
 59.998800
 61.976460
 42.673170
 43.937400
 44.194510
 40.351650
 56.132080
 82.016020
 41.626330
 48.214680
 30.948330
 31.671600
 22.072430
 25.487680
 68.621480
 47.762890
108.016400
 43.216240
 43.215530
 26.146280
 63.900900
 31.473870
 55.304370
 45.947380
 37.450300
 77.313710
 47.933380
 28.776900
 78.325310
 43.106950
 42.401100
 58.536520
 66.876570
 36.188680
 57.149210
 51.822900
 39.583560
 31.091960
 62.227020
 22.297270
  5.288208
 48.604410
   .000000
 61.784260
 48.681030
 97.591510
 51.906200
 67.226600
 58.632520
 58.972220
 51.788800
 13.860060
 13.617120
 60.696680
 46.958850
 59.373210
 33.506400
  9.080084
 66.705380
 64.037810
 57.193000
 54.270840
 48.332410
 45.444280
 48.192780
 53.094600
 15.336940
 47.426990
 59.296040
 18.580170
 67.590420
 17.221460
 34.937290
  6.522261
 16.084070
 66.628880
 28.166480
 14.907540
 36.269890
 17.934390
 19.668360
 30.823350
 16.933970
 13.950230
 25.849780
 40.964880
 13.080040
 22.343240
 31.537320
  6.338320
 77.546140
 56.501910
 40.503810
 61.784260
   .000000
 23.491380
 36.008670
 24.607040
  5.442367
  3.160919
  3.893781
 14.503430
 65.621250
 70.783050
  3.746526
 19.682530
  6.898304
 30.472630
 64.319200
 52.798890
  2.288668
 13.801310
  9.943982
 13.708530
 20.844960
 16.797390
 43.636450
 11.722180
 68.871990
 35.935780
 16.658930
 47.041590
 15.933560
 17.275410
 18.990430
 19.454770
 44.033450
 28.649000
 12.358790
 19.904170
 40.763300
 12.217660
 37.172070
 10.744160
 36.400140
 21.967680
 53.841420
 25.406210
 16.196430
 19.101600
 19.494010
 59.355870
 43.679070
 49.658090
 48.681030
 23.491380
   .000000
 53.297340
  3.888925
 27.535300
 21.629100
 19.608780
  9.138464
 48.125000
 54.105920
 20.157700
  5.826301
 17.174510
 15.779490
 48.219150
 32.827440
 25.373520
 11.198780
 24.578630
 19.549230
 28.089280
 25.775780
 21.053600
 50.028690
 21.069600
 87.134970
 54.427260
100.321700
 38.029930
 68.840380
 42.371070
 52.090930
 96.657150
 32.448120
 49.787030
 70.726790
 23.233580
 54.676230
 64.393690
 42.680670
 36.792130
 61.853400
 67.926920
 47.898410
 58.008070
 66.808940
 35.605080
111.954700
 92.303340
 70.918930
 97.591510
 36.008670
 53.297340
   .000000
 52.030380
 30.625820
 39.164550
 38.620700
 46.826190
100.269200
105.805500
 36.902170
 52.268540
 38.470450
 65.106670
 99.478520
 69.664590
 33.837590
 42.352330
 44.884120
 49.710010
 55.673620
 51.847780
 67.274670
 14.792910
 68.469530
 35.848420
 20.225380
 48.700540
 14.070260
 20.432980
 20.933260
 22.746200
 44.704320
 25.680780
 15.395310
 23.186690
 41.165630
 15.909090
 40.801560
  9.495961
 38.061550
 25.819370
 57.166000
 28.197260
 20.013560
 22.846320
 19.809940
 61.603430
 46.985030
 53.234260
 51.906200
 24.607040
  3.888925
 52.030380
   .000000
 28.073510
 23.168930
 20.828870
 11.105530
 50.628410
 56.723100
 21.033110
  9.301497
 17.889030
 19.437860
 50.998840
 29.791160
 26.272050
 11.190120
 27.043830
 22.583870
 31.480290
 28.928430
 19.066490
 20.519730
 42.250080
 63.470650
 24.021110
 72.646290
 18.152530
 40.089730
 11.948420
 21.477970
 71.232890
 26.523900
 20.136270
 41.529200
 13.235050
 24.965860
 35.221750
 19.407250
 13.534050
 31.264700
 43.620910
 17.753360
 27.769040
 36.920390
  8.290117
 82.860210
 61.944270
 44.064610
 67.226600
  5.442367
 27.535300
 30.625820
 28.073510
   .000000
  8.597271
  8.724882
 18.943130
 70.957050
 76.167610
  7.533588
 24.363120
 10.361410
 35.744300
 69.715840
 54.854480
  3.213653
 16.895060
 14.621890
 19.091660
 25.619190
 21.632780
 46.805500
 12.546060
 50.383770
 57.146050
 15.439650
 64.790050
 17.694210
 32.090720
  3.461274
 12.934770
 64.163920
 29.752630
 12.067620
 33.325760
 20.731880
 16.719950
 28.275730
 16.422400
 14.892810
 22.690820
 39.460450
 10.534810
 19.232020
 28.474850
  7.340881
 74.534770
 53.351280
 38.440830
 58.632520
  3.160919
 21.629100
 39.164550
 23.168930
  8.597271
   .000000
  2.878869
 12.497280
 62.593010
 67.708400
  4.263901
 17.338680
  6.573646
 27.524680
 61.233120
 52.068330
  5.407209
 12.989050
  7.515561
 10.566860
 18.104620
 14.050490
 42.229060
 11.806070
 50.972170
 55.402610
 15.839340
 63.939190
 14.823060
 31.364850
  4.095968
 13.975160
 62.784400
 27.124330
 11.443180
 32.825840
 21.692140
 16.308320
 30.476530
 13.643490
 17.375230
 23.459730
 42.227910
 12.901510
 19.391070
 28.357160
  4.762187
 74.179080
 53.684010
 40.979860
 58.972220
  3.893781
 19.608780
 38.620700
 20.828870
  8.724882
  2.878869
   .000000
 10.610740
 62.297410
 67.575680
  1.915303
 15.833600
  3.698199
 27.050720
 61.152850
 49.401840
  5.955698
 10.291660
 10.050070
 11.739270
 20.150400
 16.137790
 39.886790
  5.373862
 60.944610
 44.793130
 11.859880
 54.041630
 13.100330
 22.015800
  9.910397
 13.005740
 52.292200
 27.354610
  5.715562
 23.952800
 32.141780
  9.233204
 31.731480
  8.409763
 27.270840
 19.282430
 46.906380
 17.325120
 13.650030
 20.713030
 11.476100
 65.133950
 46.559050
 43.762580
 51.788800
 14.503430
  9.138464
 46.826190
 11.105530
 18.943130
 12.497280
 10.610740
   .000000
 53.451770
 59.063460
 11.418390
  5.536458
  8.766053
 18.476730
 52.819460
 40.784500
 16.505430
  5.700594
 15.965860
 12.198950
 21.692460
 18.592140
 29.972330
 50.520950
112.938800
 32.648200
 47.458950
 12.627140
 64.038090
 31.467650
 59.136370
 50.889610
 24.843080
 76.237720
 50.856330
 29.563780
 83.150870
 45.995110
 51.944650
 58.750610
 73.117970
 41.839360
 68.354230
 57.751060
 43.517680
 34.148850
 64.719510
 12.000040
 15.457900
 59.998800
 13.860060
 65.621250
 48.125000
100.269200
 50.628410
 70.957050
 62.593010
 62.297410
 53.451770
   .000000
  6.373081
 63.798470
 48.066210
 61.871630
 35.273040
  4.799833
 59.111420
 67.908860
 58.236070
 59.689590
 53.138790
 52.629070
 54.583370
 46.808860
 55.870400
117.915600
 38.443390
 52.400200
 17.027930
 69.975950
 37.205330
 64.268660
 55.656370
 29.761650
 82.375340
 56.168530
 35.110680
 88.097670
 51.278170
 54.954020
 64.657420
 77.584970
 46.300930
 70.476880
 62.253530
 48.507300
 39.247830
 70.205840
  8.688985
 17.156660
 61.976460
 13.617120
 70.783050
 54.105920
105.805500
 56.723100
 76.167610
 67.708400
 67.575680
 59.063460
  6.373081
   .000000
 69.138440
 53.756800
 67.344550
 40.700150
  6.556449
 65.353630
 73.071080
 63.994200
 64.366930
 57.962150
 56.655750
 58.909780
 53.167580
 13.279440
 49.704500
 56.072270
 17.638770
 65.178620
 13.700300
 32.714240
  6.011183
 15.875810
 63.710410
 25.489750
 12.970230
 34.275340
 20.725370
 17.863980
 32.310460
 13.187530
 17.692580
 25.310920
 43.708470
 14.662720
 21.116400
 29.967650
  3.078264
 75.648720
 55.409010
 42.673170
 60.696680
  3.746526
 20.157700
 36.902170
 21.033110
  7.533588
  4.263901
  1.915303
 11.418390
 63.798470
 69.138440
   .000000
 16.830760
  3.182096
 28.527140
 62.738580
 49.052710
  5.246984
 10.093580
 11.725870
 13.651080
 22.014570
 17.988680
 40.011830
  6.039307
 66.456400
 39.836200
 10.924650
 48.505730
 17.031980
 16.599100
 14.295040
 13.629360
 46.951110
 30.955080
  6.688973
 18.687590
 37.502710
  6.681375
 31.500740
 11.733090
 31.684320
 16.905590
 48.018940
 19.768040
 11.012730
 16.125510
 17.012310
 59.690020
 41.784530
 43.937400
 46.958850
 19.682530
  5.826301
 52.268540
  9.301497
 24.363120
 17.338680
 15.833600
  5.536458
 48.066210
 53.756800
 16.830760
   .000000
 14.291030
 13.457490
 47.579250
 38.650010
 21.786330
 10.294890
 19.199110
 13.800980
 22.273540
 19.968030
 26.594020
 11.617570
 52.179920
 53.110260
 16.846340
 62.789870
 11.176470
 30.565820
  6.751926
 15.795550
 60.950130
 23.957720
 11.443490
 32.307950
 23.593650
 16.279070
 33.313350
 10.072980
 20.803690
 24.687670
 45.737160
 16.083190
 19.973670
 28.394130
  2.868348
 73.644910
 54.096080
 44.194510
 59.373210
  6.898304
 17.174510
 38.470450
 17.889030
 10.361410
  6.573646
  3.698199
  8.766053
 61.871630
 67.344550
  3.182096
 14.291030
   .000000
 26.645180
 61.008090
 45.921840
  8.387705
  6.912336
 13.431290
 13.812320
 22.895660
 18.987620
 36.840680
 15.254440
 77.894730
 34.574700
 13.252820
 37.523620
 30.412520
  5.166132
 24.066760
 17.175510
 38.763550
 44.053620
 15.610060
  5.801072
 48.236610
 10.807850
 28.101460
 25.058690
 39.558050
 11.639750
 46.464800
 24.695560
  9.456300
  3.643989
 29.505730
 47.129890
 28.349670
 40.351650
 33.506400
 30.472630
 15.779490
 65.106670
 19.437860
 35.744300
 27.524680
 27.050720
 18.476730
 35.273040
 40.700150
 28.527140
 13.457490
 26.645180
   .000000
 34.387470
 43.202460
 32.751260
 23.725030
 25.843080
 19.054750
 22.543040
 22.616770
 29.069940
 49.488320
111.395600
 36.283960
 45.894070
 17.320250
 64.003090
 31.124110
 57.800320
 49.119820
 29.223470
 76.679570
 49.770240
 28.893320
 81.577410
 44.874810
 48.660620
 58.657960
 71.028590
 39.745370
 64.569520
 55.697510
 42.015460
 32.800990
 63.873620
 14.671570
 11.246090
 56.132080
  9.080084
 64.319200
 48.219150
 99.478520
 50.998840
 69.715840
 61.233120
 61.152850
 52.819460
  4.799833
  6.556449
 62.738580
 47.579250
 61.008090
 34.387470
   .000000
 61.788000
 66.606080
 57.852230
 57.818790
 51.432090
 50.124400
 52.355450
 48.946540
 44.487850
 89.495820
 28.716260
 49.302280
 50.757370
 36.870220
 40.668250
 50.339450
 52.278640
 40.160720
 37.217430
 45.109410
 43.378350
 66.705840
 44.720970
 69.449700
 35.865530
 66.724940
 53.244320
 86.614400
 57.988130
 48.059330
 46.752410
 46.908810
 66.456820
 63.129790
 82.016020
 66.705380
 52.798890
 32.827440
 69.664590
 29.791160
 54.854480
 52.068330
 49.401840
 40.784500
 59.111420
 65.353630
 49.052710
 38.650010
 45.921840
 43.202460
 61.788000
   .000000
 53.963540
 39.110390
 56.745290
 52.317140
 60.851980
 58.596100
 14.390090
 17.591590
 45.155650
 61.258630
 20.846160
 69.826440
 17.802670
 37.192460
  8.806689
 18.264470
 68.735190
 27.745860
 17.173110
 38.547050
 15.741140
 21.949490
 32.370790
 18.158360
 13.119620
 28.053020
 41.649930
 14.748550
 24.623830
 33.825740
  7.073139
 79.832060
 58.757190
 41.626330
 64.037810
  2.288668
 25.373520
 33.837590
 26.272050
  3.213653
  5.407209
  5.955698
 16.505430
 67.908860
 73.071080
  5.246984
 21.786330
  8.387705
 32.751260
 66.606080
 53.963540
   .000000
 15.254300
 11.599760
 15.878000
 22.594250
 18.576970
 45.222670
 10.907420
 57.686720
 46.861110
 17.339890
 58.008140
  7.445693
 26.792950
 11.756440
 17.884360
 55.222480
 21.699430
 11.131020
 28.969890
 29.979100
 14.932660
 36.530910
  3.606640
 27.643870
 24.921150
 50.685480
 20.701970
 19.343320
 26.199230
  8.620507
 69.758270
 51.993100
 48.214680
 57.193000
 13.801310
 11.198780
 42.352330
 11.190120
 16.895060
 12.989050
 10.291660
  5.700594
 58.236070
 63.994200
 10.093580
 10.294890
  6.912336
 23.725030
 57.852230
 39.110390
 15.254300
   .000000
 18.638940
 16.596420
 26.234350
 22.743780
 29.984010
 13.242750
 53.761380
 58.320540
 12.606090
 63.297520
 24.525430
 30.871300
  6.934734
  8.843178
 64.161390
 37.172900
 12.598460
 31.465160
 24.069120
 15.813480
 20.881460
 22.244090
 13.717860
 18.152610
 32.328850
  3.150512
 16.523380
 25.826480
 14.771100
 71.689460
 49.055130
 30.948330
 54.270840
  9.943982
 24.578630
 44.884120
 27.043830
 14.621890
  7.515561
 10.050070
 15.965860
 59.689590
 64.366930
 11.725870
 19.199110
 13.431290
 25.843080
 57.818790
 56.745290
 11.599760
 18.638940
   .000000
  6.788387
 11.001190
  7.017095
 45.631770
  7.833521
 59.971940
 51.897430
  5.825402
 56.519730
 23.626800
 24.091910
  7.652300
  2.394051
 57.455370
 37.430580
  7.207900
 24.686190
 30.158810
  9.266198
 19.965790
 20.033950
 20.505160
 12.200760
 34.740430
  6.166922
  9.766485
 19.125020
 16.152660
 65.135570
 43.070030
 31.671600
 48.332410
 13.708530
 19.549230
 49.710010
 22.583870
 19.091660
 10.566860
 11.739270
 12.198950
 53.138790
 57.962150
 13.651080
 13.800980
 13.812320
 19.054750
 51.432090
 52.317140
 15.878000
 16.596420
  6.788387
   .000000
  9.639493
  6.406594
 40.363440
 16.811910
 63.090700
 57.054940
 11.595280
 58.077480
 33.192820
 27.637520
 16.218370
  8.780975
 61.026080
 46.798380
 16.269360
 27.194920
 34.001060
 16.208430
 10.429920
 29.668930
 21.559820
 11.496930
 25.763200
  7.866997
 13.806850
 20.994600
 24.870480
 64.509540
 40.404960
 22.072430
 45.444280
 20.844960
 28.089280
 55.673620
 31.480290
 25.619190
 18.104620
 20.150400
 21.692460
 52.629070
 56.655750
 22.014570
 22.273540
 22.895660
 22.543040
 50.124400
 60.851980
 22.594250
 26.234350
 11.001190
  9.639493
   .000000
  4.055679
 48.142460
 14.136980
 59.939080
 56.672450
 10.134390
 59.261100
 29.506110
 27.782850
 12.263620
  6.442187
 61.377830
 42.934650
 13.533820
 27.768030
 30.545110
 14.568540
 14.350820
 26.256610
 18.722740
 12.774020
 28.333960
  3.950447
 13.282150
 21.698490
 20.875580
 66.543400
 43.055520
 25.487680
 48.192780
 16.797390
 25.775780
 51.847780
 28.928430
 21.632780
 14.050490
 16.137790
 18.592140
 54.583370
 58.909780
 17.988680
 19.968030
 18.987620
 22.616770
 52.355450
 58.596100
 18.576970
 22.743780
  7.017095
  6.406594
  4.055679
   .000000
 46.360760
 32.630700
 85.494870
 20.920740
 36.562600
 40.272300
 30.373930
 26.303340
 39.880070
 39.924730
 31.980770
 36.219130
 33.279000
 28.993000
 59.647400
 31.954540
 56.080370
 27.475600
 57.119140
 39.603110
 73.754950
 46.361380
 34.781330
 32.555720
 38.520200
 55.481250
 49.243090
 68.621480
 53.094600
 43.636450
 21.053600
 67.274670
 19.066490
 46.805500
 42.229060
 39.886790
 29.972330
 46.808860
 53.167580
 40.011830
 26.594020
 36.840680
 29.069940
 48.946540
 14.390090
 45.222670
 29.984010
 45.631770
 40.363440
 48.142460
 46.360760
   .000000
 42.445180
 33.949300
 74.158000
 70.347050
 91.353420
102.865300
 65.700390
 70.167970
 47.749760
 66.006040
 65.117520
 72.728420
 51.825160
 40.214510
 91.599630
113.524700
 85.738950
126.525000
 38.655190
 45.487250
 27.253570
 39.022780
 62.453620
 39.876980
 24.743900
 25.677720
 60.044980
 69.842090
 81.763010
 64.916780
 19.129070
 21.510940
 28.654970
 24.685680
 44.800490
 27.113160
 20.614300
 17.758320
 21.025250
 23.465650
 57.513760
 77.260460
 20.916930
 30.389820
 85.205200
 52.202510
 32.293570
 35.208350
 84.528450
 97.959650
 74.173250
 64.231860
 63.487040
 57.795910
  9.466905
  6.505591
 58.802360
 51.286740
 27.570120
 25.268570
 67.755110
 86.472970
 50.850700
 38.205660
 54.152070
 39.789850
 61.493780
 32.837710
 58.979620
 53.947270
 53.981290
 47.036170
 57.202460
 48.909640
 64.683620
 86.028500
 12.227220
 15.628190
 54.216080
 30.173400
 73.287790
 89.193130
 74.290860
 94.286520
   .478065
   .585839
 12.938080
 18.628720
 59.016140
 60.431610
 50.989770
 36.084740
 27.514930
 15.240730
 15.033800
  9.728854
 48.269550
 47.169290
 15.612220
 17.344770
