   829.015100
 50
   .000000
 42.261010
  3.968653
 51.096890
 10.856960
 59.919750
 45.315860
 13.163920
 39.741810
 19.042400
 30.720530
 57.832020
 50.045240
 18.502000
 15.470310
 28.264010
 19.597980
 52.158950
 40.733230
 16.334330
 22.328860
 41.263950
 50.987400
 16.248860
 12.841700
 46.650410
  2.960480
 16.541120
 22.958800
 51.092490
 12.939420
 40.184690
 21.400090
  8.039223
  9.105291
 56.084470
 13.834320
 16.531640
 37.380210
 25.632590
 17.579150
 11.423460
  4.108268
 39.943930
 27.168230
 13.309250
 22.248250
 48.360540
 52.391460
 21.305480
 43.300410
 42.261010
   .000000
 42.917640
 54.878790
 48.629620
 59.564580
 38.187130
 29.097320
 42.498770
 26.794150
 70.884800
 82.634100
 74.818090
 60.724480
 29.312160
 69.998050
 61.632340
 93.422320
 74.693360
 51.464490
 45.359520
 64.145590
 73.727910
 26.812640
 39.970880
 54.933280
 42.459810
 35.297610
 33.037690
 18.765660
 30.221380
 79.806340
 61.321090
 47.388080
 36.262540
 80.406910
 36.161580
 40.809860
 72.200130
 65.558570
 59.242800
 39.106220
 44.278770
 74.364130
 67.546290
 49.044320
 64.508380
 38.172220
 48.369320
 57.674260
 52.707340
  3.968653
 42.917640
   .000000
 54.987300
 14.227250
 56.447890
 42.618890
 14.178930
 43.475150
 21.522070
 28.643250
 61.388460
 46.157470
 18.145650
 17.981940
 27.083950
 18.794750
 50.697730
 37.403860
 12.638970
 26.297520
 37.303300
 54.711340
 16.224070
  9.431177
 42.961940
  6.909461
 13.874980
 20.396780
 53.036360
 12.781090
 37.990100
 19.097590
 11.290790
 12.437800
 59.683700
 17.436640
 20.456430
 34.124080
 27.500560
 16.325240
  8.254553
  7.726213
 42.777330
 25.146640
 16.862600
 22.169960
 51.703430
 49.259540
 17.987700
 39.616530
 51.096890
 54.878790
 54.987300
   .000000
 44.708530
104.407600
 84.714600
 48.569630
 13.356430
 39.677500
 76.391650
 36.940030
101.140200
 60.797100
 41.479630
 70.592670
 63.037580
 91.786450
 90.508050
 67.342610
 29.593830
 92.117460
 28.831880
 52.402310
 61.758920
 93.834270
 48.336120
 62.217010
 66.264150
 43.805900
 52.556480
 85.249340
 69.182360
 46.856650
 43.210420
 34.849880
 38.011520
 34.585560
 86.995200
 52.012220
 63.156310
 60.034710
 48.318530
 45.356200
 73.146220
 42.130380
 61.736790
 19.193630
 94.407620
 71.629650
 90.614170
 10.856960
 48.629620
 14.227250
 44.708530
   .000000
 70.663670
 56.081320
 20.879940
 35.179640
 22.390450
 32.175910
 47.170880
 57.856030
 16.906760
 19.398200
 27.369440
 18.951300
 50.755920
 45.845920
 24.175440
 15.151600
 50.019730
 40.664700
 25.075920
 23.587090
 57.152510
  8.369009
 27.368580
 33.727680
 53.980480
 22.240390
 41.428940
 24.478710
  2.951479
 12.392940
 45.486680
 13.519290
 12.008000
 42.321360
 16.936850
 18.580410
 22.244460
  6.758587
 29.285120
 28.771540
  2.858703
 19.120880
 45.966430
 63.248080
 27.397360
 53.811760
 59.919750
 59.564580
 56.447890
104.407600
 70.663670
   .000000
 21.408560
 56.452260
 91.134800
 64.773190
 64.052610
117.748600
 38.012170
 67.608860
 63.363680
 69.237430
 66.386120
 82.402730
 52.626090
 50.153880
 80.311840
 32.815310
110.698100
 52.210090
 47.089780
 14.880250
 62.721280
 44.093330
 38.711560
 78.311470
 52.710010
 67.391770
 59.334890
 67.736510
 64.001280
115.981200
 68.602590
 73.720340
 53.150770
 81.713150
 63.426800
 48.509490
 64.007970
 98.636220
 63.038460
 73.222470
 71.240250
 93.051670
 11.206010
 51.975880
 17.809210
 45.315860
 38.187130
 42.618890
 84.714600
 56.081320
 21.408560
   .000000
 38.476780
 71.360020
 45.624940
 59.219860
101.880600
 45.286360
 57.738450
 44.858530
 62.449380
 57.171370
 80.747020
 53.536450
 40.884230
 63.041780
 35.942780
 94.146930
 33.854890
 33.481100
 19.619620
 47.725510
 28.806950
 22.359400
 56.916950
 35.264900
 65.272850
 51.904990
 53.346360
 47.073070
 99.943080
 51.024190
 56.482030
 52.632950
 69.909250
 54.075530
 34.395370
 49.349460
 85.256010
 57.118320
 58.259680
 61.801190
 72.215030
 10.282500
 45.005840
 18.891790
 13.163920
 29.097320
 14.178930
 48.569630
 20.879940
 56.452260
 38.476780
   .000000
 35.659420
  9.560297
 42.778550
 63.669090
 55.486960
 31.639860
  7.092176
 41.137450
 32.621320
 64.859310
 49.930030
 24.975220
 24.576790
 45.449900
 55.736290
  4.708806
 15.052920
 45.270580
 13.599810
 13.845410
 17.820140
 39.068160
  4.027673
 52.058880
 33.197100
 19.021290
  9.191131
 61.671940
 12.551650
 18.054690
 46.893810
 37.547590
 30.368950
 13.483950
 15.484730
 49.417120
 39.302760
 22.130590
 35.412020
 41.059390
 47.219440
 31.038710
 42.044570
 39.741810
 42.498770
 43.475150
 13.356430
 35.179640
 91.134800
 71.360020
 35.659420
   .000000
 26.520790
 67.355150
 42.978670
 89.472640
 51.990690
 28.582840
 62.292450
 54.101040
 84.863730
 80.128190
 56.068420
 20.452440
 80.082660
 34.002010
 39.294500
 49.446790
 80.820490
 37.193950
 49.444970
 53.189380
 34.106150
 39.679210
 76.583720
 59.335220
 36.823350
 31.233040
 40.723540
 26.078200
 23.751320
 76.677740
 45.975410
 53.705970
 47.724400
 37.516450
 44.086550
 63.937770
 32.985340
 53.647200
 13.192220
 81.073530
 60.858850
 77.635880
 19.042400
 26.794150
 21.522070
 39.677500
 22.390450
 64.773190
 45.624940
  9.560297
 26.520790
   .000000
 49.762220
 58.660230
 64.970130
 36.801790
  3.573781
 47.015600
 38.230000
 70.967400
 58.602070
 33.543060
 19.583050
 54.993460
 50.201160
 12.778970
 24.451920
 54.320800
 17.971880
 23.345280
 26.676950
 32.259180
 13.536970
 59.220580
 40.391360
 21.710100
 10.647630
 56.538000
  9.375685
 14.192600
 55.431140
 39.134510
 36.496910
 22.816790
 19.463170
 47.760830
 46.210590
 22.435620
 40.080800
 31.521550
 54.992100
 39.346190
 51.157440
 30.720530
 70.884800
 28.643250
 76.391650
 32.175910
 64.052610
 59.219860
 42.778550
 67.355150
 49.762220
   .000000
 68.965380
 35.219080
 15.596550
 46.189290
  7.392665
 13.359070
 22.800120
 17.696910
 20.105990
 47.173710
 32.825580
 65.499300
 44.135850
 31.409980
 49.244910
 32.130570
 36.790000
 41.749010
 81.654500
 40.797450
  9.492277
  9.600461
 30.701980
 39.550320
 68.037480
 43.489930
 43.886010
 14.617090
 28.102140
 13.762470
 31.972180
 31.056110
 45.216370
  3.560392
 34.474960
 15.416710
 77.778960
 61.545600
 14.536200
 46.669710
 57.832020
 82.634100
 61.388460
 36.940030
 47.170880
117.748600
101.880600
 63.669090
 42.978670
 58.660230
 68.965380
   .000000
101.931500
 55.685630
 58.129650
 61.647530
 57.824490
 75.435750
 86.351000
 70.188030
 39.329550
 95.669440
  9.032638
 68.375710
 70.670880
104.318100
 55.032120
 73.917900
 79.919470
 77.034440
 66.635070
 75.279720
 65.933350
 50.119190
 54.819210
  2.263044
 51.227550
 45.658300
 82.971570
 41.029010
 59.699420
 69.239500
 53.753880
 24.018750
 66.862500
 44.543740
 54.030120
 54.561890
109.858900
 71.589160
100.979600
 50.045240
 74.818090
 46.157470
101.140200
 57.856030
 38.012170
 45.286360
 55.486960
 89.472640
 64.970130
 35.219080
101.931500
   .000000
 46.261300
 61.942220
 42.326500
 44.171780
 47.413670
 18.437850
 33.921250
 72.085170
 10.676620
 97.093680
 53.617420
 40.531920
 26.741160
 52.839360
 42.373230
 42.197600
 91.106140
 51.689490
 34.259470
 36.013340
 55.202020
 58.239680
100.698600
 63.407500
 66.571850
 20.786170
 61.183800
 42.240430
 42.196860
 53.028930
 79.036400
 36.136340
 60.702130
 48.317830
 96.475420
 41.443150
 30.715250
 26.504080
 18.502000
 60.724480
 18.145650
 60.797100
 16.906760
 67.608860
 57.738450
 31.639860
 51.990690
 36.801790
 15.596550
 55.685630
 46.261300
   .000000
 33.326830
 10.524960
  2.307889
 34.312190
 31.283340
 17.519310
 31.676970
 40.690250
 51.236030
 34.291690
 25.033620
 52.927620
 18.868650
 30.538850
 36.764490
 69.060210
 30.859390
 24.609740
 10.249440
 15.913700
 26.174360
 54.498560
 29.299830
 28.860000
 27.780530
 15.085950
  4.298294
 24.736440
 17.344130
 32.987360
 12.446150
 19.011610
  4.152827
 62.851220
 62.557420
 16.535890
 49.823760
 15.470310
 29.312160
 17.981940
 41.479630
 19.398200
 63.363680
 44.858530
  7.092176
 28.582840
  3.573781
 46.189290
 58.129650
 61.942220
 33.326830
   .000000
 43.493060
 34.716900
 67.442930
 55.159850
 30.114780
 18.801460
 52.101920
 49.896650
 11.171670
 21.421740
 52.356430
 14.467700
 20.870700
 24.845980
 35.759000
 11.099670
 55.646880
 36.818860
 18.475750
  7.274642
 56.059920
  7.303552
 12.729100
 51.963360
 36.284020
 32.945800
 19.745970
 16.014820
 45.879940
 42.638130
 19.736640
 36.671000
 34.558600
 53.908260
 35.857560
 49.134900
 28.264010
 69.998050
 27.083950
 70.592670
 27.369440
 69.237430
 62.449380
 41.137450
 62.292450
 47.015600
  7.392665
 61.647530
 42.326500
 10.524960
 43.493060
   .000000
  8.802194
 23.951860
 25.074560
 21.766380
 41.882680
 39.102570
 58.383400
 43.239390
 31.986030
 54.357700
 29.046600
 37.575710
 43.226460
 79.249210
 39.805340
 14.739850
 10.545590
 26.435610
 36.455680
 60.756950
 39.782360
 39.355950
 21.926290
 20.946170
 10.771150
 32.157950
 27.651730
 37.845510
  6.422669
 29.330990
  8.868856
 73.335510
 65.787600
 17.647300
 51.566350
 19.597980
 61.632340
 18.794750
 63.037580
 18.951300
 66.386120
 57.171370
 32.621320
 54.101040
 38.230000
 13.359070
 57.824490
 44.171780
  2.307889
 34.716900
  8.802194
   .000000
 32.745140
 29.001300
 16.539240
 33.841270
 38.860840
 53.477650
 35.017840
 24.958080
 51.633450
 20.258150
 30.530910
 36.607800
 70.475900
 31.575080
 22.483660
  8.187918
 17.763960
 27.656400
 56.666030
 31.018740
 30.833960
 25.505420
 17.043610
  3.096702
 24.819620
 18.849540
 34.945100
 10.155280
 21.152190
  4.854148
 64.822030
 61.654610
 14.859300
 48.579810
 52.158950
 93.422320
 50.697730
 91.786450
 50.755920
 82.402730
 80.747020
 64.859310
 84.863730
 70.967400
 22.800120
 75.435750
 47.413670
 34.312190
 67.442930
 23.951860
 32.745140
   .000000
 29.935340
 42.893980
 64.455540
 49.618810
 74.614740
 66.612370
 54.198760
 68.192220
 52.998230
 59.589970
 64.455480
103.195900
 63.219720
 15.487940
 32.179710
 50.151980
 60.400950
 75.168650
 63.597430
 62.742040
 29.280300
 39.800740
 34.584130
 54.714850
 51.586420
 52.002330
 25.949250
 52.377060
 31.635250
 96.510890
 81.761600
 37.139290
 66.138480
 40.733230
 74.693360
 37.403860
 90.508050
 45.845920
 52.626090
 53.536450
 49.930030
 80.128190
 58.602070
 17.696910
 86.351000
 18.437850
 31.283340
 55.159850
 25.074560
 29.001300
 29.935340
   .000000
 25.060930
 60.914470
 19.817950
 82.419720
 49.624910
 35.480040
 38.783850
 43.038390
 39.483590
 42.138560
 88.492870
 46.821300
 15.875020
 21.573480
 43.658180
 49.770810
 85.328930
 54.549800
 56.407510
  3.540181
 45.330180
 27.919720
 36.769270
 42.612480
 62.777510
 19.488540
 48.523450
 32.349180
 89.073770
 52.938770
 19.437480
 37.081630
 16.334330
 51.464490
 12.638970
 67.342610
 24.175440
 50.153880
 40.884230
 24.975220
 56.068420
 33.543060
 20.105990
 70.188030
 33.921250
 17.519310
 30.114780
 21.766380
 16.539240
 42.893980
 25.060930
   .000000
 38.164380
 25.861320
 64.410330
 25.198130
 11.523490
 35.578940
 19.011250
 16.725140
 21.724910
 63.873010
 22.132160
 28.476210
 11.314860
 21.408540
 25.067760
 68.704830
 30.068390
 32.760240
 21.938960
 31.697980
 13.472050
 12.389120
 19.111160
 49.112030
 17.212270
 27.033970
 21.339130
 64.267750
 45.116180
  6.227715
 32.413040
 22.328860
 45.359520
 26.297520
 29.593830
 15.151600
 80.311840
 63.041780
 24.576790
 20.452440
 19.583050
 47.173710
 39.329550
 72.085170
 31.676970
 18.801460
 41.882680
 33.841270
 64.455540
 60.914470
 38.164380
   .000000
 63.566880
 31.188870
 29.246530
 34.341740
 67.990660
 19.408160
 36.287610
 41.699670
 45.361950
 27.878840
 56.285370
 39.625540
 17.272060
 16.310580
 37.267950
 12.026350
  6.606745
 57.401430
 26.198640
 33.701560
 32.686290
 19.058540
 29.405780
 43.827840
 12.699920
 33.200550
 32.299720
 71.571730
 42.129060
 64.655520
 41.263950
 64.145590
 37.303300
 92.117460
 50.019730
 32.815310
 35.942780
 45.449900
 80.082660
 54.993460
 32.825580
 95.669440
 10.676620
 40.690250
 52.101920
 39.102570
 38.860840
 49.618810
 19.817950
 25.861320
 63.566880
   .000000
 90.184250
 43.303160
 30.719480
 19.166130
 44.162120
 32.044390
 31.553480
 80.475490
 41.564800
 34.807250
 30.785200
 47.214330
 48.947780
 94.275330
 54.149480
 57.730200
 20.457320
 55.767090
 36.435110
 32.426090
 44.599220
 73.642840
 32.679910
 52.876410
 43.451310
 86.509010
 33.694280
 24.223000
 17.908030
 50.987400
 73.727910
 54.711340
 28.831880
 40.664700
110.698100
 94.146930
 55.736290
 34.002010
 50.201160
 65.499300
  9.032638
 97.093680
 51.236030
 49.896650
 58.383400
 53.477650
 74.614740
 82.419720
 64.410330
 31.188870
 90.184250
   .000000
 60.421570
 63.791770
 97.637590
 48.098460
 66.654790
 72.458280
 68.024620
 58.894330
 72.620440
 61.366140
 43.603680
 47.120090
  6.770063
 43.201980
 37.684020
 78.953180
 37.437440
 54.994150
 62.281700
 46.992020
 22.722090
 63.054020
 37.901440
 50.177230
 45.812180
102.427900
 66.443470
 94.287730
 16.248860
 26.812640
 16.224070
 52.402310
 25.075920
 52.210090
 33.854890
  4.708806
 39.294500
 12.778970
 44.135850
 68.375710
 53.617420
 34.291690
 11.171670
 43.239390
 35.017840
 66.612370
 49.624910
 25.198130
 29.246530
 43.303160
 60.421570
   .000000
 14.146980
 41.543420
 17.305430
 11.259640
 13.897980
 38.867950
  3.443013
 53.185050
 34.549740
 22.982560
 13.823630
 66.375580
 17.221760
 22.748160
 46.780250
 41.451980
 32.515100
 12.903280
 19.208640
 53.914230
 40.763240
 26.530760
 38.231900
 43.610690
 42.755140
 31.413860
 38.388730
 12.841700
 39.970880
  9.431177
 61.758920
 23.587090
 47.089780
 33.481100
 15.052920
 49.446790
 24.451920
 31.409980
 70.670880
 40.531920
 25.033620
 21.421740
 31.986030
 24.958080
 54.198760
 35.480040
 11.523490
 34.341740
 30.719480
 63.791770
 14.146980
   .000000
 33.879650
 15.694950
  5.602619
 11.747260
 53.013890
 11.503760
 39.986080
 22.124200
 20.675030
 18.615790
 68.926160
 23.779700
 28.008130
 32.667730
 36.428160
 21.984560
  1.725365
 16.919460
 52.164770
 28.298290
 26.133760
 29.185130
 55.943840
 39.842650
 17.709410
 30.529010
 46.650410
 54.933280
 42.961940
 93.834270
 57.152510
 14.880250
 19.619620
 45.270580
 80.820490
 54.320800
 49.244910
104.318100
 26.741160
 52.927620
 52.356430
 54.357700
 51.633450
 68.192220
 38.783850
 35.578940
 67.990660
 19.166130
 97.637590
 41.543420
 33.879650
   .000000
 49.549910
 31.878530
 27.648430
 73.075140
 41.307190
 52.977790
 44.478620
 54.202220
 51.819630
102.637200
 56.725690
 61.499530
 38.926170
 67.257180
 48.709150
 35.446150
 50.659470
 84.445180
 48.168730
 59.823760
 56.485540
 84.431880
 14.751630
 37.125720
  3.350887
  2.960480
 42.459810
  6.909461
 48.336120
  8.369009
 62.721280
 47.725510
 13.599810
 37.193950
 17.971880
 32.130570
 55.032120
 52.839360
 18.868650
 14.467700
 29.046600
 20.258150
 52.998230
 43.038390
 19.011250
 19.408160
 44.162120
 48.098460
 17.305430
 15.694950
 49.549910
   .000000
 19.073940
 25.381090
 50.222890
 14.220360
 41.622750
 23.072570
  5.812903
  7.450918
 53.260840
 11.599850
 13.750800
 39.635670
 24.149970
 18.611690
 14.214940
  1.904374
 37.644160
 28.570940
 10.605610
 22.317060
 46.224420
 55.027360
 23.680890
 46.199190
 16.541120
 35.297610
 13.874980
 62.217010
 27.368580
 44.093330
 28.806950
 13.845410
 49.444970
 23.345280
 36.790000
 73.917900
 42.373230
 30.538850
 20.870700
 37.575710
 30.530910
 59.589970
 39.483590
 16.725140
 36.287610
 32.044390
 66.654790
 11.259640
  5.602619
 31.878530
 19.073940
   .000000
  6.522470
 49.444120
  9.823134
 45.156330
 27.624440
 24.580340
 20.009610
 72.084010
 24.849950
 29.730360
 36.912550
 41.345830
 27.573860
  5.863410
 20.612580
 56.457510
 33.756720
 29.676630
 34.691480
 54.684840
 35.979530
 22.757430
 28.582280
 22.958800
 33.037690
 20.396780
 66.264150
 33.727680
 38.711560
 22.359400
 17.820140
 53.189380
 26.676950
 41.749010
 79.919470
 42.197600
 36.764490
 24.845980
 43.226460
 36.607800
 64.455480
 42.138560
 21.724910
 41.699670
 31.553480
 72.458280
 13.897980
 11.747260
 27.648430
 25.381090
  6.522470
   .000000
 48.923880
 14.003900
 49.600180
 32.975720
 30.987100
 25.418280
 78.041180
 29.900560
 35.094090
 39.955510
 47.864660
 33.588990
 12.322070
 26.990850
 62.902160
 38.936270
 35.945610
 40.913090
 57.103470
 29.971370
 27.319800
 24.513030
 51.092490
 18.765660
 53.036360
 43.805900
 53.980480
 78.311470
 56.916950
 39.068160
 34.106150
 32.259180
 81.654500
 77.034440
 91.106140
 69.060210
 35.759000
 79.249210
 70.475900
103.195900
 88.492870
 63.873010
 45.361950
 80.475490
 68.024620
 38.867950
 53.013890
 73.075140
 50.222890
 49.444120
 48.923880
   .000000
 41.756230
 91.026430
 72.133480
 53.739600
 42.891760
 74.774210
 40.462880
 43.238030
 85.627530
 69.950780
 68.656850
 51.744460
 51.718330
 74.394970
 78.132490
 53.383540
 72.288710
 24.819560
 67.122980
 70.022880
 70.649600
 12.939420
 30.221380
 12.781090
 52.556480
 22.240390
 52.710010
 35.264900
  4.027673
 39.679210
 13.536970
 40.797450
 66.635070
 51.689490
 30.859390
 11.099670
 39.805340
 31.575080
 63.219720
 46.821300
 22.132160
 27.878840
 41.564800
 58.894330
  3.443013
 11.503760
 41.307190
 14.220360
  9.823134
 14.003900
 41.756230
   .000000
 49.902500
 31.202090
 19.985240
 11.815870
 64.684460
 15.954220
 21.282490
 43.891770
 38.347500
 29.075560
 10.072660
 16.109570
 51.332840
 37.403150
 23.900590
 34.812190
 44.973000
 43.703520
 28.315190
 38.066890
 40.184690
 79.806340
 37.990100
 85.249340
 41.428940
 67.391770
 65.272850
 52.058880
 76.583720
 59.220580
  9.492277
 75.279720
 34.259470
 24.609740
 55.646880
 14.739850
 22.483660
 15.487940
 15.875020
 28.476210
 56.285370
 34.807250
 72.620440
 53.185050
 39.986080
 52.977790
 41.622750
 45.156330
 49.600180
 91.026430
 49.902500
   .000000
 18.893300
 40.084060
 49.040340
 74.557510
 52.969250
 53.244830
 14.367030
 35.324850
 23.201550
 40.721530
 40.541160
 51.270170
 13.051880
 43.618190
 23.596560
 87.187890
 66.347740
 22.409130
 50.811100
 21.400090
 61.321090
 19.097590
 69.182360
 24.478710
 59.334890
 51.904990
 33.197100
 59.335220
 40.391360
  9.600461
 65.933350
 36.013340
 10.249440
 36.818860
 10.545590
  8.187918
 32.179710
 21.573480
 11.314860
 39.625540
 30.785200
 61.366140
 34.549740
 22.124200
 44.478620
 23.072570
 27.624440
 32.975720
 72.133480
 31.202090
 18.893300
   .000000
 22.528790
 30.389340
 64.734980
 34.616050
 35.616850
 18.033540
 25.231460
  6.406856
 22.552970
 22.209960
 43.132350
  6.234025
 27.072810
 12.666140
 69.167420
 55.413720
  7.363445
 41.558600
  8.039223
 47.388080
 11.290790
 46.856650
  2.951479
 67.736510
 53.346360
 19.021290
 36.823350
 21.710100
 30.701980
 50.119190
 55.202020
 15.913700
 18.475750
 26.435610
 17.763960
 50.151980
 43.658180
 21.408540
 17.272060
 47.214330
 43.603680
 22.982560
 20.675030
 54.202220
  5.812903
 24.580340
 30.987100
 53.739600
 19.985240
 40.084060
 22.528790
   .000000
 11.229240
 48.437840
 13.480270
 13.189790
 40.152810
 18.527430
 16.956390
 19.360970
  4.022743
 31.928950
 27.221040
  5.723814
 18.667600
 47.106270
 60.393940
 24.913930
 50.861920
  9.105291
 36.262540
 12.437800
 43.210420
 12.392940
 64.001280
 47.073070
  9.191131
 31.233040
 10.647630
 39.550320
 54.819210
 58.239680
 26.174360
  7.274642
 36.455680
 27.656400
 60.400950
 49.770810
 25.067760
 16.310580
 48.947780
 47.120090
 13.823630
 18.615790
 51.819630
  7.450918
 20.009610
 25.418280
 42.891760
 11.815870
 49.040340
 30.389340
 11.229240
   .000000
 52.871000
  5.202911
  9.726464
 46.444500
 29.328310
 26.062560
 16.901320
  8.830423
 40.275040
 35.989930
 13.187410
 29.434680
 39.303090
 55.349110
 30.333380
 48.499150
 56.084470
 80.406910
 59.683700
 34.849880
 45.486680
115.981200
 99.943080
 61.671940
 40.723540
 56.538000
 68.037480
  2.263044
100.698600
 54.498560
 56.059920
 60.756950
 56.666030
 75.168650
 85.328930
 68.704830
 37.267950
 94.275330
  6.770063
 66.375580
 68.926160
102.637200
 53.260840
 72.084010
 78.041180
 74.774210
 64.684460
 74.557510
 64.734980
 48.437840
 52.871000
   .000000
 49.201850
 43.639820
 81.925250
 40.004000
 58.458620
 67.475150
 52.020840
 23.413920
 65.848460
 42.823620
 52.982140
 52.351610
107.996800
 70.258670
 99.294820
 13.834320
 36.161580
 17.436640
 38.011520
 13.519290
 68.602590
 51.024190
 12.551650
 26.078200
  9.375685
 43.489930
 51.227550
 63.407500
 29.299830
  7.303552
 39.782360
 31.018740
 63.597430
 54.549800
 30.068390
 12.026350
 54.149480
 43.201980
 17.221760
 23.779700
 56.725690
 11.599850
 24.849950
 29.900560
 40.462880
 15.954220
 52.969250
 34.616050
 13.480270
  5.202911
 49.201850
   .000000
  5.576089
 51.175660
 29.930060
 29.791750
 22.059840
 12.443120
 38.612210
 39.942670
 13.186170
 32.146320
 34.625190
 59.648990
 35.133820
 53.421620
 16.531640
 40.809860
 20.456430
 34.585560
 12.008000
 73.720340
 56.482030
 18.054690
 23.751320
 14.192600
 43.886010
 45.658300
 66.571850
 28.860000
 12.729100
 39.355950
 30.833960
 62.742040
 56.407510
 32.760240
  6.606745
 57.730200
 37.684020
 22.748160
 28.008130
 61.499530
 13.750800
 29.730360
 35.094090
 43.238030
 21.282490
 53.244830
 35.616850
 13.189790
  9.726464
 43.639820
  5.576089
   .000000
 52.944600
 26.733860
 30.146070
 26.326200
 13.837000
 33.589780
 40.410430
 10.534440
 31.110400
 33.993040
 64.967720
 37.229290
 58.171470
 37.380210
 72.200130
 34.124080
 86.995200
 42.321360
 53.150770
 52.632950
 46.893810
 76.677740
 55.431140
 14.617090
 82.971570
 20.786170
 27.780530
 51.963360
 21.926290
 25.505420
 29.280300
  3.540181
 21.938960
 57.401430
 20.457320
 78.953180
 46.780250
 32.667730
 38.926170
 39.635670
 36.912550
 39.955510
 85.627530
 43.891770
 14.367030
 18.033540
 40.152810
 46.444500
 81.925250
 51.175660
 52.944600
   .000000
 41.942730
 24.383900
 33.885100
 39.169200
 59.475860
 16.138040
 44.992370
 28.945630
 85.738850
 52.713600
 16.136480
 36.962240
 25.632590
 65.558570
 27.500560
 52.012220
 16.936850
 81.713150
 69.909250
 37.547590
 45.975410
 39.134510
 28.102140
 41.029010
 61.183800
 15.085950
 36.284020
 20.946170
 17.043610
 39.800740
 45.330180
 31.697980
 26.198640
 55.767090
 37.437440
 41.451980
 36.428160
 67.257180
 24.149970
 41.345830
 47.864660
 69.950780
 38.347500
 35.324850
 25.231460
 18.527430
 29.328310
 40.004000
 29.930060
 26.733860
 41.942730
   .000000
 19.333180
 35.577890
 22.249700
 17.907590
 25.845420
 16.744120
 13.003540
 58.399070
 75.800770
 31.573280
 64.058640
 17.579150
 59.242800
 16.325240
 63.156310
 18.580410
 63.426800
 54.075530
 30.368950
 53.705970
 36.496910
 13.762470
 59.699420
 42.240430
  4.298294
 32.945800
 10.771150
  3.096702
 34.584130
 27.919720
 13.472050
 33.701560
 36.435110
 54.994150
 32.515100
 21.984560
 48.709150
 18.611690
 27.573860
 33.588990
 68.656850
 29.075560
 23.201550
  6.406856
 16.956390
 26.062560
 58.458620
 29.791750
 30.146070
 24.383900
 19.333180
   .000000
 21.917840
 17.400270
 37.212820
 10.265010
 21.037030
  7.868882
 64.016560
 58.586730
 12.249430
 45.628360
 11.423460
 39.106220
  8.254553
 60.034710
 22.244460
 48.509490
 34.395370
 13.483950
 47.724400
 22.816790
 31.972180
 69.239500
 42.196860
 24.736440
 19.745970
 32.157950
 24.819620
 54.714850
 36.769270
 12.389120
 32.686290
 32.426090
 62.281700
 12.903280
  1.725365
 35.446150
 14.214940
  5.863410
 12.322070
 51.744460
 10.072660
 40.721530
 22.552970
 19.360970
 16.901320
 67.475150
 22.059840
 26.326200
 33.885100
 35.577890
 21.917840
   .000000
 15.526490
 51.027210
 28.770480
 24.732490
 28.886260
 54.286030
 41.048420
 18.616100
 32.097230
  4.108268
 44.278770
  7.726213
 48.318530
  6.758587
 64.007970
 49.349460
 15.484730
 37.516450
 19.463170
 31.056110
 53.753880
 53.028930
 17.344130
 16.014820
 27.651730
 18.849540
 51.586420
 42.612480
 19.111160
 19.058540
 44.599220
 46.992020
 19.208640
 16.919460
 50.659470
  1.904374
 20.612580
 26.990850
 51.718330
 16.109570
 40.541160
 22.209960
  4.022743
  8.830423
 52.020840
 12.443120
 13.837000
 39.169200
 22.249700
 17.400270
 15.526490
   .000000
 35.944120
 27.505350
  9.214523
 20.664910
 46.959650
 56.495680
 23.392320
 47.311540
 39.943930
 74.364130
 42.777330
 45.356200
 29.285120
 98.636220
 85.256010
 49.417120
 44.086550
 47.760830
 45.216370
 24.018750
 79.036400
 32.987360
 45.879940
 37.845510
 34.945100
 52.002330
 62.777510
 49.112030
 29.405780
 73.642840
 22.722090
 53.914230
 52.164770
 84.445180
 37.644160
 56.457510
 62.902160
 74.394970
 51.332840
 51.270170
 43.132350
 31.928950
 40.275040
 23.413920
 38.612210
 33.589780
 59.475860
 17.907590
 37.212820
 51.027210
 35.944120
   .000000
 43.341100
 27.432310
 30.731700
 57.278280
 91.999780
 49.427250
 81.184920
 27.168230
 67.546290
 25.146640
 73.146220
 28.771540
 63.038460
 57.118320
 39.302760
 63.937770
 46.210590
  3.560392
 66.862500
 36.136340
 12.446150
 42.638130
  6.422669
 10.155280
 25.949250
 19.488540
 17.212270
 43.827840
 32.679910
 63.054020
 40.763240
 28.298290
 48.168730
 28.570940
 33.756720
 38.936270
 78.132490
 37.403150
 13.051880
  6.234025
 27.221040
 35.989930
 65.848460
 39.942670
 40.410430
 16.138040
 25.845420
 10.265010
 28.770480
 27.505350
 43.341100
   .000000
 31.129990
 12.890370
 74.269290
 59.953100
 12.122140
 45.447600
 13.309250
 49.044320
 16.862600
 42.130380
  2.858703
 73.222470
 58.259680
 22.130590
 32.985340
 22.435620
 34.474960
 44.543740
 60.702130
 19.011610
 19.736640
 29.330990
 21.152190
 52.377060
 48.523450
 27.033970
 12.699920
 52.876410
 37.901440
 26.530760
 26.133760
 59.823760
 10.605610
 29.676630
 35.945610
 53.383540
 23.900590
 43.618190
 27.072810
  5.723814
 13.187410
 42.823620
 13.186170
 10.534440
 44.992370
 16.744120
 21.037030
 24.732490
  9.214523
 27.432310
 31.129990
   .000000
 20.817130
 44.150910
 65.632220
 30.206570
 56.478870
 22.248250
 64.508380
 22.169960
 61.736790
 19.120880
 71.240250
 61.801190
 35.412020
 53.647200
 40.080800
 15.416710
 54.030120
 48.317830
  4.152827
 36.671000
  8.868856
  4.854148
 31.635250
 32.349180
 21.339130
 33.200550
 43.451310
 50.177230
 38.231900
 29.185130
 56.485540
 22.317060
 34.691480
 40.913090
 72.288710
 34.812190
 23.596560
 12.666140
 18.667600
 29.434680
 52.982140
 32.146320
 31.110400
 28.945630
 13.003540
  7.868882
 28.886260
 20.664910
 30.731700
 12.890370
 20.817130
   .000000
 64.962350
 66.450040
 19.629220
 53.433940
 48.360540
 38.172220
 51.703430
 19.193630
 45.966430
 93.051670
 72.215030
 41.059390
 13.192220
 31.521550
 77.778960
 54.561890
 96.475420
 62.851220
 34.558600
 73.335510
 64.822030
 96.510890
 89.073770
 64.267750
 32.299720
 86.509010
 45.812180
 43.610690
 55.943840
 84.431880
 46.224420
 54.684840
 57.103470
 24.819560
 44.973000
 87.187890
 69.167420
 47.106270
 39.303090
 52.351610
 34.625190
 33.993040
 85.738850
 58.399070
 64.016560
 54.286030
 46.959650
 57.278280
 74.269290
 44.150910
 64.962350
   .000000
 82.362340
 69.636290
 81.448460
 52.391460
 48.369320
 49.259540
 94.407620
 63.248080
 11.206010
 10.282500
 47.219440
 81.073530
 54.992100
 61.545600
109.858900
 41.443150
 62.557420
 53.908260
 65.787600
 61.654610
 81.761600
 52.938770
 45.116180
 71.571730
 33.694280
102.427900
 42.755140
 39.842650
 14.751630
 55.027360
 35.979530
 29.971370
 67.122980
 43.703520
 66.347740
 55.413720
 60.393940
 55.349110
107.996800
 59.648990
 64.967720
 52.713600
 75.800770
 58.586730
 41.048420
 56.495680
 91.999780
 59.953100
 65.632220
 66.450040
 82.362340
   .000000
 48.146630
 15.872120
 21.305480
 57.674260
 17.987700
 71.629650
 27.397360
 51.975880
 45.005840
 31.038710
 60.858850
 39.346190
 14.536200
 71.589160
 30.715250
 16.535890
 35.857560
 17.647300
 14.859300
 37.139290
 19.437480
  6.227715
 42.129060
 24.223000
 66.443470
 31.413860
 17.709410
 37.125720
 23.680890
 22.757430
 27.319800
 70.022880
 28.315190
 22.409130
  7.363445
 24.913930
 30.333380
 70.258670
 35.133820
 37.229290
 16.136480
 31.573280
 12.249430
 18.616100
 23.392320
 49.427250
 12.122140
 30.206570
 19.629220
 69.636290
 48.146630
   .000000
 34.195660
 43.300410
 52.707340
 39.616530
 90.614170
 53.811760
 17.809210
 18.891790
 42.044570
 77.635880
 51.157440
 46.669710
100.979600
 26.504080
 49.823760
 49.134900
 51.566350
 48.579810
 66.138480
 37.081630
 32.413040
 64.655520
 17.908030
 94.287730
 38.388730
 30.529010
  3.350887
 46.199190
 28.582280
 24.513030
 70.649600
 38.066890
 50.811100
 41.558600
 50.861920
 48.499150
 99.294820
 53.421620
 58.171470
 36.962240
 64.058640
 45.628360
 32.097230
 47.311540
 81.184920
 45.447600
 56.478870
 53.433940
 81.448460
 15.872120
 34.195660
   .000000
 23.130380
 17.217620
 18.041200
 14.223980
 34.443620
 47.005280
 25.084590
 12.596530
 75.603760
 37.824820
 63.748630
 58.967630
 92.599160
 52.535110
 52.459740
 74.108510
 34.086850
 49.366440
 75.328090
 59.460800
 61.077470
 35.963890
 99.853810
 57.506860
 89.641700
 70.379340
 49.886680
 37.895460
 19.569810
 16.708680
 26.911370
 31.014000
 18.707670
 25.929830
 15.468290
 10.040630
 58.100700
 53.874590
 26.402650
 37.143110
 23.851560
 26.185740
 19.591230
 11.909120
 33.369900
 25.263620
 29.176770
 42.217410
 71.771950
 62.226890
 87.091550
 99.214580
 28.714340
 27.479180
 59.239600
 71.207850
 10.829860
  8.720782
 93.871720
 48.612030
 15.594410
 11.037810
 56.084500
 75.604150
 58.540870
 76.593640
 90.756080
 94.991520
 60.762620
 37.077080
  2.739691
  3.200360
 47.992060
 56.646690
 94.212430
113.253000
 92.564920
127.503400
 94.710370
 69.960260
 90.102590
 96.101250
 12.844260
 17.399820
 60.855060
 69.790000
  7.613075
  8.961707
 91.917140
 91.944110
 36.757470
 21.438790
 19.189030
 16.946850
  1.151899
   .913704
 76.779440
 77.908030
 58.222320
 37.060720
