   718.823200
 50
   .000000
 57.811060
  4.336443
 10.158640
 17.243010
 52.328410
 15.236850
  5.197835
 51.161960
 23.115120
  3.176738
 19.651100
 16.129160
  8.275972
 55.679840
 16.542910
 19.925190
 48.336490
 45.714840
 11.579930
 37.538320
 23.585760
  8.733429
 12.574860
 27.494830
 60.054770
 55.129900
 35.153100
 56.449770
  6.351945
 23.778980
 46.567420
  4.103732
 12.873780
 16.149750
 10.647290
 44.165160
 20.806470
 16.318510
  4.058970
 39.497820
 15.889260
 13.962940
 16.463680
 10.398300
 45.664710
  4.857996
 51.005130
 16.861170
  9.798402
 14.151220
 57.811060
   .000000
 57.572640
 67.862460
 74.570150
 89.954280
 58.982550
 62.957100
108.971100
 47.659680
 56.574350
 66.203700
 51.657960
 52.081410
 23.497140
 41.966420
 76.853090
 32.021330
 62.956010
 49.853500
 36.699840
 34.249320
 51.074260
 48.206340
 71.994830
 83.668300
 74.560750
 91.825870
 93.023440
 55.032460
 57.368850
 88.202830
 57.924680
 61.764230
 73.935530
 65.643540
 85.080180
 37.099250
 46.327490
 56.614040
 40.304330
 44.932480
 49.959350
 53.009560
 47.734600
100.348300
 60.394930
108.653100
 60.845200
 48.013760
 68.251690
  4.336443
 57.572640
   .000000
 10.782720
 17.019770
 48.423220
 19.537030
  6.583714
 51.692050
 26.487880
  1.690200
 15.716230
 12.325290
  5.795034
 53.704560
 17.736180
 22.117620
 45.735920
 41.463650
 14.604500
 34.688020
 23.733540
  6.664321
 10.245250
 31.709110
 55.741650
 59.367750
 37.116630
 52.527760
  2.938393
 19.489740
 42.876110
  8.429576
 17.188700
 16.843700
  8.475177
 40.376070
 20.527590
 19.079640
  8.206261
 42.351890
 18.191040
 17.283240
 20.327200
 11.787660
 48.208700
  8.980380
 52.049790
 12.574920
 10.286210
 17.781120
 10.158640
 67.862460
 10.782720
   .000000
  7.239491
 48.321620
 20.010870
  4.961351
 41.137450
 31.224900
 11.417540
 17.768840
 21.928380
 16.576880
 64.451320
 26.676350
 12.068670
 56.229330
 48.039730
 20.834770
 45.042790
 33.690780
 17.417410
 21.021610
 27.445830
 59.238920
 58.818000
 26.564790
 52.448100
 13.682360
 26.489370
 41.752080
 11.565830
 15.995040
  6.111712
  6.629972
 39.822220
 30.778460
 25.615190
 12.591170
 48.164640
 25.596310
 22.646920
 23.690590
 20.544870
 38.107650
  9.554722
 41.294780
 17.905710
 19.883870
 11.950210
 17.243010
 74.570150
 17.019770
  7.239491
   .000000
 44.754150
 26.400850
 12.101130
 34.771790
 38.251460
 18.009010
 17.944860
 26.405900
 22.679440
 69.883230
 33.783660
 11.559560
 61.029870
 49.039040
 28.070300
 49.704430
 40.552650
 23.628670
 26.935620
 31.295020
 57.757920
 63.846780
 22.979510
 48.802050
 19.701020
 28.749050
 37.745390
 18.788700
 22.154820
  3.617924
  9.730327
 36.228470
 37.484190
 32.846230
 19.829990
 55.252370
 32.831870
 29.829900
 30.605460
 27.634990
 35.334570
 16.691770
 35.572450
 20.116910
 26.789930
 16.496650
 52.328410
 89.954280
 48.423220
 48.321620
 44.754150
   .000000
 67.088380
 50.109960
 59.293260
 74.698590
 50.083300
 32.711490
 43.603780
 49.580140
 73.436810
 63.003750
 56.125630
 61.905540
 30.584330
 62.763390
 53.605090
 64.772640
 50.430910
 50.209500
 75.620960
 20.044600
106.869400
 62.577890
  4.140540
 48.329360
 34.667490
  7.462656
 56.225060
 63.678940
 48.347570
 42.865980
  8.538294
 61.124850
 66.802200
 56.387310
 89.439030
 65.355380
 65.573120
 68.733590
 58.558700
 74.656010
 55.604260
 64.243260
 36.561760
 56.230880
 60.201650
 15.236850
 58.982550
 19.537030
 20.010870
 26.400850
 67.088380
   .000000
 17.055770
 54.338110
 13.459580
 18.114760
 34.644930
 30.063920
 21.515510
 62.707040
 18.874030
 21.318270
 57.592370
 60.310500
 10.730180
 47.971490
 26.919470
 21.345560
 24.461600
 14.738290
 75.278370
 39.952510
 34.397950
 71.226360
 20.900360
 38.651820
 60.975990
 11.139150
  4.354082
 23.465690
 24.313740
 58.762030
 26.060950
 12.797270
 11.389730
 30.142930
 14.612960
  9.357087
  6.128610
 15.893950
 41.494180
 11.485280
 52.414930
 32.097090
 17.779030
 11.550630
  5.197835
 62.957100
  6.583714
  4.961351
 12.101130
 50.109960
 17.055770
   .000000
 46.017170
 27.061020
  6.794640
 18.061490
 18.678330
 12.204600
 60.139710
 21.721110
 15.543730
 52.310280
 46.694570
 16.159500
 41.271540
 28.756540
 12.936050
 16.687690
 26.943480
 59.474870
 56.771030
 30.611160
 54.250370
  9.504522
 24.736110
 43.923020
  7.103157
 13.590230
 10.979030
  7.262830
 41.738970
 25.900320
 20.954810
  7.937181
 43.824820
 20.786960
 18.190010
 19.806570
 15.585400
 41.624990
  5.654413
 45.997290
 16.698670
 14.952160
 11.993330
 51.161960
108.971100
 51.692050
 41.137450
 34.771790
 59.293260
 54.338110
 46.017170
   .000000
 67.784090
 52.518760
 49.004590
 60.720180
 57.418920
104.416500
 67.359730
 33.240600
 95.073680
 77.157940
 60.315480
 83.730960
 74.743520
 58.344460
 61.706390
 49.444280
 78.135380
 80.318360
 21.361000
 62.119730
 54.445140
 60.828990
 52.216770
 51.406780
 50.269280
 35.043320
 44.341750
 52.879920
 71.910770
 64.732770
 52.673390
 84.331070
 65.378250
 61.211580
 60.145960
 61.362330
 24.923430
 48.957880
  6.212575
 53.049880
 60.957660
 42.929300
 23.115120
 47.659680
 26.487880
 31.224900
 38.251460
 74.698590
 13.459580
 27.061020
 67.784090
   .000000
 24.798770
 42.110330
 32.960130
 25.384760
 55.234860
 14.596430
 34.668780
 52.374740
 62.409170
 11.941160
 44.572850
 20.147420
 24.677650
 26.136790
 24.403250
 79.832400
 36.814510
 47.779300
 78.766140
 26.370970
 42.525110
 69.345140
 19.964210
 17.552480
 35.781890
 33.708190
 66.794730
 21.212170
  8.262277
 19.291010
 17.049170
 10.315650
  9.208751
  7.793633
 16.580190
 54.131510
 21.685050
 65.854890
 38.204810
 19.059700
 24.898680
  3.176738
 56.574350
  1.690200
 11.417540
 18.009010
 50.083300
 18.114760
  6.794640
 52.518760
 24.798770
   .000000
 17.383730
 12.971800
  5.477120
 53.354800
 16.282870
 22.256480
 45.673400
 42.573320
 12.914890
 34.745790
 22.568250
  6.149004
  9.938767
 30.663140
 57.186410
 57.854590
 37.387410
 54.184280
  3.194207
 20.674630
 44.560750
  7.113222
 15.990310
 17.528450
  9.920082
 42.053050
 19.478860
 17.404650
  6.729614
 40.681990
 16.556590
 15.595160
 18.690110
 10.254110
 48.233810
  8.025074
 52.695810
 14.092500
  8.924116
 17.191440
 19.651100
 66.203700
 15.716230
 17.768840
 17.944860
 32.711490
 34.644930
 18.061490
 49.004590
 42.110330
 17.383730
   .000000
 14.570560
 17.607480
 56.723680
 31.524350
 28.726900
 46.590740
 31.097740
 30.173080
 35.388900
 35.216420
 18.585070
 19.529310
 44.816060
 41.563780
 74.588900
 40.798690
 36.821930
 15.865020
 11.824450
 27.259980
 23.617990
 31.558400
 20.640380
 11.277630
 24.685740
 31.531580
 34.406650
 23.707270
 57.466130
 33.173030
 32.935110
 36.022850
 26.397010
 53.248370
 23.244720
 51.223120
  5.380405
 24.250210
 29.438610
 16.129160
 51.657960
 12.325290
 21.928380
 26.405900
 43.603780
 30.063920
 18.678330
 60.720180
 32.960130
 12.971800
 14.570560
   .000000
  8.548461
 43.704710
 19.691510
 33.890970
 34.626070
 30.308220
 21.755650
 23.313500
 21.414810
  8.810252
  6.899195
 43.466600
 46.872590
 68.638090
 48.435170
 47.466720
  9.779657
  9.612059
 39.578080
 19.775310
 28.644730
 27.436440
 16.688840
 36.638020
 17.710170
 24.701880
 19.034240
 46.155650
 22.818020
 24.650760
 28.910420
 16.423170
 60.010800
 20.987150
 61.939410
  9.195367
 13.934530
 30.087870
  8.275972
 52.081410
  5.795034
 16.576880
 22.679440
 49.580140
 21.515510
 12.204600
 57.418920
 25.384760
  5.477120
 17.607480
  8.548461
   .000000
 47.949580
 13.937920
 27.719220
 40.197620
 38.831180
 13.684170
 29.299710
 18.692110
  1.062497
  4.483543
 35.076110
 54.778560
 60.338760
 42.815060
 53.598480
  2.978799
 17.528200
 44.676470
 11.462890
 20.220790
 22.635830
 13.570730
 41.953460
 15.260980
 17.286180
 10.600040
 39.969310
 15.775790
 16.598430
 20.606300
  8.979900
 53.710810
 13.003650
 57.840170
 13.037730
  6.683256
 22.415400
 55.679840
 23.497140
 53.704560
 64.451320
 69.883230
 73.436810
 62.707040
 60.139710
104.416500
 55.234860
 53.354800
 56.723680
 43.704710
 47.949580
   .000000
 43.834820
 75.569670
 11.531660
 43.844800
 52.069340
 21.515440
 35.939990
 47.206280
 43.469590
 77.291310
 63.666560
 88.724700
 90.741170
 75.896600
 50.779830
 45.618430
 73.283030
 57.430480
 64.051750
 70.408260
 60.174750
 70.217450
 36.715780
 50.413910
 56.159570
 54.845000
 48.284770
 53.454040
 57.744070
 47.756610
101.262200
 59.674580
105.443600
 51.904310
 46.818600
 68.912900
 16.542910
 41.966420
 17.736180
 26.676350
 33.783660
 63.003750
 18.874030
 21.721110
 67.359730
 14.596430
 16.282870
 31.524350
 19.691510
 13.937920
 43.834820
   .000000
 34.890050
 39.188260
 48.078240
  8.354980
 30.441560
  8.193975
 12.941320
 12.853240
 33.489490
 66.186570
 51.403980
 49.884130
 66.946080
 16.151620
 29.251660
 58.425940
 16.008420
 20.557510
 32.554650
 26.191020
 55.629650
  7.341244
  7.126576
 14.714630
 26.489380
  4.777295
  9.663341
 14.179560
  6.150768
 58.914800
 18.478390
 66.756320
 26.746020
  7.513604
 26.453330
 19.925190
 76.853090
 22.117620
 12.068670
 11.559560
 56.125630
 21.318270
 15.543730
 33.240600
 34.668780
 22.256480
 28.726900
 33.890970
 27.719220
 75.569670
 34.890050
   .000000
 67.852600
 59.636370
 27.333480
 56.785900
 42.730570
 28.396510
 32.193740
 21.257120
 69.270650
 54.443030
 15.239940
 60.133530
 25.046470
 38.412060
 48.995300
 18.962900
 17.116470
  8.210379
 18.365730
 47.628390
 40.362300
 31.591340
 20.283000
 51.460300
 32.402870
 28.023800
 26.958350
 29.214960
 26.135950
 16.505840
 31.975440
 29.739900
 29.362050
  9.776722
 48.336490
 32.021330
 45.735920
 56.229330
 61.029870
 61.905540
 57.592370
 52.310280
 95.073680
 52.374740
 45.673400
 46.590740
 34.626070
 40.197620
 11.531660
 39.188260
 67.852600
   .000000
 32.442440
 46.880370
 11.349990
 32.238150
 39.618130
 35.776000
 72.329900
 52.567950
 87.924550
 82.782010
 64.374300
 42.806250
 35.098720
 61.832920
 50.699290
 58.226800
 61.966240
 51.314610
 58.781170
 31.851080
 46.228490
 49.512290
 55.564250
 43.926010
 48.764770
 53.362980
 41.878020
 93.904950
 52.737270
 96.528250
 42.086400
 40.455540
 62.190570
 45.714840
 62.956010
 41.463650
 48.039730
 49.039040
 30.584330
 60.310500
 46.694570
 77.157940
 62.409170
 42.573320
 31.097740
 30.308220
 38.831180
 43.844800
 48.078240
 59.636370
 32.442440
   .000000
 51.868040
 26.569440
 46.035870
 39.115140
 36.612690
 73.171340
 20.815990
 98.742900
 71.782360
 32.484810
 39.542310
 22.011830
 32.369900
 49.661830
 58.561260
 51.675500
 41.435440
 29.691670
 43.085010
 54.228600
 49.086830
 73.112310
 52.093720
 54.711450
 59.122280
 46.318170
 84.293940
 50.442500
 80.435040
 30.182440
 43.877120
 58.687690
 11.579930
 49.853500
 14.604500
 20.834770
 28.070300
 62.763390
 10.730180
 16.159500
 60.315480
 11.941160
 12.914890
 30.173080
 21.755650
 13.684170
 52.069340
  8.354980
 27.333480
 46.880370
 51.868040
   .000000
 37.433470
 16.541680
 13.099120
 15.262450
 25.463230
 68.437860
 46.903970
 42.039120
 66.835700
 14.445700
 31.130820
 57.417510
  9.298869
 12.211310
 26.211850
 22.214780
 54.855630
 15.367740
  4.795328
  8.250752
 27.926600
  5.072429
  2.915847
  7.320550
  5.675971
 50.682540
 11.576550
 59.308910
 26.306950
  8.016881
 18.400170
 37.538320
 36.699840
 34.688020
 45.042790
 49.704430
 53.605090
 47.971490
 41.271540
 83.730960
 44.572850
 34.745790
 35.388900
 23.313500
 29.299710
 21.515440
 30.441560
 56.785900
 11.349990
 26.569440
 37.433470
   .000000
 24.808760
 28.809640
 24.979310
 62.620260
 47.385410
 81.090390
 71.607560
 56.499220
 31.780970
 24.113220
 52.599340
 40.189420
 48.143960
 50.709850
 39.999310
 49.489680
 23.375560
 37.563410
 39.065130
 50.799680
 35.207720
 39.633100
 44.342310
 32.079710
 82.896190
 42.094660
 85.183850
 30.779270
 30.363400
 51.572220
 23.585760
 34.249320
 23.733540
 33.690780
 40.552650
 64.772640
 26.919470
 28.756540
 74.743520
 20.147420
 22.568250
 35.216420
 21.414810
 18.692110
 35.939990
  8.193975
 42.730570
 32.238150
 46.035870
 16.541680
 24.808760
   .000000
 17.632860
 15.711840
 41.381000
 65.439260
 56.310280
 57.837760
 68.531620
 21.481540
 30.139110
 60.984970
 23.767680
 28.749800
 39.731600
 32.097610
 58.027240
  3.711755
 14.474490
 22.448070
 27.108430
 12.366280
 17.585870
 21.804090
 13.522980
 67.073030
 26.228170
 74.422700
 29.984260
 13.806980
 34.562870
  8.733429
 51.074260
  6.664321
 17.417410
 23.628670
 50.430910
 21.345560
 12.936050
 58.344460
 24.677650
  6.149004
 18.585070
  8.810252
  1.062497
 47.206280
 12.941320
 28.396510
 39.618130
 39.115140
 13.099120
 28.809640
 17.632860
   .000000
  3.843509
 35.119240
 55.339970
 59.886580
 43.536400
 54.436550
  3.958572
 18.034450
 45.596850
 11.639740
 20.264130
 23.498950
 14.594530
 42.854890
 14.213010
 16.523680
 10.685580
 39.066750
 14.936430
 16.013900
 20.143610
  8.171899
 54.322490
 13.336550
 58.704810
 13.926510
  5.799986
 22.797170
 12.574860
 48.206340
 10.245250
 21.021610
 26.935620
 50.209500
 24.461600
 16.687690
 61.706390
 26.136790
  9.938767
 19.529310
  6.899195
  4.483543
 43.469590
 12.853240
 32.193740
 35.776000
 36.612690
 15.262450
 24.979310
 15.711840
  3.843509
   .000000
 38.561960
 53.723880
 62.134700
 47.298490
 54.127500
  7.343771
 16.510490
 45.846160
 15.328630
 23.749990
 27.052130
 17.559350
 42.984760
 12.058790
 17.874870
 14.292950
 39.342240
 15.938630
 18.098890
 22.548420
  9.721631
 58.154150
 17.129910
 62.240360
 14.378600
  7.265330
 26.603300
 27.494830
 71.994830
 31.709110
 27.445830
 31.295020
 75.620960
 14.738290
 26.943480
 49.444280
 24.403250
 30.663140
 44.816060
 43.466600
 35.076110
 77.291310
 33.489490
 21.257120
 72.329900
 73.171340
 25.463230
 62.620260
 41.381000
 35.119240
 38.561960
   .000000
 86.360250
 33.212340
 28.090190
 79.726960
 33.785320
 51.178550
 68.839230
 23.691850
 14.858160
 27.695420
 33.575300
 67.090290
 40.747550
 26.954970
 24.476280
 37.770870
 29.016170
 23.840910
 19.644560
 30.557780
 31.036870
 22.729110
 46.012200
 43.575360
 32.292650
 15.496350
 60.054770
 83.668300
 55.741650
 59.238920
 57.757920
 20.044600
 75.278370
 59.474870
 78.135380
 79.832400
 57.186410
 41.563780
 46.872590
 54.778560
 63.666560
 66.186570
 69.270650
 52.567950
 20.815990
 68.437860
 47.385410
 65.439260
 55.339970
 53.723880
 86.360250
   .000000
114.971200
 78.442090
 19.132170
 54.600040
 37.329280
 26.181230
 64.158500
 72.683690
 61.076130
 52.838090
 25.255460
 62.187850
 71.574380
 63.913620
 92.169900
 69.660210
 71.353270
 75.343240
 63.275860
 90.930890
 64.286160
 82.665870
 43.205150
 60.788450
 71.001500
 55.129900
 74.560750
 59.367750
 58.818000
 63.846780
106.869400
 39.952510
 56.771030
 80.318360
 36.814510
 57.854590
 74.588900
 68.638090
 60.338760
 88.724700
 51.403980
 54.443030
 87.924550
 98.742900
 46.903970
 81.090390
 56.310280
 59.886580
 62.134700
 33.212340
114.971200
   .000000
 59.402160
111.009800
 60.371280
 77.863490
100.520200
 51.058880
 43.190840
 60.340780
 64.004090
 98.457100
 57.886120
 44.700050
 51.161490
 34.483110
 46.953550
 44.038830
 39.743290
 52.424800
 57.595810
 51.362460
 75.835770
 71.938230
 54.869400
 47.383930
 35.153100
 91.825870
 37.116630
 26.564790
 22.979510
 62.577890
 34.397950
 30.611160
 21.361000
 47.779300
 37.387410
 40.798690
 48.435170
 42.815060
 90.741170
 49.884130
 15.239940
 82.782010
 71.782360
 42.039120
 71.607560
 57.837760
 43.536400
 47.298490
 28.090190
 78.442090
 59.402160
   .000000
 66.248050
 40.054930
 51.709970
 55.124100
 34.104230
 30.712470
 21.091410
 32.065580
 54.551150
 55.562320
 45.987850
 35.426800
 63.810520
 47.056720
 42.341430
 40.455770
 44.355170
 12.594120
 31.670580
 18.237960
 43.040810
 44.586090
 23.696390
 56.449770
 93.023440
 52.527760
 52.448100
 48.802050
  4.140540
 71.226360
 54.250370
 62.119730
 78.766140
 54.184280
 36.821930
 47.466720
 53.598480
 75.896600
 66.946080
 60.133530
 64.374300
 32.484810
 66.835700
 56.499220
 68.531620
 54.436550
 54.127500
 79.726960
 19.132170
111.009800
 66.248050
   .000000
 52.395190
 38.394520
 11.214800
 60.354380
 67.819420
 52.402320
 47.006500
 12.637360
 64.903270
 70.842130
 60.508730
 93.404960
 69.369150
 69.653810
 72.844550
 62.578380
 78.218750
 59.742630
 67.239240
 40.598420
 60.235730
 64.318830
  6.351945
 55.032460
  2.938393
 13.682360
 19.701020
 48.329360
 20.900360
  9.504522
 54.445140
 26.370970
  3.194207
 15.865020
  9.779657
  2.978799
 50.779830
 16.151620
 25.046470
 42.806250
 39.542310
 14.445700
 31.780970
 21.481540
  3.958572
  7.343771
 33.785320
 54.600040
 60.371280
 40.054930
 52.395190
   .000000
 17.753590
 43.115130
 10.132750
 19.041020
 19.709260
 10.653660
 40.489490
 18.126910
 18.548150
  9.560250
 41.629830
 17.330440
 17.291000
 20.857490
 10.601750
 51.122730
 11.209220
 54.903570
 11.878680
  8.653730
 20.368880
 23.778980
 57.368850
 19.489740
 26.489370
 28.749050
 34.667490
 38.651820
 24.736110
 60.828990
 42.525110
 20.674630
 11.824450
  9.612059
 17.528200
 45.618430
 29.251660
 38.412060
 35.098720
 22.011830
 31.130820
 24.113220
 30.139110
 18.034450
 16.510490
 51.178550
 37.329280
 77.863490
 51.709970
 38.394520
 17.753590
   .000000
 31.399820
 27.787260
 36.651340
 30.834290
 20.048230
 28.336510
 26.524890
 34.276900
 27.304740
 55.659340
 32.423590
 34.043900
 38.134440
 25.953800
 63.929020
 28.456820
 62.979240
  8.708559
 23.468550
 36.718670
 46.567420
 88.202830
 42.876110
 41.752080
 37.745390
  7.462656
 60.975990
 43.923020
 52.216770
 69.345140
 44.560750
 27.259980
 39.578080
 44.676470
 73.283030
 58.425940
 48.995300
 61.832920
 32.369900
 57.417510
 52.599340
 60.984970
 45.596850
 45.846160
 68.839230
 26.181230
100.520200
 55.124100
 11.214800
 43.115130
 31.399820
   .000000
 50.331000
 57.393390
 41.357630
 36.662360
  3.124699
 57.285290
 61.662490
 50.607000
 84.641690
 60.381750
 60.151740
 63.031100
 53.584890
 67.193520
 49.511340
 57.025410
 31.687480
 51.359120
 53.516940
  4.103732
 57.924680
  8.429576
 11.565830
 18.788700
 56.225060
 11.139150
  7.103157
 51.406780
 19.964210
  7.113222
 23.617990
 19.775310
 11.462890
 57.430480
 16.008420
 18.962900
 50.699290
 49.661830
  9.298869
 40.189420
 23.767680
 11.639740
 15.328630
 23.691850
 64.158500
 51.058880
 34.104230
 60.354380
 10.132750
 27.787260
 50.331000
   .000000
  8.908286
 16.943070
 13.915600
 47.995820
 21.481550
 14.059940
  1.322584
 36.733980
 14.190950
 11.119670
 12.843090
 10.255730
 43.887940
  2.471387
 50.751910
 20.963310
 10.645400
 11.522810
 12.873780
 61.764230
 17.188700
 15.995040
 22.154820
 63.678940
  4.354082
 13.590230
 50.269280
 17.552480
 15.990310
 31.558400
 28.644730
 20.220790
 64.051750
 20.557510
 17.116470
 58.226800
 58.561260
 12.211310
 48.143960
 28.749800
 20.264130
 23.749990
 14.858160
 72.683690
 43.190840
 30.712470
 67.819420
 19.041020
 36.651340
 57.393390
  8.908286
   .000000
 19.149490
 20.813260
 55.278110
 27.364270
 15.470540
  9.623650
 34.400950
 16.873580
 11.817600
  9.879870
 16.398660
 38.597850
  8.397632
 48.552340
 29.513340
 17.808560
  7.348703
 16.149750
 73.935530
 16.843700
  6.111712
  3.617924
 48.347570
 23.465690
 10.979030
 35.043320
 35.781890
 17.528450
 20.640380
 27.436440
 22.635830
 70.408260
 32.554650
  8.210379
 61.966240
 51.675500
 26.211850
 50.709850
 39.731600
 23.498950
 27.052130
 27.695420
 61.076130
 60.340780
 21.091410
 52.402320
 19.709260
 30.834290
 41.357630
 16.943070
 19.149490
   .000000
 10.978570
 39.817520
 36.867570
 30.916420
 18.108170
 52.828980
 31.132940
 27.710020
 28.040640
 26.464190
 33.109540
 14.643330
 35.206470
 22.126520
 25.930090
 13.080630
 10.647290
 65.643540
  8.475177
  6.629972
  9.730327
 42.865980
 24.313740
  7.262830
 44.341750
 33.708190
  9.920082
 11.277630
 16.688840
 13.570730
 60.174750
 26.191020
 18.365730
 51.314610
 41.435440
 22.214780
 39.999310
 32.097610
 14.594530
 17.559350
 33.575300
 52.838090
 64.004090
 32.065580
 47.006500
 10.653660
 20.048230
 36.662360
 13.915600
 20.813260
 10.978570
   .000000
 34.480060
 28.778910
 26.919050
 14.432410
 50.140160
 26.313830
 24.597360
 26.758550
 20.171590
 44.040310
 12.862940
 45.299300
 11.378320
 18.761060
 18.163690
 44.165160
 85.080180
 40.376070
 39.822220
 36.228470
  8.538294
 58.762030
 41.738970
 52.879920
 66.794730
 42.053050
 24.685740
 36.638020
 41.953460
 70.217450
 55.629650
 47.628390
 58.781170
 29.691670
 54.855630
 49.489680
 58.027240
 42.854890
 42.984760
 67.090290
 25.255460
 98.457100
 54.551150
 12.637360
 40.489490
 28.336510
  3.124699
 47.995820
 55.278110
 39.817520
 34.480060
   .000000
 54.333410
 59.032090
 48.217910
 81.920240
 57.697350
 57.620410
 60.616920
 50.894190
 66.788030
 47.278850
 57.460460
 28.928950
 48.635450
 51.682890
 20.806470
 37.099250
 20.527590
 30.778460
 37.484190
 61.124850
 26.060950
 25.900320
 71.910770
 21.212170
 19.478860
 31.531580
 17.710170
 15.260980
 36.715780
  7.341244
 40.362300
 31.851080
 43.085010
 15.367740
 23.375560
  3.711755
 14.213010
 12.058790
 40.747550
 62.187850
 57.886120
 55.562320
 64.903270
 18.126910
 26.524890
 57.285290
 21.481550
 27.364270
 36.867570
 28.778910
 54.333410
   .000000
 14.396010
 20.161880
 30.068020
 12.078510
 16.974700
 21.520810
 11.313080
 65.216550
 23.895390
 71.803380
 26.284540
 11.044400
 32.657070
 16.318510
 46.327490
 19.079640
 25.615190
 32.846230
 66.802200
 12.797270
 20.954810
 64.732770
  8.262277
 17.404650
 34.406650
 24.701880
 17.286180
 50.413910
  7.126576
 31.591340
 46.228490
 54.228600
  4.795328
 37.563410
 14.474490
 16.523680
 17.874870
 26.954970
 71.574380
 44.700050
 45.987850
 70.842130
 18.548150
 34.276900
 61.662490
 14.059940
 15.470540
 30.916420
 26.919050
 59.032090
 14.396010
   .000000
 13.041480
 23.282110
  2.357159
  3.658977
  7.332592
  8.367789
 54.022370
 16.274660
 63.520700
 30.243840
 10.829020
 22.297600
  4.058970
 56.614040
  8.206261
 12.591170
 19.829990
 56.387310
 11.389730
  7.937181
 52.673390
 19.291010
  6.729614
 23.707270
 19.034240
 10.600040
 56.159570
 14.714630
 20.283000
 49.512290
 49.086830
  8.250752
 39.065130
 22.448070
 10.685580
 14.292950
 24.476280
 63.913620
 51.161490
 35.426800
 60.508730
  9.560250
 27.304740
 50.607000
  1.322584
  9.623650
 18.108170
 14.432410
 48.217910
 20.161880
 13.041480
   .000000
 35.920910
 13.041910
 10.279580
 12.432940
  8.933840
 45.182310
  3.782405
 52.054890
 20.779080
  9.354568
 12.765280
 39.497820
 40.304330
 42.351890
 48.164640
 55.252370
 89.439030
 30.142930
 43.824820
 84.331070
 17.049170
 40.681990
 57.466130
 46.155650
 39.969310
 54.845000
 26.489380
 51.460300
 55.564250
 73.112310
 27.926600
 50.799680
 27.108430
 39.066750
 39.342240
 37.770870
 92.169900
 34.483110
 63.810520
 93.404960
 41.629830
 55.659340
 84.641690
 36.733980
 34.400950
 52.828980
 50.140160
 81.920240
 30.068020
 23.282110
 35.920910
   .000000
 24.299510
 25.641800
 24.824100
 31.070730
 68.741390
 38.609980
 82.029480
 52.993180
 33.286160
 41.692630
 15.889260
 44.932480
 18.191040
 25.596310
 32.831870
 65.355380
 14.612960
 20.786960
 65.378250
 10.315650
 16.556590
 33.173030
 22.818020
 15.775790
 48.284770
  4.777295
 32.402870
 43.926010
 52.093720
  5.072429
 35.207720
 12.366280
 14.936430
 15.938630
 29.016170
 69.660210
 46.953550
 47.056720
 69.369150
 17.330440
 32.423590
 60.381750
 14.190950
 16.873580
 31.132940
 26.313830
 57.697350
 12.078510
  2.357159
 13.041910
 24.299510
   .000000
  5.256081
  9.501783
  6.804248
 55.467460
 16.547990
 64.377910
 28.808580
  9.145236
 23.380820
 13.962940
 49.959350
 17.283240
 22.646920
 29.829900
 65.573120
  9.357087
 18.190010
 61.211580
  9.208751
 15.595160
 32.935110
 24.650760
 16.598430
 53.454040
  9.663341
 28.023800
 48.764770
 54.711450
  2.915847
 39.633100
 17.585870
 16.013900
 18.098890
 23.840910
 71.353270
 44.038830
 42.341430
 69.653810
 17.291000
 34.043900
 60.151740
 11.119670
 11.817600
 27.710020
 24.597360
 57.620410
 16.974700
  3.658977
 10.279580
 25.641800
  5.256081
   .000000
  4.726801
  8.415539
 50.389480
 13.144380
 59.919290
 29.165900
 10.834540
 18.658920
 16.463680
 53.009560
 20.327200
 23.690590
 30.605460
 68.733590
  6.128610
 19.806570
 60.145960
  7.793633
 18.690110
 36.022850
 28.910420
 20.606300
 57.744070
 14.179560
 26.958350
 53.362980
 59.122280
  7.320550
 44.342310
 21.804090
 20.143610
 22.548420
 19.644560
 75.343240
 39.743290
 40.455770
 72.844550
 20.857490
 38.134440
 63.031100
 12.843090
  9.879870
 28.040640
 26.758550
 60.616920
 21.520810
  7.332592
 12.432940
 24.824100
  9.501783
  4.726801
   .000000
 12.991590
 47.589810
 14.250180
 58.396650
 32.671500
 15.328100
 17.217400
 10.398300
 47.734600
 11.787660
 20.544870
 27.634990
 58.558700
 15.893950
 15.585400
 61.362330
 16.580190
 10.254110
 26.397010
 16.423170
  8.979900
 47.756610
  6.150768
 29.214960
 41.878020
 46.318170
  5.675971
 32.079710
 13.522980
  8.171899
  9.721631
 30.557780
 63.275860
 52.424800
 44.355170
 62.578380
 10.601750
 25.953800
 53.584890
 10.255730
 16.398660
 26.464190
 20.171590
 50.894190
 11.313080
  8.367789
  8.933840
 31.070730
  6.804248
  8.415539
 12.991590
   .000000
 53.904480
 12.709330
 60.918770
 22.006220
  2.488783
 21.347590
 45.664710
100.348300
 48.208700
 38.107650
 35.334570
 74.656010
 41.494180
 41.624990
 24.923430
 54.131510
 48.233810
 53.248370
 60.010800
 53.710810
101.262200
 58.914800
 26.135950
 93.904950
 84.293940
 50.682540
 82.896190
 67.073030
 54.322490
 58.154150
 31.036870
 90.930890
 57.595810
 12.594120
 78.218750
 51.122730
 63.929020
 67.193520
 43.887940
 38.597850
 33.109540
 44.040310
 66.788030
 65.216550
 54.022370
 45.182310
 68.741390
 55.467460
 50.389480
 47.589810
 53.904480
   .000000
 41.597100
 19.302020
 55.226190
 54.533250
 32.561680
  4.857996
 60.394930
  8.980380
  9.554722
 16.691770
 55.604260
 11.485280
  5.654413
 48.957880
 21.685050
  8.025074
 23.244720
 20.987150
 13.003650
 59.674580
 18.478390
 16.505840
 52.737270
 50.442500
 11.576550
 42.094660
 26.228170
 13.336550
 17.129910
 22.729110
 64.286160
 51.362460
 31.670580
 59.742630
 11.209220
 28.456820
 49.511340
  2.471387
  8.397632
 14.643330
 12.862940
 47.278850
 23.895390
 16.274660
  3.782405
 38.609980
 16.547990
 13.144380
 14.250180
 12.709330
 41.597100
   .000000
 48.280680
 21.126020
 12.980710
  9.477691
 51.005130
108.653100
 52.049790
 41.294780
 35.572450
 64.243260
 52.414930
 45.997290
  6.212575
 65.854890
 52.695810
 51.223120
 61.939410
 57.840170
105.443600
 66.756320
 31.975440
 96.528250
 80.435040
 59.308910
 85.183850
 74.422700
 58.704810
 62.240360
 46.012200
 82.665870
 75.835770
 18.237960
 67.239240
 54.903570
 62.979240
 57.025410
 50.751910
 48.552340
 35.206470
 45.299300
 57.460460
 71.803380
 63.520700
 52.054890
 82.029480
 64.377910
 59.919290
 58.396650
 60.918770
 19.302020
 48.280680
   .000000
 54.841950
 60.765640
 41.322420
 16.861170
 60.845200
 12.574920
 17.905710
 20.116910
 36.561760
 32.097090
 16.698670
 53.049880
 38.204810
 14.092500
  5.380405
  9.195367
 13.037730
 51.904310
 26.746020
 29.739900
 42.086400
 30.182440
 26.306950
 30.779270
 29.984260
 13.926510
 14.378600
 43.575360
 43.205150
 71.938230
 43.040810
 40.598420
 11.878680
  8.708559
 31.687480
 20.963310
 29.513340
 22.126520
 11.378320
 28.928950
 26.284540
 30.243840
 20.779080
 52.993180
 28.808580
 29.165900
 32.671500
 22.006220
 55.226190
 21.126020
 54.841950
   .000000
 19.713470
 28.647050
  9.798402
 48.013760
 10.286210
 19.883870
 26.789930
 56.230880
 17.779030
 14.952160
 60.957660
 19.059700
  8.924116
 24.250210
 13.934530
  6.683256
 46.818600
  7.513604
 29.362050
 40.455540
 43.877120
  8.016881
 30.363400
 13.806980
  5.799986
  7.265330
 32.292650
 60.788450
 54.869400
 44.586090
 60.235730
  8.653730
 23.468550
 51.359120
 10.645400
 17.808560
 25.930090
 18.761060
 48.635450
 11.044400
 10.829020
  9.354568
 33.286160
  9.145236
 10.834540
 15.328100
  2.488783
 54.533250
 12.980710
 60.765640
 19.713470
   .000000
 22.094360
 14.151220
 68.251690
 17.781120
 11.950210
 16.496650
 60.201650
 11.550630
 11.993330
 42.929300
 24.898680
 17.191440
 29.438610
 30.087870
 22.415400
 68.912900
 26.453330
  9.776722
 62.190570
 58.687690
 18.400170
 51.572220
 34.562870
 22.797170
 26.603300
 15.496350
 71.001500
 47.383930
 23.696390
 64.318830
 20.368880
 36.718670
 53.516940
 11.522810
  7.348703
 13.080630
 18.163690
 51.682890
 32.657070
 22.297600
 12.765280
 41.692630
 23.380820
 18.658920
 17.217400
 21.347590
 32.561680
  9.477691
 41.322420
 28.647050
 22.094360
   .000000
 61.759980
 52.823600
 30.274800
 33.568830
 48.263220
 42.825310
  6.316188
  4.003429
 19.895760
 25.155440
 66.486430
 87.014530
 11.051160
 10.880870
 30.739530
 32.769580
 37.391050
 18.813180
  1.982293
  1.118270
 93.429670
119.109600
 25.053420
 17.564960
 59.846100
 77.223030
 70.203290
 39.783840
 43.956210
 32.269420
 11.346770
 12.442660
 38.602270
 51.607650
 74.132690
 41.609550
 83.127900
 66.140740
 15.647850
 12.914870
 91.175960
 53.685740
 22.242630
 28.868320
 37.040500
 54.385010
 35.410370
 25.975800
 97.284950
141.139300
 61.254950
 36.308420
 98.259740
 84.869940
 59.694200
 69.982800
  6.774860
  6.362430
 61.268520
 80.579380
 19.915810
 16.823080
 45.616910
 52.670190
 49.763270
 57.784150
 32.231480
 32.919060
 57.196620
 69.731690
  5.222891
  3.000750
 66.412860
 35.180140
 35.154820
 51.251340
 31.889520
 37.592840
 13.721780
 18.859260
 56.472990
 77.225450
 35.737460
 42.299960
 40.101060
 52.293840
 18.263070
 12.830300
 26.115140
 27.360190
 65.222070
 54.272710
 35.840830
 43.892930
 28.915700
 14.488190
 19.759650
 18.568400
 73.002110
 42.736170
