   318.524500
 50
   .000000
 12.785430
  3.393066
 21.912860
  5.975276
 21.201110
  6.116762
 55.992820
 14.157760
 15.539630
 20.788920
 42.896590
 55.832980
 17.948870
 30.083750
 41.143100
 67.606560
 13.784720
 19.081880
 49.383170
 34.478120
 18.949460
 45.307750
 14.518120
 25.027850
  9.584293
 57.498630
  4.283587
 16.749330
 41.724300
 27.683830
 54.065220
  8.206837
 18.426070
 15.389530
  5.061422
 13.971460
 18.225280
  7.334836
 15.387670
 38.864300
 50.615970
 49.729500
  9.588464
 14.475880
 13.488990
 58.927700
 52.819070
  8.432224
 16.671070
 30.121770
 12.785430
   .000000
 16.143770
 11.742200
 12.196990
 31.786200
 17.706180
 45.065470
 26.883790
 10.393300
 16.044640
 51.463760
 67.497690
  8.320335
 25.313480
 49.836490
 60.069680
 24.472840
 28.721950
 37.015970
 22.435420
 13.686660
 58.086730
 14.315290
 37.543840
 16.389210
 48.335570
 17.039580
  9.081573
 53.842570
 40.130550
 45.822530
  6.443511
 29.369950
 13.596810
  8.238492
 25.043870
 16.366640
 18.455460
 23.374530
 49.757140
 62.483390
 51.711430
 18.272100
  6.783123
 21.739390
 52.574470
 60.502000
 13.413770
 26.227570
 19.511110
  3.393066
 16.143770
   .000000
 24.777190
  7.367713
 19.302530
  4.903336
 59.220910
 10.766440
 17.875630
 23.446500
 41.478200
 52.606900
 21.235940
 31.644650
 38.781100
 69.435070
 11.246080
 17.725570
 52.770470
 37.851660
 21.755330
 41.943320
 16.754060
 21.651210
  9.459400
 60.450950
  1.435837
 19.913000
 38.836930
 24.655760
 56.870520
 11.502470
 16.425180
 17.052020
  8.182442
 11.240420
 20.509410
  6.246316
 13.945310
 36.563260
 47.827430
 49.199680
  9.632313
 17.722990
 13.183030
 60.498620
 50.667160
 10.286070
 14.493770
 33.379100
 21.912860
 11.742200
 24.777190
   .000000
 18.206850
 42.620250
 27.782920
 46.314860
 34.645390
  8.215725
 26.300300
 63.028410
 71.389100
 17.337270
 15.868440
 50.205320
 48.387930
 29.380650
 39.871230
 34.892350
 23.052990
 24.058160
 65.523610
 25.937640
 44.127270
 20.298650
 52.194610
 26.025640
 19.257230
 63.597000
 49.427500
 50.901530
 17.930620
 40.007510
 11.865400
 16.876220
 30.280870
 27.567260
 28.792680
 25.951340
 60.532510
 72.526000
 45.536800
 29.408630
 17.658230
 33.097020
 41.197130
 59.288090
 24.912440
 29.712400
 23.922590
  5.975276
 12.196990
  7.367713
 18.206850
   .000000
 26.629800
 11.762930
 57.175310
 16.440470
 10.719290
 24.427020
 48.648820
 55.374410
 19.463600
 24.345430
 38.113290
 62.080270
 12.326440
 24.826300
 49.058460
 34.621430
 22.303960
 47.419640
 19.134680
 26.212190
  4.652223
 59.836220
  8.792814
 19.021470
 45.828850
 31.510710
 56.866410
 10.669300
 23.769340
  9.697255
  4.755820
 12.974600
 22.630330
 13.071320
 11.568470
 43.917690
 54.911420
 44.201130
 15.563540
 16.473110
 19.460700
 53.212290
 49.263680
 13.798760
 14.077810
 31.425370
 21.201110
 31.786200
 19.302530
 42.620250
 26.629800
   .000000
 15.085880
 66.145470
 16.367440
 36.738750
 28.813550
 22.470120
 52.354780
 32.559040
 50.947100
 48.290840
 88.703500
 25.030390
  3.976008
 63.821260
 49.004710
 28.660590
 33.791600
 22.213600
 22.427590
 28.305770
 63.847710
 17.866780
 30.174390
 23.365670
 12.999250
 58.991520
 25.392550
  2.917032
 36.326660
 25.954140
 24.167380
 24.493270
 13.928110
 30.343140
 17.974260
 31.235990
 65.653980
 13.566530
 29.341170
 10.734040
 79.799200
 60.643100
 18.755080
 28.636780
 42.542190
  6.116762
 17.706180
  4.903336
 27.782920
 11.762930
 15.085880
   .000000
 58.210400
 11.409560
 21.652890
 21.212230
 36.889090
 54.116730
 20.950970
 36.084030
 42.359870
 73.698150
 15.062260
 13.063910
 52.995480
 37.941050
 19.895440
 41.293770
 14.030000
 22.437060
 14.350550
 58.505720
  3.669274
 19.138160
 36.159780
 22.465830
 54.580070
 11.828340
 12.328260
 21.396070
 10.947650
 14.776310
 17.693540
  1.348158
 18.577920
 32.813470
 44.898270
 54.031950
  5.020822
 17.379220
  8.313641
 64.947900
 54.457810
  7.622150
 18.597980
 32.694180
 55.992820
 45.065470
 59.220910
 46.314860
 57.175310
 66.145470
 58.210400
   .000000
 69.460690
 52.561650
 37.698020
 75.301570
111.821800
 38.075980
 60.687500
 94.761950
 77.529130
 69.223400
 62.169480
 15.248540
 23.400040
 38.499970
 98.805110
 44.910820
 80.560800
 61.454300
 11.844510
 59.533900
 39.324750
 89.147950
 78.386990
 16.154680
 47.792580
 65.188550
 56.629570
 52.755320
 69.651200
 41.912110
 58.134960
 68.426400
 80.995450
 95.811960
 91.328930
 55.304730
 41.517120
 56.193970
 75.684530
104.925200
 50.694090
 71.251990
 25.888490
 14.157760
 26.883790
 10.766440
 34.645390
 16.440470
 16.367440
 11.409560
 69.460690
   .000000
 27.000810
 32.619790
 38.248990
 42.707530
 31.748560
 38.484380
 32.871500
 76.249750
  9.161568
 17.175180
 63.498060
 48.536830
 31.286180
 31.246700
 25.407890
 11.100410
 15.549680
 69.913300
 10.091810
 30.191080
 30.105950
 15.761530
 65.944970
 22.110230
 13.783100
 25.007490
 18.773280
  8.143740
 29.022110
 11.816070
 14.939980
 30.281520
 39.334290
 49.452860
 15.503850
 28.184580
 17.025950
 66.703740
 45.223640
 19.030010
 12.520290
 43.765530
 15.539630
 10.393300
 17.875630
  8.215725
 10.719290
 36.738750
 21.652890
 52.561650
 27.000810
   .000000
 26.414800
 58.172080
 63.231890
 18.476300
 15.543660
 42.685030
 52.249530
 21.214530
 34.469360
 42.250660
 29.182700
 24.056320
 57.551440
 23.776700
 36.076380
 12.154850
 57.227470
 19.244480
 19.471660
 56.546860
 42.228660
 55.229920
 14.493750
 33.963200
  4.082746
 10.971160
 22.141100
 26.366420
 22.834750
 17.773170
 54.353910
 65.618520
 41.496840
 24.337280
 17.150350
 28.247270
 43.925620
 52.384870
 20.770880
 21.502380
 28.254960
 20.788920
 16.044640
 23.446500
 26.300300
 24.427020
 28.813550
 21.212230
 37.698020
 32.619790
 26.414800
   .000000
 42.737010
 75.326960
  9.023454
 41.192290
 61.914350
 74.054270
 34.546710
 24.872330
 35.337330
 21.071780
  2.358657
 61.114520
  7.304286
 43.591860
 29.064780
 37.293630
 23.329020
  7.117010
 52.132460
 40.723800
 33.462830
 13.786620
 27.600930
 29.313150
 19.731070
 34.652270
  4.321769
 20.888230
 35.754970
 45.119160
 59.522670
 67.368870
 17.717040
  9.265823
 18.533780
 67.412050
 73.464890
 13.605260
 37.435300
 14.016170
 42.896590
 51.463760
 41.478200
 63.028410
 48.648820
 22.470120
 36.889090
 75.301570
 38.248990
 58.172080
 42.737010
   .000000
 64.688840
 49.596630
 72.966930
 67.727060
110.417900
 47.250370
 23.827060
 77.181470
 63.695010
 43.714260
 41.496710
 38.578070
 40.964690
 50.694420
 69.565770
 40.052650
 47.017440
 23.901080
 27.120680
 63.891210
 45.111740
 25.377590
 58.272400
 47.201440
 46.315590
 38.963130
 35.596820
 52.727090
 13.248300
 25.020090
 87.684590
 33.865210
 47.159480
 30.017360
101.822600
 79.736190
 38.117370
 50.751360
 56.394960
 55.832980
 67.497690
 52.606900
 71.389100
 55.374410
 52.354780
 54.116730
111.821800
 42.707530
 63.231890
 75.326960
 64.688840
   .000000
 73.774720
 66.594480
 26.536860
 97.477920
 43.048360
 55.510650
104.429200
 89.914600
 73.966710
 23.926520
 68.098240
 31.822410
 51.737240
112.619900
 52.358630
 72.518710
 41.677710
 40.144080
108.586100
 64.038360
 51.499510
 59.561850
 59.385180
 42.454200
 71.668590
 54.475610
 45.460290
 51.509130
 46.171790
 54.289120
 57.960850
 70.306280
 58.591340
 87.043490
 29.815180
 61.734950
 41.841810
 85.954370
 17.948870
  8.320335
 21.235940
 17.337270
 19.463600
 32.559040
 20.950970
 38.075980
 31.748560
 18.476300
  9.023454
 49.596630
 73.774720
   .000000
 32.556660
 57.555920
 65.066370
 31.211510
 28.924150
 32.064120
 17.003990
  6.906692
 62.243030
 11.055330
 42.804630
 23.988020
 40.395660
 21.679620
  2.579306
 55.695370
 42.900490
 37.638700
  9.743160
 30.658510
 21.887310
 14.838630
 31.599170
 11.143180
 21.204280
 30.996090
 50.072860
 63.794930
 59.946090
 19.413500
  3.578816
 21.835620
 58.393580
 68.499030
 14.160450
 33.457270
 12.188040
 30.083750
 25.313480
 31.644650
 15.868440
 24.345430
 50.947100
 36.084030
 60.687500
 38.484380
 15.543660
 41.192290
 72.966930
 66.594480
 32.556660
   .000000
 42.037170
 37.907790
 30.353810
 49.140390
 47.685830
 38.065360
 38.856290
 66.265510
 39.248270
 45.048690
 23.144440
 67.532020
 33.080350
 34.083370
 68.572690
 54.245890
 66.563130
 30.031200
 48.066890
 14.695890
 26.140750
 31.475150
 41.645980
 37.370290
 24.869350
 67.916520
 77.811610
 30.681700
 39.419810
 32.030930
 43.363830
 28.867060
 48.678860
 36.229480
 28.726960
 39.730580
 41.143100
 49.836490
 38.781100
 50.205320
 38.113290
 48.290840
 42.359870
 94.761950
 32.871500
 42.685030
 61.914350
 67.727060
 26.536860
 57.555920
 42.037170
   .000000
 70.958270
 27.536000
 49.854080
 84.921940
 71.594590
 59.991250
 37.628210
 55.514530
 26.772550
 33.571030
 97.946110
 39.255950
 57.098970
 50.218520
 40.691930
 94.924610
 48.552900
 46.135580
 38.631820
 42.823070
 27.639060
 59.264330
 43.299290
 26.559830
 56.396670
 58.080640
 28.468490
 47.266450
 54.570370
 49.586200
 60.531360
 12.374550
 49.066200
 24.479100
 69.340810
 67.606560
 60.069680
 69.435070
 48.387930
 62.080270
 88.703500
 73.698150
 77.529130
 76.249750
 52.249530
 74.054270
110.417900
 97.477920
 65.066370
 37.907790
 70.958270
   .000000
 67.753200
 86.666890
 62.284460
 61.580580
 71.968750
102.191100
 74.325130
 81.786570
 61.042480
 87.942310
 70.866660
 67.289030
106.233800
 91.988480
 89.338110
 65.952020
 85.849480
 52.384490
 63.220430
 68.882710
 75.829940
 74.941150
 62.003880
105.820700
115.484700
 45.522510
 76.582920
 65.956420
 80.480900
 10.445690
 71.956980
 72.736760
 65.586650
 66.891600
 13.784720
 24.472840
 11.246080
 29.380650
 12.326440
 25.030390
 15.062260
 69.223400
  9.161568
 21.214530
 34.546710
 47.250370
 43.048360
 31.211510
 30.353810
 27.536000
 67.753200
   .000000
 25.105240
 61.384430
 46.907420
 32.734020
 36.625030
 27.992310
 15.081480
  9.084616
 71.216350
 11.761890
 30.326030
 38.509540
 24.416010
 67.846600
 21.669730
 22.252420
 18.268530
 16.477950
  1.129618
 31.745930
 16.142310
  5.863799
 39.405150
 47.757730
 40.634980
 20.070210
 27.915660
 22.904350
 58.016900
 39.478010
 21.530260
  3.707686
 43.360560
 19.081880
 28.721950
 17.725570
 39.871230
 24.826300
  3.976008
 13.063910
 62.169480
 17.175180
 34.469360
 24.872330
 23.827060
 55.510650
 28.924150
 49.140390
 49.854080
 86.666890
 25.105240
   .000000
 59.961960
 45.201130
 24.780930
 37.591300
 18.383650
 24.821630
 27.082660
 59.937330
 16.316980
 26.490960
 27.268290
 16.765750
 55.127260
 22.281540
  4.038946
 34.446780
 23.530200
 24.370470
 20.550610
 11.770120
 30.004880
 21.226280
 34.948460
 65.627760
 10.479570
 25.804240
  7.141704
 77.998990
 62.228370
 15.430710
 28.799210
 38.656700
 49.383170
 37.015970
 52.770470
 34.892350
 49.058460
 63.821260
 52.995480
 15.248540
 63.498060
 42.250660
 35.337330
 77.181470
104.429200
 32.064120
 47.685830
 84.921940
 62.284460
 61.384430
 59.961960
   .000000
 15.060150
 35.184730
 94.285500
 41.609880
 74.402880
 52.801950
 26.083540
 53.417970
 34.091380
 87.180600
 74.864870
 28.677280
 41.423740
 62.251490
 46.291320
 45.232850
 62.012420
 39.597060
 53.268070
 59.462590
 80.456100
 94.811950
 78.299520
 51.277670
 35.622430
 53.180050
 60.560070
 94.174370
 46.120360
 62.771900
 21.342890
 34.478120
 22.435420
 37.851660
 23.052990
 34.621430
 49.004710
 37.941050
 23.400040
 48.536830
 29.182700
 21.071780
 63.695010
 89.914600
 17.003990
 38.065360
 71.594590
 61.580580
 46.907420
 45.201130
 15.060150
   .000000
 20.556510
 79.234080
 26.818620
 59.502780
 38.643810
 29.497440
 38.446120
 19.060860
 72.325340
 59.836770
 29.056860
 26.431160
 47.330600
 33.258310
 30.539960
 47.463740
 25.166680
 38.207940
 45.508700
 65.981410
 80.136050
 68.448840
 36.265610
 20.564370
 38.306090
 57.382210
 81.565480
 31.081100
 48.580060
  7.420625
 18.949460
 13.686660
 21.755330
 24.058160
 22.303960
 28.660590
 19.895440
 38.499970
 31.286180
 24.056320
  2.358657
 43.714260
 73.966710
  6.906692
 38.856290
 59.991250
 71.968750
 32.734020
 24.780930
 35.184730
 20.556510
   .000000
 60.362390
  6.532869
 42.332220
 26.952790
 38.738720
 21.745780
  4.813828
 52.026190
 40.186760
 35.129680
 11.635950
 27.230830
 26.971410
 17.577470
 32.890830
  4.751806
 19.700950
 33.714520
 45.425430
 59.645330
 65.045560
 16.818990
  6.907174
 18.119480
 65.213650
 71.452800
 12.285660
 35.524150
 13.881670
 45.307750
 58.086730
 41.943320
 65.523610
 47.419640
 33.791600
 41.293770
 98.805110
 31.246700
 57.551440
 61.114520
 41.496710
 23.926520
 62.243030
 66.265510
 37.628210
102.191100
 36.625030
 37.591300
 94.285500
 79.234080
 60.362390
   .000000
 53.900610
 21.546890
 45.458120
 97.424230
 41.093470
 60.356630
 17.901660
 20.825660
 92.703310
 52.934640
 34.023280
 54.868970
 50.018920
 35.595060
 56.950410
 41.082930
 41.539730
 28.253460
 22.550060
 65.044430
 43.548290
 58.672900
 42.722270
 91.958270
 46.815130
 48.414590
 37.596120
 73.808150
 14.518120
 14.315290
 16.754060
 25.937640
 19.134680
 22.213600
 14.030000
 44.910820
 25.407890
 23.776700
  7.304286
 38.578070
 68.098240
 11.055330
 39.248270
 55.514530
 74.325130
 27.992310
 18.383650
 41.609880
 26.818620
  6.532869
 53.900610
   .000000
 36.327720
 23.596840
 44.534660
 16.443220
  8.487020
 45.570770
 33.658570
 40.550150
  9.410420
 20.709440
 25.861820
 14.814410
 27.985290
  3.755786
 13.625690
 29.873410
 39.284240
 53.319550
 63.148510
 10.421580
  8.700256
 11.601380
 66.885410
 67.303020
  6.542188
 31.109910
 20.371680
 25.027850
 37.543840
 21.651210
 44.127270
 26.212190
 22.427590
 22.437060
 80.560800
 11.100410
 36.076380
 43.591860
 40.964690
 31.822410
 42.804630
 45.048690
 26.772550
 81.786570
 15.081480
 24.821630
 74.402880
 59.502780
 42.332220
 21.546890
 36.327720
   .000000
 23.945200
 80.862080
 21.125040
 41.285810
 25.901370
 14.071140
 76.769100
 33.118860
 20.814070
 33.323800
 29.318380
 14.048240
 39.864090
 22.705410
 20.186670
 30.068210
 34.866480
 49.055310
 26.138810
 39.250580
 26.909450
 71.765280
 38.897030
 30.051490
 16.339370
 54.855210
  9.584293
 16.389210
  9.459400
 20.298650
  4.652223
 28.305770
 14.350550
 61.454300
 15.549680
 12.154850
 29.064780
 50.694420
 51.737240
 23.988020
 23.144440
 33.571030
 61.042480
  9.084616
 27.082660
 52.801950
 38.643810
 26.952790
 45.458120
 23.596840
 23.945200
   .000000
 64.383060
 10.810850
 23.642540
 45.621610
 31.246420
 61.479640
 15.319990
 25.390010
  9.536514
  9.404279
  9.988210
 27.159030
 15.697640
  7.017041
 44.823430
 54.827980
 40.148810
 18.827790
 21.083760
 22.553010
 51.767040
 44.628020
 17.925090
  9.971516
 35.822810
 57.498630
 48.335570
 60.450950
 52.194610
 59.836220
 63.847710
 58.505720
 11.844510
 69.913300
 57.227470
 37.293630
 69.565770
112.619900
 40.395660
 67.532020
 97.946110
 87.942310
 71.216350
 59.937330
 26.083540
 29.497440
 38.738720
 97.424230
 44.534660
 80.862080
 64.383060
   .000000
 60.483390
 40.932980
 85.956670
 76.640430
  5.856951
 49.575630
 63.401740
 61.153810
 55.150310
 71.465200
 41.033860
 58.159590
 71.387470
 76.902150
 91.771840
 97.731220
 54.812600
 43.418530
 54.865370
 85.310430
108.831400
 50.893520
 73.722370
 29.002720
  4.283587
 17.039580
  1.435837
 26.025640
  8.792814
 17.866780
  3.669274
 59.533900
 10.091810
 19.244480
 23.329020
 40.052650
 52.358630
 21.679620
 33.080350
 39.255950
 70.866660
 11.761890
 16.316980
 53.417970
 38.446120
 21.745780
 41.093470
 16.443220
 21.125040
 10.810850
 60.483390
   .000000
 20.211700
 37.571380
 23.452000
 56.790530
 12.018450
 14.990450
 18.482610
  9.287560
 11.622140
 20.192010
  4.980992
 14.938420
 35.157080
 46.527760
 50.362900
  8.586470
 18.127480
 11.982130
 61.934430
 51.239870
  9.907083
 15.171920
 33.753220
 16.749330
  9.081573
 19.913000
 19.257230
 19.021470
 30.174390
 19.138160
 39.324750
 30.191080
 19.471660
  7.117010
 47.017440
 72.518710
  2.579306
 34.083370
 57.098970
 67.289030
 30.326030
 26.490960
 34.091380
 19.060860
  4.813828
 60.356630
  8.487020
 41.285810
 23.642540
 40.932980
 20.211700
   .000000
 53.387340
 40.777580
 37.845400
  8.656630
 28.352950
 22.593220
 14.282320
 30.630040
  8.675110
 19.273870
 30.586120
 47.595950
 61.404410
 60.728050
 17.207250
  2.578791
 19.440560
 60.432530
 68.268790
 12.029840
 32.792270
 13.581250
 41.724300
 53.842570
 38.836930
 63.597000
 45.828850
 23.365670
 36.159780
 89.147950
 30.105950
 56.546860
 52.132460
 23.901080
 41.677710
 55.695370
 68.572690
 50.218520
106.233800
 38.509540
 27.268290
 87.180600
 72.325340
 52.026190
 17.901660
 45.570770
 25.901370
 45.621610
 85.956670
 37.571380
 53.387340
   .000000
 14.381250
 80.764310
 47.720280
 25.038360
 54.972880
 46.785390
 37.382140
 47.811150
 35.392660
 44.323060
 10.891390
  9.250960
 74.836220
 36.329850
 52.349990
 34.019980
 96.524830
 61.139640
 41.616860
 40.983020
 65.907710
 27.683830
 40.130550
 24.655760
 49.427500
 31.510710
 12.999250
 22.465830
 78.386990
 15.761530
 42.228660
 40.723800
 27.120680
 40.144080
 42.900490
 54.245890
 40.691930
 91.988480
 24.416010
 16.765750
 74.864870
 59.836770
 40.186760
 20.825660
 33.658570
 14.071140
 31.246420
 76.640430
 23.452000
 40.777580
 14.381250
   .000000
 71.882900
 34.261990
 13.266510
 40.593360
 32.731720
 23.300610
 36.477000
 21.892680
 30.274520
 16.060070
 23.583390
 62.594850
 23.593600
 39.413270
 22.195770
 82.375710
 52.624510
 28.758170
 27.171630
 53.913210
 54.065220
 45.822530
 56.870520
 50.901530
 56.866410
 58.991520
 54.580070
 16.154680
 65.944970
 55.229920
 33.462830
 63.891210
108.586100
 37.638700
 66.563130
 94.924610
 89.338110
 67.846600
 55.127260
 28.677280
 29.056860
 35.129680
 92.703310
 40.550150
 76.769100
 61.479640
  5.856951
 56.790530
 37.845400
 80.764310
 71.882900
   .000000
 46.376270
 58.705800
 59.033310
 52.126440
 68.019510
 36.926890
 54.135490
 68.431390
 71.520950
 86.369240
 96.301020
 50.634680
 40.396540
 50.391820
 86.044300
106.091000
 47.026540
 70.533900
 27.097090
  8.206837
  6.443511
 11.502470
 17.930620
 10.669300
 25.392550
 11.828340
 47.792580
 22.110230
 14.493750
 13.786620
 45.111740
 64.038360
  9.743160
 30.031200
 48.552900
 65.952020
 21.669730
 22.281540
 41.423740
 26.431160
 11.635950
 52.934640
  9.410420
 33.118860
 15.319990
 49.575630
 12.018450
  8.656630
 47.720280
 34.261990
 46.376270
   .000000
 23.037840
 16.452720
  5.946104
 21.984630
 12.449340
 12.386180
 22.135030
 43.352470
 56.246950
 53.984240
 11.847540
  6.285246
 15.300780
 58.099060
 59.878890
  7.001966
 24.173600
 21.916030
 18.426070
 29.369950
 16.425180
 40.007510
 23.769340
  2.917032
 12.328260
 65.188550
 13.783100
 33.963200
 27.600930
 25.377590
 51.499510
 30.658510
 48.066890
 46.135580
 85.849480
 22.252420
  4.038946
 62.251490
 47.330600
 27.230830
 34.023280
 20.709440
 20.814070
 25.390010
 63.401740
 14.990450
 28.352950
 25.038360
 13.266510
 58.705800
 23.037840
   .000000
 33.466080
 23.253210
 21.419500
 23.314970
 11.228420
 27.491420
 20.525260
 33.273940
 62.887400
 11.350950
 27.335720
  9.111470
 76.911740
 58.506930
 16.628070
 25.888050
 41.077500
 15.389530
 13.596810
 17.052020
 11.865400
  9.697255
 36.326660
 21.396070
 56.629570
 25.007490
  4.082746
 29.313150
 58.272400
 59.561850
 21.887310
 14.695890
 38.631820
 52.384490
 18.268530
 34.446780
 46.291320
 33.258310
 26.971410
 54.868970
 25.861820
 33.323800
  9.536514
 61.153810
 18.482610
 22.593220
 54.972880
 40.593360
 59.033310
 16.452720
 33.466080
   .000000
 11.699720
 19.277390
 28.783140
 22.676880
 14.209260
 53.544260
 64.140630
 38.135150
 24.788380
 20.140100
 28.732460
 43.552980
 48.307260
 21.955330
 18.078980
 32.155850
  5.061422
  8.238492
  8.182442
 16.876220
  4.755820
 25.954140
 10.947650
 52.755320
 18.773280
 10.971160
 19.731070
 47.201440
 59.385180
 14.838630
 26.140750
 42.823070
 63.220430
 16.477950
 23.530200
 45.232850
 30.539960
 17.577470
 50.018920
 14.814410
 29.318380
  9.404279
 55.150310
  9.287560
 14.282320
 46.785390
 32.731720
 52.126440
  5.946104
 23.253210
 11.699720
   .000000
 16.961010
 18.159250
 12.031380
 16.305670
 43.758600
 55.666870
 48.334110
 13.374710
 11.747320
 17.297890
 54.811450
 54.018280
 10.266810
 18.618970
 26.917500
 13.971460
 25.043870
 11.240420
 30.280870
 12.974600
 24.167380
 14.776310
 69.651200
  8.143740
 22.141100
 34.652270
 46.315590
 42.454200
 31.599170
 31.475150
 27.639060
 68.882710
  1.129618
 24.370470
 62.012420
 47.463740
 32.890830
 35.595060
 27.985290
 14.048240
  9.988210
 71.465200
 11.622140
 30.630040
 37.382140
 23.300610
 68.019510
 21.984630
 21.419500
 19.277390
 16.961010
   .000000
 31.741050
 15.797030
  6.974049
 38.342570
 46.629960
 41.487280
 19.751590
 28.255250
 22.445320
 59.143520
 39.684030
 21.483110
  4.469890
 43.771090
 18.225280
 16.366640
 20.509410
 27.567260
 22.630330
 24.493270
 17.693540
 41.912110
 29.022110
 26.366420
  4.321769
 38.963130
 71.668590
 11.143180
 41.645980
 59.264330
 75.829940
 31.745930
 20.550610
 39.597060
 25.166680
  4.751806
 56.950410
  3.755786
 39.864090
 27.159030
 41.033860
 20.192010
  8.675110
 47.811150
 36.477000
 36.926890
 12.449340
 23.314970
 28.783140
 18.159250
 31.741050
   .000000
 17.209190
 33.542300
 40.879670
 55.231050
 66.423790
 13.779510
  9.909094
 14.282060
 68.743380
 71.033260
 10.285800
 34.847510
 18.256010
  7.334836
 18.455460
  6.246316
 28.792680
 13.071320
 13.928110
  1.348158
 58.134960
 11.816070
 22.834750
 20.888230
 35.596820
 54.475610
 21.204280
 37.370290
 43.299290
 74.941150
 16.142310
 11.770120
 53.268070
 38.207940
 19.700950
 41.082930
 13.625690
 22.705410
 15.697640
 58.159590
  4.980992
 19.273870
 35.392660
 21.892680
 54.135490
 12.386180
 11.228420
 22.676880
 12.031380
 15.797030
 17.209190
   .000000
 19.833160
 31.749050
 44.045940
 55.335350
  3.967545
 17.656450
  7.014297
 66.229550
 55.445500
  7.440876
 19.724460
 32.766070
 15.387670
 23.374530
 13.945310
 25.951340
 11.568470
 30.343140
 18.577920
 68.426400
 14.939980
 17.773170
 35.754970
 52.727090
 45.460290
 30.996090
 24.869350
 26.559830
 62.003880
  5.863799
 30.004880
 59.462590
 45.508700
 33.714520
 41.539730
 29.873410
 20.186670
  7.017041
 71.387470
 14.938420
 30.586120
 44.323060
 30.274520
 68.431390
 22.135030
 27.491420
 14.209260
 16.305670
  6.974049
 33.542300
 19.833160
   .000000
 45.219760
 53.565990
 35.673930
 23.520780
 28.041220
 26.836050
 52.207160
 37.745230
 23.777850
  3.984709
 42.834690
 38.864300
 49.757140
 36.563260
 60.532510
 43.917690
 17.974260
 32.813470
 80.995450
 30.281520
 54.353910
 45.119160
 13.248300
 51.509130
 50.072860
 67.916520
 56.396670
105.820700
 39.405150
 21.226280
 80.456100
 65.981410
 45.425430
 28.253460
 39.284240
 30.068210
 44.823430
 76.902150
 35.157080
 47.595950
 10.891390
 16.060070
 71.520950
 43.352470
 20.525260
 53.544260
 43.758600
 38.342570
 40.879670
 31.749050
 45.219760
   .000000
 14.879910
 78.572460
 31.509020
 47.016880
 28.367870
 96.582140
 68.058930
 36.619950
 42.524140
 59.128000
 50.615970
 62.483390
 47.827430
 72.526000
 54.911420
 31.235990
 44.898270
 95.811960
 39.334290
 65.618520
 59.522670
 25.020090
 46.171790
 63.794930
 77.811610
 58.080640
115.484700
 47.757730
 34.948460
 94.811950
 80.136050
 59.645330
 22.550060
 53.319550
 34.866480
 54.827980
 91.771840
 46.527760
 61.404410
  9.250960
 23.583390
 86.369240
 56.246950
 33.273940
 64.140630
 55.666870
 46.629960
 55.231050
 44.045940
 53.565990
 14.879910
   .000000
 83.533870
 44.622710
 60.554960
 41.965690
105.770800
 68.438070
 49.890020
 50.198650
 73.471340
 49.729500
 51.711430
 49.199680
 45.536800
 44.201130
 65.653980
 54.031950
 91.328930
 49.452860
 41.496840
 67.368870
 87.684590
 54.289120
 59.946090
 30.681700
 28.468490
 45.522510
 40.634980
 65.627760
 78.299520
 68.448840
 65.045560
 65.044430
 63.148510
 49.055310
 40.148810
 97.731220
 50.362900
 60.728050
 74.836220
 62.594850
 96.301020
 53.984240
 62.887400
 38.135150
 48.334110
 41.487280
 66.423790
 55.335350
 35.673930
 78.572460
 83.533870
   .000000
 58.813730
 58.262440
 62.344870
 35.603900
 26.605380
 57.977040
 37.019020
 69.207350
  9.588464
 18.272100
  9.632313
 29.408630
 15.563540
 13.566530
  5.020822
 55.304730
 15.503850
 24.337280
 17.717040
 33.865210
 57.960850
 19.413500
 39.419810
 47.266450
 76.582920
 20.070210
 10.479570
 51.277670
 36.265610
 16.818990
 43.548290
 10.421580
 26.138810
 18.827790
 54.812600
  8.586470
 17.207250
 36.329850
 23.593600
 50.634680
 11.847540
 11.350950
 24.788380
 13.374710
 19.751590
 13.779510
  3.967545
 23.520780
 31.509020
 44.622710
 58.813730
   .000000
 16.022870
  3.944893
 68.167920
 59.410930
  5.287243
 23.618290
 30.361600
 14.475880
  6.783123
 17.722990
 17.658230
 16.473110
 29.341170
 17.379220
 41.517120
 28.184580
 17.150350
  9.265823
 47.159480
 70.306280
  3.578816
 32.030930
 54.570370
 65.956420
 27.915660
 25.804240
 35.622430
 20.564370
  6.907174
 58.672900
  8.700256
 39.250580
 21.083760
 43.418530
 18.127480
  2.578791
 52.349990
 39.413270
 40.396540
  6.285246
 27.335720
 20.140100
 11.747320
 28.255250
  9.909094
 17.656450
 28.041220
 47.016880
 60.554960
 58.262440
 16.022870
   .000000
 18.671170
 58.838600
 65.705560
 10.739710
 30.307530
 15.656410
 13.488990
 21.739390
 13.183030
 33.097020
 19.460700
 10.734040
  8.313641
 56.193970
 17.025950
 28.247270
 18.533780
 30.017360
 58.591340
 21.835620
 43.363830
 49.586200
 80.480900
 22.904350
  7.141704
 53.180050
 38.306090
 18.119480
 42.722270
 11.601380
 26.909450
 22.553010
 54.865370
 11.982130
 19.440560
 34.019980
 22.195770
 50.391820
 15.300780
  9.111470
 28.732460
 17.297890
 22.445320
 14.282060
  7.014297
 26.836050
 28.367870
 41.965690
 62.344870
  3.944893
 18.671170
   .000000
 72.102990
 61.848100
  8.352084
 26.553260
 31.972660
 58.927700
 52.574470
 60.498620
 41.197130
 53.212290
 79.799200
 64.947900
 75.684530
 66.703740
 43.925620
 67.412050
101.822600
 87.043490
 58.393580
 28.867060
 60.531360
 10.445690
 58.016900
 77.998990
 60.560070
 57.382210
 65.213650
 91.958270
 66.885410
 71.765280
 51.767040
 85.310430
 61.934430
 60.432530
 96.524830
 82.375710
 86.044300
 58.099060
 76.911740
 43.552980
 54.811450
 59.143520
 68.743380
 66.229550
 52.207160
 96.582140
105.770800
 35.603900
 68.167920
 58.838600
 72.102990
   .000000
 61.827290
 64.667920
 55.680510
 61.849560
 52.819070
 60.502000
 50.667160
 59.288090
 49.263680
 60.643100
 54.457810
104.925200
 45.223640
 52.384870
 73.464890
 79.736190
 29.815180
 68.499030
 48.678860
 12.374550
 71.956980
 39.478010
 62.228370
 94.174370
 81.565480
 71.452800
 46.815130
 67.303020
 38.897030
 44.628020
108.831400
 51.239870
 68.268790
 61.139640
 52.624510
106.091000
 59.878890
 58.506930
 48.307260
 54.018280
 39.684030
 71.033260
 55.445500
 37.745230
 68.058930
 68.438070
 26.605380
 59.410930
 65.705560
 61.848100
 61.827290
   .000000
 60.936690
 36.200190
 79.962060
  8.432224
 13.413770
 10.286070
 24.912440
 13.798760
 18.755080
  7.622150
 50.694090
 19.030010
 20.770880
 13.605260
 38.117370
 61.734950
 14.160450
 36.229480
 49.066200
 72.736760
 21.530260
 15.430710
 46.120360
 31.081100
 12.285660
 48.414590
  6.542188
 30.051490
 17.925090
 50.893520
  9.907083
 12.029840
 41.616860
 28.758170
 47.026540
  7.001966
 16.628070
 21.955330
 10.266810
 21.483110
 10.285800
  7.440876
 23.777850
 36.619950
 49.890020
 57.977040
  5.287243
 10.739710
  8.352084
 64.667920
 60.936690
   .000000
 24.741030
 25.393670
 16.671070
 26.227570
 14.493770
 29.712400
 14.077810
 28.636780
 18.597980
 71.251990
 12.520290
 21.502380
 37.435300
 50.751360
 41.841810
 33.457270
 28.726960
 24.479100
 65.586650
  3.707686
 28.799210
 62.771900
 48.580060
 35.524150
 37.596120
 31.109910
 16.339370
  9.971516
 73.722370
 15.171920
 32.792270
 40.983020
 27.171630
 70.533900
 24.173600
 25.888050
 18.078980
 18.618970
  4.469890
 34.847510
 19.724460
  3.984709
 42.524140
 50.198650
 37.019020
 23.618290
 30.307530
 26.553260
 55.680510
 36.200190
 24.741030
   .000000
 45.491510
 30.121770
 19.511110
 33.379100
 23.922590
 31.425370
 42.542190
 32.694180
 25.888490
 43.765530
 28.254960
 14.016170
 56.394960
 85.954370
 12.188040
 39.730580
 69.340810
 66.891600
 43.360560
 38.656700
 21.342890
  7.420625
 13.881670
 73.808150
 20.371680
 54.855210
 35.822810
 29.002720
 33.753220
 13.581250
 65.907710
 53.913210
 27.097090
 21.916030
 41.077500
 32.155850
 26.917500
 43.771090
 18.256010
 32.766070
 42.834690
 59.128000
 73.471340
 69.207350
 30.361600
 15.656410
 31.972660
 61.849560
 79.962060
 25.393670
 45.491510
   .000000
 45.871180
 23.968090
 93.574000
107.389300
  6.804423
  8.978096
 62.621390
 77.576270
 87.019760
 84.599520
 58.273030
 67.450700
 55.695160
 40.815360
 95.900130
106.060000
 27.478450
 36.779100
 22.019690
 27.300310
 96.373070
117.262500
 49.454620
 65.553600
 49.232900
 38.137490
  9.253485
 10.599890
 70.797000
 77.391230
 58.040570
 73.374060
 78.918470
117.142200
 98.139490
 80.941800
  8.046301
  9.579011
 47.912250
 27.295360
 89.202760
 99.546590
 14.288430
 17.544430
 26.028700
 34.740980
 16.709570
 14.599630
 20.745950
 14.510970
 38.764750
 47.762460
 89.623540
102.483900
 58.330400
 73.576980
 18.939860
 10.180430
 59.078120
 54.540920
  6.951612
  9.968595
 77.019700
 56.600230
 76.096070
 45.868800
  7.805282
  8.565051
 67.894620
 94.527750
 97.773280
132.518200
 11.150460
 16.520150
 12.327620
  8.512951
 13.915720
 10.779840
 56.687570
 83.173130
 57.361790
 84.022160
 67.057850
 46.723820
  2.363065
  1.966938
 86.313070
 97.221920
 23.521140
 21.299080
 79.828270
 86.654050
 85.885430
103.073900
 45.624300
 62.849620
 90.819050
105.774300
 28.662720
 21.175840
