   275.291600
 50
   .000000
 26.411700
 15.604040
 36.433090
 41.225560
  3.875606
 10.332470
 17.154030
  8.864158
  7.139804
 27.674960
 10.430470
 59.142990
 18.464410
 17.037730
 16.314530
 11.938760
  5.036108
 13.959340
 11.544070
 20.925270
 19.909080
 50.062070
  8.877678
  1.250354
 29.771330
 18.764310
  4.103250
 15.309040
  9.876465
 18.094660
  2.615717
 43.585650
 24.923080
  9.559504
 16.284630
 13.574850
 14.020910
 11.061100
 33.683680
 23.676240
 42.299780
 45.566800
 35.895950
 12.786440
 14.280260
 33.728310
  3.195702
 49.252640
 46.752270
 34.744860
 26.411700
   .000000
 41.889910
 60.480070
 58.775620
 26.143950
 16.750100
 14.200520
 35.198330
 25.614550
 51.538450
 26.877940
 78.394130
 41.754170
 12.282390
 14.685650
 18.100610
 24.078310
 34.420540
 34.823180
 19.342650
 21.226990
 25.126700
 35.055230
 26.909910
 50.834430
 40.910800
 23.283710
 28.654830
 30.456870
 43.663720
 26.016330
 20.029000
  6.157516
 30.796120
 26.378620
 16.409920
 28.346940
 37.404670
 60.060810
 16.838790
 65.889100
 51.955360
 61.828120
 15.334290
 12.962290
 27.023610
 29.202680
 74.990680
 71.507710
 45.179310
 15.604040
 41.889910
   .000000
 26.730190
 33.865340
 17.163160
 25.888100
 32.255380
  6.740426
 19.566450
 19.834850
 18.706070
 48.722980
 15.389580
 31.476380
 30.093570
 25.500460
 19.325780
 14.284420
 14.102570
 34.654080
 33.068120
 65.633830
  6.840120
 15.369760
 20.786280
 17.442030
 19.318400
 21.610160
 14.703460
  4.684388
 16.708360
 59.069460
 39.786470
 16.942270
 24.233950
 28.638560
 23.710870
  4.557776
 18.201840
 36.035990
 28.873240
 46.222710
 22.477940
 28.212820
 29.863080
 43.517400
 13.314350
 33.812490
 32.072250
 39.289410
 36.433090
 60.480070
 26.730190
   .000000
 56.383470
 35.049910
 43.989790
 47.145340
 30.271840
 34.922890
  8.955034
 43.954140
 65.762100
 18.738870
 53.280050
 52.739410
 48.353180
 36.832300
 40.918300
 25.819390
 45.510660
 43.236400
 79.980580
 31.089260
 35.426550
 43.920320
 19.669570
 38.076610
 47.710380
 40.475040
 29.879480
 35.603870
 72.751500
 60.579800
 29.704360
 50.019840
 44.231900
 33.066100
 28.776500
 21.750010
 60.006750
 43.081440
 72.438730
 11.053180
 45.146120
 47.551900
 69.126850
 33.238100
 36.773500
 40.961830
 32.229500
 41.225560
 58.775620
 33.865340
 56.383470
   .000000
 44.867890
 49.119480
 56.549750
 36.469810
 48.161350
 52.103950
 33.599740
 19.722150
 49.254890
 46.614380
 44.146190
 41.581420
 46.253240
 27.370180
 46.821000
 61.708330
 60.981180
 83.617290
 35.599270
 42.018760
 13.110170
 51.278620
 45.015850
 30.412170
 31.751090
 29.234830
 43.726760
 78.784460
 53.628350
 48.206490
 32.422840
 53.448530
 54.477690
 35.746070
 36.371320
 43.924130
 19.559040
 23.443650
 47.320330
 51.804950
 51.958940
 42.041460
 41.446110
 35.334010
 27.333700
 72.806520
  3.875606
 26.143950
 17.163160
 35.049910
 44.867890
   .000000
  9.410920
 15.112460
 10.658460
  3.310612
 26.134620
 14.183030
 62.514720
 16.514810
 18.327420
 18.103360
 14.151010
  2.197954
 17.728690
  9.337330
 17.905690
 16.647570
 48.770530
 11.007390
  2.868021
 33.143260
 16.379070
  3.026722
 19.063740
 13.733930
 20.358880
  1.273486
 42.053940
 25.567580
  6.335247
 19.834810
 11.505680
 10.146370
 12.674220
 34.702690
 25.867070
 44.988800
 49.388710
 35.684300
 11.340150
 13.344270
 36.504630
  3.962753
 50.965630
 49.004380
 30.971360
 10.332470
 16.750100
 25.888100
 43.989790
 49.119480
  9.410920
   .000000
  7.455148
 19.155000
  9.099710
 35.034990
 15.618690
 67.862310
 25.262000
 10.917960
 11.796200
  9.865594
  7.328428
 22.041860
 18.195020
 13.063550
 13.041440
 39.746620
 19.209270
 10.534910
 38.756970
 24.665940
  6.667009
 19.688480
 17.594290
 28.386020
  9.399831
 33.255860
 16.750220
 14.327990
 19.018320
  4.478560
 13.728140
 21.331240
 43.830840
 19.689170
 52.243380
 49.191190
 45.088020
  2.710336
  3.993108
 31.357810
 12.724130
 59.585020
 56.977760
 34.114800
 17.154030
 14.200520
 32.255380
 47.145340
 56.549750
 15.112460
  7.455148
   .000000
 25.643880
 13.290780
 38.301410
 22.991480
 75.316280
 28.638150
 14.684320
 16.514940
 16.228650
 12.932890
 29.493840
 22.195290
  6.796977
  7.860937
 33.891970
 25.855530
 17.045570
 46.182930
 27.476970
 13.103880
 26.841850
 25.045040
 35.190920
 15.570760
 27.025960
 16.934840
 17.989970
 25.849770
  3.619289
 14.347790
 27.733290
 49.728000
 23.494370
 59.414490
 55.616040
 49.730830
  4.750464
  5.174201
 35.360440
 18.950690
 66.067250
 63.877880
 31.573760
  8.864158
 35.198330
  6.740426
 30.271840
 36.469810
 10.658460
 19.155000
 25.643880
   .000000
 13.375630
 22.182450
 13.688550
 52.960630
 14.837640
 25.091470
 23.895590
 19.295270
 12.762780
 11.910650
 10.464200
 28.459300
 27.034720
 58.901540
  1.001155
  8.658450
 23.897570
 16.218990
 12.620600
 17.571490
 10.313710
  9.731477
 10.073820
 52.364790
 33.301860
 11.898120
 19.761090
 22.024840
 18.514680
  2.206462
 24.862480
 30.370100
 34.481700
 45.350270
 27.964000
 21.509540
 23.125700
 38.874370
  6.716064
 40.475880
 38.345940
 36.525390
  7.139804
 25.614550
 19.566450
 34.922890
 48.161350
  3.310612
  9.099710
 13.290780
 13.375630
   .000000
 25.968920
 17.231410
 65.709660
 16.184840
 19.299850
 19.485990
 15.996050
  2.844470
 21.038720
  9.215823
 15.112000
 13.663380
 47.181480
 13.858570
  6.178609
 36.354280
 15.575490
  4.682726
 22.089260
 17.016100
 23.100600
  4.528598
 40.298890
 25.827660
  5.230177
 22.644910
  9.847301
  6.993688
 15.228120
 36.538250
 27.429410
 47.851630
 52.468010
 36.574030
 10.318940
 12.654650
 38.492310
  6.938869
 53.207720
 51.600710
 28.063210
 27.674960
 51.538450
 19.834850
  8.955034
 52.103950
 26.134620
 35.034990
 38.301410
 22.182450
 25.968920
   .000000
 35.726560
 63.838340
  9.787139
 44.408910
 43.941220
 39.613580
 27.889530
 33.481290
 16.872520
 37.001230
 34.760040
 71.414030
 23.076590
 26.628070
 39.145630
 10.859970
 29.160610
 39.753750
 32.494580
 23.739130
 26.726120
 64.220710
 51.638550
 20.753040
 41.889670
 35.327430
 24.384450
 20.970940
 21.366900
 51.327650
 41.531270
 66.057530
 14.095610
 36.204260
 38.602880
 60.785610
 24.490540
 38.603780
 41.087270
 27.342400
 10.430470
 26.877940
 18.706070
 43.954140
 33.599740
 14.183030
 15.618690
 22.991480
 13.688550
 17.231410
 35.726560
   .000000
 52.644150
 27.481930
 14.819390
 12.765090
  8.777357
 14.596310
  7.551593
 21.227690
 28.524270
 28.127500
 51.956180
 12.913190
 11.650020
 24.117580
 28.266970
 12.907310
  4.882483
  4.166735
 18.575470
 12.915970
 46.326600
 23.109200
 19.919390
  6.224955
 20.042500
 24.224590
 15.359780
 36.093870
 17.458550
 39.028200
 35.236710
 41.131610
 18.266890
 18.366480
 25.187160
 12.706880
 49.032670
 44.883950
 45.150570
 59.142990
 78.394130
 48.722980
 65.762100
 19.722150
 62.514720
 67.862310
 75.316280
 52.960630
 65.709660
 63.838340
 52.644150
   .000000
 63.504500
 66.177850
 63.727660
 60.941090
 64.153130
 45.824130
 62.683790
 80.011620
 79.050200
103.306100
 52.237040
 59.761660
 29.378580
 65.764560
 63.131900
 49.858240
 50.273940
 44.121960
 61.482780
 98.369920
 73.326000
 64.843010
 52.015700
 72.045370
 71.463860
 51.728830
 44.029430
 63.636530
 22.682980
 38.335660
 55.170650
 70.571240
 70.959180
 61.113430
 58.792920
 34.206150
 26.647870
 87.842790
 18.464410
 41.754170
 15.389580
 18.738870
 49.254890
 16.514810
 25.262000
 28.638150
 14.837640
 16.184840
  9.787139
 27.481930
 63.504500
   .000000
 34.841550
 34.522400
 30.331200
 18.174210
 26.743070
  7.179947
 27.861080
 25.698180
 62.054080
 15.832250
 17.329960
 36.169980
  2.376323
 19.526070
 31.911690
 24.806250
 20.037070
 17.212990
 54.920260
 41.908920
 10.965990
 33.706260
 25.585140
 15.104000
 14.417960
 25.246030
 42.102490
 42.372440
 60.144790
 21.765680
 26.420670
 28.815800
 52.077890
 15.366330
 43.025870
 43.734990
 24.390090
 17.037730
 12.282390
 31.476380
 53.280050
 46.614380
 18.327420
 10.917960
 14.684320
 25.091470
 19.299850
 44.408910
 14.819390
 66.177850
 34.841550
   .000000
  2.492619
  6.182881
 16.819810
 22.361440
 27.664730
 21.480360
 22.313890
 37.396630
 24.725460
 17.925970
 38.587330
 34.631380
 15.327860
 16.377980
 18.646380
 32.541760
 17.682890
 32.192180
  8.416618
 24.308750
 14.193550
 13.979700
 24.632860
 27.236740
 49.608780
  8.962841
 53.820710
 41.851060
 52.843290
 11.765490
  9.793990
 20.824350
 20.198540
 63.604020
 59.685280
 44.869090
 16.314530
 14.685650
 30.093570
 52.739410
 44.146190
 18.103360
 11.796200
 16.514940
 23.895590
 19.485990
 43.941220
 12.765090
 63.727660
 34.522400
  2.492619
   .000000
  4.603944
 16.837940
 20.252560
 27.385580
 23.271990
 23.931090
 39.762040
 23.448070
 17.317080
 36.285620
 34.482340
 15.197310
 13.979790
 16.733290
 30.869750
 17.313130
 34.645510
 10.352330
 24.289460
 11.723500
 15.372090
 25.290140
 25.989210
 48.117570
  7.986767
 51.648760
 39.556380
 51.807600
 13.109830
 11.437390
 19.562520
 19.509800
 61.740590
 57.638640
 45.910790
 11.938760
 18.100610
 25.500460
 48.353180
 41.581420
 14.151010
  9.865594
 16.228650
 19.295270
 15.996050
 39.613580
  8.777357
 60.941090
 30.331200
  6.182881
  4.603944
   .000000
 13.204850
 16.323180
 23.265940
 22.624310
 22.841480
 43.188880
 18.844140
 13.014820
 32.811450
 30.442150
 11.433860
 11.187620
 12.482790
 26.389950
 13.225550
 37.651550
 14.594360
 20.462260
  9.708212
 14.141900
 22.348950
 21.385440
 43.556490
 11.774050
 47.798500
 39.467780
 47.221520
 11.956620
 11.109790
 22.496270
 15.125420
 57.421170
 53.552800
 43.381920
  5.036108
 24.078310
 19.325780
 36.832300
 46.253240
  2.197954
  7.328428
 12.932890
 12.762780
  2.844470
 27.889530
 14.596310
 64.153130
 18.174210
 16.819810
 16.837940
 13.204850
   .000000
 18.947720
 11.018150
 16.009900
 14.900220
 46.573400
 13.054050
  4.434764
 34.775910
 17.825240
  1.839153
 19.418700
 14.751160
 22.419180
  2.759832
 39.857400
 23.749020
  7.490609
 19.863880
  9.320455
  9.722124
 14.816520
 36.900570
 24.735970
 46.960030
 49.806390
 37.770470
  9.156177
 11.212130
 35.695710
  6.047062
 53.135710
 51.093280
 30.861470
 13.959340
 34.420540
 14.284420
 40.918300
 27.370180
 17.728690
 22.041860
 29.493840
 11.910650
 21.038720
 33.481290
  7.551593
 45.824130
 26.743070
 22.361440
 20.252560
 16.323180
 18.947720
   .000000
 21.882290
 34.367000
 33.611050
 59.476780
 10.912860
 14.861040
 16.816040
 28.104840
 17.652650
  7.985866
  4.449903
 12.581620
 16.528070
 53.759990
 30.604700
 22.030080
 10.917810
 26.236670
 27.696660
 12.588490
 29.975650
 24.069350
 31.476980
 33.458300
 36.431730
 24.751810
 25.257410
 29.762480
 14.718250
 41.804980
 37.396190
 47.555990
 11.544070
 34.823180
 14.102570
 25.819390
 46.821000
  9.337330
 18.195020
 22.195290
 10.464200
  9.215823
 16.872520
 21.227690
 62.683790
  7.179947
 27.664730
 27.385580
 23.265940
 11.018150
 21.882290
   .000000
 22.502650
 20.547200
 55.987390
 11.412040
 10.351450
 34.050610
  7.220525
 12.346170
 25.902980
 19.144690
 18.583650
 10.075260
 48.973570
 34.766690
  4.210282
 27.389690
 18.924760
 10.204780
 11.107000
 28.696210
 35.037980
 42.892510
 55.226040
 27.541110
 19.533700
 21.860910
 45.272130
  8.622105
 46.044480
 45.501740
 26.065070
 20.925270
 19.342650
 34.654080
 45.510660
 61.708330
 17.905690
 13.063550
  6.796977
 28.459300
 15.112000
 37.001230
 28.524270
 80.011620
 27.861080
 21.480360
 23.271990
 22.624310
 16.009900
 34.367000
 22.502650
   .000000
  2.306425
 34.471640
 28.885120
 20.444040
 50.666130
 26.232250
 16.886290
 32.739330
 29.959220
 38.190770
 18.758880
 27.242470
 23.130390
 18.467300
 32.048470
  8.588783
 12.758770
 30.340010
 51.097070
 30.278940
 62.888840
 62.092060
 49.576530
 10.678440
 11.848310
 42.134950
 21.853240
 68.127230
 66.708610
 25.849520
 19.909080
 21.226990
 33.068120
 43.236400
 60.981180
 16.647570
 13.041440
  7.860937
 27.034720
 13.663380
 34.760040
 28.127500
 79.050200
 25.698180
 22.313890
 23.931090
 22.841480
 14.900220
 33.611050
 20.547200
  2.306425
   .000000
 36.753870
 27.519090
 19.313510
 49.674660
 24.021310
 15.979250
 32.515770
 29.255860
 36.750600
 17.600190
 29.515740
 24.667040
 16.600540
 32.032440
  8.711839
 10.623500
 28.839980
 49.213930
 31.222860
 61.514380
 62.232620
 47.442120
 10.949520
 12.531470
 43.102920
 20.540650
 66.364270
 65.140290
 23.981320
 50.062070
 25.126700
 65.633830
 79.980580
 83.617290
 48.770530
 39.746620
 33.891970
 58.901540
 47.181480
 71.414030
 51.956180
103.306100
 62.054080
 37.396630
 39.762040
 43.188880
 46.573400
 59.476780
 55.987390
 34.471640
 36.753870
   .000000
 58.935910
 50.269440
 75.960090
 60.585230
 46.342270
 53.741150
 55.405270
 67.980380
 49.017720
  7.276606
 29.991980
 51.779160
 51.366010
 37.379830
 47.040280
 61.076390
 83.469990
 40.175970
 90.898090
 74.175590
 83.510890
 37.471290
 35.781850
 47.122960
 52.400600
 99.288070
 96.280510
 56.221150
  8.877678
 35.055230
  6.840120
 31.089260
 35.599270
 11.007390
 19.209270
 25.855530
  1.001155
 13.858570
 23.076590
 12.913190
 52.237040
 15.832250
 24.725460
 23.448070
 18.844140
 13.054050
 10.912860
 11.412040
 28.885120
 27.519090
 58.935910
   .000000
  8.812836
 23.099620
 17.220120
 12.772570
 16.685200
  9.424886
  9.365259
 10.322410
 52.457690
 32.992160
 12.680540
 18.930580
 22.241260
 19.227460
  2.552831
 25.039190
 29.769970
 34.008380
 44.349590
 28.518450
 21.626800
 23.155450
 38.096440
  7.044754
 40.376090
 38.047980
 37.461990
  1.250354
 26.909910
 15.369760
 35.426550
 42.018760
  2.868021
 10.534910
 17.045570
  8.658450
  6.178609
 26.628070
 11.650020
 59.761660
 17.329960
 17.925970
 17.317080
 13.014820
  4.434764
 14.861040
 10.351450
 20.444040
 19.313510
 50.269440
  8.812836
   .000000
 30.383320
 17.570860
  3.965402
 16.523210
 10.901570
 18.148610
  1.722443
 43.707430
 25.671370
  8.312375
 17.531910
 13.434430
 12.944650
 10.812400
 33.311670
 24.777750
 42.570100
 46.740260
 35.164110
 12.851190
 14.522950
 34.931430
  2.321713
 49.133610
 46.838800
 33.557800
 29.771330
 50.834430
 20.786280
 43.920320
 13.110170
 33.143260
 38.756970
 46.182930
 23.897570
 36.354280
 39.145630
 24.117580
 29.378580
 36.169980
 38.587330
 36.285620
 32.811450
 34.775910
 16.816040
 34.050610
 50.666130
 49.674660
 75.960090
 23.099620
 30.383320
   .000000
 38.221940
 33.779950
 22.436570
 21.212450
 16.136400
 32.104640
 70.439800
 46.485340
 35.779500
 25.131660
 42.825360
 42.276040
 22.944120
 25.349080
 38.260470
 16.184590
 30.388380
 35.610980
 41.464730
 42.063170
 40.004360
 29.457770
 29.896140
 23.458830
 59.898010
 18.764310
 40.910800
 17.442030
 19.669570
 51.278620
 16.379070
 24.665940
 27.476970
 16.218990
 15.575490
 10.859970
 28.266970
 65.764560
  2.376323
 34.631380
 34.482340
 30.442150
 17.825240
 28.104840
  7.220525
 26.232250
 24.021310
 60.585230
 17.220120
 17.570860
 38.221940
   .000000
 19.323430
 32.836120
 25.863400
 22.117290
 17.220270
 53.409020
 41.403150
 10.377570
 34.468350
 24.588690
 13.544950
 16.059890
 27.564420
 42.204410
 44.719750
 61.561130
 23.642130
 25.602100
 28.051290
 52.491740
 15.803440
 45.352450
 46.110820
 22.091080
  4.103250
 23.283710
 19.318400
 38.076610
 45.015850
  3.026722
  6.667009
 13.103880
 12.620600
  4.682726
 29.160610
 12.907310
 63.131900
 19.526070
 15.327860
 15.197310
 11.433860
  1.839153
 17.652650
 12.346170
 16.886290
 15.979250
 46.342270
 12.772570
  3.965402
 33.779950
 19.323430
   .000000
 17.692660
 13.353360
 22.089370
  2.740535
 39.751610
 22.550780
  9.096221
 18.059680
  9.504157
 11.529860
 14.763770
 37.176450
 23.042100
 46.396230
 48.070400
 38.570930
  8.894441
 10.657570
 33.908000
  6.066978
 53.096480
 50.774240
 32.685530
 15.309040
 28.654830
 21.610160
 47.710380
 30.412170
 19.063740
 19.688480
 26.841850
 17.571490
 22.089260
 39.753750
  4.882483
 49.858240
 31.911690
 16.377980
 13.979790
 11.187620
 19.418700
  7.985866
 25.902980
 32.739330
 32.515770
 53.741150
 16.685200
 16.523210
 22.436570
 32.836120
 17.692660
   .000000
  7.260551
 20.486260
 17.797620
 48.543530
 24.060990
 24.769290
  2.971806
 24.166030
 29.082640
 18.934000
 37.950220
 16.354960
 38.149460
 30.388170
 44.039220
 22.222590
 21.934900
 21.947700
 17.484900
 49.453800
 44.587350
 50.032730
  9.876465
 30.456870
 14.703460
 40.475040
 31.751090
 13.733930
 17.594290
 25.045040
 10.313710
 17.016100
 32.494580
  4.166735
 50.273940
 24.806250
 18.646380
 16.733290
 12.482790
 14.751160
  4.449903
 19.144690
 29.959220
 29.255860
 55.405270
  9.424886
 10.901570
 21.212450
 25.863400
 13.353360
  7.260551
   .000000
 14.408760
 12.488950
 49.556320
 27.022420
 18.630100
  9.608396
 21.790290
 23.845270
 11.705660
 31.931150
 21.614540
 35.495240
 36.205110
 37.176990
 20.304500
 20.852580
 28.888900
 11.191250
 45.007380
 41.081960
 44.201490
 18.094660
 43.663720
  4.684388
 29.879480
 29.234830
 20.358880
 28.386020
 35.190920
  9.731477
 23.100600
 23.739130
 18.575470
 44.121960
 20.037070
 32.541760
 30.869750
 26.389950
 22.419180
 12.581620
 18.583650
 38.190770
 36.750600
 67.980380
  9.365259
 18.148610
 16.136400
 22.117290
 22.089370
 20.486260
 14.408760
   .000000
 19.685880
 61.626280
 40.953900
 21.093720
 23.339050
 31.582560
 27.855340
  7.962819
 17.555990
 36.003000
 24.796220
 42.587970
 24.089500
 30.880590
 32.271240
 42.343990
 16.398010
 31.351760
 28.690560
 43.967510
  2.615717
 26.016330
 16.708360
 35.603870
 43.726760
  1.273486
  9.399831
 15.570760
 10.073820
  4.528598
 26.726120
 12.915970
 61.482780
 17.212990
 17.682890
 17.313130
 13.225550
  2.759832
 16.528070
 10.075260
 18.758880
 17.600190
 49.017720
 10.322410
  1.722443
 32.104640
 17.220270
  2.740535
 17.797620
 12.488950
 19.685880
   .000000
 42.380080
 25.144410
  7.408069
 18.604130
 11.951520
 11.415030
 12.170140
 34.471800
 24.984160
 44.200820
 48.116280
 35.859600
 11.547160
 13.385850
 35.471700
  3.396024
 50.516370
 48.370090
 32.235460
 43.585650
 20.029000
 59.069460
 72.751500
 78.784460
 42.053940
 33.255860
 27.025960
 52.364790
 40.298890
 64.220710
 46.326600
 98.369920
 54.920260
 32.192180
 34.645510
 37.651550
 39.857400
 53.759990
 48.973570
 27.242470
 29.515740
  7.276606
 52.457690
 43.707430
 70.439800
 53.409020
 39.751610
 48.543530
 49.556320
 61.626280
 42.380080
   .000000
 25.604360
 44.773630
 46.366680
 30.578610
 39.868080
 54.515370
 76.738240
 36.255750
 85.004170
 71.068110
 76.457300
 30.857410
 29.356300
 44.615600
 45.775080
 92.831240
 90.119420
 49.140480
 24.923080
  6.157516
 39.786470
 60.579800
 53.628350
 25.567580
 16.750220
 16.934840
 33.301860
 25.827660
 51.638550
 23.109200
 73.326000
 41.908920
  8.416618
 10.352330
 14.594360
 23.749020
 30.604700
 34.766690
 23.130390
 24.667040
 29.991980
 32.992160
 25.671370
 46.485340
 41.403150
 22.550780
 24.060990
 27.022420
 40.953900
 25.144410
 25.604360
   .000000
 31.040170
 21.513020
 18.011800
 29.916410
 35.474110
 57.955910
 10.767040
 61.975430
 45.868920
 60.816700
 16.291360
 13.789560
 20.960780
 27.988540
 72.008610
 67.989540
 48.508210
  9.559504
 30.796120
 16.942270
 29.704360
 48.206490
  6.335247
 14.327990
 17.989970
 11.898120
  5.230177
 20.753040
 19.919390
 64.843010
 10.965990
 24.308750
 24.289460
 20.462260
  7.490609
 22.030080
  4.210282
 18.467300
 16.600540
 51.779160
 12.680540
  8.312375
 35.779500
 10.377570
  9.096221
 24.769290
 18.630100
 21.093720
  7.408069
 44.773630
 31.040170
   .000000
 25.844030
 14.752980
  6.773738
 13.190950
 32.631960
 32.132490
 45.790240
 54.794770
 31.751050
 15.467760
 17.850690
 42.839760
  7.439395
 49.785580
 48.854350
 25.582030
 16.284630
 26.378620
 24.233950
 50.019840
 32.422840
 19.834810
 19.018320
 25.849770
 19.761090
 22.644910
 41.889670
  6.224955
 52.015700
 33.706260
 14.193550
 11.723500
  9.708212
 19.863880
 10.917810
 27.389690
 32.048470
 32.032440
 51.366010
 18.930580
 17.531910
 25.131660
 34.468350
 18.059680
  2.971806
  9.608396
 23.339050
 18.604130
 46.366680
 21.513020
 25.844030
   .000000
 23.468010
 29.585200
 21.288390
 40.843460
 13.412170
 40.972770
 30.284020
 46.705450
 21.393340
 20.784820
 19.291860
 18.809630
 52.417640
 47.493610
 50.707650
 13.574850
 16.409920
 28.638560
 44.231900
 53.448530
 11.505680
  4.478560
  3.619289
 22.024840
  9.847301
 35.327430
 20.042500
 72.045370
 25.585140
 13.979700
 15.372090
 14.141900
  9.320455
 26.236670
 18.924760
  8.588783
  8.711839
 37.379830
 22.241260
 13.434430
 42.825360
 24.588690
  9.504157
 24.166030
 21.790290
 31.582560
 11.951520
 30.578610
 18.011800
 14.752980
 23.468010
   .000000
 12.028340
 24.114520
 46.159930
 22.942010
 55.864190
 53.578620
 46.403170
  2.266398
  4.369960
 34.787560
 15.331850
 62.450900
 60.271870
 31.021840
 14.020910
 28.346940
 23.710870
 33.066100
 54.477690
 10.146370
 13.728140
 14.347790
 18.514680
  6.993688
 24.384450
 24.224590
 71.463860
 15.104000
 24.632860
 25.290140
 22.348950
  9.722124
 27.696660
 10.204780
 12.758770
 10.623500
 47.040280
 19.227460
 12.944650
 42.276040
 13.544950
 11.529860
 29.082640
 23.845270
 27.855340
 11.415030
 39.868080
 29.916410
  6.773738
 29.585200
 12.028340
   .000000
 19.928450
 38.865110
 33.268630
 52.563960
 59.461300
 36.824400
 13.627620
 16.126930
 44.708030
 13.064520
 56.248740
 55.554480
 21.173890
 11.061100
 37.404670
  4.557776
 28.776500
 35.746070
 12.674220
 21.331240
 27.733290
  2.206462
 15.228120
 20.970940
 15.359780
 51.728830
 14.417960
 27.236740
 25.989210
 21.385440
 14.816520
 12.588490
 11.107000
 30.340010
 28.839980
 61.076390
  2.552831
 10.812400
 22.944120
 16.059890
 14.763770
 18.934000
 11.705660
  7.962819
 12.170140
 54.515370
 35.474110
 13.190950
 21.288390
 24.114520
 19.928450
   .000000
 22.656160
 32.314460
 32.755290
 45.790580
 25.970080
 23.658060
 25.308040
 40.514860
  8.782669
 38.347140
 36.383550
 37.067560
 33.683680
 60.060810
 18.201840
 21.750010
 36.371320
 34.702690
 43.830840
 49.728000
 24.862480
 36.538250
 21.366900
 36.093870
 44.029430
 25.246030
 49.608780
 48.117570
 43.556490
 36.900570
 29.975650
 28.696210
 51.097070
 49.213930
 83.469990
 25.039190
 33.311670
 25.349080
 27.564420
 37.176450
 37.950220
 31.931150
 17.555990
 34.471800
 76.738240
 57.955910
 32.631960
 40.843460
 46.159930
 38.865110
 22.656160
   .000000
 53.543620
 21.346940
 55.643750
 11.284390
 46.006460
 47.823700
 59.634520
 31.109990
 17.793110
 19.763200
 48.246070
 23.676240
 16.838790
 36.035990
 60.006750
 43.924130
 25.867070
 19.689170
 23.494370
 30.370100
 27.429410
 51.327650
 17.458550
 63.636530
 42.102490
  8.962841
  7.986767
 11.774050
 24.735970
 24.069350
 35.037980
 30.278940
 31.222860
 40.175970
 29.769970
 24.777750
 38.260470
 42.204410
 23.042100
 16.354960
 21.614540
 36.003000
 24.984160
 36.255750
 10.767040
 32.132490
 13.412170
 22.942010
 33.268630
 32.314460
 53.543620
   .000000
 54.269260
 35.117700
 58.282790
 20.721550
 18.736420
 11.880270
 26.844450
 65.792670
 60.893120
 53.770460
 42.299780
 65.889100
 28.873240
 43.081440
 19.559040
 44.988800
 52.243380
 59.414490
 34.481700
 47.851630
 41.531270
 39.028200
 22.682980
 42.372440
 53.820710
 51.648760
 47.798500
 46.960030
 31.476980
 42.892510
 62.888840
 61.514380
 90.898090
 34.008380
 42.570100
 16.184590
 44.719750
 46.396230
 38.149460
 35.495240
 24.796220
 44.200820
 85.004170
 61.975430
 45.790240
 40.972770
 55.864190
 52.563960
 32.755290
 21.346940
 54.269260
   .000000
 42.608520
 32.519930
 54.877180
 55.906380
 56.098080
 41.035830
 15.775100
  7.925503
 66.709990
 45.566800
 51.955360
 46.222710
 72.438730
 23.443650
 49.388710
 49.191190
 55.616040
 45.350270
 52.468010
 66.057530
 35.236710
 38.335660
 60.144790
 41.851060
 39.556380
 39.467780
 49.806390
 33.458300
 55.226040
 62.092060
 62.232620
 74.175590
 44.349590
 46.740260
 30.388380
 61.561130
 48.070400
 30.388170
 36.205110
 42.587970
 48.116280
 71.068110
 45.868920
 54.794770
 30.284020
 53.578620
 59.461300
 45.790580
 55.643750
 35.117700
 42.608520
   .000000
 65.390000
 51.419990
 50.445770
 27.289870
 47.363780
 58.265790
 50.510990
 80.293100
 35.895950
 61.828120
 22.477940
 11.053180
 47.320330
 35.684300
 45.088020
 49.730830
 27.964000
 36.574030
 14.095610
 41.131610
 55.170650
 21.765680
 52.843290
 51.807600
 47.221520
 37.770470
 36.431730
 27.541110
 49.576530
 47.442120
 83.510890
 28.518450
 35.164110
 35.610980
 23.642130
 38.570930
 44.039220
 37.176990
 24.089500
 35.859600
 76.457300
 60.816700
 31.751050
 46.705450
 46.403170
 36.824400
 25.970080
 11.284390
 58.282790
 32.519930
 65.390000
   .000000
 46.800180
 48.974630
 65.976230
 32.842670
 25.809550
 29.953290
 41.204260
 12.786440
 15.334290
 28.212820
 45.146120
 51.804950
 11.340150
  2.710336
  4.750464
 21.509540
 10.318940
 36.204260
 18.266890
 70.571240
 26.420670
 11.765490
 13.109830
 11.956620
  9.156177
 24.751810
 19.533700
 10.678440
 10.949520
 37.471290
 21.626800
 12.851190
 41.464730
 25.602100
  8.894441
 22.222590
 20.304500
 30.880590
 11.547160
 30.857410
 16.291360
 15.467760
 21.393340
  2.266398
 13.627620
 23.658060
 46.006460
 20.721550
 54.877180
 51.419990
 46.800180
   .000000
  2.511420
 32.551880
 14.934550
 61.983190
 59.521260
 33.150440
 14.280260
 12.962290
 29.863080
 47.551900
 51.958940
 13.344270
  3.993108
  5.174201
 23.125700
 12.654650
 38.602880
 18.366480
 70.959180
 28.815800
  9.793990
 11.437390
 11.109790
 11.212130
 25.257410
 21.860910
 11.848310
 12.531470
 35.781850
 23.155450
 14.522950
 42.063170
 28.051290
 10.657570
 21.934900
 20.852580
 32.271240
 13.385850
 29.356300
 13.789560
 17.850690
 20.784820
  4.369960
 16.126930
 25.308040
 47.823700
 18.736420
 55.906380
 50.445770
 48.974630
  2.511420
   .000000
 30.611730
 16.717150
 63.521900
 60.795160
 35.380550
 33.728310
 27.023610
 43.517400
 69.126850
 42.041460
 36.504630
 31.357810
 35.360440
 38.874370
 38.492310
 60.785610
 25.187160
 61.113430
 52.077890
 20.824350
 19.562520
 22.496270
 35.695710
 29.762480
 45.272130
 42.134950
 43.102920
 47.122960
 38.096440
 34.931430
 40.004360
 52.491740
 33.908000
 21.947700
 28.888900
 42.343990
 35.471700
 44.615600
 20.960780
 42.839760
 19.291860
 34.787560
 44.708030
 40.514860
 59.634520
 11.880270
 56.098080
 27.289870
 65.976230
 32.551880
 30.611730
   .000000
 36.731860
 69.444960
 63.453590
 65.470350
  3.195702
 29.202680
 13.314350
 33.238100
 41.446110
  3.962753
 12.724130
 18.950690
  6.716064
  6.938869
 24.490540
 12.706880
 58.792920
 15.366330
 20.198540
 19.509800
 15.125420
  6.047062
 14.718250
  8.622105
 21.853240
 20.540650
 52.400600
  7.044754
  2.321713
 29.457770
 15.803440
  6.066978
 17.484900
 11.191250
 16.398010
  3.396024
 45.775080
 27.988540
  7.439395
 18.809630
 15.331850
 13.064520
  8.782669
 31.109990
 26.844450
 41.035830
 47.363780
 32.842670
 14.934550
 16.717150
 36.731860
   .000000
 47.124840
 45.054920
 33.013090
 49.252640
 74.990680
 33.812490
 36.773500
 35.334010
 50.965630
 59.585020
 66.067250
 40.475880
 53.207720
 38.603780
 49.032670
 34.206150
 43.025870
 63.604020
 61.740590
 57.421170
 53.135710
 41.804980
 46.044480
 68.127230
 66.364270
 99.288070
 40.376090
 49.133610
 29.896140
 45.352450
 53.096480
 49.453800
 45.007380
 31.351760
 50.516370
 92.831240
 72.008610
 49.785580
 52.417640
 62.450900
 56.248740
 38.347140
 17.793110
 65.792670
 15.775100
 58.265790
 25.809550
 61.983190
 63.521900
 69.444960
 47.124840
   .000000
  8.245243
 65.822550
 46.752270
 71.507710
 32.072250
 40.961830
 27.333700
 49.004380
 56.977760
 63.877880
 38.345940
 51.600710
 41.087270
 44.883950
 26.647870
 43.734990
 59.685280
 57.638640
 53.552800
 51.093280
 37.396190
 45.501740
 66.708610
 65.140290
 96.280510
 38.047980
 46.838800
 23.458830
 46.110820
 50.774240
 44.587350
 41.081960
 28.690560
 48.370090
 90.119420
 67.989540
 48.854350
 47.493610
 60.271870
 55.554480
 36.383550
 19.763200
 60.893120
  7.925503
 50.510990
 29.953290
 59.521260
 60.795160
 63.453590
 45.054920
  8.245243
   .000000
 67.580350
 34.744860
 45.179310
 39.289410
 32.229500
 72.806520
 30.971360
 34.114800
 31.573760
 36.525390
 28.063210
 27.342400
 45.150570
 87.842790
 24.390090
 44.869090
 45.910790
 43.381920
 30.861470
 47.555990
 26.065070
 25.849520
 23.981320
 56.221150
 37.461990
 33.557800
 59.898010
 22.091080
 32.685530
 50.032730
 44.201490
 43.967510
 32.235460
 49.140480
 48.508210
 25.582030
 50.707650
 31.021840
 21.173890
 37.067560
 48.246070
 53.770460
 66.709990
 80.293100
 41.204260
 33.150440
 35.380550
 65.470350
 33.013090
 65.822550
 67.580350
   .000000
  3.815583
  2.628580
 61.924400
 38.902300
 77.533820
 46.783050
 84.468790
 79.090260
  3.457764
  2.137847
 62.379730
 45.732160
 33.373160
 45.344540
 13.319840
  7.805305
 82.434750
117.124000
 12.000990
 16.825050
 94.901370
 70.778110
 37.254020
 19.123060
 54.539500
 29.042140
 39.728380
 53.875610
 57.376610
 52.421260
 34.693670
 40.951840
  8.760373
  7.977423
 86.136090
 59.694360
 95.587100
 94.924520
 31.780050
 22.167220
 90.189360
 76.876210
 18.265530
 13.934400
 81.534600
 73.502470
 26.059970
 20.943010
 59.015450
 33.941060
   .009853
   .013917
 93.941640
 94.280910
  9.012305
  6.460643
 62.857360
 46.408750
 60.173320
 67.345500
 63.433710
 72.273420
 61.318300
 57.930470
 62.929670
 55.502570
 20.018380
 11.197010
 62.545620
 81.666720
 51.498090
 75.442130
 38.781660
 19.609670
 23.741220
 25.503230
 72.902620
107.658900
 35.204670
 32.416880
  6.917391
  6.337201
 51.397660
 74.022900
 21.232070
 22.680290
  2.288075
  2.092346
 24.818140
 24.237460
 22.525170
 32.860030
 10.863130
 13.170440
 87.270000
 81.972540
  5.289346
  5.565408
   .832417
   .967354
