   877.636200
 50
   .000000
 13.769000
 16.110820
 18.487860
 41.823480
  2.593843
 12.953620
 56.088290
 29.477720
 19.283070
 13.610360
 41.094280
 18.601890
 45.960960
 26.892510
 37.304420
 33.432740
  7.290030
 50.623110
 10.494350
 13.370640
 13.430980
 10.308550
 17.850230
 20.624210
 21.703590
 10.365120
 17.620700
 25.894740
 37.913490
 21.994880
 13.806960
 13.862800
 35.454030
 17.412730
 43.026480
  4.341238
 46.757800
 46.979860
 50.359510
 47.905110
 58.200010
 19.848860
 10.024890
 30.621740
 12.864440
 16.330700
 14.207910
 10.641580
 10.786380
 43.590660
 13.769000
   .000000
 21.017940
  7.224776
 28.102320
 15.281660
  2.252038
 68.312290
 31.551960
 17.886020
 20.496730
 53.498850
 11.958600
 46.152960
 13.812230
 33.498600
 45.623090
 20.832900
 43.902250
  5.673785
 18.430290
 25.521010
  6.081789
 28.937840
 10.319830
 23.172930
 23.907090
  9.177589
 19.688230
 48.363500
 31.350970
 15.971040
 13.796360
 23.051400
 28.483990
 40.784800
 10.019120
 54.968520
 33.242470
 51.582120
 58.753480
 47.702130
  9.255402
 17.399270
 29.902350
 15.512030
 29.743570
 24.824490
 18.532470
 10.260300
 30.954740
 16.110820
 21.017940
   .000000
 28.164360
 43.524520
 18.394010
 18.843890
 50.147470
 45.542190
  8.568197
  3.226250
 51.203170
 14.594010
 61.932460
 27.856520
 23.812920
 28.449340
 15.656800
 38.618670
 22.189040
 29.448740
 12.827630
 22.295570
 31.807170
 31.162360
  6.640266
 16.760500
 29.231640
 17.206260
 51.031680
 11.843350
 29.458250
 28.886320
 43.549060
 12.233530
 58.458950
 14.712080
 61.333220
 50.276310
 34.259490
 60.187370
 68.672620
 30.127820
  6.137528
 46.268800
  5.531083
 26.356150
  9.548104
  5.836268
 10.759510
 51.053650
 18.487860
  7.224776
 28.164360
   .000000
 25.971560
 19.180890
  9.471487
 74.332280
 27.641100
 24.958550
 27.441540
 54.956120
 18.463780
 40.843490
 15.074960
 39.625010
 51.613270
 25.774470
 48.701030
  8.016207
 17.827510
 31.411030
  8.250468
 30.180420
  3.130603
 30.361460
 28.837960
  3.650732
 25.641000
 48.297940
 38.116920
 14.540500
 11.926610
 16.968570
 34.787230
 34.736250
 15.725870
 53.279940
 29.717720
 58.516190
 58.758850
 40.744260
  2.059681
 24.153180
 24.845210
 22.687410
 32.982540
 31.193290
 25.259130
 17.432770
 25.103090
 41.823480
 28.102320
 43.524520
 25.971560
   .000000
 43.374570
 28.944100
 93.629030
 50.941670
 35.931780
 44.660280
 80.840880
 28.935060
 60.005830
 15.819090
 39.486020
 71.481220
 48.676180
 39.738430
 32.730510
 43.785500
 52.272420
 33.093260
 56.045470
 26.196130
 41.524660
 51.694970
 29.177950
 29.616410
 74.179980
 55.344440
 40.435700
 37.812390
 17.413660
 54.253350
 51.860350
 37.815440
 78.250410
  7.576406
 61.653930
 84.628360
 37.240320
 26.097860
 42.788500
 46.351540
 38.708240
 57.814390
 50.654930
 43.879100
 34.814630
 17.418720
  2.593843
 15.281660
 18.394010
 19.180890
 43.374570
   .000000
 14.767920
 56.106690
 27.417420
 21.870330
 15.727330
 38.845620
 21.076070
 43.981620
 28.762600
 39.889550
 33.595040
  7.134238
 53.208020
 11.204530
 11.370700
 14.075160
 10.939230
 15.308490
 21.007040
 24.164710
  9.989251
 17.827650
 28.452030
 35.376440
 23.320340
 12.325300
 12.829040
 36.039820
 18.338380
 41.406060
  6.663757
 44.164670
 48.257220
 52.649100
 45.414370
 58.062610
 20.330020
 12.260820
 28.930840
 15.406610
 14.469800
 15.427850
 12.753410
 13.341080
 44.198400
 12.953620
  2.252038
 18.843890
  9.471487
 28.944100
 14.767920
   .000000
 66.595640
 33.128670
 15.668810
 18.446390
 53.414330
 10.026170
 48.013980
 13.994780
 31.581710
 43.947340
 19.740470
 42.407300
  6.743012
 19.339950
 23.962620
  7.121367
 29.087920
 12.571320
 20.922510
 22.776970
 11.347320
 17.904600
 48.778800
 29.366890
 17.177860
 15.192200
 24.990800
 26.723480
 42.824330
  8.871626
 55.841220
 34.433080
 49.389350
 59.108830
 49.837830
 11.506230
 15.472370
 31.754460
 13.323570
 29.201190
 23.050650
 16.613280
  8.087792
 32.796990
 56.088290
 68.312290
 50.147470
 74.332280
 93.629030
 56.106690
 66.595640
   .000000
 76.865430
 58.209570
 49.024020
 50.364810
 64.732280
 91.939380
 77.867740
 65.192030
 22.721540
 49.006370
 79.259910
 66.490920
 64.682950
 42.924470
 66.345080
 55.346810
 76.675400
 53.317180
 46.131440
 73.708400
 66.117630
 60.511960
 38.304930
 67.214070
 68.502310
 91.205080
 39.877630
 92.967990
 58.637320
 73.263690
100.197700
 55.204350
 62.430440
114.169300
 75.853740
 51.304340
 81.095890
 54.958370
 46.811890
 43.553160
 50.168080
 59.279830
 99.228910
 29.477720
 31.551960
 45.542190
 27.641100
 50.941670
 27.417420
 33.128670
 76.865430
   .000000
 47.011190
 43.079280
 39.082230
 43.035470
 16.623520
 42.705600
 64.388380
 56.382510
 32.923130
 75.453960
 26.482410
 16.107080
 40.106380
 26.143880
 21.518890
 25.877340
 50.670780
 34.478820
 24.012700
 50.999300
 28.191990
 50.153670
 16.506160
 18.009090
 35.328420
 44.610110
 16.132910
 31.289440
 28.012070
 52.001540
 79.693100
 37.555030
 45.201320
 26.435050
 39.498810
  6.178172
 41.605330
 30.245820
 42.327850
 40.104560
 37.675050
 41.542230
 19.283070
 17.886020
  8.568197
 24.958550
 35.931780
 21.870330
 15.668810
 58.209570
 47.011190
   .000000
 11.040000
 58.178560
  7.576377
 62.759290
 20.729510
 18.022940
 36.893140
 21.698130
 31.740390
 21.163610
 31.467130
 20.784140
 21.413610
 36.816570
 28.089090
  5.899952
 23.593620
 27.006200
  8.676912
 56.702690
 20.084890
 30.505050
 29.224000
 38.340440
 20.758470
 58.167900
 16.064000
 66.021620
 42.990170
 33.745660
 66.344010
 64.008030
 27.017960
 11.680530
 46.602560
  6.802582
 32.894130
 17.818280
 12.205850
  9.338762
 45.288670
 13.610360
 20.496730
  3.226250
 27.441540
 44.660280
 15.727330
 18.446390
 49.024020
 43.079280
 11.040000
   .000000
 48.012970
 15.978050
 59.570110
 28.862750
 27.016960
 26.861260
 12.479680
 41.758000
 20.846600
 26.974710
  9.820607
 20.898700
 28.683890
 30.325940
  9.863315
 13.535250
 28.120540
 19.701630
 47.821720
 11.008190
 27.260150
 26.914260
 43.418850
  9.935381
 56.423930
 12.914840
 58.202640
 51.175510
 37.010750
 56.961180
 68.160770
 29.325560
  3.691695
 44.113120
  5.952761
 23.130060
  6.785129
  2.976617
 10.519100
 51.124870
 41.094280
 53.498850
 51.203170
 54.956120
 80.840880
 38.845620
 53.414330
 50.364810
 39.082230
 58.178560
 48.012970
   .000000
 59.487480
 48.965660
 67.292290
 75.012910
 39.153080
 36.544120
 89.717770
 48.288450
 37.423320
 38.642890
 47.904080
 24.795490
 55.317510
 57.819360
 34.628790
 52.051560
 66.128470
 12.348170
 46.231400
 40.920810
 43.478910
 69.417560
 41.159160
 53.505250
 45.424570
 23.592900
 84.489260
 80.228310
 12.272180
 84.098530
 55.153630
 46.509920
 45.122020
 51.436400
 25.339980
 42.185840
 46.093840
 51.466010
 77.030620
 18.601890
 11.958600
 14.594010
 18.463780
 28.935060
 21.076070
 10.026170
 64.732280
 43.035470
  7.576377
 15.978050
 59.487480
   .000000
 58.039770
 13.367650
 21.559570
 42.812130
 23.331290
 32.853840
 16.553270
 28.524640
 24.685790
 16.892920
 36.363530
 21.553410
 13.476320
 25.882480
 21.046010
  7.990918
 56.421300
 26.429000
 26.807640
 25.032510
 30.829510
 25.846540
 52.736270
 14.443060
 64.557080
 35.772700
 40.158710
 66.490260
 56.547940
 20.498260
 14.842910
 41.780270
 10.103160
 34.278590
 22.422670
 15.795170
  8.034323
 37.713340
 45.960960
 46.152960
 61.932460
 40.843490
 60.005830
 43.981620
 48.013980
 91.939380
 16.623520
 62.759290
 59.570110
 48.965660
 58.039770
   .000000
 55.254200
 79.593860
 72.313190
 49.535920
 89.541680
 41.710640
 32.622300
 56.695190
 41.424560
 37.053920
 38.344470
 66.792140
 51.017210
 37.515540
 65.840610
 36.705700
 66.770430
 32.541740
 33.548520
 42.778110
 61.199020
  8.848058
 47.449580
 30.120030
 59.078250
 95.917990
 43.359800
 42.612400
 39.176650
 55.952230
 16.259520
 57.747300
 46.053300
 58.950860
 56.602510
 53.498390
 46.629540
 26.892510
 13.812230
 27.856520
 15.074960
 15.819090
 28.762600
 13.994780
 77.867740
 42.705600
 20.729510
 28.862750
 67.292290
 13.367650
 55.254200
   .000000
 29.008070
 55.664710
 33.378310
 35.028100
 19.271830
 31.730580
 36.538120
 19.676480
 42.746410
 17.039140
 26.547720
 36.324180
 18.720950
 16.186530
 62.033660
 39.625740
 28.835960
 26.350780
 19.626040
 38.435500
 48.411080
 22.673380
 67.992090
 22.423460
 50.337010
 72.456790
 45.153850
 16.342020
 26.981350
 39.611030
 22.915270
 43.186690
 34.842960
 28.066520
 19.034670
 25.353030
 37.304420
 33.498600
 23.812920
 39.625010
 39.486020
 39.889550
 31.581710
 65.192030
 64.388380
 18.022940
 27.016960
 75.012910
 21.559570
 79.593860
 29.008070
   .000000
 47.314890
 39.097760
 15.224600
 37.984180
 49.248210
 36.478840
 38.300060
 54.713830
 42.600870
 17.195690
 40.521560
 42.482200
 13.986950
 74.443790
 31.436050
 47.968240
 46.396110
 48.628800
 34.810570
 74.216700
 33.994920
 84.022320
 47.049020
 22.169360
 83.854050
 73.965440
 41.586580
 28.965860
 63.334680
 24.616060
 50.085320
 33.007510
 29.165470
 27.096170
 53.787890
 33.432740
 45.623090
 28.449340
 51.613270
 71.481220
 33.595040
 43.947340
 22.721540
 56.382510
 36.893140
 26.861260
 39.153080
 42.812130
 72.313190
 55.664710
 47.314890
   .000000
 26.462650
 62.349770
 43.791920
 42.866610
 20.203410
 43.653870
 35.271970
 53.979640
 32.752060
 23.706120
 51.048050
 45.287980
 45.881810
 16.890970
 45.119400
 46.204460
 68.484870
 17.306700
 72.220660
 35.915890
 58.736930
 77.838070
 44.336650
 51.147740
 91.604780
 53.147740
 28.809050
 59.970990
 32.806700
 26.260140
 20.970470
 27.687770
 36.822730
 76.516530
  7.290030
 20.832900
 15.656800
 25.774470
 48.676180
  7.134238
 19.740470
 49.006370
 32.923130
 21.698130
 12.479680
 36.544120
 23.331290
 49.535920
 33.378310
 39.097760
 26.462650
   .000000
 53.398000
 17.770810
 17.475310
  7.281381
 17.570590
 16.259950
 27.850900
 22.194270
  3.086943
 24.771050
 29.600730
 35.413550
 17.236520
 19.094810
 19.873940
 42.737290
 11.749290
 47.700650
 10.875460
 45.746800
 54.071090
 48.983130
 44.767350
 65.170750
 27.102480
 10.145830
 35.195000
 14.916240
 11.211940
  9.493940
  9.962434
 15.346530
 50.877510
 50.623110
 43.902250
 38.618670
 48.701030
 39.738430
 53.208020
 42.407300
 79.259910
 75.453960
 31.740390
 41.758000
 89.717770
 32.853840
 89.541680
 35.028100
 15.224600
 62.349770
 53.398000
   .000000
 49.140670
 61.376420
 51.415450
 49.509120
 68.406600
 51.303600
 32.119070
 55.097470
 52.054470
 24.947290
 88.387600
 46.655350
 59.541730
 57.596820
 53.258820
 49.966030
 83.196500
 46.849260
 97.239410
 46.672400
 29.183150
 98.083780
 76.757650
 50.417860
 43.282220
 73.451770
 38.542370
 64.551050
 48.005250
 43.636460
 39.917270
 56.470770
 10.494350
  5.673785
 22.189040
  8.016207
 32.730510
 11.204530
  6.743012
 66.490920
 26.482410
 21.163610
 20.846600
 48.288450
 16.553270
 41.710640
 19.271830
 37.984180
 43.791920
 17.770810
 49.140670
   .000000
 12.761160
 23.627060
   .409244
 23.574990
 10.188120
 25.739170
 20.827620
  7.425227
 24.520600
 42.776090
 31.022200
 10.438820
  8.487331
 24.967380
 27.228810
 37.031330
  8.215340
 49.303380
 37.211300
 54.769750
 53.189400
 48.057510
  9.370094
 17.293190
 25.489670
 17.073890
 25.291250
 23.725960
 18.322100
 12.167110
 33.111910
 13.370640
 18.430290
 29.448740
 17.827510
 43.785500
 11.370700
 19.339950
 64.682950
 16.107080
 31.467130
 26.974710
 37.423320
 28.524640
 32.622300
 31.730580
 49.248210
 42.866610
 17.475310
 61.376420
 12.761160
   .000000
 24.756480
 12.355450
 12.995570
 17.906850
 34.735660
 19.561110
 14.687420
 36.477680
 30.509040
 34.496380
  3.514961
  6.058737
 32.207690
 29.207170
 30.235330
 15.458840
 36.543010
 47.083190
 63.647880
 40.971150
 50.614890
 17.797300
 23.392560
 17.727690
 25.694010
 18.585840
 26.601910
 24.001160
 22.180400
 40.066990
 13.430980
 25.521010
 12.827630
 31.411030
 52.272420
 14.075160
 23.962620
 42.924470
 40.106380
 20.784140
  9.820607
 38.642890
 24.685790
 56.695190
 36.538120
 36.478840
 20.203410
  7.281381
 51.415450
 23.627060
 24.756480
   .000000
 23.505560
 22.043680
 33.812230
 19.311270
  5.885756
 30.947930
 29.382680
 39.661440
 10.238870
 26.291020
 26.902500
 48.288430
  4.504045
 54.981000
 15.716720
 50.921570
 58.245620
 43.445500
 48.221150
 71.593280
 32.963870
  9.842888
 42.475910
 14.782580
 14.691170
  3.561433
  8.928946
 17.519910
 56.337200
 10.308550
  6.081789
 22.295570
  8.250468
 33.093260
 10.939230
  7.121367
 66.345080
 26.143880
 21.413610
 20.898700
 47.904080
 16.892920
 41.424560
 19.676480
 38.300060
 43.653870
 17.570590
 49.509120
   .409244
 12.355450
 23.505560
   .000000
 23.183040
 10.331250
 25.934210
 20.618910
  7.484196
 24.866520
 42.369140
 31.005500
 10.056600
  8.140128
 25.178270
 27.149250
 36.806520
  8.189483
 48.898110
 37.535580
 54.988040
 52.783460
 48.141420
  9.540367
 17.324670
 25.214550
 17.223310
 24.967870
 23.664520
 18.341890
 12.366150
 33.328080
 17.850230
 28.937840
 31.807170
 30.180420
 56.045470
 15.308490
 29.087920
 55.346810
 21.518890
 36.816570
 28.683890
 24.795490
 36.363530
 37.053920
 42.746410
 54.713830
 35.271970
 16.259950
 68.406600
 23.574990
 12.995570
 22.043680
 23.183040
   .000000
 30.687730
 38.210040
 16.216490
 27.375000
 43.744490
 20.067950
 32.170660
 16.499600
 18.947090
 45.197210
 26.274620
 37.633380
 21.921180
 29.526270
 59.800790
 65.152360
 30.168590
 62.728970
 30.458610
 25.954950
 26.047510
 30.104450
  9.038111
 25.172170
 26.000480
 28.636400
 53.059530
 20.624210
 10.319830
 31.162360
  3.130603
 26.196130
 21.007040
 12.571320
 76.675400
 25.877340
 28.089090
 30.325940
 55.317510
 21.553410
 38.344470
 17.039140
 42.600870
 53.979640
 27.850900
 51.303600
 10.188120
 17.906850
 33.812230
 10.331250
 30.687730
   .000000
 33.479800
 30.872020
  3.364350
 28.614470
 48.040270
 40.886300
 14.440930
 11.848660
 15.104650
 37.348920
 31.950460
 18.261030
 52.286350
 29.176710
 61.635750
 58.472230
 37.988930
  1.071226
 26.960910
 22.572800
 25.712810
 34.281200
 33.799590
 28.049700
 20.465040
 23.253170
 21.703590
 23.172930
  6.640266
 30.361460
 41.524660
 24.164710
 20.922510
 53.317180
 50.670780
  5.899952
  9.863315
 57.819360
 13.476320
 66.792140
 26.547720
 17.195690
 32.752060
 22.194270
 32.119070
 25.739170
 34.735660
 19.311270
 25.934210
 38.210040
 33.479800
   .000000
 23.398340
 32.117880
 12.800820
 57.604530
 15.901210
 34.271780
 33.319160
 44.203800
 18.038800
 62.699970
 19.384530
 67.719380
 48.688840
 29.148210
 66.816800
 69.833150
 32.410910
 12.262910
 50.818110
  9.065688
 32.991050
 15.886380
 12.246300
 13.572200
 51.187870
 10.365120
 23.907090
 16.760500
 28.837960
 51.694970
  9.989251
 22.776970
 46.131440
 34.478820
 23.593620
 13.535250
 34.628790
 25.882480
 51.017210
 36.324180
 40.521560
 23.706120
  3.086943
 55.097470
 20.827620
 19.561110
  5.885756
 20.618910
 16.216490
 30.872020
 23.398340
   .000000
 27.758710
 31.780340
 34.449200
 16.118330
 21.509880
 22.500750
 45.794510
 10.301980
 49.633600
 13.927200
 45.341710
 57.139300
 49.041020
 43.436150
 68.041840
 30.139470
 11.913610
 37.161090
 16.932130
  9.599561
  8.974107
 11.465130
 17.997800
 53.939160
 17.620700
  9.177589
 29.231640
  3.650732
 29.177950
 17.827650
 11.347320
 73.708400
 24.012700
 27.006200
 28.120540
 52.051560
 21.046010
 37.515540
 18.720950
 42.482200
 51.048050
 24.771050
 52.054470
  7.425227
 14.687420
 30.947930
  7.484196
 27.375000
  3.364350
 32.117880
 27.758710
   .000000
 28.549020
 45.002330
 38.432760
 11.273770
  8.654777
 18.425510
 34.632640
 31.734940
 15.638900
 49.701160
 32.441200
 60.736360
 55.452830
 40.663940
  3.109894
 24.631920
 21.402360
 23.907240
 30.932220
 31.146230
 25.684240
 18.740440
 26.558870
 25.894740
 19.688230
 17.206260
 25.641000
 29.616410
 28.452030
 17.904600
 66.117630
 50.999300
  8.676912
 19.701630
 66.128470
  7.990918
 65.840610
 16.186530
 13.986950
 45.287980
 29.600730
 24.947290
 24.520600
 36.477680
 29.382680
 24.866520
 43.744490
 28.614470
 12.800820
 31.780340
 28.549020
   .000000
 63.802960
 28.402010
 34.798550
 33.006230
 35.581100
 29.425380
 60.277990
 21.969940
 72.322790
 37.039240
 34.270130
 73.717510
 61.269010
 27.599640
 19.958870
 49.590420
 14.871770
 40.789300
 26.485520
 20.630440
 15.111160
 41.534280
 37.913490
 48.363500
 51.031680
 48.297940
 74.179980
 35.376440
 48.778800
 60.511960
 28.191990
 56.702690
 47.821720
 12.348170
 56.421300
 36.705700
 62.033660
 74.443790
 45.881810
 35.413550
 88.387600
 42.776090
 30.509040
 39.661440
 42.369140
 20.067950
 48.040270
 57.604530
 34.449200
 45.002330
 63.802960
   .000000
 48.872230
 33.763960
 36.385260
 61.059040
 43.177180
 41.660950
 41.978640
 12.951130
 76.951690
 82.977700
 10.462570
 73.377490
 48.085030
 45.492420
 34.363170
 49.930340
 24.983200
 43.151620
 45.374710
 48.699540
 68.230090
 21.994880
 31.350970
 11.843350
 38.116920
 55.344440
 23.320340
 29.366890
 38.304930
 50.153670
 20.084890
 11.008190
 46.231400
 26.429000
 66.770430
 39.625740
 31.436050
 16.890970
 17.236520
 46.655350
 31.022200
 34.496380
 10.238870
 31.005500
 32.170660
 40.886300
 15.901210
 16.118330
 38.432760
 28.402010
 48.872230
   .000000
 35.630700
 35.857150
 54.357690
  5.900064
 64.694230
 22.816110
 60.602620
 62.019740
 34.216390
 56.747840
 78.853550
 39.923320
 13.974300
 52.196920
 16.803430
 24.261010
  7.901090
 12.859220
 21.521990
 62.111630
 13.806960
 15.971040
 29.458250
 14.540500
 40.435700
 12.325300
 17.177860
 67.214070
 16.506160
 30.505050
 27.260150
 40.920810
 26.807640
 32.541740
 28.835960
 47.968240
 45.119400
 19.094810
 59.541730
 10.438820
  3.514961
 26.291020
 10.056600
 16.499600
 14.440930
 34.271780
 21.509880
 11.273770
 34.798550
 33.763960
 35.630700
   .000000
  2.623348
 28.698220
 30.632420
 29.220780
 14.908410
 39.181070
 43.608070
 63.379620
 44.222830
 47.566100
 14.377990
 23.588840
 16.853150
 25.215180
 21.660570
 27.747260
 24.332840
 21.169130
 36.576930
 13.862800
 13.796360
 28.886320
 11.926610
 37.812390
 12.829040
 15.192200
 68.502310
 18.009090
 29.224000
 26.914260
 43.478910
 25.032510
 33.548520
 26.350780
 46.396110
 46.204460
 19.873940
 57.596820
  8.487331
  6.058737
 26.902500
  8.140128
 18.947090
 11.848660
 33.319160
 22.500750
  8.654777
 33.006230
 36.385260
 35.857150
  2.623348
   .000000
 26.285470
 31.119250
 29.572690
 14.178890
 41.641330
 41.024570
 62.467370
 46.843300
 45.907650
 11.761470
 23.222570
 17.499880
 24.329660
 23.579210
 28.044260
 24.056940
 19.949990
 34.234440
 35.454030
 23.051400
 43.549060
 16.968570
 17.413660
 36.039820
 24.990800
 91.205080
 35.328420
 38.340440
 43.418850
 69.417560
 30.829510
 42.778110
 19.626040
 48.628800
 68.484870
 42.737290
 53.258820
 24.967380
 32.207690
 48.288430
 25.178270
 45.197210
 15.104650
 44.203800
 45.794510
 18.425510
 35.581100
 61.059040
 54.357690
 28.698220
 26.285470
   .000000
 51.482920
 34.496030
 32.571710
 63.266640
 16.744890
 69.846900
 71.294180
 25.772580
 15.713930
 40.439250
 30.087070
 38.037820
 49.346080
 47.839730
 41.575820
 32.945600
  8.159023
 17.412730
 28.483990
 12.233530
 34.787230
 54.253350
 18.338380
 26.723480
 39.877630
 44.610110
 20.758470
  9.935381
 41.159160
 25.846540
 61.199020
 38.435500
 34.810570
 17.306700
 11.749290
 49.966030
 27.228810
 29.207170
  4.504045
 27.149250
 26.274620
 37.348920
 18.038800
 10.301980
 34.632640
 29.425380
 43.177180
  5.900064
 30.632420
 31.119250
 51.482920
   .000000
 59.441020
 19.090950
 54.773220
 60.540010
 39.804730
 51.312950
 75.286320
 36.450790
 11.506380
 46.933730
 15.746350
 18.420050
  3.675721
 10.391760
 19.521880
 59.437080
 43.026480
 40.784800
 58.458950
 34.736250
 51.860350
 41.406060
 42.824330
 92.967990
 16.132910
 58.167900
 56.423930
 53.505250
 52.736270
  8.848058
 48.411080
 74.216700
 72.220660
 47.700650
 83.196500
 37.031330
 30.235330
 54.981000
 36.806520
 37.633380
 31.950460
 62.699970
 49.633600
 31.734940
 60.277990
 41.660950
 64.694230
 29.220780
 29.572690
 34.496030
 59.441020
   .000000
 43.750460
 37.154660
 50.539940
 91.793210
 49.526360
 34.233580
 32.887000
 52.737430
 12.507650
 53.813580
 46.251770
 56.793210
 53.522050
 49.158940
 37.920750
  4.341238
 10.019120
 14.712080
 15.725870
 37.815440
  6.663757
  8.871626
 58.637320
 31.289440
 16.064000
 12.914840
 45.424570
 14.443060
 47.449580
 22.673380
 33.994920
 35.915890
 10.875460
 46.849260
  8.215340
 15.458840
 15.716720
  8.189483
 21.921180
 18.261030
 19.384530
 13.927200
 15.638900
 21.969940
 41.978640
 22.816110
 14.908410
 14.178890
 32.571710
 19.090950
 43.750460
   .000000
 50.392860
 43.218430
 48.471710
 52.061950
 56.227100
 17.360060
  9.259594
 31.614080
 10.319330
 20.641570
 15.542340
 10.222890
  6.961460
 40.627800
 46.757800
 54.968520
 61.333220
 53.279940
 78.250410
 44.164670
 55.841220
 73.263690
 28.012070
 66.021620
 58.202640
 23.592900
 64.557080
 30.120030
 67.992090
 84.022320
 58.736930
 45.746800
 97.239410
 49.303380
 36.543010
 50.921570
 48.898110
 29.526270
 52.286350
 67.719380
 45.341710
 49.701160
 72.322790
 12.951130
 60.602620
 39.181070
 41.641330
 63.266640
 54.773220
 37.154660
 50.392860
   .000000
 79.851750
 94.355930
 14.099440
 70.998630
 52.587760
 55.457180
 33.763010
 59.428220
 36.353180
 54.278960
 55.525190
 57.339340
 69.540310
 46.979860
 33.242470
 50.276310
 29.717720
  7.576406
 48.257220
 34.433080
100.197700
 52.001540
 42.990170
 51.175510
 84.489260
 35.772700
 59.078250
 22.423460
 47.049020
 77.838070
 54.071090
 46.672400
 37.211300
 47.083190
 58.245620
 37.535580
 59.800790
 29.176710
 48.688840
 57.139300
 32.441200
 37.039240
 76.951690
 62.019740
 43.608070
 41.024570
 16.744890
 60.540010
 50.539940
 43.218430
 79.851750
   .000000
 69.218260
 87.312140
 31.298270
 29.345760
 49.033650
 46.831180
 45.253400
 62.502380
 56.894630
 50.151170
 41.018130
 13.222560
 50.359510
 51.582120
 34.259490
 58.516190
 61.653930
 52.649100
 49.389350
 55.204350
 79.693100
 33.745660
 37.010750
 80.228310
 40.158710
 95.917990
 50.337010
 22.169360
 44.336650
 48.983130
 29.183150
 54.769750
 63.647880
 43.445500
 54.988040
 65.152360
 61.635750
 29.148210
 49.041020
 60.736360
 34.270130
 82.977700
 34.216390
 63.379620
 62.467370
 69.846900
 39.804730
 91.793210
 48.471710
 94.355930
 69.218260
   .000000
 90.957080
 95.489850
 60.570100
 40.388320
 79.966080
 38.172080
 58.102970
 40.081480
 39.949790
 42.636890
 75.541060
 47.905110
 58.753480
 60.187370
 58.758850
 84.628360
 45.414370
 59.108830
 62.430440
 37.555030
 66.344010
 56.961180
 12.272180
 66.490260
 43.359800
 72.456790
 83.854050
 51.147740
 44.767350
 98.083780
 53.189400
 40.971150
 48.221150
 52.783460
 30.168590
 58.472230
 66.816800
 43.436150
 55.452830
 73.717510
 10.462570
 56.747840
 44.222830
 46.843300
 71.294180
 51.312950
 49.526360
 52.061950
 14.099440
 87.312140
 90.957080
   .000000
 82.400670
 58.531000
 54.912530
 43.711190
 59.543300
 33.836660
 51.774120
 54.689270
 58.662190
 78.322620
 58.200010
 47.702130
 68.672620
 40.744260
 37.240320
 58.062610
 49.837830
114.169300
 45.201320
 64.008030
 68.160770
 84.098530
 56.547940
 42.612400
 45.153850
 73.965440
 91.604780
 65.170750
 76.757650
 48.057510
 50.614890
 71.593280
 48.141420
 62.728970
 37.988930
 69.833150
 68.041840
 40.663940
 61.269010
 73.377490
 78.853550
 47.566100
 45.907650
 25.772580
 75.286320
 34.233580
 56.227100
 70.998630
 31.298270
 95.489850
 82.400670
   .000000
 38.935110
 64.896690
 39.055540
 63.143570
 69.185970
 71.768690
 65.999740
 57.924880
 20.375680
 19.848860
  9.255402
 30.127820
  2.059681
 26.097860
 20.330020
 11.506230
 75.853740
 26.435050
 27.017960
 29.325560
 55.153630
 20.498260
 39.176650
 16.342020
 41.586580
 53.147740
 27.102480
 50.417860
  9.370094
 17.797300
 32.963870
  9.540367
 30.458610
  1.071226
 32.410910
 30.139470
  3.109894
 27.599640
 48.085030
 39.923320
 14.377990
 11.761470
 15.713930
 36.450790
 32.887000
 17.360060
 52.587760
 29.345760
 60.570100
 58.531000
 38.935110
   .000000
 25.983070
 23.313450
 24.669630
 33.791210
 32.886340
 27.077440
 19.419150
 23.872870
 10.024890
 17.399270
  6.137528
 24.153180
 42.788500
 12.260820
 15.472370
 51.304340
 39.498810
 11.680530
  3.691695
 46.509920
 14.842910
 55.952230
 26.981350
 28.965860
 28.809050
 10.145830
 43.282220
 17.293190
 23.392560
  9.842888
 17.324670
 25.954950
 26.960910
 12.262910
 11.913610
 24.631920
 19.958870
 45.492420
 13.974300
 23.588840
 23.222570
 40.439250
 11.506380
 52.737430
  9.259594
 55.457180
 49.033650
 40.388320
 54.912530
 64.896690
 25.983070
   .000000
 40.439810
  5.096174
 21.269560
  7.871339
  1.143205
  8.015532
 48.268580
 30.621740
 29.902350
 46.268800
 24.845210
 46.351540
 28.930840
 31.754460
 81.095890
  6.178172
 46.602560
 44.113120
 45.122020
 41.780270
 16.259520
 39.611030
 63.334680
 59.970990
 35.195000
 73.451770
 25.489670
 17.727690
 42.475910
 25.214550
 26.047510
 22.572800
 50.818110
 37.161090
 21.402360
 49.590420
 34.363170
 52.196920
 16.853150
 17.499880
 30.087070
 46.933730
 12.507650
 31.614080
 33.763010
 46.831180
 79.966080
 43.711190
 39.055540
 23.313450
 40.439810
   .000000
 41.825410
 34.284010
 44.296600
 41.184840
 37.399990
 35.855990
 12.864440
 15.512030
  5.531083
 22.687410
 38.708240
 15.406610
 13.323570
 54.958370
 41.605330
  6.802582
  5.952761
 51.436400
 10.103160
 57.747300
 22.915270
 24.616060
 32.806700
 14.916240
 38.542370
 17.073890
 25.694010
 14.782580
 17.223310
 30.104450
 25.712810
  9.065688
 16.932130
 23.907240
 14.871770
 49.930340
 16.803430
 25.215180
 24.329660
 38.037820
 15.746350
 53.813580
 10.319330
 59.428220
 45.253400
 38.172080
 59.543300
 63.143570
 24.669630
  5.096174
 41.825410
   .000000
 26.123990
 12.331840
  5.864225
  5.255374
 45.589510
 16.330700
 29.743570
 26.356150
 32.982540
 57.814390
 14.469800
 29.201190
 46.811890
 30.245820
 32.894130
 23.130060
 25.339980
 34.278590
 46.053300
 43.186690
 50.085320
 26.260140
 11.211940
 64.551050
 25.291250
 18.585840
 14.691170
 24.967870
  9.038111
 34.281200
 32.991050
  9.599561
 30.932220
 40.789300
 24.983200
 24.261010
 21.660570
 23.579210
 49.346080
 18.420050
 46.251770
 20.641570
 36.353180
 62.502380
 58.102970
 33.836660
 69.185970
 33.791210
 21.269560
 34.284010
 26.123990
   .000000
 18.168590
 20.946250
 26.244370
 57.451810
 14.207910
 24.824490
  9.548104
 31.193290
 50.654930
 15.427850
 23.050650
 43.553160
 42.327850
 17.818280
  6.785129
 42.185840
 22.422670
 58.950860
 34.842960
 33.007510
 20.970470
  9.493940
 48.005250
 23.725960
 26.601910
  3.561433
 23.664520
 25.172170
 33.799590
 15.886380
  8.974107
 31.146230
 26.485520
 43.151620
  7.901090
 27.747260
 28.044260
 47.839730
  3.675721
 56.793210
 15.542340
 54.278960
 56.894630
 40.081480
 51.774120
 71.768690
 32.886340
  7.871339
 44.296600
 12.331840
 18.168590
   .000000
  6.776447
 15.881180
 55.779200
 10.641580
 18.532470
  5.836268
 25.259130
 43.879100
 12.753410
 16.613280
 50.168080
 40.104560
 12.205850
  2.976617
 46.093840
 15.795170
 56.602510
 28.066520
 29.165470
 27.687770
  9.962434
 43.636460
 18.322100
 24.001160
  8.928946
 18.341890
 26.000480
 28.049700
 12.246300
 11.465130
 25.684240
 20.630440
 45.374710
 12.859220
 24.332840
 24.056940
 41.575820
 10.391760
 53.522050
 10.222890
 55.525190
 50.151170
 39.949790
 54.689270
 65.999740
 27.077440
  1.143205
 41.184840
  5.864225
 20.946250
  6.776447
   .000000
  9.135341
 49.409950
 10.786380
 10.260300
 10.759510
 17.432770
 34.814630
 13.341080
  8.087792
 59.279830
 37.675050
  9.338762
 10.519100
 51.466010
  8.034323
 53.498390
 19.034670
 27.096170
 36.822730
 15.346530
 39.917270
 12.167110
 22.180400
 17.519910
 12.366150
 28.636400
 20.465040
 13.572200
 17.997800
 18.740440
 15.111160
 48.699540
 21.521990
 21.169130
 19.949990
 32.945600
 19.521880
 49.158940
  6.961460
 57.339340
 41.018130
 42.636890
 58.662190
 57.924880
 19.419150
  8.015532
 37.399990
  5.255374
 26.244370
 15.881180
  9.135341
   .000000
 40.609720
 43.590660
 30.954740
 51.053650
 25.103090
 17.418720
 44.198400
 32.796990
 99.228910
 41.542230
 45.288670
 51.124870
 77.030620
 37.713340
 46.629540
 25.353030
 53.787890
 76.516530
 50.877510
 56.470770
 33.111910
 40.066990
 56.337200
 33.328080
 53.059530
 23.253170
 51.187870
 53.939160
 26.558870
 41.534280
 68.230090
 62.111630
 36.576930
 34.234440
  8.159023
 59.437080
 37.920750
 40.627800
 69.540310
 13.222560
 75.541060
 78.322620
 20.375680
 23.872870
 48.268580
 35.855990
 45.589510
 57.451810
 55.779200
 49.409950
 40.609720
   .000000
 65.185980
 37.675850
 49.690800
 64.987340
 63.714220
 68.859970
  3.237188
  2.604807
 59.165760
 50.540370
 59.641930
 80.479100
 14.921160
 14.047690
 35.040040
 32.679210
 79.130550
108.085700
 85.346790
 53.529470
 62.549170
 66.287930
 12.054420
 16.733040
 84.335100
 86.633670
 19.411780
 10.657750
 32.990210
 34.089000
 50.258270
 62.131870
 88.865770
 85.290870
 27.471690
 21.451260
 70.559900
 79.357330
 42.534850
 54.400790
 22.864960
 31.129150
 15.614130
 16.752050
 77.864000
 92.682140
 19.826370
 10.250920
 33.502450
 33.212570
 25.846450
 24.783710
 24.396240
 26.759400
  8.557705
  6.388712
 66.912360
 40.445080
 92.776520
122.637900
 59.112310
 59.257110
 71.785900
 81.704560
 71.707270
 73.799390
 78.542980
 45.921910
 66.111620
 46.063430
 49.014890
 51.885110
 20.360860
 23.542420
 82.798820
 67.766270
 33.578020
 22.676960
 16.193280
 20.809720
 40.546990
 24.945560
 28.504460
 17.423230
 41.986060
 38.248520
 91.638070
127.292300
 90.620140
 84.206080
 94.060570
113.807800
 94.211330
 82.047490
 59.506200
 73.279750
 62.309140
 70.233500
 86.052610
104.401600
