StringID Type x y release ReadyTime DueDate ServiceTime weight volume Item_Conflitante1 Item_Conflitante2 Item_Conflitante3 Item_Conflitante4 Item_Conflitante5 Item_Conflitante6 Item_Conflitante7 Item_Conflitante8 Item_Conflitante9 Item_Conflitante10 Item_Conflitante11 Item_Conflitante12 Item_Conflitante13 Item_Conflitante14 Item_Conflitante15 Item_Conflitante16 Item_Conflitante17 Item_Conflitante18 Item_Conflitante19 Item_Conflitante20 Item_Conflitante21 Item_Conflitante22 Item_Conflitante23 Item_Conflitante24 Item_Conflitante25 Item_Conflitante26 Item_Conflitante27 Item_Conflitante28 Item_Conflitante29 Item_Conflitante30 Item_Conflitante31 Item_Conflitante32 Item_Conflitante33 Item_Conflitante34 Item_Conflitante35 Item_Conflitante36 Item_Conflitante37 Item_Conflitante38 Item_Conflitante39 Item_Conflitante40 Item_Conflitante41 Item_Conflitante42 Item_Conflitante43 Item_Conflitante44 Item_Conflitante45 Item_Conflitante46 Item_Conflitante47 Item_Conflitante48 Item_Conflitante49 Item_Conflitante50 Item_Conflitante51 Item_Conflitante52 Item_Conflitante53 Item_Conflitante54 Item_Conflitante55 Item_Conflitante56 Item_Conflitante57 Item_Conflitante58 Item_Conflitante59 Item_Conflitante60 Item_Conflitante61 Item_Conflitante62 Item_Conflitante63 Item_Conflitante64 Item_Conflitante65 Item_Conflitante66 Item_Conflitante67 Item_Conflitante68 Item_Conflitante69 Item_Conflitante70 Item_Conflitante71 Item_Conflitante72 Peso_Total Volume_Total
0 d 35 35 0 0 230 0 0 0                                                                         200 200
1 c 64 42 0 53 83 10 9 5 3 4 5 7 8 9 10 11 12 13 15 16 19 20 21 23 25 27 28 31 32 33 34 35 36 37 38 39 40 42 43 44 45 46 47 48 49 51 53 54 55 58 59 60 61 62 64 65 66 67 68 71 72 73 74 76 80 81 82 83 85 86 87 88 89 91 92 93 97 98 99 100
2 c 40 60 0 61 91 10 21 11 3 4 5 6 8 9 10 11 12 13 14 17 18 20 21 22 23 24 25 28 30 31 32 33 35 36 37 39 40 41 47 49 50 51 52 53 54 55 56 58 59 60 61 63 64 65 66 67 68 69 70 71 73 74 77 79 81 83 85 87 88 89 90 91 92 93 94 95 96 97 99
3 c 55 54 0 84 114 10 26 17 4 5 6 7 8 9 10 11 12 13 14 15 16 18 19 20 23 25 26 27 29 32 35 37 40 41 43 44 46 50 52 54 55 56 57 59 60 61 62 63 67 68 69 71 73 74 75 78 79 80 82 83 84 85 86 87 88 89 90 91 92 93 95 97 99 100
4 c 53 52 0 27 57 10 11 14 9 11 12 13 14 15 16 18 19 20 21 22 23 24 25 26 27 28 29 30 31 32 33 36 37 38 39 41 42 44 45 47 49 50 51 55 56 58 60 64 65 66 67 68 69 70 71 72 73 74 75 76 77 78 80 81 83 84 85 86 87 88 89 91 94 95 96 98 99 100
5 c 57 68 0 67 97 10 15 5 7 8 9 11 12 13 14 16 17 20 24 26 28 29 30 31 32 34 35 36 37 40 43 44 47 49 50 51 52 55 56 57 58 60 62 64 65 66 69 70 72 73 74 75 76 77 78 80 81 84 85 86 88 89 90 92 94 95 96 97 99
6 c 57 48 0 82 112 10 23 15 8 10 11 12 13 14 16 18 19 20 23 25 27 29 30 31 33 35 36 38 39 40 41 44 45 46 47 48 49 51 52 53 55 56 58 60 62 66 67 72 73 74 75 76 78 79 83 85 88 90 91 92 93 94 97 99 100
7 c 5 5 0 73 103 10 16 7 12 13 14 16 17 19 20 21 24 25 26 27 29 32 33 34 36 39 40 45 46 48 54 55 56 57 59 60 61 63 64 66 67 68 69 70 71 72 73 74 75 76 78 81 83 86 87 88 91 92 93 94 98 99 100
8 c 60 12 0 34 64 10 31 21 10 11 12 13 14 15 16 18 19 21 22 23 24 25 27 28 31 32 33 36 39 41 43 44 45 46 47 49 51 55 56 58 59 60 61 62 64 65 66 69 70 71 72 74 75 76 77 78 79 80 81 82 83 84 85 86 87 88 89 90 91 92 94 96 98 99 100
9 c 40 25 0 75 105 10 9 1 12 13 14 15 16 17 18 19 20 21 22 23 25 26 27 28 29 31 32 33 35 36 37 39 40 41 42 43 44 46 48 49 52 53 54 58 59 60 61 62 63 67 68 69 70 72 73 75 76 77 82 83 84 85 89 90 91 93 95 96 98 99 100
10 c 24 12 0 25 55 10 5 12 11 14 15 17 18 19 20 21 22 23 24 26 27 28 31 32 33 35 36 40 41 44 46 47 48 49 50 51 52 53 55 56 57 58 62 63 64 65 69 71 72 74 75 78 79 81 82 83 84 85 86 88 90 93 94 95 96 97
11 c 11 14 0 59 89 10 18 18 13 14 15 16 19 21 22 23 24 25 26 28 30 31 33 36 37 40 41 42 43 47 48 49 50 51 52 55 56 58 59 61 62 63 64 65 67 70 71 73 75 78 79 82 83 85 86 89 90 92 94 95 99
12 c 41 37 0 29 59 10 16 16 13 14 15 16 17 18 21 22 23 26 27 28 32 34 36 38 39 40 41 42 43 44 45 46 48 49 50 51 53 54 56 58 59 60 61 62 63 65 66 67 68 69 71 72 74 76 78 80 81 82 83 84 85 86 87 88 90 91 92 93 96 97 100
13 c 6 38 0 29 59 10 16 6 14 15 16 17 19 20 21 23 26 28 29 30 31 32 33 34 35 39 41 42 43 44 46 47 48 49 50 51 52 53 55 56 58 59 60 61 63 65 67 68 70 72 77 79 81 82 83 84 85 86 87 88 90 91 92 94 95 96 97 98 99 100
14 c 20 26 0 73 103 10 9 18 15 18 19 20 21 22 24 25 28 31 32 33 34 35 36 37 39 40 41 42 43 46 47 49 50 51 52 53 54 55 56 58 59 60 61 62 63 64 65 66 68 69 71 72 73 74 75 77 78 79 80 81 83 84 85 86 87 88 94 95 96 98 99 100
15 c 49 58 0 78 108 10 10 1 18 19 20 21 24 28 29 30 31 32 33 34 36 37 38 42 44 45 47 51 53 54 55 57 59 60 61 63 64 66 67 69 70 71 72 73 74 75 76 77 78 79 85 86 87 89 90 91 93 94 96 97 100
16 c 37 31 0 85 115 10 14 21 17 19 20 21 23 26 27 28 29 31 34 36 37 38 39 40 41 42 43 44 46 47 48 49 50 51 52 53 54 55 56 57 59 60 67 69 70 72 74 75 77 79 80 81 82 83 84 85 86 88 89 90 92 93 94 95 96 98 100
17 c 49 42 0 63 93 10 13 9 20 22 23 24 25 27 28 29 32 33 35 36 37 38 39 40 42 43 44 45 46 51 52 54 56 59 60 62 63 64 65 66 67 68 72 73 76 78 79 80 81 82 84 85 86 87 89 92 93 94 96 97 99 100
18 c 12 24 0 66 96 10 13 18 20 21 25 26 27 28 29 32 33 35 38 39 40 41 42 43 44 46 48 49 50 51 52 54 57 58 59 62 63 64 65 66 67 68 69 72 75 76 77 78 79 80 81 83 85 86 87 88 92 93 94 95 96 97 100
19 c 24 58 0 48 78 10 19 15 20 21 22 23 24 25 26 27 28 30 32 33 35 37 38 39 40 42 45 48 49 51 52 53 54 57 58 61 62 63 65 66 67 71 72 73 74 75 76 77 78 80 81 82 85 86 89 90 92 95 97 98 99 100
20 c 27 69 0 34 64 10 10 8 21 22 23 25 26 27 30 31 33 34 35 36 37 38 39 40 41 42 43 44 46 47 48 49 50 51 52 53 54 55 56 57 58 59 60 62 63 66 67 69 71 73 74 75 76 78 79 81 82 84 85 88 89 90 91 93 94 95 96 99 100
21 c 15 77 0 63 93 10 9 8 22 24 25 27 29 32 33 34 35 36 38 41 42 43 44 45 46 47 48 49 50 51 52 57 58 60 61 62 64 67 68 69 70 71 73 77 78 79 80 81 83 84 85 86 87 88 89 91 92 95 96 97 98 99 100
22 c 62 77 0 49 79 10 20 28 23 24 27 29 30 31 32 33 35 36 37 38 39 45 47 48 49 50 51 52 53 54 55 59 60 63 64 65 66 68 70 71 72 76 80 82 83 85 87 88 92 93 95 97 98 99 100
23 c 67 5 0 73 103 10 25 32 25 26 27 28 29 30 31 32 35 37 38 40 41 42 43 44 45 48 49 50 52 53 55 56 57 58 59 60 63 65 67 68 69 70 71 72 73 74 75 76 77 78 79 80 82 83 85 86 87 89 90 91 92 96 99 100
24 c 37 47 0 40 70 10 6 12 25 26 27 29 30 31 34 35 36 37 38 39 40 41 42 43 44 45 48 49 54 55 56 57 59 60 61 63 64 65 69 72 73 74 76 79 80 82 83 86 87 88 90 91 93 94 95 96 98 99 100
25 c 8 56 0 41 71 10 27 25 26 27 29 31 32 33 34 35 36 37 38 39 43 44 45 46 48 49 50 51 52 54 55 56 57 58 60 62 63 64 65 67 68 69 70 73 75 76 77 78 80 81 86 87 88 89 90 91 92 93 94 95 97 99 100
26 c 35 40 0 27 57 10 16 13 27 28 29 31 32 33 34 38 39 41 42 44 45 46 47 49 50 51 54 55 61 63 64 65 66 68 69 70 72 73 74 76 78 79 80 81 82 83 84 85 86 88 89 90 91 92 94 96 98
27 c 2 60 0 41 71 10 5 1 28 29 32 34 36 37 41 42 43 44 45 50 51 52 54 58 59 61 62 63 66 69 74 75 76 77 78 80 82 83 84 85 86 87 88 89 90 91 93 94 96 97 99 100
28 c 20 65 0 57 87 10 12 8 29 31 32 33 34 35 37 38 39 40 42 44 46 47 49 50 51 52 55 56 57 60 62 64 66 67 68 69 72 73 75 76 78 79 80 81 82 83 85 86 87 89 91 92 93 95 96 97 98 99 100
29 c 22 22 0 18 48 10 2 4 30 31 32 33 34 35 36 37 38 40 41 42 44 45 46 47 48 51 53 55 56 57 58 60 61 62 64 65 66 67 69 70 71 73 75 76 78 80 81 82 83 87 88 89 90 91 92 93 94 95 96 97 99
30 c 31 67 0 85 115 10 3 1 31 32 33 35 36 38 39 42 44 45 47 48 50 51 53 55 56 57 58 59 60 61 62 63 66 67 68 71 72 75 78 82 83 85 86 87 90 91 93 94 96 97 98 100
31 c 26 52 0 64 94 10 9 6 34 35 36 38 40 41 42 44 45 46 47 48 49 50 53 55 57 58 61 62 64 65 66 67 70 71 72 74 75 77 78 79 80 83 84 86 87 88 89 90 92 93 94 95 96 97 98 99 100
32 c 10 43 0 85 115 10 9 16 35 36 41 42 43 44 46 47 48 49 50 53 54 55 56 57 58 59 61 65 66 67 68 70 71 75 76 79 80 81 84 85 86 87 89 90 91 92 98 99 100
33 c 28 18 0 83 113 10 26 30 35 36 38 40 42 43 44 45 48 49 50 51 52 53 54 55 56 58 60 62 63 64 66 67 68 71 72 73 75 76 78 80 81 82 83 84 85 86 87 88 89 90 92 93 94 95 96 97 98 99 100
34 c 15 10 0 32 62 10 20 11 36 38 39 40 41 42 44 45 46 47 49 50 52 53 57 58 60 61 62 63 64 65 67 68 69 70 73 75 76 77 78 79 80 81 82 84 85 87 89 91 92 93 94 95 96 97 98 99 100
35 c 30 5 0 51 81 10 8 8 36 39 42 45 46 48 49 50 51 52 54 55 56 57 58 60 61 62 64 68 69 71 72 73 74 75 80 81 82 85 88 91 93 94 95 96 98 99
36 c 10 20 6 65 95 10 19 19 39 43 45 46 47 48 49 50 53 54 55 56 57 58 59 60 63 66 67 68 69 70 72 73 74 75 77 78 79 80 82 83 84 85 86 90 94 95 96 98
37 c 20 40 6 77 107 10 12 15 38 39 42 43 45 47 48 49 50 51 53 54 56 57 58 59 60 61 64 65 67 68 71 73 75 79 80 81 84 86 87 88 89 90 91 94 95 96 98 100
38 c 44 17 6 68 98 10 9 2 39 41 42 43 44 45 47 48 49 50 51 54 55 58 59 60 62 63 64 65 66 67 68 69 71 74 75 76 77 80 81 82 83 84 87 88 90 91 92 93 94 95 96 97 98 100
39 c 4 18 6 84 114 10 35 25 40 41 42 43 44 45 47 49 50 51 52 53 55 57 58 59 60 61 62 63 64 65 66 67 68 71 72 73 74 75 76 79 80 81 84 88 89 90 93 94 95 96 97 98 100
40 c 15 60 6 66 96 10 17 25 41 42 44 45 46 47 48 49 52 53 54 55 58 60 61 62 63 64 65 66 67 68 69 70 72 73 75 76 77 78 79 81 82 83 86 87 88 89 91 93 96 97 98 99 100
41 c 55 5 6 58 88 10 29 24 42 43 44 45 46 49 51 52 55 57 61 62 64 65 67 69 70 71 73 74 77 78 80 81 82 83 85 86 87 90 92 95 96 99 100
42 c 61 52 6 86 116 10 3 9 44 45 47 50 51 52 55 56 57 58 60 61 62 64 65 66 67 68 69 70 71 72 73 76 77 78 80 83 86 88 89 90 91 92 95 96 99
43 c 42 7 6 87 117 10 5 15 44 45 50 53 54 55 56 57 58 60 61 62 66 69 70 71 73 74 75 76 80 82 83 84 85 88 89 90 94 95 96 97 99 100
44 c 55 60 6 87 117 10 16 8 46 47 48 49 50 51 52 53 54 55 57 59 60 62 63 65 66 67 68 69 73 74 76 78 79 80 84 85 86 91 92 93 94 95 96 97 99
45 c 45 10 6 87 117 10 18 13 46 47 49 51 52 54 55 56 57 61 62 63 64 65 67 68 70 72 73 74 76 77 78 79 80 81 82 83 84 85 86 89 92 93 94 95 96 97 98 100
46 c 25 30 6 89 119 10 3 1 47 48 50 51 52 53 54 58 59 60 61 62 64 65 66 67 68 69 70 71 72 74 75 76 77 78 79 83 84 85 86 87 88 89 91 92 93 94 95 96 97 98
47 c 32 12 6 91 121 10 7 4 48 49 50 53 54 55 56 58 60 61 62 64 67 69 70 71 73 74 75 76 79 80 81 83 84 85 87 88 89 90 91 94 96 97 99 100
48 c 11 31 6 91 121 10 7 2 49 51 52 53 54 55 56 57 58 59 61 62 63 64 67 68 69 70 71 72 74 75 76 77 82 85 86 87 88 89 90 92 94 96 97 99 100
49 c 6 68 13 98 128 10 30 29 50 51 55 56 57 58 59 61 62 64 66 67 68 70 71 72 74 76 77 79 80 81 82 83 84 85 86 87 88 89 90 91 92 96 97 98 99
50 c 2 48 45 107 137 10 1 1 52 53 54 56 57 58 59 60 61 62 64 65 66 68 72 74 78 81 82 83 86 87 88 90 92 93 94 95 97 98 99 100
51 c 30 60 45 114 144 10 16 7 53 55 57 59 60 63 64 66 67 68 70 71 72 78 79 81 85 86 87 88 89 90 91 93 95 97 98 99
52 c 45 65 45 116 146 10 9 9 53 54 55 56 58 59 62 63 64 65 66 67 68 69 70 71 73 74 75 76 77 78 79 80 81 82 83 84 85 86 89 90 92 94 98 99 100
53 c 49 73 45 117 147 10 25 19 54 55 56 57 59 60 61 63 64 65 66 68 69 70 71 72 74 75 76 78 79 80 83 84 85 87 88 90 92 94 95 96 97
54 c 53 12 45 120 150 10 6 1 55 56 57 58 59 60 61 62 65 67 68 69 70 73 74 76 77 78 80 82 83 84 85 86 88 90 91 93 94 96 98 99 100
55 c 23 3 45 122 152 10 7 11 56 58 59 60 63 64 65 67 68 69 70 71 73 74 75 76 78 79 80 81 82 83 85 88 89 91 92 94 95 96 97 99 100
56 c 25 21 45 123 153 10 12 6 57 58 60 62 63 64 65 66 67 68 69 70 71 72 73 75 76 80 81 87 88 90 92 95 97 98 99 100
57 c 63 23 45 126 156 10 2 1 58 60 61 64 65 66 67 68 69 70 72 75 76 77 79 81 82 84 85 86 89 90 92 93 95 98 99 100
58 c 57 29 45 130 160 10 18 9 59 61 63 65 67 68 69 70 72 73 74 75 76 78 79 80 83 84 85 87 88 90 92 93 94 96 97
59 c 35 69 54 131 161 10 23 22 60 61 62 64 66 67 69 70 71 72 75 77 78 79 81 82 83 84 85 87 88 90 91 94 97 98 99 100
60 c 56 39 54 132 162 10 36 37 61 62 64 65 66 67 69 70 74 75 76 79 80 81 82 83 87 88 90 92 93 94 95 97 98 99
61 c 63 65 54 133 163 10 8 1 63 65 67 68 69 70 71 74 75 76 77 78 79 80 81 85 86 87 89 90 91 92 93 95 96 98 99 100
62 c 46 13 54 139 169 10 8 16 63 65 67 69 70 71 74 75 76 78 79 80 81 83 84 85 87 88 90 92 94 95 96 97 98 100
63 c 55 20 54 139 169 10 19 11 64 65 66 67 69 70 71 72 73 75 76 77 78 79 80 81 82 84 85 86 87 88 89 90 93 94 96 98 99 100
64 c 65 35 58 143 173 10 3 7 65 66 67 69 70 71 73 74 78 80 82 83 85 86 87 88 89 90 91 92 93 95 96 99
65 c 5 30 62 147 177 10 2 1 68 71 72 73 74 75 76 77 78 82 83 84 85 87 88 91 92 93 96 97 98 99 100
66 c 30 25 64 149 179 10 23 20 67 68 70 71 72 73 74 75 76 77 78 79 82 83 86 87 89 90 91 92 95 96
67 c 17 34 67 152 182 10 3 1 68 71 74 77 79 80 81 83 84 87 88 89 90 92 93 94 95 97 98 100
68 c 65 55 68 0 183 10 14 7 69 70 71 72 76 78 79 80 82 83 84 85 86 88 89 90 93 95 96 97 99 100
69 c 65 20 71 156 186 10 6 1 71 72 74 75 76 79 81 83 84 86 92 93 97 98 99 100
70 c 49 11 77 0 192 10 18 14 72 74 75 76 77 78 80 83 84 87 88 89 90 91 92 94 95 97 100
71 c 13 52 77 0 192 10 36 27 72 77 78 79 82 83 85 86 87 89 91 93 94 95 97 98 100
72 c 15 19 79 0 194 10 1 1 73 74 75 76 77 78 79 80 82 84 85 86 88 89 90 91 92 94 95 96 99 100
73 c 18 18 80 165 195 10 17 9 74 75 76 79 80 81 83 85 87 88 89 92 93 94 98 100
74 c 15 47 81 0 196 10 16 13 75 76 78 79 80 83 84 85 86 89 90 91 92 93 94 95 96 97 98 99 100
75 c 26 35 81 166 196 10 15 14 76 77 78 80 81 82 83 84 85 86 87 88 89 90 91 92 93 94 96 97
76 c 16 22 81 0 196 10 41 39 78 79 80 81 83 85 86 87 88 89 90 92 93 94 95 96 98 99 100
77 c 47 16 82 0 197 10 25 31 79 80 81 82 83 84 85 87 89 92 94 96 98 100
78 c 55 45 82 0 197 10 13 16 79 81 82 83 84 86 87 88 89 90 91 92 93 94 96 97 100
79 c 20 20 83 0 198 10 8 5 80 81 82 83 84 85 86 89 91 92 95 96 98
80 c 56 37 83 168 198 10 6 1 81 82 83 85 86 87 88 91 93 94 95 96 97 99 100
81 c 14 37 83 0 198 10 11 9 82 83 84 85 86 87 89 90 91 92 93 94 96 97 98 99
82 c 19 21 83 0 198 10 10 6 83 84 86 87 88 89 90 91 92 94 97 98 99 100
83 c 20 50 83 0 198 10 5 5 84 86 87 88 91 93 95 96 97 98
84 c 37 56 83 168 198 10 5 6 85 86 88 91 93 94 95 96 97 98
85 c 15 30 84 0 199 10 26 27 86 87 89 90 91 92 93 95 96 97 98 100
86 c 53 43 84 169 199 10 14 18 87 88 89 90 92 93 94 96 97 100
87 c 18 24 84 169 199 10 22 31 88 89 90 91 93 95 97 98 99 100
88 c 45 20 86 0 201 10 11 13 89 90 91 94 95 97 98 99
89 c 31 52 87 0 202 10 27 29 91 93 98 99 100
90 c 35 17 87 0 202 10 7 1 91 94 95 96 97 98 100
91 c 21 24 87 0 202 10 28 31 93 96 97 98 99 100
92 c 47 47 88 0 203 10 13 10 93 95 96 97 98
93 c 22 27 89 0 204 10 11 16 94 96 98 99
94 c 41 49 89 0 204 10 10 10 97 98 99
95 c 25 24 90 0 205 10 20 15 96 98 99 100
96 c 50 35 90 0 205 10 19 28 97 98 99 100
97 c 26 27 92 0 207 10 27 37 98 99
98 c 27 43 93 0 208 10 9 2 99 100
99 c 45 30 93 0 208 10 17 14
100 c 36 26 95 180 210 10 18 10

