StringID Type x y release ReadyTime DueDate ServiceTime weight volume Item_Conflitante1 Item_Conflitante2 Item_Conflitante3 Item_Conflitante4 Item_Conflitante5 Item_Conflitante6 Item_Conflitante7 Item_Conflitante8 Item_Conflitante9 Item_Conflitante10 Item_Conflitante11 Item_Conflitante12 Item_Conflitante13 Item_Conflitante14 Item_Conflitante15 Item_Conflitante16 Item_Conflitante17 Item_Conflitante18 Item_Conflitante19 Item_Conflitante20 Item_Conflitante21 Item_Conflitante22 Item_Conflitante23 Item_Conflitante24 Item_Conflitante25 Item_Conflitante26 Item_Conflitante27 Item_Conflitante28 Item_Conflitante29 Item_Conflitante30 Item_Conflitante31 Item_Conflitante32 Item_Conflitante33 Item_Conflitante34 Item_Conflitante35 Item_Conflitante36 Item_Conflitante37 Item_Conflitante38 Item_Conflitante39 Item_Conflitante40 Item_Conflitante41 Item_Conflitante42 Item_Conflitante43 Item_Conflitante44 Item_Conflitante45 Item_Conflitante46 Item_Conflitante47 Item_Conflitante48 Item_Conflitante49 Item_Conflitante50 Item_Conflitante51 Item_Conflitante52 Item_Conflitante53 Item_Conflitante54 Item_Conflitante55 Item_Conflitante56 Item_Conflitante57 Item_Conflitante58 Item_Conflitante59 Item_Conflitante60 Item_Conflitante61 Item_Conflitante62 Item_Conflitante63 Item_Conflitante64 Item_Conflitante65 Item_Conflitante66 Item_Conflitante67 Item_Conflitante68 Item_Conflitante69 Peso_Total Volume_Total
0 d 35 35 0 0 1000 0 0 0                                                                      1000 1000
1 c 37 31 11 414 489 10 14 12 2 3 4 8 9 11 12 14 16 17 18 21 23 25 27 28 30 32 33 38 39 40 41 43 45 46 48 49 52 53 54 55 62 63 65 67 69 70 71 72 73 75 76 77 81 84 86 88 89 91 92 94 96 97 98
2 c 20 26 11 333 432 10 9 1 3 4 5 6 7 8 11 12 13 14 16 17 19 21 22 23 24 25 26 28 29 30 31 32 33 35 36 37 38 39 40 44 46 48 50 51 53 54 55 56 58 59 60 61 62 64 65 67 69 71 73 74 75 80 81 82 83 84 86 87 92 93 96 98 99 100
3 c 11 14 11 233 340 10 18 25 4 5 6 7 8 9 10 11 12 14 16 17 18 21 22 24 25 29 31 33 34 39 40 42 44 45 46 49 51 53 54 56 57 59 61 62 63 64 66 67 68 74 75 76 77 78 79 80 81 82 83 84 85 86 88 91 93 95 96 98 99 100
4 c 67 5 11 294 401 10 25 18 6 8 10 11 12 13 14 15 16 18 21 23 25 26 28 30 31 32 36 37 39 40 41 42 43 44 45 46 48 50 51 52 53 54 55 58 59 60 61 62 64 66 69 71 72 73 74 75 76 78 80 81 83 84 85 86 88 89 90 91 92 94 95 98 99
5 c 5 5 11 302 405 10 16 17 6 8 9 12 13 15 16 17 20 21 22 23 24 27 28 30 31 32 33 34 36 37 38 39 40 43 44 45 46 47 50 51 52 53 54 55 57 58 59 60 61 62 64 65 66 69 70 73 75 76 77 78 79 80 81 84 85 86 87 88 89 90 93 94 95 97 98 99 100
6 c 37 47 11 162 293 10 6 10 8 9 10 11 13 14 15 16 19 20 21 22 23 24 25 26 27 30 34 35 36 38 39 40 42 46 47 49 51 52 53 54 55 56 57 58 59 60 61 62 64 65 67 68 69 70 71 75 76 77 78 79 80 81 82 84 85 86 87 88 89 90 91 92 97 98 99 100
7 c 24 58 11 163 302 10 19 17 10 11 12 13 15 17 18 21 23 25 26 27 28 31 32 33 35 36 37 38 39 42 44 45 46 47 49 50 51 52 54 55 57 59 60 61 62 63 64 66 69 70 71 72 75 76 77 78 79 80 81 82 84 85 86 87 89 91 92 93 96 98 99 100
8 c 55 5 11 206 325 10 29 22 11 13 14 15 18 20 22 28 29 30 31 32 33 35 36 38 40 43 44 46 49 50 51 52 53 61 63 64 66 67 68 69 70 71 72 73 74 75 76 78 79 81 83 86 87 88 89 90 91 92 95 96 97 99 100
9 c 57 48 11 388 465 10 23 22 12 14 15 17 20 21 22 23 25 27 28 30 31 33 34 35 36 39 40 41 42 43 45 47 48 49 50 51 52 53 54 59 60 61 62 63 64 65 66 67 68 69 70 71 72 73 75 76 77 78 80 81 82 83 84 85 86 87 88 89 90 91 93 94 95 96 98 99
10 c 30 5 11 175 300 10 8 2 11 12 13 18 19 20 21 23 24 27 28 29 31 32 33 34 35 37 38 39 41 43 45 46 47 50 51 54 57 58 59 60 62 64 65 66 67 68 69 70 73 74 76 77 78 79 80 82 83 86 87 89 91 93 94 98 100
11 c 49 42 11 290 373 10 13 5 13 14 15 18 19 21 23 24 25 26 27 29 30 34 35 37 38 39 40 41 42 43 45 47 50 51 52 53 55 56 57 58 60 61 62 63 64 65 66 67 68 70 71 72 73 76 78 79 80 81 84 86 89 91 92 93 95 97 98 99 100
12 c 22 22 11 18 181 10 2 5 14 15 17 18 19 21 22 23 25 28 29 31 32 35 36 37 38 39 43 45 46 49 50 51 53 54 55 56 57 58 59 60 61 62 63 64 65 66 67 68 69 71 72 73 74 75 76 77 78 81 82 83 84 85 87 88 89 90 93 94 95 96 98 100
13 c 55 60 11 400 497 10 16 18 14 17 21 23 25 26 27 28 30 31 34 35 36 37 39 40 44 46 47 48 53 56 57 59 61 65 66 70 71 72 73 75 76 78 79 80 82 83 84 87 88 89 91 92 94 96 97 99 100
14 c 28 18 11 420 447 10 26 16 15 16 17 18 19 20 22 23 24 25 28 29 30 31 32 34 36 39 41 42 43 44 45 46 47 49 50 51 52 54 55 56 57 60 61 62 63 64 67 68 71 72 73 74 75 76 77 78 79 81 84 85 87 88 89 90 91 94 96 98 99
15 c 10 43 11 404 481 10 9 14 17 18 19 20 21 22 23 24 26 27 28 30 31 32 33 34 35 36 37 38 40 43 44 45 46 47 48 50 51 52 53 55 56 59 60 61 63 64 65 69 71 72 73 74 76 78 79 81 82 83 84 85 86 87 89 90 92 93 94 98 100
16 c 20 65 11 206 325 10 12 20 17 18 19 20 21 22 25 26 27 28 33 34 38 42 43 45 46 48 49 51 52 53 57 58 59 60 61 62 64 65 66 67 68 69 70 71 72 73 74 75 76 77 81 82 84 85 86 87 88 89 90 94 96 97 98 99
17 c 11 31 11 436 511 10 7 1 18 21 24 27 28 29 30 31 32 34 36 37 38 40 41 42 43 45 46 47 48 49 50 51 52 53 55 56 57 58 59 61 62 64 65 67 68 70 72 73 76 77 78 79 80 82 83 84 85 86 87 88 89 90 91 92 93 96 97 98 99
18 c 63 23 327 620 739 10 2 9 19 22 23 24 26 28 30 31 32 35 36 38 41 42 43 45 46 47 51 52 54 55 56 58 63 64 65 66 68 69 71 72 73 74 75 77 80 81 83 85 87 88 89 90 91 92 93 94 96 97 98 99 100
19 c 55 20 327 678 801 10 19 21 22 23 25 26 27 28 29 31 32 33 34 35 37 42 43 44 45 46 47 48 50 53 55 59 60 61 62 66 67 68 69 70 71 72 74 75 76 78 79 80 81 83 84 85 86 87 88 89 91 94 95 96 97 99 100
20 c 46 13 327 681 802 10 8 13 21 22 23 24 25 28 29 30 31 33 34 35 36 37 38 39 40 41 42 43 44 45 46 48 49 50 51 55 57 58 60 63 64 65 66 67 68 69 70 71 72 74 75 76 77 78 79 81 82 85 86 87 89 90 92 93 94 95 96 97 98 99
21 c 30 25 327 690 827 10 23 20 23 24 25 27 29 30 33 34 35 38 40 41 42 43 44 46 47 49 50 51 52 53 54 55 56 57 59 61 62 63 64 65 66 70 71 74 76 78 80 83 84 85 87 88 89 90 91 92 93 96 99
22 c 62 77 440 0 940 10 20 26 24 25 26 27 28 29 32 33 37 38 39 40 43 47 48 51 52 53 56 58 59 60 61 63 64 66 67 68 70 72 73 74 75 77 78 79 82 83 84 85 93 94 96 97 99
23 c 15 77 443 0 943 10 9 1 24 29 31 32 33 34 36 40 42 43 44 45 46 51 52 53 56 58 59 60 62 63 65 66 67 68 69 71 72 74 75 78 79 81 83 84 87 88 89 92 96 98 100
24 c 6 68 446 0 946 10 30 32 26 28 29 30 31 36 37 38 40 41 42 45 46 47 48 49 50 52 53 57 59 62 63 64 65 66 67 68 69 70 71 72 73 74 79 80 81 82 84 85 86 87 88 89 92 94 96 97 99 100
25 c 2 60 448 0 948 10 5 1 27 28 29 31 32 33 34 36 37 38 40 41 44 45 46 47 48 49 50 52 53 54 55 56 58 60 61 62 64 65 66 68 70 71 72 73 74 75 76 77 78 79 80 81 82 84 86 87 90 91 92 93 95 97 99 100
26 c 63 65 450 0 948 10 8 11 27 28 29 30 31 32 33 34 35 36 38 40 41 43 44 45 47 48 49 50 51 52 53 55 56 57 59 60 61 63 64 65 66 67 68 69 70 73 74 76 77 79 81 83 84 85 89 90 91 93 95 96 97 98
27 c 49 73 450 0 949 10 25 34 28 30 34 35 37 39 43 44 45 46 47 48 52 53 55 56 58 60 61 63 64 65 66 67 68 69 70 72 73 74 76 77 80 81 82 83 84 86 88 89 91 92 93 94 96 97 99 100
28 c 57 68 450 0 950 10 15 7 29 30 31 32 35 36 38 40 41 43 44 46 48 50 51 52 53 55 56 57 59 60 61 65 67 69 70 71 73 74 77 78 79 81 82 83 84 85 86 87 88 89 90 91 92 93 94 95 96 97 100
29 c 53 43 452 817 952 10 14 11 30 31 32 33 34 35 36 38 40 41 42 43 44 45 46 47 48 49 50 52 53 54 56 57 58 59 61 65 66 67 68 69 70 71 73 75 77 78 81 82 83 85 86 87 89 90 91 92 93 94 95 97 98 100
30 c 65 55 453 0 953 10 14 5 31 32 34 38 39 42 43 44 48 49 50 51 55 56 57 58 60 61 67 68 69 70 72 74 75 76 77 79 80 83 84 85 94 95 96 97 99 100
31 c 4 18 454 0 954 10 35 39 32 33 34 35 36 37 38 39 40 41 42 43 44 45 47 50 51 52 53 55 57 60 62 63 64 66 67 68 69 72 73 74 75 77 78 79 80 81 83 84 85 86 87 88 90 91 92 93 97 98 99 100
32 c 2 48 454 0 954 10 1 1 33 35 36 39 40 41 43 45 46 47 48 49 53 54 55 58 59 60 61 62 63 65 66 67 68 70 73 75 77 81 83 84 86 87 89 90 91 93 94 96 97 98 99 100
33 c 8 56 455 0 955 10 27 26 34 38 39 41 43 44 45 47 49 50 51 53 54 55 56 57 60 62 64 65 66 70 71 72 75 76 77 79 80 81 82 83 85 87 89 90 91 92 93 94 95 98 100
34 c 27 69 455 0 955 10 10 19 35 36 37 38 39 40 42 43 44 45 46 47 48 49 51 52 53 55 57 58 61 62 63 64 66 67 68 69 70 71 72 73 74 75 77 78 79 81 82 83 84 85 86 89 90 91 92 93 96 97 98 99 100
35 c 23 3 455 0 955 10 7 1 39 40 41 42 44 45 46 47 48 49 52 55 57 58 59 60 61 63 64 65 66 67 68 70 72 73 74 75 76 77 79 80 81 82 83 84 85 86 87 88 90 91 96 98 99 100
36 c 65 20 456 817 956 10 6 7 38 39 40 42 44 45 48 49 50 52 53 57 58 59 63 66 67 68 69 70 71 72 73 74 75 76 77 79 80 81 82 84 86 87 88 89 90 91 92 93 94 95 97 98 99 100
37 c 60 12 456 0 956 10 31 22 41 43 44 50 51 52 53 55 56 59 60 61 62 64 67 70 75 76 77 78 79 81 82 83 84 85 86 88 89 90 91 92 95 96 97 99 100
38 c 35 69 456 0 956 10 23 15 39 40 41 42 43 45 46 48 49 51 52 54 55 56 57 58 59 60 62 63 65 66 71 72 74 76 78 79 80 81 82 83 85 86 88 92 93 94 95 96 98 99 100
39 c 15 10 457 0 957 10 20 12 40 41 43 44 45 46 47 48 49 53 54 56 57 60 61 62 63 64 65 68 70 71 75 76 78 79 81 82 83 84 89 90 92 93 94 95 96 97 98 99 100
40 c 15 60 457 0 957 10 17 8 41 42 43 44 45 47 48 51 52 54 58 61 62 63 64 65 66 67 68 69 70 71 72 74 75 80 82 83 85 87 88 89 91 93 95 97 100
41 c 31 67 457 0 957 10 3 11 42 43 44 46 47 48 49 50 52 53 55 57 58 62 64 65 66 68 70 71 73 74 75 77 79 80 85 86 87 88 91 92 93 95 96 97 98 99 100
42 c 61 52 458 0 958 10 3 2 43 44 47 48 50 51 52 54 55 56 57 58 59 62 63 64 66 68 73 75 77 78 79 80 81 82 87 88 89 90 91 92 93 95 99 100
43 c 45 65 458 0 958 10 9 10 44 45 47 48 49 50 51 52 53 54 55 56 58 61 62 63 64 66 67 68 69 71 74 75 76 78 79 80 81 82 83 84 85 86 87 89 90 91 93 94 95 98 99 100
44 c 5 30 459 0 959 10 2 1 46 47 48 49 50 54 55 56 57 58 59 61 63 64 65 67 68 69 70 72 74 76 77 80 81 83 85 86 87 88 89 92 94 95 96 97 98 100
45 c 10 20 460 0 960 10 19 11 46 47 48 49 50 51 53 54 55 56 57 58 60 61 62 63 64 65 67 68 69 70 71 72 74 75 76 77 81 82 83 84 85 86 88 89 90 91 93 94 96 99 100
46 c 64 42 460 0 960 10 9 16 47 48 49 50 51 52 54 55 57 62 63 65 66 68 69 70 71 72 73 74 75 76 77 78 79 80 81 82 83 84 85 87 88 89 90 92 93 94 95 96 98 99 100
47 c 53 12 460 0 960 10 6 11 48 53 54 55 56 57 60 62 63 64 65 70 73 75 76 78 82 83 85 86 87 88 89 90 92 93 94 95 97 100
48 c 65 35 460 0 960 10 3 12 50 51 52 53 54 55 56 57 58 59 60 61 63 66 67 68 71 72 74 75 76 78 79 80 81 82 83 84 87 88 90 91 92 93 96 98 99 100
49 c 6 38 460 0 960 10 16 17 50 51 52 53 55 57 59 60 61 62 65 66 67 68 69 71 72 73 75 78 79 81 84 85 86 87 90 91 93 94 95 96 99 100
50 c 42 7 461 0 961 10 5 5 52 53 55 56 57 58 59 60 62 64 65 70 71 72 73 74 76 77 80 81 82 83 84 85 86 87 88 90 91 92 93 94 96 98 100
51 c 13 52 462 0 962 10 36 31 53 54 55 57 58 60 61 62 63 64 65 69 70 73 75 76 77 78 80 83 86 87 89 90 92 94 96 97 98 99 100
52 c 49 11 462 0 962 10 18 28 57 58 59 60 61 63 64 65 67 69 70 71 72 73 74 78 79 80 81 83 84 85 86 87 88 89 90 91 92 93 96 97 98
53 c 55 54 462 0 962 10 26 27 54 55 56 57 59 60 61 63 64 66 67 68 69 71 72 73 74 75 76 77 78 79 80 81 82 83 84 90 91 94 95 96 97 98 100
54 c 49 58 463 0 963 10 10 16 55 56 57 58 59 61 62 65 68 69 70 71 72 73 74 75 76 78 80 81 82 84 85 86 88 91 92 94 96 97 98 99 100
55 c 45 10 463 0 963 10 18 15 59 62 63 65 69 70 75 76 77 79 80 81 83 84 86 87 88 89 95 96 98 99 100
56 c 40 60 464 0 964 10 21 21 57 58 59 60 61 64 65 66 68 69 72 76 78 79 80 81 82 83 84 85 86 87 88 89 92 95 96 97 98 99
57 c 30 60 464 0 964 10 16 25 58 59 60 61 62 63 64 65 66 67 68 69 70 71 72 75 76 77 78 79 80 82 83 84 87 88 91 92 93 94 95 97 98 100
58 c 15 19 464 0 964 10 1 1 59 60 63 64 70 71 73 75 76 77 78 80 81 82 83 85 86 87 88 89 90 91 93 95 98 99
59 c 24 12 464 0 964 10 5 2 60 61 62 63 64 69 70 71 72 73 74 75 76 77 78 80 82 83 84 85 86 87 88 89 90 94 95 96 97 98 99 100
60 c 12 24 464 0 964 10 13 23 61 64 65 67 68 69 70 71 73 74 75 76 77 78 81 82 83 84 85 86 87 88 89 90 91 92 94 95 96 97 98 99
61 c 18 18 465 798 965 10 17 13 62 64 65 66 68 69 70 72 73 77 79 81 82 83 84 86 88 89 92 93 94 97 98
62 c 53 52 465 0 965 10 11 10 63 66 67 68 69 70 72 73 75 77 78 79 80 82 83 84 85 86 88 89 90 91 92 93 94 95 96 97 99
63 c 16 22 466 0 966 10 41 40 66 68 69 70 72 73 74 75 84 85 86 87 89 90 92 93 95 96 97 99 100
64 c 32 12 466 0 966 10 7 14 67 68 69 71 72 73 75 77 78 80 81 83 84 85 86 88 91 92 93 94 96 98 100
65 c 15 47 466 0 966 10 16 16 66 67 68 69 70 71 72 73 74 75 76 77 78 79 80 81 82 83 85 87 88 89 90 91 92 93 95 97 98 99 100
66 c 57 29 467 0 967 10 18 17 68 69 70 71 72 74 75 76 77 78 79 80 81 82 83 84 85 86 87 88 89 90 91 92 93 95 97 99 100
67 c 47 16 467 0 967 10 25 33 69 72 73 74 75 76 77 78 81 85 88 89 90 91 92 93 94 95 96 98 99 100
68 c 55 45 467 0 967 10 13 3 69 71 72 74 75 77 78 79 80 81 82 83 84 85 89 90 91 95 96 98 100
69 c 19 21 468 0 968 10 10 15 70 71 72 73 75 76 81 83 85 86 87 88 90 92 95 96 97 99 100
70 c 14 37 468 0 968 10 11 9 72 73 74 75 76 77 78 79 81 82 83 84 85 86 89 92 93 94 95 96 97 99 100
71 c 56 39 468 0 968 10 36 33 73 74 75 77 78 79 80 81 84 85 86 87 88 89 90 91 92 94 98
72 c 20 20 468 0 968 10 8 2 74 75 77 79 80 81 82 87 88 89 90 92 93 95 98 99 100
73 c 37 56 468 0 968 10 5 2 75 77 79 81 83 85 87 88 90 91 92 93 95 96 97 98 100
74 c 20 50 468 0 968 10 5 1 75 76 78 79 80 81 82 83 84 85 87 88 89 90 91 92 93 95 96 98 99
75 c 56 37 468 0 968 10 6 1 77 78 79 80 82 84 86 89 91 93 95 96 97 98 99
76 c 15 30 469 0 969 10 26 24 77 78 79 81 84 85 86 87 89 91 93 94 95 96 97 98 99
77 c 44 17 469 0 969 10 9 11 80 85 87 88 89 91 92 93 94 95 97 99
78 c 18 24 469 0 969 10 22 18 79 80 81 83 86 88 89 90 91 92 95 96 98
79 c 26 52 470 0 970 10 9 3 81 82 84 85 86 87 88 89 91 92 93 94 95 96 97 98 99 100
80 c 45 20 471 0 971 10 11 6 81 82 83 85 86 90 91 92 94 96 97 98 99
81 c 17 34 471 0 971 10 3 10 82 83 84 87 89 90 92 93 94 95 96
82 c 35 17 472 0 972 10 7 16 83 84 85 91 92 93 94 95 96 98 99 100
83 c 31 52 472 0 972 10 27 19 84 85 86 87 89 91 92 93 95 96 97 98 99 100
84 c 25 21 472 0 972 10 12 12 85 86 87 88 89 90 92 94 95 97 98 99 100
85 c 21 24 472 0 972 10 28 30 86 87 90 91 93 94 95 97 98 100
86 c 47 47 473 0 973 10 13 9 87 88 89 90 91 92 94 97 99
87 c 20 40 474 0 974 10 12 7 89 92 93 94 98 100
88 c 41 49 474 0 974 10 10 1 94 98
89 c 22 27 474 0 974 10 11 15 90 91 92 93 94 95 96 97 98 99 100
90 c 25 24 475 0 975 10 20 16 93 94 96 97 99
91 c 50 35 475 0 975 10 19 21 92 93 94 95 96 97 98 99
92 c 26 27 477 0 977 10 27 20 96 97 98 100
93 c 45 30 478 0 978 10 17 16 94 95 97 98 99 100
94 c 40 25 478 0 978 10 9 6 96 97 99
95 c 27 43 478 0 978 10 9 19 100
96 c 25 30 478 0 978 10 3 2 97 98 100
97 c 36 26 480 849 980 10 18 24 98 99 100
98 c 26 35 481 0 981 10 15 25 99
99 c 41 37 483 0 983 10 16 20 100
100 c 35 40 485 0 985 10 16 16

