StringID Type x y release ReadyTime DueDate ServiceTime weight volume Item_Conflitante1 Item_Conflitante2 Item_Conflitante3 Item_Conflitante4 Item_Conflitante5 Item_Conflitante6 Item_Conflitante7 Item_Conflitante8 Item_Conflitante9 Item_Conflitante10 Item_Conflitante11 Item_Conflitante12 Item_Conflitante13 Item_Conflitante14 Item_Conflitante15 Item_Conflitante16 Item_Conflitante17 Item_Conflitante18 Item_Conflitante19 Item_Conflitante20 Item_Conflitante21 Item_Conflitante22 Item_Conflitante23 Item_Conflitante24 Item_Conflitante25 Item_Conflitante26 Item_Conflitante27 Item_Conflitante28 Item_Conflitante29 Item_Conflitante30 Item_Conflitante31 Item_Conflitante32 Item_Conflitante33 Item_Conflitante34 Item_Conflitante35 Item_Conflitante36 Item_Conflitante37 Item_Conflitante38 Item_Conflitante39 Item_Conflitante40 Item_Conflitante41 Item_Conflitante42 Item_Conflitante43 Item_Conflitante44 Item_Conflitante45 Item_Conflitante46 Item_Conflitante47 Item_Conflitante48 Item_Conflitante49 Item_Conflitante50 Item_Conflitante51 Item_Conflitante52 Item_Conflitante53 Item_Conflitante54 Item_Conflitante55 Item_Conflitante56 Item_Conflitante57 Item_Conflitante58 Item_Conflitante59 Item_Conflitante60 Item_Conflitante61 Item_Conflitante62 Item_Conflitante63 Item_Conflitante64 Item_Conflitante65 Item_Conflitante66 Item_Conflitante67 Item_Conflitante68 Item_Conflitante69 Item_Conflitante70 Item_Conflitante71 Peso_Total Volume_Total
0 d 35 35 0 0 1000 0 0 0                                                                        1000 1000
1 c 57 48 40 388 465 10 23 22 3 5 6 7 9 10 12 13 18 19 20 21 23 24 25 26 28 30 33 36 37 38 42 45 49 50 51 52 53 54 55 56 57 58 59 60 61 62 63 64 68 69 70 71 72 73 74 75 79 80 82 83 85 86 89 90 91 92 93 95 96 100
2 c 35 40 40 104 255 10 16 21 4 6 8 9 10 12 13 14 16 17 18 19 21 23 26 27 30 31 33 34 35 36 37 39 41 42 44 46 47 50 51 53 54 55 56 57 58 59 60 61 62 64 66 68 69 70 71 72 73 74 75 76 77 78 81 82 83 87 88 89 90 91 92 94 95 96 97 98 99 100
3 c 61 52 40 384 499 10 3 6 5 8 11 12 13 15 16 18 19 20 21 23 24 25 26 27 28 30 31 32 34 35 36 38 43 45 46 47 48 51 52 54 55 57 58 59 60 61 62 63 64 65 66 69 71 72 74 75 76 78 81 82 83 84 85 86 88 89 90 91 92 94 96 97 98
4 c 40 60 40 259 354 10 21 24 5 6 7 10 11 12 14 16 18 19 20 21 22 24 25 28 32 33 35 36 37 38 39 41 43 44 46 48 49 52 53 54 55 56 58 59 60 62 64 65 66 68 70 71 72 73 74 78 80 81 82 83 84 85 89 90 91 93 94 95 96 97 98 99 100
5 c 62 77 40 49 188 10 20 12 6 9 10 11 14 15 18 19 20 22 23 25 26 27 28 29 30 32 33 34 36 37 38 39 40 42 43 44 45 46 47 49 50 52 56 57 59 60 61 62 63 64 65 67 69 70 71 72 73 74 75 76 78 79 80 81 82 84 85 86 88 89 90 93 94 95 96 97 98 99 100
6 c 2 60 40 41 208 10 5 1 7 9 10 11 12 13 14 15 16 17 18 19 20 21 23 24 25 26 27 29 30 33 36 37 39 42 43 44 46 48 50 51 53 54 55 56 57 60 61 62 63 64 67 68 69 70 71 72 73 74 76 77 78 84 85 86 88 90 92 93 94 98 100
7 c 49 42 40 290 373 10 13 9 8 9 10 11 12 13 15 16 17 18 23 24 25 26 28 29 30 31 32 33 37 38 39 40 41 42 44 45 47 50 51 52 57 59 61 62 63 65 66 67 68 69 71 72 76 78 80 81 82 83 84 85 87 88 91 92 93 94 96 97 99 100
8 c 5 5 40 302 405 10 16 7 9 11 12 13 14 15 16 17 18 20 21 22 23 24 25 26 27 28 29 30 33 34 36 37 39 40 41 42 43 45 46 48 49 50 51 52 54 55 56 57 59 63 64 65 68 69 70 74 75 78 79 80 81 82 85 86 89 90 92 93 94 95 97 98 99
9 c 60 12 40 33 224 10 31 41 10 13 16 17 18 20 21 23 24 25 28 31 32 33 34 35 36 37 38 39 40 41 42 43 48 49 50 51 53 54 58 59 61 62 63 64 65 66 67 68 69 70 71 72 73 74 76 78 80 82 83 85 86 88 89 90 91 92 93 94 95 96 97 99 100
10 c 40 25 40 360 437 10 9 12 11 13 15 18 19 20 21 25 26 27 28 29 32 33 34 35 36 38 39 40 42 43 44 45 47 48 49 50 51 54 56 57 58 59 60 63 65 66 67 69 70 71 72 73 74 75 76 77 79 80 81 82 83 85 87 88 89 90 92 93 94 95 97 98 99 100
11 c 24 12 40 25 172 10 5 8 12 13 14 16 17 19 20 22 24 25 26 27 29 30 31 35 38 39 40 42 47 48 49 50 51 52 53 55 56 57 58 60 61 64 65 66 67 70 71 73 75 77 78 80 81 82 84 85 88 89 90 91 92 93 95 97 99 100
12 c 11 14 40 233 340 10 18 19 13 15 17 18 20 22 24 25 26 28 30 31 32 33 36 39 41 42 43 44 45 46 47 48 51 53 55 56 57 58 59 60 61 64 66 67 68 69 71 72 75 77 78 79 81 83 85 86 89 90 91 93 95 96 97 99 100
13 c 6 38 40 29 189 10 16 17 15 16 17 19 20 21 22 25 26 27 28 29 30 33 34 35 37 38 40 42 44 47 49 52 53 54 55 56 59 60 61 62 63 64 66 68 71 76 77 78 79 80 81 82 83 84 85 86 88 90 91 92 94 95 96 97 98 99
14 c 20 26 40 333 432 10 9 15 16 17 18 19 21 22 23 24 26 27 28 29 31 35 36 37 38 39 42 44 45 50 52 55 56 57 58 61 62 63 66 67 68 71 73 74 75 76 77 78 79 80 82 83 84 85 86 88 90 91 93 94 96 97 98 99 100
15 c 37 31 40 414 489 10 14 8 16 17 18 19 22 26 28 29 31 32 33 37 38 40 42 43 44 51 52 53 54 56 57 58 59 60 63 64 68 69 71 72 73 74 75 76 77 79 80 81 84 86 88 89 90 91 94 95 97 98
16 c 37 47 40 162 293 10 6 1 17 18 21 22 23 26 27 31 32 33 34 35 38 39 40 41 42 43 45 46 47 48 49 51 53 54 56 58 60 61 62 63 64 65 68 69 72 73 74 75 76 77 78 79 81 84 86 90 92 93 95 96 97 99 100
17 c 67 5 40 294 401 10 25 22 20 21 22 23 25 26 27 28 29 30 32 33 34 35 36 38 39 40 41 42 45 46 48 49 52 53 54 55 56 59 60 62 63 65 67 68 69 70 71 72 74 75 77 78 79 81 82 84 85 86 87 88 89 91 92 93 94 95 96 97 98 100
18 c 24 58 40 163 302 10 19 16 22 23 25 27 29 30 31 33 37 38 39 40 41 43 44 45 46 47 48 50 51 52 53 54 55 56 58 60 61 62 63 64 66 68 69 70 72 73 74 75 76 77 78 79 80 82 84 85 87 89 90 91 92 93 95 96 98 99
19 c 15 77 40 214 333 10 9 1 22 23 24 26 27 28 29 32 33 36 37 39 40 41 42 44 45 46 47 49 50 52 53 55 57 58 60 61 62 63 65 66 67 68 69 70 71 72 73 74 75 77 79 80 82 83 84 86 87 88 89 90 93 94 95 96 97 98 99
20 c 55 5 40 206 325 10 29 30 21 22 23 24 26 27 28 29 30 31 32 33 34 35 36 38 39 41 42 44 45 47 48 50 52 54 55 57 58 60 61 62 64 65 66 68 70 71 72 73 74 76 77 78 79 80 83 84 86 87 88 91 93 96 97 98 99
21 c 45 10 40 409 494 10 18 10 23 25 26 27 28 30 31 32 33 35 36 40 41 42 43 44 45 46 48 49 50 51 53 54 57 58 59 60 61 62 63 65 68 70 71 75 76 77 78 79 82 84 85 86 87 89 91 92 93 94 95 97 98 100
22 c 53 52 40 45 200 10 11 15 23 25 26 28 29 30 31 34 37 38 40 41 42 43 44 45 48 49 52 53 54 55 56 58 60 61 63 64 65 67 69 70 71 72 73 74 75 76 77 78 79 80 83 87 88 89 90 91 94 96 99
23 c 10 43 40 404 481 10 9 9 24 26 27 30 31 34 35 42 43 45 46 48 49 50 51 52 55 56 57 58 59 61 62 63 65 67 68 69 72 73 74 75 76 77 81 82 83 84 85 86 87 88 89 90 91 92 96 97 98 99
24 c 22 22 40 18 181 10 2 1 25 27 28 30 33 34 36 37 38 40 41 42 43 45 46 47 48 50 52 53 54 55 59 60 61 62 64 66 67 68 69 70 71 72 73 75 76 78 79 80 82 83 84 85 87 89 90 92 93 94 95 96 98 99 100
25 c 26 52 40 279 388 10 9 6 26 27 29 30 32 33 36 37 38 39 40 41 42 44 47 48 49 50 51 53 54 55 56 58 60 64 66 67 68 70 71 73 75 77 78 79 80 81 82 84 85 86 89 90 91 92 93 95 96 97 98 99 100
26 c 28 18 40 420 447 10 26 24 27 28 29 30 31 34 37 38 41 42 45 46 47 48 49 50 51 52 53 54 55 57 58 59 61 62 63 64 65 67 68 69 70 71 72 73 75 78 79 80 81 82 83 85 87 88 91 92 95 96 97 98 99
27 c 55 60 40 400 497 10 16 10 28 29 30 32 33 34 35 36 37 38 39 40 41 42 43 44 46 47 48 49 50 53 54 55 56 59 60 63 64 66 67 68 70 72 73 76 77 78 79 82 84 86 88 89 93 94 97 98
28 c 30 5 40 175 300 10 8 14 31 33 34 35 36 41 44 46 49 55 56 57 58 59 60 61 63 64 65 66 67 68 70 72 73 75 76 77 78 80 82 84 85 86 87 89 90 91 93 94 95 96 98 99
29 c 20 65 40 206 325 10 12 14 30 31 32 33 34 35 36 37 38 39 41 42 43 44 45 46 47 48 49 50 51 52 54 58 59 61 63 66 68 69 70 71 73 74 79 80 81 82 83 84 85 86 87 88 90 91 93 98 99 100
30 c 11 31 40 436 511 10 7 1 31 33 34 36 38 39 40 43 44 45 46 47 49 50 51 52 53 54 56 58 59 62 63 64 66 67 69 70 71 72 73 74 75 76 77 78 80 81 83 84 85 86 87 88 89 91 97 98 100
31 c 42 7 40 396 511 10 5 10 32 34 35 36 39 40 42 43 44 45 46 47 49 51 52 53 54 56 57 58 59 61 62 63 64 65 71 72 73 75 76 77 78 79 81 83 84 85 86 87 88 89 91 93 97 99 100
32 c 25 30 40 415 514 10 3 12 34 37 38 39 40 42 43 44 45 46 47 50 52 53 56 58 59 60 61 62 64 66 67 69 70 71 72 74 75 76 78 79 81 85 88 90 92 93 94 95 96 97 98 99 100
33 c 6 68 40 501 540 10 30 20 34 36 37 38 39 40 41 42 44 45 46 47 48 49 50 51 52 55 56 57 59 62 63 64 65 66 68 69 70 72 73 74 76 78 79 80 84 86 87 88 90 92 93 94 95 97 98 99 100
34 c 30 60 252 577 632 10 16 21 35 36 38 39 40 41 42 43 44 45 48 50 51 52 53 54 56 58 59 60 62 63 64 66 67 68 70 71 73 74 75 78 79 80 81 82 85 88 91 92 94 96 99
35 c 53 12 252 585 692 10 6 5 36 37 40 42 43 45 46 48 49 50 51 52 53 56 58 59 61 62 63 66 67 70 71 72 73 74 76 77 78 82 83 84 85 86 90 91 92 93 94 95 96 97 99 100
36 c 49 73 252 592 693 10 25 23 37 38 40 41 43 44 46 47 49 50 51 53 54 55 56 59 60 62 64 65 66 68 69 72 73 74 75 76 77 78 79 80 84 85 89 91 92 93 95 96 97 98 99 100
37 c 63 23 252 620 739 10 2 1 40 45 46 49 50 51 52 54 55 57 59 61 63 66 67 69 72 73 74 76 77 78 79 80 81 84 85 87 88 91 94 95 96 97 98 100
38 c 56 39 252 637 752 10 36 32 39 40 42 43 44 45 46 48 49 50 51 53 55 56 57 58 59 60 63 64 66 67 68 69 70 71 72 73 75 76 77 78 79 82 83 87 88 89 90 91 93 95 97 98 99 100
39 c 55 20 327 678 801 10 19 13 43 46 48 50 51 53 55 56 59 60 62 63 64 66 69 70 71 72 73 76 78 79 84 85 87 88 89 90 91 97 98 99 100
40 c 46 13 327 681 802 10 8 18 41 45 46 47 48 51 52 53 56 58 59 61 63 64 65 66 68 70 71 72 74 75 76 78 79 82 83 85 86 88 89 90 91 95 96 97
41 c 63 65 327 686 813 10 8 10 42 43 46 47 48 49 50 51 52 53 54 55 57 58 60 62 63 64 66 68 69 71 72 73 75 77 78 80 81 82 84 85 87 88 89 91 92 93 95 96 97 98 99 100
42 c 30 25 327 690 827 10 23 14 44 45 46 47 48 49 55 57 58 59 60 61 62 63 65 66 67 68 69 71 74 75 76 77 79 80 82 87 88 91 92 93 96 97 99
43 c 5 30 370 733 870 10 2 4 45 46 47 48 49 50 51 54 55 57 60 61 62 63 64 66 68 70 71 73 74 77 78 79 81 87 88 89 90 92 93 94 96 97 100
44 c 57 68 450 0 950 10 15 19 46 47 48 49 51 52 53 54 55 56 57 59 60 66 69 70 73 74 75 76 77 79 80 81 82 83 84 86 87 88 89 90 91 93 95 96 97 98 99 100
45 c 53 43 452 817 952 10 14 21 48 50 51 52 53 54 55 56 57 58 59 61 62 65 66 67 69 70 73 75 76 77 78 79 81 82 83 84 86 89 91 92 93 95 97 98 99 100
46 c 65 55 453 0 953 10 14 4 47 48 49 50 51 52 54 55 57 59 60 62 63 64 65 69 70 72 74 77 80 81 83 84 86 87 88 89 90 92 93 95 96 97 98 99 100
47 c 2 48 454 0 954 10 1 1 50 51 52 53 55 57 58 59 60 61 63 64 65 66 68 69 70 71 72 73 74 75 76 77 78 83 84 87 88 89 91 92 93 94 95 96 97 98 99
48 c 4 18 454 0 954 10 35 32 50 51 54 55 57 58 60 61 62 63 64 65 68 69 71 72 73 74 75 80 82 83 85 89 90 91 92 95 96 97 100
49 c 27 69 455 0 955 10 10 15 51 52 53 54 55 56 57 59 60 61 63 64 65 66 67 70 71 73 75 76 77 78 79 80 81 82 83 84 85 87 88 89 90 91 92 93 94 95 97 98
50 c 23 3 455 0 955 10 7 17 53 54 55 57 58 60 61 63 65 66 67 68 69 70 71 72 73 74 76 78 79 82 83 84 85 86 87 90 91 92 93 94 96 97 98 99 100
51 c 8 56 455 0 955 10 27 20 52 53 54 55 56 62 63 64 65 66 67 68 69 70 71 72 74 75 76 77 78 79 80 81 82 83 84 87 88 89 90 91 93 94 96 97 98 99 100
52 c 35 69 456 0 956 10 23 22 53 55 56 57 58 59 61 65 66 69 70 71 72 73 75 76 77 78 80 81 82 83 84 86 87 88 91 93 94 96 97 98
53 c 65 20 456 817 956 10 6 15 54 55 56 58 59 60 61 62 64 65 67 68 73 74 75 76 77 78 79 80 81 86 89 90 92 93 94 95 97 98 100
54 c 31 67 457 0 957 10 3 6 55 56 57 59 62 63 64 65 67 69 70 71 76 79 80 81 82 84 85 86 87 88 89 91 92 93 94 96 100
55 c 15 10 457 0 957 10 20 16 57 58 59 60 61 62 63 65 66 67 68 70 71 72 73 74 75 82 83 86 87 88 90 92 95 96 97 98 99
56 c 15 60 457 0 957 10 17 23 57 58 59 60 61 62 64 65 66 67 68 69 70 73 74 75 77 78 79 80 81 82 84 87 89 90 94 95 96 97 98 99 100
57 c 45 65 458 0 958 10 9 9 58 59 61 63 64 68 71 72 74 77 80 81 82 83 84 85 87 89 90 91 93 94 96 97 98 99
58 c 64 42 460 0 960 10 9 2 60 61 62 63 65 66 67 69 70 71 74 75 78 81 82 83 84 86 87 88 89 90 91 92 93 94 96 97 100
59 c 10 20 460 0 960 10 19 16 60 61 62 64 65 68 69 70 72 74 75 77 78 79 81 82 83 84 85 87 90 91 92 93 94 95 97 99 100
60 c 65 35 460 0 960 10 3 1 61 62 63 64 65 66 67 70 71 72 73 74 75 76 77 78 79 80 84 85 87 88 89 90 92 93 94 96 97 98 99
61 c 13 52 462 0 962 10 36 41 62 63 68 69 70 71 72 73 74 75 76 77 78 79 80 81 82 83 84 85 86 87 88 89 92 93 95 96 97 98 99
62 c 55 54 462 0 962 10 26 34 64 66 67 68 69 70 71 72 74 77 78 79 81 82 84 85 86 87 88 89 90 91 95 97 98 99 100
63 c 49 11 462 0 962 10 18 11 64 65 67 68 69 71 72 73 74 78 79 80 81 82 83 85 86 87 88 89 91 92 93 94 97 99 100
64 c 49 58 463 0 963 10 10 5 65 67 68 69 70 71 77 78 79 80 82 83 84 86 88 89 90 91 92 93 95 96 99 100
65 c 12 24 464 0 964 10 13 18 67 68 69 70 71 72 73 75 78 79 80 81 82 83 85 86 87 89 90 92 93 95 96 98
66 c 15 19 464 0 964 10 1 2 67 68 69 70 71 72 73 74 75 77 78 80 81 83 85 86 87 88 89 90 91 93 96 98
67 c 18 18 465 798 965 10 17 27 68 69 70 72 74 75 77 80 81 82 83 85 86 88 90 91 92 93 94 96 98 99
68 c 32 12 466 0 966 10 7 16 69 73 74 75 76 77 79 81 83 84 85 86 87 89 90 92 93 94 95 98 99 100
69 c 16 22 466 0 966 10 41 51 70 71 72 73 74 76 77 78 79 80 81 82 83 85 87 89 90 93 94 95 96 98 99 100
70 c 15 47 466 0 966 10 16 25 72 74 76 78 79 80 81 82 84 85 86 87 90 91 92 95
71 c 47 16 467 0 967 10 25 28 72 73 75 76 77 79 80 81 82 83 84 85 86 88 92 95 96 97 98 99 100
72 c 55 45 467 0 967 10 13 15 73 74 76 77 79 80 81 84 85 86 87 88 89 90 91 93 94 96 97 100
73 c 57 29 467 0 967 10 18 25 75 77 78 81 83 84 86 87 88 89 90 91 92 93 94 96 97 98 99 100
74 c 19 21 468 0 968 10 10 13 76 77 78 80 81 82 83 84 85 86 87 88 89 92 95 96 97 98 99 100
75 c 37 56 468 788 968 10 5 1 76 78 81 82 83 84 85 86 87 90 91 92 93 94 95 96 97 100
76 c 20 20 468 0 968 10 8 18 77 82 83 84 86 88 89 91 92 93 96 97 99
77 c 14 37 468 0 968 10 11 13 78 79 80 82 85 86 87 88 89 91 92 95 96 98 99 100
78 c 20 50 468 0 968 10 5 1 79 80 81 85 86 87 88 89 90 91 93 94 95 96 99 100
79 c 56 37 468 839 968 10 6 9 81 83 85 86 87 88 89 90 93 94 95 96 97 98 99 100
80 c 18 24 469 811 969 10 22 16 82 83 84 85 88 89 90 92 96 98 99 100
81 c 15 30 469 0 969 10 26 17 82 83 84 86 88 89 90 92 93 95 97 98
82 c 44 17 469 0 969 10 9 8 83 84 85 86 88 91 92 94 95 96 99 100
83 c 17 34 471 0 971 10 3 5 84 85 86 88 89 90 91 92 93 94 95 96 97 98 99 100
84 c 45 20 471 0 971 10 11 20 86 87 90 91 92 93 95 97 99 100
85 c 35 17 472 0 972 10 7 10 87 89 91 92 94 95 96 97 98 99
86 c 31 52 472 0 972 10 27 37 87 89 90 92 93 95 96 97 98 99 100
87 c 25 21 472 0 972 10 12 5 89 91 92 93 94 97
88 c 21 24 472 0 972 10 28 24 89 91 92 93 94 96 97 98 99 100
89 c 47 47 473 0 973 10 13 22 91 93 96 97 98 100
90 c 41 49 474 0 974 10 10 8 91 92 93 94 95 96 97 99 100
91 c 22 27 474 0 974 10 11 16 92 96 97 100
92 c 20 40 474 0 974 10 12 21 93 94 96 100
93 c 50 35 475 0 975 10 19 22 94 97 98 100
94 c 25 24 475 0 975 10 20 18 97 99 100
95 c 26 27 477 0 977 10 27 33 98 99 100
96 c 45 30 478 0 978 10 17 10 97 99
97 c 27 43 478 0 978 10 9 9 98 99
98 c 36 26 480 849 980 10 18 12 99 100
99 c 26 35 481 0 981 10 15 22 100
100 c 41 37 483 0 983 10 16 23

