StringID Type x y release ReadyTime DueDate ServiceTime weight volume Item_Conflitante1 Item_Conflitante2 Item_Conflitante3 Item_Conflitante4 Item_Conflitante5 Item_Conflitante6 Item_Conflitante7 Item_Conflitante8 Item_Conflitante9 Item_Conflitante10 Item_Conflitante11 Item_Conflitante12 Item_Conflitante13 Item_Conflitante14 Item_Conflitante15 Item_Conflitante16 Item_Conflitante17 Item_Conflitante18 Item_Conflitante19 Item_Conflitante20 Item_Conflitante21 Item_Conflitante22 Item_Conflitante23 Item_Conflitante24 Item_Conflitante25 Item_Conflitante26 Item_Conflitante27 Item_Conflitante28 Item_Conflitante29 Item_Conflitante30 Item_Conflitante31 Item_Conflitante32 Item_Conflitante33 Item_Conflitante34 Item_Conflitante35 Item_Conflitante36 Item_Conflitante37 Item_Conflitante38 Item_Conflitante39 Item_Conflitante40 Item_Conflitante41 Item_Conflitante42 Item_Conflitante43 Item_Conflitante44 Item_Conflitante45 Item_Conflitante46 Item_Conflitante47 Item_Conflitante48 Item_Conflitante49 Item_Conflitante50 Item_Conflitante51 Item_Conflitante52 Item_Conflitante53 Item_Conflitante54 Item_Conflitante55 Item_Conflitante56 Item_Conflitante57 Item_Conflitante58 Item_Conflitante59 Item_Conflitante60 Item_Conflitante61 Item_Conflitante62 Item_Conflitante63 Item_Conflitante64 Item_Conflitante65 Item_Conflitante66 Item_Conflitante67 Item_Conflitante68 Item_Conflitante69 Item_Conflitante70 Item_Conflitante71 Item_Conflitante72 Item_Conflitante73 Item_Conflitante74 Item_Conflitante75 Item_Conflitante76 Item_Conflitante77 Item_Conflitante78 Peso_Total Volume_Total
0 d 35 35 0 0 1000 0 0 0                                                                               1000 1000
1 c 5 5 94 234 474 10 16 11 2 3 5 9 10 11 12 13 14 16 17 19 21 22 23 24 25 26 28 30 32 33 34 35 36 37 38 39 40 41 43 44 45 47 48 49 50 51 53 54 55 56 57 58 59 60 61 62 63 64 65 67 68 69 72 73 74 75 76 77 79 80 81 82 83 84 86 87 88 89 90 91 92 94 96 97 98 99
2 c 67 5 94 228 468 10 25 32 3 5 7 9 10 12 13 15 16 19 20 21 22 25 27 29 31 33 38 39 40 41 42 47 48 51 53 55 56 57 60 61 62 63 64 65 67 68 69 70 71 72 73 74 75 76 77 79 80 82 83 84 87 88 89 90 93 94 95 96 97 98 99
3 c 37 47 94 108 348 10 6 12 4 5 6 9 10 11 13 14 16 18 20 21 22 23 24 25 26 27 28 30 31 32 33 34 36 37 38 40 41 42 43 45 48 49 50 52 53 54 56 57 58 59 61 62 63 64 65 66 68 71 72 73 74 76 78 80 81 83 84 85 89 92 93 94 97 99
4 c 24 58 94 113 353 10 19 25 5 7 8 9 12 14 15 16 19 20 22 23 24 25 28 29 30 32 33 34 36 37 39 41 43 47 49 50 51 52 53 56 58 59 61 62 63 64 65 66 69 70 71 73 74 76 78 80 82 83 84 85 86 87 88 91 92 93 94 95 97 98 99 100
5 c 49 42 94 212 452 10 13 19 6 11 13 14 16 18 19 20 23 24 26 27 29 30 32 33 35 37 39 40 41 44 45 48 52 53 54 56 57 60 63 66 67 69 70 71 72 75 78 79 80 81 82 85 88 89 90 91 92 93 94 95 97 98 99 100
6 c 55 5 94 146 386 10 29 38 7 8 9 10 11 12 13 14 15 16 18 19 20 22 23 25 27 28 30 32 33 35 36 37 39 40 41 42 43 45 48 51 52 53 55 57 58 60 61 62 63 64 65 66 67 68 69 71 72 74 76 77 78 80 81 83 84 85 87 88 89 90 92 94 95 97 98 100
7 c 30 5 94 118 358 10 8 3 9 12 13 14 15 16 17 18 19 21 22 23 24 27 28 30 31 32 33 34 35 36 39 40 42 43 47 49 51 52 54 55 56 57 58 59 60 61 62 63 66 67 69 70 71 72 73 75 76 78 79 80 81 83 84 85 86 88 90 91 92 93 94 95 96 100
8 c 20 65 94 146 386 10 12 10 10 12 13 14 15 16 18 19 21 22 23 26 28 29 30 31 34 36 37 39 41 43 46 47 48 49 50 51 52 53 56 57 58 60 61 62 64 67 68 70 71 72 73 75 76 77 78 79 80 81 82 84 85 87 88 89 93 94 95 96 97 98 99 100
9 c 11 14 94 167 407 10 18 21 10 11 12 13 14 15 17 19 20 22 23 24 27 28 29 31 32 33 35 36 37 38 39 41 43 44 48 49 51 52 53 54 55 58 59 61 62 63 64 65 67 69 71 72 73 76 77 79 81 82 83 86 87 88 90 93 95 99 100
10 c 22 22 94 18 258 10 2 7 11 13 14 16 17 18 19 20 21 22 23 24 26 28 29 31 32 34 35 36 37 38 39 40 41 43 45 46 47 48 49 51 52 53 54 55 56 58 60 61 62 63 65 66 67 68 69 74 75 77 78 80 81 82 83 84 88 89 90 95 96 97 98 99
11 c 20 26 94 263 503 10 9 8 12 13 15 18 20 21 22 23 25 27 29 33 34 35 38 39 40 41 43 44 45 48 49 51 53 55 56 57 59 60 61 62 63 64 65 67 68 69 70 71 72 73 74 75 77 79 80 81 82 83 84 85 86 87 88 89 90 91 93 94 95 96 97 98 99
12 c 57 48 94 307 547 10 23 24 13 14 15 17 18 19 20 22 23 25 26 27 28 30 31 33 34 36 37 39 41 42 43 44 45 46 47 48 49 50 51 52 54 57 59 62 64 65 66 68 71 73 75 77 78 82 84 85 86 87 88 89 90 91 92 93 94 95 96 98 99
13 c 28 18 94 314 554 10 26 30 14 15 20 22 23 25 26 27 30 31 34 36 37 39 43 45 46 47 48 49 50 51 52 53 59 60 61 62 63 64 66 67 68 69 70 71 72 74 77 78 79 80 83 84 85 86 87 89 92 93 94 95 97 100
14 c 10 43 94 323 563 10 9 11 15 16 19 21 22 23 25 28 31 32 35 37 39 40 41 43 44 49 50 51 53 54 55 56 57 58 59 61 62 63 64 65 66 68 69 70 71 72 73 75 76 78 79 80 81 82 83 84 85 86 87 88 90 92 93 94 96 98 99 100
15 c 55 60 94 329 569 10 16 23 16 17 18 20 21 23 24 25 26 27 28 29 30 31 32 33 34 35 37 38 40 41 42 43 44 45 47 48 50 51 53 54 58 59 60 61 62 63 64 65 67 69 70 71 73 74 75 76 78 80 83 85 86 87 88 89 90 91 92 94 95 96 97 98 99 100
16 c 37 31 94 332 572 10 14 16 17 20 21 22 23 24 26 27 28 29 32 33 34 35 39 41 42 43 44 47 48 49 54 55 56 57 58 59 60 61 62 64 65 67 68 70 71 72 76 79 81 82 83 84 85 87 88 90 91 93 94 95 96 97 98 99 100
17 c 11 31 94 354 594 10 7 6 18 19 20 21 22 23 24 25 26 28 30 31 33 34 39 40 41 42 43 44 47 48 49 50 51 52 54 55 56 58 59 63 65 66 67 68 69 70 71 72 73 75 76 77 78 80 81 82 83 85 86 91 94 95 97 99 100
18 c 63 23 379 560 800 10 2 1 19 21 24 25 26 27 28 32 33 35 38 39 41 42 43 45 48 49 50 51 54 55 56 57 59 60 61 63 66 70 71 72 75 76 77 79 81 83 85 86 87 89 91 93 95 96 97 98 99 100
19 c 55 20 379 620 860 10 19 20 20 21 22 25 26 27 28 29 31 32 33 34 35 36 37 38 39 40 41 42 43 46 49 50 51 52 53 56 57 58 60 61 63 64 66 69 70 71 72 74 75 76 78 80 81 82 83 84 85 86 88 90 93 94 95 98 99
20 c 46 13 379 622 862 10 8 15 21 25 26 28 30 31 32 33 35 36 38 39 44 45 47 48 49 51 53 54 55 58 62 64 65 66 67 69 70 71 72 73 75 76 77 78 81 83 86 87 88 89 90 91 92 94 95 96 97 98 99 100
21 c 30 25 379 639 879 10 23 30 22 23 24 25 27 28 29 31 32 36 38 39 42 44 45 46 47 48 49 51 52 53 54 56 57 58 60 61 62 63 64 65 66 68 70 71 73 75 77 80 83 84 85 86 90 92 94 95 96 97 98
22 c 62 77 440 0 940 10 20 26 26 27 29 30 31 33 34 35 36 37 39 42 43 44 45 46 52 53 54 56 59 60 61 62 64 66 68 69 71 73 74 75 77 78 79 80 81 82 83 85 86 87 88 89 90 91 92 93 95 96 97 99 100
23 c 15 77 443 0 943 10 9 6 24 26 30 32 36 37 38 40 41 42 43 44 45 46 47 48 49 50 53 55 56 57 58 59 60 64 65 66 68 70 71 74 76 77 79 81 82 86 87 88 89 90 92 93 94 95 96 98 100
24 c 6 68 446 0 946 10 30 28 25 27 28 29 30 31 32 33 34 37 38 39 40 41 42 43 44 45 46 47 49 50 52 54 55 58 61 62 63 64 68 71 73 74 75 76 77 78 79 80 82 83 84 85 86 87 88 89 90 91 92 93 94 95 96 98 99
25 c 2 60 448 0 948 10 5 1 26 28 29 30 32 33 34 36 37 38 40 42 45 46 47 48 52 53 55 58 59 60 61 62 64 65 66 69 70 71 73 74 75 76 77 78 80 81 82 84 85 87 88 89 90 93 95 96
26 c 63 65 450 0 948 10 8 1 28 31 32 33 35 36 37 38 39 41 45 46 49 50 51 52 53 54 60 61 63 64 65 66 67 68 69 71 72 74 76 77 78 79 80 81 82 83 84 85 86 87 88 92 93 97 100
27 c 49 73 450 0 949 10 25 23 28 29 30 31 32 33 34 36 37 38 39 40 43 44 45 46 49 50 53 56 57 58 59 60 62 63 64 65 66 68 69 70 72 73 74 76 77 78 80 81 82 84 85 86 87 88 89 92 94 95 96 97 98 99
28 c 57 68 450 0 950 10 15 17 29 32 33 34 35 37 39 42 43 45 46 47 48 49 51 52 54 57 59 62 65 66 67 69 71 74 75 76 77 78 79 80 81 82 83 84 87 88 89 90 91 92 93 94 95 97 98 99 100
29 c 65 55 453 0 953 10 14 9 31 34 35 37 41 42 43 44 46 48 49 50 51 52 53 55 57 59 60 61 62 64 66 68 69 72 73 74 75 76 77 78 79 80 81 82 83 84 85 86 87 88 90 95 98 100
30 c 2 48 454 0 954 10 1 1 31 33 34 36 37 38 39 40 41 42 43 45 46 47 48 49 50 53 54 55 56 57 58 59 62 63 65 67 68 69 72 74 77 80 84 85 86 88 89 90 91 92 95 96 97 98 100
31 c 4 18 454 0 954 10 35 43 32 33 34 35 37 38 39 40 41 42 43 45 46 47 48 50 52 56 57 59 61 63 65 67 68 69 70 71 72 73 74 75 76 77 79 80 81 82 83 84 85 87 89 90 92 93 94 95 96 97 98 99
32 c 23 3 455 0 955 10 7 5 34 35 37 38 39 40 41 43 44 46 48 49 51 52 53 55 57 58 60 64 65 66 67 68 69 70 71 73 74 80 81 82 85 86 87 89 90 91 92 93 94 96 97 98 99 100
33 c 8 56 455 0 955 10 27 32 34 35 37 38 40 41 42 43 45 46 47 49 50 51 52 53 54 55 57 58 59 61 64 66 69 70 71 75 76 77 78 79 81 84 85 86 88 89 91 92 93 94 95 96 97 99
34 c 27 69 455 0 955 10 10 1 35 36 37 38 41 45 47 48 49 50 51 53 54 55 56 58 59 61 62 63 66 67 68 71 72 73 74 75 76 81 82 83 85 86 87 89 90 91 92 94 96 99 100
35 c 60 12 456 0 956 10 31 26 36 37 38 39 40 42 45 46 48 49 50 51 52 53 54 55 56 58 59 61 62 63 64 65 67 68 71 72 73 76 79 80 82 83 84 85 86 87 88 89 90 91 92 94 96 97 98 99 100
36 c 65 20 456 716 956 10 6 11 37 38 40 42 44 46 47 49 50 51 52 53 54 55 56 57 58 59 61 62 66 67 69 70 71 72 75 76 77 79 82 84 87 88 92 93 94 95 96 97 99 100
37 c 35 69 456 0 956 10 23 16 38 39 40 43 46 47 49 51 52 55 56 57 58 59 61 62 64 65 71 74 75 76 77 80 82 83 85 86 87 88 89 90 91 92 94 95 96 97 99 100
38 c 15 60 457 0 957 10 17 14 39 40 41 42 43 45 46 47 48 49 50 52 55 56 57 58 59 60 62 63 64 65 67 69 70 71 75 76 77 78 79 81 82 83 84 85 87 90 91 92 93 97 98 99
39 c 15 10 457 0 957 10 20 14 43 44 45 46 47 48 49 50 52 53 54 55 56 57 58 59 60 62 63 64 65 66 67 68 69 70 71 72 73 74 76 77 79 80 81 83 84 85 94 95 97 98 99
40 c 31 67 457 0 957 10 3 1 41 42 43 44 45 46 47 48 49 50 51 52 53 54 55 56 57 59 60 63 64 65 66 68 69 70 72 73 75 76 77 78 80 81 82 83 85 86 87 88 89 90 91 92 94 95 97 99 100
41 c 45 65 458 0 958 10 9 11 44 45 46 47 48 49 50 51 53 55 57 59 60 62 64 65 68 69 70 72 75 76 78 80 82 83 84 87 89 90 91 92 93 94 95 96 97 99 100
42 c 61 52 458 0 958 10 3 1 43 44 45 46 47 51 53 54 55 57 58 61 62 63 64 66 70 71 73 74 75 76 77 78 79 80 81 82 83 84 87 88 90 92 93 94 95 96 97 98 99
43 c 5 30 459 0 959 10 2 1 44 45 47 48 49 51 53 54 55 56 57 58 59 60 62 64 65 66 67 69 70 71 73 74 76 77 79 80 82 83 84 87 89 92 96 98 100
44 c 53 12 460 0 960 10 6 1 45 46 47 48 52 53 54 55 62 64 65 66 67 69 70 72 73 75 76 77 79 80 82 86 87 88 89 91 92 94 95 96 97 100
45 c 64 42 460 0 960 10 9 2 46 47 48 49 50 52 54 55 56 57 58 59 60 64 65 66 67 68 71 72 73 75 77 78 79 80 81 82 83 84 87 88 89 92 93 95 97 100
46 c 65 35 460 0 960 10 3 7 48 49 50 51 52 53 54 55 57 58 59 60 61 62 63 64 66 67 68 69 70 73 74 75 77 79 80 83 84 88 89 91 92 93 95 96 97 98
47 c 10 20 460 0 960 10 19 26 48 51 52 53 54 56 57 58 59 60 61 62 64 65 66 67 68 69 71 72 73 74 76 78 80 81 83 84 86 89 90 91 92 93 94 95 97 98 99 100
48 c 6 38 460 0 960 10 16 26 49 50 51 54 57 58 61 62 66 67 69 70 71 74 75 76 77 78 80 81 84 85 89 90 94 96 97 99 100
49 c 42 7 461 0 961 10 5 9 50 52 54 55 56 57 58 60 61 62 63 64 65 69 70 71 73 75 76 77 78 79 81 82 83 84 85 87 89 90 91 92 95 96 97 98 99 100
50 c 13 52 462 0 962 10 36 26 51 52 53 54 55 56 57 58 59 60 62 63 64 65 66 68 69 72 73 74 75 76 77 79 80 82 83 84 85 86 88 89 90 92 94 95 97 98 100
51 c 49 11 462 0 962 10 18 9 52 53 55 56 57 58 59 60 61 63 64 65 66 68 69 70 71 72 73 74 75 76 77 79 80 83 84 85 86 88 89 90 92 93 95 97 98 99 100
52 c 55 54 463 0 962 10 26 24 56 58 59 62 66 68 69 71 73 75 79 80 81 84 85 86 87 88 90 91 94 96 98 99 100
53 c 49 58 463 0 963 10 10 1 54 55 56 58 62 63 64 65 66 67 68 69 70 72 73 75 77 79 80 81 82 83 85 86 89 90 91 92 93 94 95 96 98 99 100
54 c 45 10 463 0 963 10 18 24 55 57 59 60 62 63 64 65 66 67 69 70 71 72 74 76 79 80 81 82 85 87 91 93 94 95 96 97
55 c 24 12 464 0 964 10 5 10 57 59 61 62 64 65 67 68 69 70 76 77 78 79 80 81 82 83 84 85 86 87 88 89 91 93 94 95 96 97 98 99 100
56 c 40 60 464 0 964 10 21 31 57 58 60 62 63 64 67 68 69 70 71 72 73 74 76 77 78 79 85 87 88 89 90 91 92 93 94 95 96 97 99
57 c 30 60 464 0 964 10 16 12 58 59 60 61 62 64 65 66 68 69 70 71 72 73 75 76 77 78 80 81 83 84 88 90 91 93 94 95 96 97 99 100
58 c 15 19 464 0 964 10 1 2 59 60 61 62 65 66 68 69 70 72 73 74 75 76 80 81 82 83 84 86 88 89 90 91 92 93 96 97 98 99 100
59 c 12 24 464 0 964 10 13 22 60 61 62 64 65 67 68 70 71 73 76 78 80 81 83 84 86 87 88 89 90 91 92 95 99
60 c 18 18 465 725 965 10 17 21 62 63 64 65 67 68 71 72 73 74 77 78 80 81 82 84 86 88 89 91 92 93
61 c 53 52 465 0 965 10 11 4 62 64 66 67 68 70 71 72 73 74 76 77 78 80 82 83 85 87 88 89 90 91 93 94 95 96 97 98 99 100
62 c 32 12 466 0 966 10 7 7 63 64 65 66 67 69 70 71 72 73 75 77 78 79 81 82 83 84 85 86 87 89 92 93 94 96 97 98 99 100
63 c 16 22 466 0 966 10 41 41 64 66 67 69 70 71 72 73 74 75 76 78 80 81 82 83 84 86 87 88 90 91 92 94 95 96 99 100
64 c 15 47 466 0 966 10 16 18 67 68 69 70 71 73 74 75 76 77 78 80 83 84 87 88 89 90 91 93 94 95 96 97 98
65 c 47 16 467 0 967 10 25 35 66 67 69 70 71 73 75 76 77 78 80 81 82 83 85 86 89 91 92 93 95 97 98 99
66 c 57 29 467 0 967 10 18 20 67 68 69 70 72 73 75 77 80 81 82 83 84 85 86 88 90 91 92 93 94 96 97 98
67 c 55 45 467 0 967 10 13 12 68 69 70 72 73 76 77 78 80 82 84 89 90 91 92 93 94 95 96 99 100
68 c 20 50 468 0 968 10 5 1 69 71 72 73 75 76 77 78 80 86 87 89 91 93 94 96 98 99
69 c 37 56 468 0 968 10 5 2 70 71 72 73 74 75 78 79 82 83 89 90 91 94 95 96 98 99 100
70 c 56 37 468 0 968 10 6 10 72 74 76 77 78 79 80 81 86 87 90 91 93 94 95 96 99 100
71 c 20 20 468 0 968 10 8 15 72 74 75 77 78 79 80 81 82 84 85 86 87 88 90 91 92 93 94 96 97 98 99
72 c 19 21 468 0 968 10 10 11 75 77 81 82 83 84 86 87 88 89 90 91 94 96 97 98 99 100
73 c 56 39 468 0 968 10 36 39 74 75 77 78 79 80 81 82 83 84 85 86 87 88 91 94 95 97 98 100
74 c 14 37 468 0 968 10 11 14 75 77 78 79 80 83 84 85 86 88 89 91 93 95 96 98 99 100
75 c 44 17 469 0 969 10 9 12 76 77 78 79 81 83 85 86 87 88 89 91 94 96 100
76 c 18 24 469 0 969 10 22 30 77 79 80 83 85 87 88 89 90 93 94 95 97
77 c 15 30 469 0 969 10 26 24 78 79 81 82 83 86 90 91 92 96 97 98 99 100
78 c 26 52 470 0 970 10 9 4 79 82 83 85 86 87 88 89 90 92 95 96 99 100
79 c 53 43 470 730 970 10 14 8 80 81 82 83 84 85 86 87 89 90 92 94 95 96 98 99
80 c 45 20 471 0 971 10 11 2 81 84 86 87 88 89 90 91 94 98 100
81 c 17 34 471 0 971 10 3 3 83 84 85 87 89 90 91 93 97 99 100
82 c 35 17 472 0 972 10 7 8 84 86 87 88 89 90 92 93 94 95 96 98 100
83 c 25 21 472 0 972 10 12 14 84 85 86 87 90 91 92 93 94 95 96 97 98 100
84 c 21 24 472 0 972 10 28 20 85 86 87 88 89 90 92 93 96 98 99
85 c 31 52 472 0 972 10 27 37 86 87 88 89 93 95 96 98 100
86 c 47 47 473 0 973 10 13 21 87 89 93 94 95 96 97 98 99
87 c 20 40 474 0 974 10 12 12 88 89 90 91 92 95 96 97 98 99 100
88 c 41 49 474 0 974 10 10 18 90 91 92 96 97 98 99
89 c 22 27 474 0 974 10 11 6 90 94 95 96 97 98
90 c 25 24 475 0 975 10 20 14 91 92 93 94 96 98 99 100
91 c 50 35 475 0 975 10 19 29 93 94 95 96 98 99 100
92 c 26 27 477 0 977 10 27 20 95 96 99
93 c 25 30 478 0 978 10 3 10 95 96 97 100
94 c 45 30 478 0 978 10 17 13 95 97 98 99
95 c 40 25 478 0 978 10 9 14 98 100
96 c 27 43 478 0 978 10 9 6 98 100
97 c 36 26 480 740 980 10 18 19 98 99 100
98 c 26 35 481 0 981 10 15 24 99 100
99 c 41 37 483 0 983 10 16 22 100
100 c 35 40 485 0 985 10 16 26

