StringID Type x y release ReadyTime DueDate ServiceTime weight volume Item_Conflitante1 Item_Conflitante2 Item_Conflitante3 Item_Conflitante4 Item_Conflitante5 Item_Conflitante6 Item_Conflitante7 Item_Conflitante8 Item_Conflitante9 Item_Conflitante10 Item_Conflitante11 Item_Conflitante12 Item_Conflitante13 Item_Conflitante14 Item_Conflitante15 Item_Conflitante16 Item_Conflitante17 Item_Conflitante18 Item_Conflitante19 Item_Conflitante20 Item_Conflitante21 Item_Conflitante22 Item_Conflitante23 Item_Conflitante24 Item_Conflitante25 Item_Conflitante26 Item_Conflitante27 Item_Conflitante28 Item_Conflitante29 Item_Conflitante30 Item_Conflitante31 Item_Conflitante32 Item_Conflitante33 Item_Conflitante34 Item_Conflitante35 Item_Conflitante36 Item_Conflitante37 Item_Conflitante38 Item_Conflitante39 Item_Conflitante40 Item_Conflitante41 Item_Conflitante42 Item_Conflitante43 Item_Conflitante44 Item_Conflitante45 Item_Conflitante46 Item_Conflitante47 Item_Conflitante48 Item_Conflitante49 Item_Conflitante50 Item_Conflitante51 Item_Conflitante52 Item_Conflitante53 Item_Conflitante54 Item_Conflitante55 Item_Conflitante56 Item_Conflitante57 Item_Conflitante58 Item_Conflitante59 Item_Conflitante60 Item_Conflitante61 Item_Conflitante62 Item_Conflitante63 Item_Conflitante64 Item_Conflitante65 Item_Conflitante66 Item_Conflitante67 Item_Conflitante68 Item_Conflitante69 Item_Conflitante70 Item_Conflitante71 Item_Conflitante72 Peso_Total Volume_Total
0 d 40 50 0 0 1236 0 0 0                                                                         200 200
1 c 2 40 11 357 460 90 20 20 3 4 5 8 9 10 11 12 13 14 15 16 17 18 19 22 23 24 26 27 30 31 38 39 40 42 43 44 45 46 48 49 50 51 53 54 56 58 59 60 62 64 65 67 68 69 70 71 72 73 75 76 79 80 82 84 86 88 89 90 91 94 95 96 98 99 100
2 c 0 40 11 457 544 90 30 27 4 5 6 7 8 10 12 13 14 15 16 18 20 21 22 24 25 26 27 28 30 31 32 33 34 35 36 38 39 41 42 43 44 46 49 50 54 55 56 57 60 61 62 63 66 67 68 69 72 73 74 75 76 77 78 79 80 81 82 83 84 85 86 87 91 93 94 95 96 97 99 100
3 c 35 30 11 236 349 90 10 12 4 5 6 7 8 9 10 11 12 13 16 17 18 19 24 27 28 30 31 32 33 34 35 37 38 39 40 41 42 44 49 51 53 55 56 58 60 61 62 63 64 65 66 67 68 69 71 72 73 74 77 79 81 82 83 85 86 90 91 92 95 96 98 99 100
4 c 35 32 11 132 269 90 10 9 7 8 9 11 12 14 15 16 18 19 22 24 25 26 27 30 32 33 35 39 40 41 42 43 44 45 47 48 49 50 51 52 53 54 56 57 59 60 63 64 65 66 67 71 72 73 74 75 77 78 79 81 82 83 85 87 88 89 91 92 93 94 96 98 99
5 c 33 32 11 27 190 90 20 11 7 9 10 11 13 14 15 16 17 18 19 21 22 24 25 26 28 29 30 32 34 36 37 40 41 42 43 44 45 47 48 51 53 55 56 57 59 60 63 65 66 68 69 70 71 72 73 74 75 76 78 79 82 83 86 87 90 91 92 93 94 95 96 97 99 100
6 c 33 35 11 16 144 90 10 10 7 12 13 14 15 16 17 18 21 23 24 25 26 27 28 29 30 33 34 35 37 39 40 41 42 44 48 50 53 55 56 60 61 65 66 69 71 74 75 76 77 79 80 81 82 85 87 88 89 90 91 92 93 95 96 97 99 100
7 c 32 30 11 332 439 90 10 5 8 9 10 11 12 13 14 15 16 19 20 22 23 24 25 26 27 28 29 30 32 33 34 35 36 37 38 40 42 44 46 47 49 50 52 56 57 62 63 64 65 67 69 70 71 72 73 74 75 76 77 78 79 80 81 82 84 86 88 89 90 91 93 94 95 96 99 100
8 c 30 32 11 417 540 90 30 30 10 11 13 15 16 17 18 19 20 21 22 23 24 25 28 29 31 33 34 35 37 39 40 41 44 47 48 51 52 53 54 55 56 57 58 61 65 66 69 72 74 75 77 78 79 80 81 82 83 84 86 88 89 92 93 94 95 96 97 98 99 100
9 c 60 55 11 20 148 90 10 18 11 12 14 17 18 19 20 21 22 23 24 25 26 28 30 31 32 33 34 35 36 37 40 41 42 46 48 49 50 52 53 56 57 58 59 61 64 65 66 69 73 74 77 78 80 81 82 83 84 86 88 89 91 92 94 99 100
10 c 65 55 11 56 173 90 20 19 11 12 13 15 16 19 20 22 24 25 26 28 30 31 32 34 35 36 38 40 41 44 45 46 47 48 50 51 52 53 56 57 58 61 66 68 70 71 72 73 74 76 77 80 81 82 85 86 88 89 91 94 96 98 99 100
11 c 66 55 11 141 270 90 10 7 12 13 14 16 18 19 20 22 23 24 27 28 29 30 31 32 33 35 36 37 39 40 42 43 44 47 50 51 53 58 59 60 61 62 63 64 65 66 69 70 71 72 73 75 77 78 79 80 81 83 84 85 86 87 89 90 91 96 97 98 100
12 c 44 5 11 255 378 90 20 20 13 15 21 24 25 26 27 28 31 32 33 35 36 37 39 40 41 42 43 45 47 48 49 50 51 52 53 55 56 57 58 59 60 61 62 66 68 69 71 76 78 79 81 82 83 84 85 86 87 90 91 92 93 95 96 99 100
13 c 42 10 11 150 293 90 40 33 15 16 18 19 21 22 23 24 25 27 28 29 30 31 32 33 34 38 39 40 41 42 46 47 49 50 56 57 58 59 60 62 63 64 66 68 69 72 73 74 75 77 78 80 81 83 84 86 87 88 89 90 91 92 94 96 97 98 99 100
14 c 42 15 11 63 190 90 10 17 15 16 17 18 19 22 24 25 26 27 28 29 33 34 35 38 39 40 41 42 45 46 48 51 53 54 55 56 57 59 60 61 62 63 64 66 67 70 71 74 75 80 81 82 84 85 86 87 88 89 90 91 93 94 95 97 98 100
15 c 40 5 11 359 462 90 30 39 16 17 18 20 21 23 24 25 27 28 29 30 31 32 33 34 35 36 38 39 41 42 44 45 46 48 50 52 53 55 56 59 60 63 64 66 67 69 71 73 74 75 76 80 81 82 83 84 85 86 88 89 90 91 94 96 97 99 100
16 c 40 15 11 35 140 90 40 48 19 21 22 23 24 25 26 27 28 30 31 34 35 36 37 39 40 41 42 44 46 48 50 51 52 53 54 56 57 58 59 60 61 62 63 64 66 69 70 71 74 75 76 77 79 82 83 85 86 88 90 91 93 95 96 98 99 100
17 c 38 5 11 439 566 90 30 39 18 19 20 22 23 25 26 27 29 30 31 32 34 35 37 38 39 40 43 44 45 46 47 48 49 50 51 52 53 54 56 57 58 60 61 62 63 65 66 67 69 70 71 72 74 75 76 78 79 82 83 84 89 91 92 93 94 97 100
18 c 90 35 11 175 288 90 10 2 19 21 24 28 29 30 31 33 34 35 36 38 39 40 41 43 44 45 46 47 48 49 50 51 52 53 54 55 57 58 59 61 62 63 65 69 70 71 72 73 74 75 76 78 79 80 81 85 86 89 90 92 93 94 96 97 98 99 100
19 c 53 35 11 323 442 90 50 47 20 21 22 24 26 27 28 29 30 31 33 34 35 36 37 38 39 40 41 42 44 45 46 48 49 51 52 54 55 56 58 59 61 65 66 67 68 72 74 75 77 79 80 82 84 85 86 87 89 90 92 93 94 95 96 97 99 100
20 c 92 30 11 442 587 90 10 7 21 22 23 25 27 28 29 30 33 34 35 36 38 39 40 41 42 43 45 46 47 50 52 53 54 56 57 58 59 60 61 62 63 64 65 66 67 68 70 71 72 74 75 76 79 80 81 85 87 89 91 92 94 95 96 98 99
21 c 53 30 11 422 533 90 10 1 22 23 28 29 34 36 38 39 40 41 42 47 49 50 51 52 53 54 55 58 59 60 62 64 65 66 67 68 69 70 71 72 73 74 75 76 77 78 79 80 81 83 84 85 87 88 89 90 92 93 94 95 98 99
22 c 95 35 11 260 393 90 20 17 23 25 26 30 31 32 33 35 38 40 41 42 44 45 46 47 48 49 54 55 57 59 60 61 62 64 66 67 68 69 70 71 72 73 75 76 77 80 81 82 83 84 85 86 87 89 90 91 93 94 95 96 97 100
23 c 95 30 11 353 490 90 30 32 25 26 27 28 29 30 31 33 35 36 38 39 41 42 43 44 45 46 47 49 50 51 53 55 57 58 60 61 62 63 64 65 66 68 73 75 76 79 82 84 85 86 87 88 91 92 93 94 96 97 98 99 100
24 c 5 35 11 252 375 90 10 2 25 26 27 28 29 30 32 33 34 35 36 38 39 40 41 42 44 45 46 47 48 49 51 52 54 55 58 59 60 61 65 67 68 69 70 71 72 75 76 77 80 82 83 84 85 86 87 88 90 91 92 93 94 95 96 98 99
25 c 85 35 11 47 201 90 30 28 26 29 30 33 34 36 37 40 41 42 43 45 46 47 50 51 52 53 54 55 57 58 59 60 64 66 67 68 71 73 75 76 77 78 80 82 83 84 85 86 87 88 90 91 92 93 95 97 99
26 c 47 40 11 12 143 90 10 17 29 31 35 36 38 42 43 45 46 47 48 49 50 51 54 55 56 57 58 61 62 64 65 66 67 68 69 71 72 73 75 77 78 79 80 82 83 85 86 87 90 91 92 94 96 97 98 99 100
27 c 72 55 11 228 375 90 10 2 30 32 33 34 36 37 40 41 42 44 47 48 50 53 55 56 57 58 59 60 61 63 66 67 68 69 71 72 75 76 77 79 80 81 82 84 88 89 90 91 94 95 98 99 100
28 c 48 40 11 50 155 90 10 2 30 32 34 37 38 39 40 42 43 44 47 48 49 50 51 52 53 54 56 57 59 60 61 62 64 66 69 70 71 72 73 74 75 76 78 80 81 82 83 85 86 87 89 90 91 92 93 95 96 98
29 c 50 40 11 147 242 90 50 40 30 31 32 33 35 36 37 39 40 41 43 44 45 46 48 49 50 51 52 53 54 55 58 59 60 62 63 64 66 67 68 69 72 73 74 75 76 77 78 79 81 82 83 87 90 92 95 96 98 100
30 c 50 35 11 235 344 90 20 30 31 32 33 34 35 37 38 39 40 41 42 43 44 46 49 50 51 52 53 54 55 56 58 59 61 62 64 65 66 68 69 70 71 72 73 75 76 78 80 83 85 87 89 90 91 92 96 99
31 c 70 58 11 425 556 90 20 10 32 33 34 36 40 42 43 44 45 48 50 51 52 54 55 56 58 60 61 63 65 66 67 69 71 72 73 75 76 78 79 80 83 85 86 87 88 89 91 92 93 94 95 96 97 99 100
32 c 75 55 11 344 445 90 20 19 33 34 35 36 37 38 39 41 42 43 44 46 47 48 49 50 51 52 53 54 56 57 60 61 62 64 65 66 67 68 69 72 73 79 80 83 85 88 90 92 94 95 96 97 98 99 100
33 c 67 85 11 331 478 90 20 21 34 35 36 39 43 46 47 48 49 51 53 54 55 56 59 60 61 66 67 68 69 70 72 76 77 78 79 81 82 83 84 87 89 90 91 92 93 96 99 100
34 c 88 35 11 78 201 90 20 25 35 36 38 41 42 43 46 47 48 49 51 54 55 56 58 59 60 62 65 66 67 69 73 74 78 79 80 81 82 83 86 87 89 91 92 93 94 95 96 97 98 99 100
35 c 10 40 11 31 170 90 30 35 36 38 41 42 44 45 47 49 50 51 52 54 57 58 59 60 61 62 63 64 66 67 68 69 71 73 74 75 76 77 78 80 81 82 85 87 89 90 92 95 96 97 98
36 c 58 75 11 30 139 90 20 14 37 38 39 40 43 46 49 51 52 53 55 56 57 58 59 60 61 62 63 64 66 67 68 69 72 74 76 78 81 82 85 86 89 90 91 92 95 96 97 98 99 100
37 c 42 66 11 25 186 90 10 3 38 39 40 41 43 45 46 47 48 49 50 52 53 54 55 57 58 59 62 65 66 67 70 71 72 73 76 77 78 79 82 83 84 86 88 90 91 92 93 94 96 98
38 c 60 80 11 64 187 90 10 16 41 42 48 51 52 55 56 57 60 61 62 64 65 66 67 69 70 72 73 75 76 77 79 80 81 82 83 86 88 91 92 93 96 97 98 99 100
39 c 42 65 11 15 120 90 10 10 40 41 42 43 44 45 46 47 49 51 53 54 57 59 60 61 62 63 64 67 68 69 70 71 72 73 74 75 76 77 78 80 81 82 83 85 86 87 88 89 90 91 92 93 95 96 97 98 99 100
40 c 40 66 11 142 253 90 20 12 42 43 44 46 48 49 50 52 53 54 55 56 57 59 61 62 64 65 66 68 69 70 71 72 73 74 75 76 79 80 81 82 83 84 87 88 89 91 93 94 95 96 97 98 99
41 c 38 68 11 220 359 90 20 26 42 44 46 47 48 50 52 53 56 57 58 59 61 63 64 65 66 69 71 72 73 74 75 76 77 80 81 84 85 86 88 89 90 91 92 93 95 96 97 98
42 c 35 66 11 331 436 90 10 5 44 47 48 49 51 52 53 54 55 56 58 59 60 62 63 64 66 67 69 70 71 73 75 76 77 78 80 81 82 83 84 85 86 87 88 89 91 93 94 95 96 97 98 99 100
43 c 35 69 11 420 533 90 10 5 45 47 49 50 51 54 57 58 61 63 66 67 68 70 71 74 75 76 77 78 79 82 83 85 86 87 88 89 90 91 94 98 99 100
44 c 22 75 11 30 155 90 30 24 48 50 51 52 53 54 55 56 58 59 61 62 63 67 68 69 70 71 72 73 74 75 76 77 78 82 83 84 85 89 91 92 93 94 95 97 99 100
45 c 20 80 11 362 451 90 40 34 46 48 49 50 51 52 54 57 58 59 60 61 65 66 67 68 69 72 74 75 77 79 81 83 84 87 88 89 91 92 93 94 96 97 99 100
46 c 20 85 11 448 555 90 40 40 47 48 49 50 51 52 53 54 55 58 59 60 62 63 65 66 67 70 72 73 74 75 78 79 80 81 82 83 84 86 88 90 91 92 94 95 97 98 99 100
47 c 8 40 11 52 193 90 40 39 48 49 50 51 52 55 56 57 58 59 60 61 62 63 65 66 68 69 71 73 76 77 78 85 87 89 90 92 95 98
48 c 15 75 11 142 291 90 20 13 50 52 53 54 55 56 57 58 59 60 64 65 66 68 69 70 71 72 74 78 80 82 83 85 86 88 90 93 94 95 98 99 100
49 c 15 80 11 244 379 90 10 16 50 51 53 54 55 57 58 59 60 63 64 68 69 70 74 76 77 78 79 80 81 82 83 84 85 86 89 90 91 92 93 95 97 98 99
50 c 30 50 11 10 137 90 10 19 52 53 54 56 58 59 60 62 63 66 71 72 73 75 78 81 82 83 85 87 88 90 91 92 94 95 96 97 98 99 100
51 c 18 75 11 75 172 90 20 19 52 53 54 56 57 58 59 60 61 63 65 66 69 72 73 74 76 80 81 82 83 84 85 86 87 89 91 92 93 94 95 96 97 98 99 100
52 c 65 82 11 260 361 90 10 4 53 54 56 60 62 63 65 66 68 71 74 75 76 77 78 80 81 83 84 86 87 88 90 91 93 94 95 96 97 98
53 c 10 35 11 181 256 90 20 16 54 55 58 62 64 65 66 67 70 71 73 74 75 76 77 78 82 83 84 85 90 91 92 93 94 97 99 100
54 c 65 85 11 453 540 90 40 34 56 58 60 61 63 65 66 67 69 70 73 74 75 77 78 81 82 83 84 85 88 89 90 91 92 93 94 95 97 99 100
55 c 25 50 11 25 184 90 10 17 57 58 60 61 62 63 64 65 66 67 68 70 71 72 74 75 76 77 80 81 84 85 87 89 90 92 95 96 98 99 100
56 c 20 55 11 422 531 90 10 1 57 58 61 63 65 66 70 71 72 73 75 76 78 80 81 82 83 84 85 86 88 89 90 91 92 93 94 95 97 98 99 100
57 c 25 52 11 142 251 90 40 40 58 59 61 62 63 67 68 71 72 73 74 75 76 78 79 80 81 82 83 85 87 88 89 90 91 92 93 94 95 96 99 100
58 c 20 50 11 335 428 90 10 19 59 60 61 63 69 70 71 72 73 74 75 76 78 80 81 82 83 84 88 89 92 93 95 99 100
59 c 23 55 11 523 616 90 20 27 60 61 63 64 66 68 70 72 73 74 77 79 82 83 84 85 87 89 91 92 94 95 96 97 98 99
60 c 62 80 11 174 261 90 30 26 61 64 65 66 67 68 70 71 72 74 75 77 78 80 83 84 85 87 88 90 92 93 94 95 96 97 98 100
61 c 23 52 11 234 343 90 10 5 62 63 64 65 68 69 70 71 72 73 74 75 76 78 80 81 82 83 84 85 87 88 89 91 92 93 95 99
62 c 30 30 11 512 629 90 10 9 63 64 66 67 68 69 71 72 73 74 76 78 79 80 81 82 83 84 85 86 87 88 89 90 93 94 95 96 97 100
63 c 68 60 275 527 640 90 30 33 64 65 72 74 77 78 80 83 84 86 88 89 91 92 93 95 96 97
64 c 38 70 275 499 640 90 10 17 69 70 73 74 76 77 79 82 85 86 89 91 92 93 94 95 99 100
65 c 22 85 275 541 646 90 10 5 66 67 68 69 70 71 72 74 76 77 78 81 82 84 85 86 87 88 89 90 91 92 93 94 95 96 98
66 c 50 30 275 491 650 90 10 1 67 68 69 70 71 72 73 74 76 77 80 81 83 88 89 90 91 92 93 94 95 96 97 99
67 c 60 85 275 531 652 90 30 27 68 69 70 72 73 76 78 79 81 82 83 85 86 87 88 89 90 91 93 94 97 99 100
68 c 0 45 275 538 653 90 20 18 69 70 71 73 74 75 77 78 81 82 84 85 86 87 88 89 92 95 96 97 98 99
69 c 35 5 275 529 662 90 20 12 70 71 72 73 74 75 77 79 80 81 83 84 85 86 87 88 90 91 92 95 97 99 100
70 c 88 30 275 539 678 90 10 14 71 72 73 74 76 78 79 82 83 84 85 87 88 89 91 93 95 97 98 100
71 c 28 30 275 601 724 90 10 13 72 73 74 75 77 79 80 81 82 83 84 87 88 89 90 92 93 95 99 100
72 c 48 30 275 601 724 90 10 17 74 75 76 77 78 79 80 81 82 83 84 85 86 87 88 90 92 94 95 98 99 100
73 c 65 60 275 614 739 90 30 28 74 75 76 77 80 81 82 83 84 85 86 87 89 90 93 96 97 98 100
74 c 25 55 275 582 741 90 10 17 78 79 82 83 84 85 86 87 90 91 93 94 95 98 99 100
75 c 5 45 275 639 742 90 10 14 76 77 78 79 80 81 82 84 85 86 87 88 89 90 92 94 95 99 100
76 c 40 69 275 580 743 90 20 27 77 78 80 81 84 87 88 90 91 94 95 96 97 99 100
77 c 25 85 275 617 756 90 20 24 78 79 80 81 84 86 87 89 90 93 94 95 96 98 99
78 c 87 30 275 636 763 90 10 1 80 81 83 84 85 88 91 92 93 94 97 98 99 100
79 c 55 85 275 608 765 90 20 22 80 81 83 84 85 86 90 95 97
80 c 38 15 275 607 784 90 10 10 81 83 85 91 92 93 96 97 98 99
81 c 45 30 275 712 799 90 10 5 83 84 85 86 87 88 89 91 92 93 94 96 98 99 100
82 c 28 55 275 709 800 90 10 8 87 91 92 93 95 97 98 99 100
83 c 42 68 275 699 810 90 10 15 84 85 87 88 89 90 93 96 97 98 100
84 c 25 30 275 695 816 90 10 1 86 88 89 90 91 93 95 97 99 100
85 c 63 58 275 705 834 90 10 20 86 87 88 93 95 96 100
86 c 85 25 275 744 845 90 10 13 87 88 92 93 94 95 96 99 100
87 c 8 45 275 719 848 90 20 28 90 91 92 93 94 95 96 97 99 100
88 c 55 80 275 705 858 90 10 1 90 91 94 99 100
89 c 45 70 275 802 893 90 30 21 90 91 92 94 96 97 98 99 100
90 c 47 35 380 802 899 90 10 11 91 93 94 95 96 97 98 99 100
91 c 26 32 380 783 912 90 10 18 94 96 97 98 99 100
92 c 60 60 380 809 916 90 10 4 93 94 95 96 97 99 100
93 c 28 52 380 776 919 90 20 28 96 98 99 100
94 c 30 52 380 888 991 90 20 14 95 97 98 100
95 c 45 68 380 885 994 90 10 4 96 97 98 99 100
96 c 45 35 380 889 996 90 10 8 98 100
97 c 25 35 380 883 998 90 10 8 98 99
98 c 28 35 480 969 1098 90 10 12
99 c 45 65 485 962 1103 90 20 28 100
100 c 30 35 509 982 1127 90 10 12

