StringID Type x y release ReadyTime DueDate ServiceTime weight volume Item_Conflitante1 Item_Conflitante2 Item_Conflitante3 Item_Conflitante4 Item_Conflitante5 Item_Conflitante6 Item_Conflitante7 Item_Conflitante8 Item_Conflitante9 Item_Conflitante10 Item_Conflitante11 Item_Conflitante12 Item_Conflitante13 Item_Conflitante14 Item_Conflitante15 Item_Conflitante16 Item_Conflitante17 Item_Conflitante18 Item_Conflitante19 Item_Conflitante20 Item_Conflitante21 Item_Conflitante22 Item_Conflitante23 Item_Conflitante24 Item_Conflitante25 Item_Conflitante26 Item_Conflitante27 Item_Conflitante28 Item_Conflitante29 Item_Conflitante30 Item_Conflitante31 Item_Conflitante32 Item_Conflitante33 Item_Conflitante34 Item_Conflitante35 Item_Conflitante36 Item_Conflitante37 Item_Conflitante38 Item_Conflitante39 Item_Conflitante40 Item_Conflitante41 Item_Conflitante42 Item_Conflitante43 Item_Conflitante44 Item_Conflitante45 Item_Conflitante46 Item_Conflitante47 Item_Conflitante48 Item_Conflitante49 Item_Conflitante50 Item_Conflitante51 Item_Conflitante52 Item_Conflitante53 Item_Conflitante54 Item_Conflitante55 Item_Conflitante56 Item_Conflitante57 Item_Conflitante58 Item_Conflitante59 Item_Conflitante60 Item_Conflitante61 Item_Conflitante62 Item_Conflitante63 Item_Conflitante64 Item_Conflitante65 Item_Conflitante66 Item_Conflitante67 Item_Conflitante68 Item_Conflitante69 Item_Conflitante70 Item_Conflitante71 Item_Conflitante72 Peso_Total Volume_Total
0 d 40 50 0 0 3390 0 0 0                                                                         700 700
1 c 5 35 90 666 1245 90 10 8 2 3 4 5 6 7 8 10 11 14 15 16 18 21 22 24 26 28 29 30 31 32 33 35 36 37 41 42 44 45 46 47 48 49 51 52 53 54 55 58 59 61 62 64 65 66 67 69 70 72 73 74 75 76 79 83 84 86 88 91 92 93 94 95 96 97
2 c 5 45 90 1076 1589 90 10 1 5 7 8 10 12 13 14 16 17 18 21 22 23 24 25 27 28 32 34 36 37 39 40 41 42 43 45 46 47 48 50 51 52 53 54 55 56 57 58 59 60 61 62 64 68 69 71 72 75 76 77 78 80 81 83 85 86 87 88 89 90 91 92 93 94 98 99 100
3 c 2 40 90 772 1329 90 20 26 4 5 6 8 9 10 12 13 15 16 17 18 19 21 23 24 28 29 30 31 33 36 37 38 39 42 44 45 47 48 51 52 53 54 55 56 62 63 65 66 67 68 70 71 73 74 75 77 78 79 80 81 82 83 85 86 88 89 90 92 93 94 95 96 97 99 100
4 c 0 40 90 890 1395 90 30 30 5 7 9 10 11 12 13 14 15 16 18 19 20 21 22 23 26 28 30 34 35 36 37 38 39 40 41 42 43 44 45 46 47 50 52 53 54 55 56 57 58 59 60 61 62 64 65 67 69 70 71 72 73 74 75 76 77 79 80 81 83 86 87 89 90 92 93 94 96 97 99 100
5 c 0 45 90 1036 1439 90 20 13 6 7 8 9 10 11 14 16 19 20 21 22 23 24 26 27 29 30 31 32 35 37 38 39 40 41 43 44 45 48 52 53 54 55 57 58 59 62 63 64 65 66 67 68 70 71 74 75 76 77 78 79 80 81 82 83 84 86 88 89 91 92 93 94 95 96 98 99 100
6 c 48 20 90 812 1281 90 10 11 9 10 11 15 16 17 18 19 21 22 23 24 26 27 28 30 31 33 34 35 36 38 39 40 44 45 46 47 49 50 54 56 57 58 60 62 64 65 67 68 69 70 71 72 73 74 75 76 78 81 82 85 86 87 89 90 91 93 94 95 97 98 100
7 c 55 80 90 272 701 90 10 20 11 12 13 14 15 16 18 19 22 23 24 25 26 27 28 29 30 31 32 33 34 35 36 37 38 40 42 43 44 45 46 47 48 50 53 55 59 60 61 63 64 65 66 67 68 69 70 71 74 75 76 77 78 82 83 84 86 87 88 89 91 93 98
8 c 44 5 90 1078 1593 90 20 14 9 11 12 13 14 19 21 22 23 24 25 26 27 28 29 31 32 33 35 36 37 38 39 40 41 43 44 45 46 47 49 50 51 52 54 55 56 57 58 59 60 62 63 64 66 67 68 69 71 74 78 79 82 83 84 85 87 88 89 90 91 92 93 94 95 97 98 99 100
9 c 42 10 90 998 1481 90 40 49 10 11 12 13 15 18 19 21 25 27 30 31 33 34 37 38 41 42 43 48 49 50 52 54 57 59 60 61 64 66 67 68 69 71 72 73 74 75 76 77 78 81 82 83 84 86 88 90 91 92 93 96 97 98 99 100
10 c 42 15 90 897 1392 90 10 8 15 16 17 21 22 23 24 25 26 27 28 30 32 34 35 36 37 38 40 41 42 44 45 46 47 48 49 51 52 53 54 55 57 60 61 62 63 64 66 69 70 71 72 73 74 76 77 78 79 80 83 86 87 88 89 90 93 94 96 97 100
11 c 40 5 90 1199 1660 90 30 32 12 13 14 17 19 20 21 24 27 29 30 31 33 34 36 37 38 39 41 42 43 44 45 47 51 52 53 54 58 60 61 62 63 64 66 70 71 74 75 77 78 80 81 82 84 85 86 89 91 92 93 94 95 98 99 100
12 c 50 30 90 223 738 90 10 2 13 14 16 17 18 19 20 21 23 25 28 30 31 32 34 35 37 39 40 41 42 46 47 48 52 53 54 55 56 57 59 60 61 62 63 64 67 69 70 73 74 78 80 81 82 83 85 86 88 89 90 94 95 97 98 99
13 c 50 35 90 18 474 90 20 28 15 17 21 22 23 25 27 28 29 31 32 33 34 35 37 38 39 40 41 42 43 45 46 49 50 51 52 53 54 56 59 61 64 65 66 67 68 69 70 71 72 73 77 78 79 80 81 82 83 85 87 89 90 91 92 94 95 96 98
14 c 50 40 90 14 360 90 50 59 15 17 18 20 22 23 24 26 28 30 31 33 34 36 37 38 39 41 43 44 45 47 48 50 52 53 55 56 58 59 60 61 62 63 65 66 69 71 72 73 74 75 77 78 80 81 82 83 84 85 89 90 91 92 93 95 96 98 99
15 c 48 30 90 246 899 90 10 16 16 17 19 20 21 22 23 24 26 29 31 33 34 36 37 38 39 40 42 43 46 48 51 52 53 55 56 57 58 61 62 63 65 66 67 69 70 71 72 73 74 77 79 80 81 82 84 85 88 93 95 97 99
16 c 44 25 90 704 1197 90 10 15 17 18 19 21 22 23 24 25 26 27 28 29 30 31 33 34 35 36 38 39 40 41 42 43 44 45 46 48 50 51 52 53 56 57 58 59 60 61 62 63 64 65 67 68 69 70 71 72 73 74 75 77 78 80 81 82 85 87 88 89 92 93 94 95 96 97 98 100
17 c 47 35 90 393 942 90 10 18 19 20 24 25 31 32 36 37 38 40 41 43 44 45 46 47 49 50 52 53 55 57 58 61 62 63 64 66 67 70 72 74 76 77 78 79 80 81 85 88 93 94 95 97 99 100
18 c 47 40 90 12 424 90 10 13 19 20 21 22 23 24 25 26 29 30 32 34 36 37 38 39 41 43 45 48 51 52 53 55 56 57 59 60 62 63 64 65 66 67 68 69 70 71 73 74 75 76 78 80 81 83 84 85 86 87 89 91 92 93 94 95 97 98 99
19 c 42 30 90 641 1070 90 10 17 20 21 22 25 26 27 28 31 32 36 39 40 43 47 48 50 52 53 54 56 57 59 61 62 64 66 68 71 73 74 75 76 78 79 81 85 87 88 92 94 97 98 100
20 c 45 35 90 534 985 90 10 12 21 22 26 28 29 30 31 32 33 34 38 39 40 41 42 43 44 46 48 49 51 53 54 55 56 57 59 60 61 62 64 65 67 68 69 74 75 76 77 79 82 84 86 87 91 93 94 95 96 97 99 100
21 c 53 30 90 131 644 90 10 9 22 24 25 26 27 29 31 32 33 37 38 39 40 41 42 43 47 48 50 51 53 54 58 59 60 61 62 64 66 67 70 71 74 76 77 78 80 82 85 86 87 90 92 94 95 100
22 c 53 35 90 87 498 90 50 47 23 24 25 26 28 29 31 32 33 34 37 38 41 43 44 45 46 47 48 51 52 54 55 56 57 61 62 63 64 65 66 67 68 70 72 73 74 75 76 78 79 80 83 85 86 87 88 89 90 94 95 96 97 98 99
23 c 45 65 90 15 607 90 20 30 25 26 27 28 29 31 33 34 38 43 44 46 48 49 50 51 52 53 54 55 56 57 59 60 61 63 65 67 69 70 71 72 73 74 75 77 78 79 80 81 82 83 84 85 86 89 90 91 92 93 94 96 97 98 99
24 c 67 85 90 518 1029 90 20 19 25 26 27 28 29 30 31 32 34 36 38 39 41 43 44 46 48 50 51 54 56 57 58 66 67 70 71 72 73 74 75 76 78 79 80 81 82 84 85 87 88 89 90 91 92 94 96 97 99 100
25 c 42 58 90 8 509 90 40 47 26 27 30 31 32 33 34 35 36 42 44 46 49 50 51 52 54 56 57 58 61 63 64 65 68 69 71 72 74 75 79 80 84 85 86 88 90 91 92 93 94 95 96 97 98 99 100
26 c 65 82 90 549 1186 90 10 4 27 35 36 37 38 39 42 43 44 45 46 47 48 49 50 52 53 54 56 57 58 59 60 61 62 63 64 65 66 68 69 70 71 72 73 74 78 79 81 82 85 86 89 93 96 97 98 99
27 c 62 80 90 744 1177 90 30 21 28 30 31 32 33 35 36 38 39 40 41 43 45 46 47 49 51 52 53 54 56 57 59 60 61 63 66 67 68 69 70 71 72 74 75 76 79 80 81 82 84 85 86 87 88 89 92 93 95 96 98 100
28 c 60 85 90 397 956 90 30 39 29 30 31 33 34 35 36 38 40 41 43 46 47 49 51 52 54 55 56 57 58 59 62 63 64 65 66 67 68 69 70 71 72 73 75 76 77 78 79 80 81 84 85 86 89 90 91 92 94 97 98 99 100
29 c 58 75 90 839 1276 90 20 26 33 34 35 39 40 41 42 43 45 50 51 52 53 54 55 56 58 59 67 68 69 70 71 72 74 75 79 80 82 85 86 88 90 91 92 93 94 95 97 98 99 100
30 c 8 45 90 1190 1661 90 20 13 31 34 35 37 38 39 40 41 42 43 46 47 48 49 50 51 54 55 57 58 59 61 62 63 64 65 66 69 72 73 75 76 77 78 80 81 84 85 86 87 90 91 93 94 95 98 99 100
31 c 8 40 90 499 1030 90 40 35 32 33 34 35 36 37 38 40 41 42 43 44 45 48 49 51 52 54 55 56 61 62 63 64 65 67 68 69 72 74 75 76 78 81 82 83 84 85 87 88 89 92 94 97 98 99
32 c 55 85 90 373 790 90 20 17 33 35 36 39 40 41 43 45 46 47 50 51 52 54 55 56 57 58 61 62 63 64 66 67 68 70 71 72 73 74 76 77 78 79 80 82 83 84 85 86 88 91 93 95 96 97 98 99
33 c 10 35 90 585 1136 90 20 16 34 35 37 40 41 42 43 44 45 47 48 49 50 54 56 57 60 61 62 63 64 65 66 67 68 69 70 71 72 73 74 75 76 77 79 80 81 82 83 84 86 87 89 96 97 98 99 100
34 c 20 55 90 170 595 90 10 13 37 38 39 40 41 42 43 46 47 49 50 53 55 57 59 60 61 62 63 65 66 67 68 69 71 72 73 74 75 76 78 81 83 84 88 89 90 92 93 94 95 97 99
35 c 20 50 90 168 787 90 10 8 36 37 38 39 40 42 43 44 46 47 48 49 51 52 53 55 56 57 58 59 60 61 62 63 64 67 69 70 71 72 74 78 79 82 85 87 88 89 90 91 92 94 95 96 100
36 c 10 40 90 448 897 90 30 37 40 41 42 43 44 45 46 47 48 49 51 52 53 54 55 57 58 59 60 63 64 65 67 68 70 71 73 74 75 77 78 79 80 81 82 83 84 85 86 87 88 89 90 91 94 95 96 98
37 c 23 52 90 93 484 90 10 1 38 39 40 41 43 44 46 47 51 53 54 55 56 57 62 63 64 65 67 68 69 70 72 73 74 77 78 80 81 82 84 85 86 87 89 90 91 92 93 94 95 96 97 99
38 c 30 50 90 10 645 90 10 8 39 40 41 42 43 45 46 47 52 53 54 55 56 57 58 61 63 64 65 67 69 70 71 73 74 76 77 79 81 82 83 84 85 88 89 90 92 96 97 98 100
39 c 52 75 90 213 568 90 10 17 40 41 42 44 45 47 48 49 53 54 56 57 58 59 61 62 63 64 65 66 67 68 69 70 72 73 74 75 77 78 79 80 81 82 83 84 86 90 91 92 93 95 96 97 98 100
40 c 58 70 90 965 1340 90 20 18 42 43 44 45 48 49 50 51 52 53 54 56 57 58 59 60 61 63 67 68 69 70 71 72 73 74 75 77 78 80 81 84 86 87 88 90 92 96 100
41 c 45 70 90 22 563 90 30 36 42 44 45 47 48 49 50 51 53 54 56 57 58 60 62 64 65 67 68 69 70 71 73 74 76 78 80 83 84 85 86 87 88 89 90 92 93 94 95 96 97 98 100
42 c 62 69 90 1030 1463 90 10 8 43 44 45 46 47 49 50 52 56 57 58 59 60 62 64 65 66 68 69 71 72 73 76 78 80 81 82 83 88 89 90 91 92 94 95 97 98 99 100
43 c 60 66 90 1154 1527 90 10 15 44 45 46 47 49 50 52 55 57 58 59 63 64 66 67 68 69 70 72 73 75 76 78 80 81 82 83 84 85 87 88 89 91 94 95 97 98 99 100
44 c 28 52 90 12 505 90 20 14 45 46 48 49 50 52 54 56 58 59 61 62 63 64 66 67 68 69 71 73 74 75 76 78 80 83 84 86 87 88 91 92 93 94 96 97 99 100
45 c 25 50 90 23 368 90 10 12 46 47 48 49 50 51 52 53 54 55 56 57 58 60 61 62 63 65 67 70 71 73 76 77 79 80 81 82 84 85 87 89 90 92 93 94 95 96 97 98 99 100
46 c 42 65 90 15 402 90 10 3 47 49 52 53 54 55 56 57 59 60 62 64 67 69 70 71 72 73 77 78 79 81 82 83 85 88 91 92 93 95 97 98 99
47 c 16 42 90 331 822 90 20 21 49 51 52 55 56 57 58 59 61 62 64 65 66 67 69 72 74 75 76 78 81 83 85 86 89 90 91 92 93 94 95 96 99 100
48 c 60 60 90 1349 1712 90 10 2 49 50 51 52 53 54 56 57 59 61 62 63 64 65 68 69 70 71 72 73 74 75 76 77 79 80 82 84 85 86 87 88 90 91 92 94 95 96 97
49 c 56 64 90 1116 1753 90 10 20 51 53 54 55 56 58 59 62 63 67 68 69 70 72 74 76 79 80 82 83 84 85 86 88 89 90 92 93 95 96 99
50 c 38 5 90 1263 1780 90 30 37 53 54 55 56 57 58 59 60 62 64 65 66 67 69 71 72 73 74 75 76 77 80 82 83 84 85 86 87 88 91 92 93 94 95 96 98 99 100
51 c 4 55 90 1268 1785 90 20 21 55 56 57 58 59 61 63 64 65 66 70 74 75 76 77 78 79 82 87 89 90 92 93 94 95 97 98 100
52 c 35 5 849 1325 1904 90 20 27 53 54 55 57 58 60 61 62 64 65 66 67 68 69 70 72 73 74 75 76 77 79 81 83 84 85 86 87 88 90 91 92 93 94 95 96 97 98 100
53 c 65 60 849 1338 1913 90 30 37 54 56 57 58 59 61 65 66 68 69 70 72 73 75 76 77 79 81 82 83 84 85 87 91 93 94 95 97 98 99
54 c 8 62 849 1330 1919 90 10 16 55 56 59 60 61 62 63 64 66 67 68 69 70 71 72 73 77 78 79 80 81 83 85 86 87 89 91 92 94 95 97 98 100
55 c 38 10 849 1498 1921 90 10 18 56 57 58 60 62 64 65 67 70 71 72 73 77 78 80 83 86 88 89 90 91 92 93 94 95 97 98 99 100
56 c 14 66 849 1519 1926 90 10 1 58 59 60 61 62 63 64 65 66 67 68 69 70 71 72 73 74 75 76 77 79 80 82 83 85 87 88 90 91 93 94 96 97 99 100
57 c 70 58 849 1513 1928 90 20 29 59 60 61 62 63 64 65 68 69 70 71 74 76 80 81 82 83 84 85 86 87 88 89 91 92 93 94 97 98 99 100
58 c 66 55 849 1604 2027 90 10 9 59 60 61 62 63 64 66 67 68 71 73 74 76 78 79 80 82 83 84 85 86 88 89 92 93 95 96 97 98 99
59 c 38 15 849 1552 2057 90 40 44 60 61 62 63 64 65 67 68 69 70 71 72 73 75 76 77 78 79 80 82 83 85 86 90 91 92 93 94 98 100
60 c 15 75 849 1560 2083 90 20 14 63 64 67 69 70 71 74 75 76 79 80 86 87 88 89 92 94 95 96 97 98 100
61 c 15 80 849 1689 2144 90 10 4 62 63 64 66 67 70 71 73 75 76 78 79 80 81 82 84 86 88 90 91 92 94 96 97 98 99 100
62 c 36 18 849 1612 2185 90 10 2 63 64 65 66 67 68 70 71 72 73 75 77 78 79 80 82 83 84 85 86 87 88 89 90 92 95 96 98 99 100
63 c 75 55 849 1783 2226 90 20 28 64 65 66 67 68 69 70 71 73 74 76 77 78 79 80 81 82 83 85 87 88 89 90 92 93 94 95 96 97 98
64 c 72 55 849 1591 2232 90 10 4 65 67 69 71 72 73 76 77 80 81 85 86 88 89 90 91 92 93 94 96 97 98 99 100
65 c 32 20 849 1745 2240 90 10 6 66 69 70 71 74 75 79 80 81 83 84 85 86 91 92 93 94 95 98
66 c 20 85 849 1763 2264 90 40 45 67 68 70 71 72 76 77 78 79 80 82 83 85 86 87 90 92 94 95 97 100
67 c 34 25 849 1884 2293 90 30 30 68 70 71 73 74 77 80 82 83 84 87 88 89 90 92 93 94 96 100
68 c 22 85 849 1846 2365 90 10 11 70 73 76 77 78 81 82 83 85 87 88 90 91 92 93 95 96 98 100
69 c 86 46 849 1829 2388 90 30 29 70 71 72 73 74 75 76 77 78 79 80 81 82 83 86 87 89 90 93 97 99 100
70 c 25 85 849 1985 2412 90 20 15 71 72 73 75 76 77 78 79 80 81 82 83 84 85 86 88 89 91 92 94 95 96 97 99
71 c 90 35 849 2002 2419 90 10 4 72 74 75 78 79 80 85 86 87 88 89 90 92 93 94 95 96 97 98 99 100
72 c 30 30 849 1932 2437 90 10 12 76 77 79 80 83 84 85 86 87 89 91 93 94 95 96 97 99
73 c 20 80 849 2077 2514 90 40 44 74 77 79 80 81 82 83 85 87 88 90 91 92 94 95 96 98
74 c 95 35 849 2079 2532 90 20 22 75 76 77 82 85 87 89 91 93 95 96 97 99 100
75 c 25 30 849 2015 2544 90 10 3 76 77 79 80 81 82 83 84 86 87 90 93 94 96 97 99 100
76 c 18 75 1257 2143 2638 90 20 29 77 78 79 80 81 83 84 85 87 88 89 91 92 93 94 95 98 100
77 c 22 75 1257 2310 2659 90 30 24 78 81 82 83 85 86 87 88 92 93 96 97 98 99
78 c 95 30 1257 2119 2682 90 30 28 79 81 82 83 84 86 91 92 93 95 96 97 98 100
79 c 26 32 1257 2018 2725 90 10 9 80 81 82 84 87 88 89 90 92 93 94 95 96 99 100
80 c 25 35 1257 2201 2728 90 10 20 81 82 84 85 86 87 88 90 91 93 98
81 c 30 35 1257 2348 2771 90 10 19 82 83 84 86 87 88 89 92 93 94 95 96 98 99 100
82 c 22 66 1257 2380 2787 90 40 30 83 86 87 88 89 90 91 92 93 94 95 96 97 98
83 c 85 25 1257 2369 2816 90 10 17 85 87 89 90 91 96 97 98 99 100
84 c 92 30 1257 2169 2818 90 10 1 90 92 93 94 97 98 100
85 c 33 35 1257 2463 2842 90 10 20 88 90 93 95 96 97 98 99 100
86 c 87 30 1257 2505 2870 90 10 4 87 88 89 91 93 95 97
87 c 35 69 1257 2603 2952 90 10 12 88 89 91 94 95 97 98 99 100
88 c 33 32 1418 2529 2962 90 20 27 92 93 94 95 96 97 99 100
89 c 28 70 1418 2385 2976 90 10 3 90 91 92 93 94 95 96 97 98 99
90 c 85 35 1418 2563 3002 90 30 34 93 94 95 97 98 99 100
91 c 35 32 1418 2599 3076 90 10 1 92 95 96
92 c 35 66 1418 2628 3113 90 10 13 94 95 96 97 98 99 100
93 c 36 40 1469 2715 3156 90 10 19 94 95 97 98 100
94 c 78 40 1469 2599 3164 90 20 23 95 96 97
95 c 72 45 1585 2701 3258 90 10 8 96 97 98 99 100
96 c 62 40 1585 2713 3275 90 10 11 97 98 99
97 c 64 46 1585 2976 3275 90 20 23 98 100
98 c 60 55 1585 2789 3279 90 10 12 100
99 c 34 60 1585 2653 3280 90 20 29
100 c 30 56 1593 2675 3288 90 20 24

