StringID Type x y release ReadyTime DueDate ServiceTime weight volume Item_Conflitante1 Item_Conflitante2 Item_Conflitante3 Item_Conflitante4 Item_Conflitante5 Item_Conflitante6 Item_Conflitante7 Item_Conflitante8 Item_Conflitante9 Item_Conflitante10 Item_Conflitante11 Item_Conflitante12 Item_Conflitante13 Item_Conflitante14 Item_Conflitante15 Item_Conflitante16 Item_Conflitante17 Item_Conflitante18 Item_Conflitante19 Item_Conflitante20 Item_Conflitante21 Item_Conflitante22 Item_Conflitante23 Item_Conflitante24 Item_Conflitante25 Item_Conflitante26 Item_Conflitante27 Item_Conflitante28 Item_Conflitante29 Item_Conflitante30 Item_Conflitante31 Item_Conflitante32 Item_Conflitante33 Item_Conflitante34 Item_Conflitante35 Item_Conflitante36 Item_Conflitante37 Item_Conflitante38 Item_Conflitante39 Item_Conflitante40 Item_Conflitante41 Item_Conflitante42 Item_Conflitante43 Item_Conflitante44 Item_Conflitante45 Item_Conflitante46 Item_Conflitante47 Item_Conflitante48 Item_Conflitante49 Item_Conflitante50 Item_Conflitante51 Item_Conflitante52 Item_Conflitante53 Item_Conflitante54 Item_Conflitante55 Item_Conflitante56 Item_Conflitante57 Item_Conflitante58 Item_Conflitante59 Item_Conflitante60 Item_Conflitante61 Item_Conflitante62 Item_Conflitante63 Item_Conflitante64 Item_Conflitante65 Item_Conflitante66 Item_Conflitante67 Item_Conflitante68 Item_Conflitante69 Item_Conflitante70 Item_Conflitante71 Item_Conflitante72 Item_Conflitante73 Item_Conflitante74 Peso_Total Volume_Total
0 d 40 50 0 0 1236 0 0 0                                                                           200 200
1 c 10 40 0 31 100 90 30 37 5 6 9 10 11 12 14 15 16 17 18 19 20 21 22 23 24 26 28 29 30 31 32 33 34 36 37 41 43 44 47 48 50 51 52 53 54 55 56 57 58 59 60 61 63 64 66 67 68 69 70 71 72 73 75 76 77 78 79 80 82 85 86 87 88 89 91 93 94 95 96 98 99 100
2 c 8 40 0 87 158 90 40 37 3 4 6 7 8 9 12 14 15 19 20 23 24 25 26 27 28 31 32 34 35 40 41 44 49 50 52 54 55 56 57 58 59 60 61 62 65 66 68 70 71 72 73 74 75 76 78 79 80 86 88 89 90 92 95 96 99 100
3 c 53 35 0 353 412 90 50 52 5 9 10 11 12 13 16 17 19 20 23 25 26 27 28 29 30 31 32 33 34 35 37 38 41 42 43 44 45 46 47 48 49 50 51 52 53 54 55 57 58 62 63 64 65 66 67 69 70 72 73 74 75 76 77 78 81 84 85 86 87 89 90 92 93 94 95 96 97 98 99 100
4 c 5 35 0 283 344 90 10 16 6 7 8 9 10 11 12 14 15 16 17 19 20 21 24 26 28 29 30 31 32 33 34 36 37 41 42 43 44 45 46 47 50 51 52 53 55 56 57 58 61 62 64 66 67 69 70 74 76 78 79 80 81 83 84 86 87 88 89 90 92 94 96 97 100
5 c 92 30 0 478 551 90 10 11 7 8 9 10 12 13 14 15 16 17 18 19 20 22 23 26 27 29 31 32 34 35 36 37 38 39 40 41 42 43 45 46 48 49 51 54 55 56 57 59 60 62 63 65 68 69 70 71 73 74 75 76 77 78 80 81 82 83 84 85 89 91 92 95 96 97 98 99 100
6 c 0 40 0 479 522 90 30 38 7 8 9 11 12 14 15 17 18 23 24 27 28 29 30 32 33 34 37 38 40 41 42 43 44 45 46 47 49 50 53 54 58 59 61 63 64 66 67 69 70 74 76 77 78 81 83 85 86 87 88 90 91 93 94 98
7 c 35 30 0 264 321 90 10 11 8 9 11 12 13 14 17 19 22 23 24 27 28 30 31 32 33 35 36 37 39 40 41 42 43 44 45 46 48 50 51 52 54 55 56 57 59 60 62 63 65 66 68 69 70 71 72 73 75 76 77 78 79 80 81 82 84 85 86 88 89 90 91 92 93 94 95 96 97 99 100
8 c 35 32 0 166 235 90 10 14 9 10 11 12 13 14 15 16 17 19 23 24 25 27 29 30 31 32 34 35 36 37 38 40 42 43 44 45 46 48 49 52 53 55 56 57 60 63 66 68 69 70 73 74 75 77 79 80 81 82 83 85 86 87 89 90 91 92 93 96 97
9 c 33 32 0 68 149 90 20 18 10 11 12 15 16 17 22 24 25 26 27 29 30 31 32 33 35 37 38 39 42 43 47 49 58 59 60 61 63 64 65 66 68 69 71 72 73 74 75 76 78 79 80 81 82 85 86 87 89 90 91 92 94 95 97 98 99 100
10 c 33 35 0 16 80 90 10 17 11 13 14 15 16 20 21 23 24 26 28 30 31 32 33 35 36 37 38 39 40 42 43 44 47 48 49 50 51 52 54 55 56 57 59 60 63 64 70 73 74 75 77 79 80 81 82 83 84 85 86 87 88 89 90 91 92 93 94 95 97 98 99 100
11 c 32 30 0 359 412 90 10 19 12 13 14 15 16 17 18 21 22 23 24 26 27 28 29 31 32 33 34 35 36 37 38 39 40 41 43 46 47 48 49 51 52 53 54 56 57 58 59 61 63 64 65 66 67 69 70 71 73 74 75 76 77 78 79 80 81 82 83 84 85 87 89 91 92 95 96 97 99 100
12 c 30 30 0 541 600 90 10 1 13 14 15 16 17 20 21 22 23 25 26 27 28 30 31 32 34 35 36 37 38 40 42 43 44 45 47 49 50 51 52 54 55 56 57 58 59 62 63 64 65 66 67 68 69 72 73 74 75 76 77 79 80 82 83 84 86 90 93 95 96 97 98 99 100
13 c 30 32 0 448 509 90 30 32 15 16 17 18 19 20 21 23 27 28 30 32 33 36 38 39 43 44 46 47 49 50 51 52 54 55 56 58 59 60 63 64 65 67 68 69 71 74 76 77 78 80 82 83 89 90 92 95 96 98 99 100
14 c 95 35 0 293 360 90 20 26 15 16 17 18 20 21 22 23 24 25 28 30 32 34 35 37 39 40 41 42 43 47 49 50 51 53 56 57 58 59 61 64 67 68 69 71 73 74 75 76 79 80 83 85 86 88 90 93 94 96 97 98 100
15 c 95 30 0 387 456 90 30 24 16 18 19 21 25 27 28 29 31 32 33 35 36 37 39 40 41 42 45 48 49 53 56 58 59 60 62 63 64 67 68 69 71 72 73 75 76 77 78 79 80 82 83 84 85 87 91 92 93 95 97 99 100
16 c 47 40 0 12 77 90 10 16 17 18 19 23 24 27 28 29 33 34 35 36 37 38 40 41 42 43 44 45 52 54 55 57 59 60 61 62 63 64 65 66 67 68 70 71 72 73 74 77 78 79 80 83 84 85 87 88 89 90 91 93 94 95 96 97 98 99 100
17 c 48 40 4 76 129 90 10 17 18 19 24 25 27 29 31 33 34 35 36 37 38 39 40 41 42 44 45 46 47 48 49 50 51 52 53 54 55 57 60 61 62 63 64 68 72 73 75 77 78 79 80 83 85 88 89 92 94 95 96 97 99
18 c 50 40 4 171 218 90 50 46 19 20 21 22 25 28 29 30 31 32 34 35 36 37 38 39 40 41 42 44 45 46 47 50 51 53 54 55 57 60 61 62 64 65 67 68 71 72 75 76 78 79 80 81 83 87 89 90 91 94 97 99 100
19 c 44 5 4 286 347 90 20 23 20 21 23 24 28 29 30 31 32 33 35 36 39 41 42 44 45 46 47 48 52 53 56 57 58 59 60 62 64 65 67 68 69 71 73 74 75 76 78 81 82 83 85 87 88 89 90 91 92 93 95 96 98 99 100
20 c 42 10 4 186 257 90 40 31 21 24 25 26 27 29 30 32 34 36 38 39 40 41 42 43 44 45 47 48 49 50 53 55 56 59 61 63 66 68 70 71 73 75 76 77 78 79 80 81 82 83 84 85 86 87 88 89 91 92 93 94 95 97 98 100
21 c 42 15 4 95 158 90 10 15 22 23 24 25 26 27 29 30 32 33 34 35 36 37 38 39 41 42 43 44 45 46 47 48 49 50 52 54 55 57 59 60 62 63 65 66 67 68 70 71 72 73 74 75 78 79 80 81 82 84 85 86 87 88 89 91 92 93 94 95 96 97 100
22 c 40 5 4 385 436 90 30 31 23 24 25 28 32 33 35 37 38 39 40 41 42 43 44 48 49 51 52 53 54 55 56 57 58 59 61 63 64 65 66 69 70 71 72 74 75 76 77 78 79 81 82 84 85 86 88 89 90 91 95 96 97 98 99
23 c 40 15 4 35 87 90 40 48 25 26 27 28 31 32 34 35 36 37 40 41 43 44 49 52 55 57 59 60 61 62 64 66 67 68 69 72 73 74 75 77 79 82 83 84 85 88 89 90 91 92 94 95 97 98 100
24 c 38 5 4 471 534 90 30 37 26 27 28 31 33 34 35 36 37 38 39 40 41 43 44 47 48 49 50 51 52 53 55 57 58 59 60 61 62 64 65 66 67 68 72 73 75 77 78 79 81 82 83 84 85 86 87 90 93 94 96 97 98 99 100
25 c 50 35 4 262 317 90 20 16 28 30 31 32 33 35 36 37 38 39 41 43 44 45 48 49 51 52 53 54 56 58 60 62 63 64 66 67 69 70 71 72 74 75 76 78 79 80 81 82 83 85 86 88 90 94 95 96 97 98 100
26 c 90 35 4 203 260 90 10 16 27 28 29 30 31 32 33 34 35 36 37 38 40 42 44 45 46 47 49 50 51 52 57 58 60 61 62 64 65 66 67 70 71 72 73 74 75 76 77 78 79 81 82 83 85 86 89 90 91 92 93 94 95 98 100
27 c 20 50 4 358 405 90 10 13 28 29 31 32 34 37 41 42 43 44 46 47 48 49 51 52 53 54 55 56 57 58 59 62 64 65 66 68 69 70 71 77 78 81 82 83 86 87 88 89 90 91 92 93 94 98 99 100
28 c 20 55 4 449 504 90 10 15 29 31 32 33 35 38 39 40 41 44 45 46 47 49 50 51 52 54 60 61 62 63 64 65 66 67 68 73 74 75 76 77 78 79 80 84 85 86 88 90 91 92 93 96 97 99
29 c 23 52 4 261 316 90 10 11 31 32 33 34 35 38 39 40 41 42 43 44 45 46 47 48 49 50 51 53 54 55 56 57 59 60 64 65 69 71 72 77 78 79 81 82 83 84 85 86 87 91 92 94 95 96 97 98 99 100
30 c 65 85 4 475 518 90 40 43 31 32 33 34 35 36 39 40 41 42 43 45 46 48 49 51 52 53 54 55 56 57 59 60 61 62 63 65 69 72 73 74 76 78 79 80 81 82 85 87 88 89 90 92 96 97 99 100
31 c 67 85 4 368 441 90 20 21 32 34 36 38 39 40 41 42 43 44 45 46 47 48 49 53 55 56 57 58 59 61 62 64 65 66 67 68 70 71 72 75 77 78 79 80 81 82 87 90 93 94 95 98 99
32 c 60 55 4 20 84 90 10 1 34 35 36 38 39 40 41 42 44 45 47 50 51 53 56 58 60 61 62 63 64 66 67 69 70 71 73 74 75 76 78 79 80 81 82 85 89 90 91 94 97 98 99 100
33 c 65 55 4 85 144 90 20 27 35 36 38 39 41 43 45 47 49 50 51 52 53 54 55 57 58 59 60 61 62 63 64 66 67 68 69 71 72 73 76 78 79 81 83 87 88 89 90 91 92 94 96 98 99
34 c 38 68 4 255 324 90 20 27 35 37 39 40 41 42 43 44 45 46 47 49 50 51 52 54 55 56 57 60 61 62 63 64 65 66 67 70 73 74 75 76 78 82 83 85 87 89 90 91 94 96 97 98 99 100
35 c 38 70 4 534 605 90 10 19 36 38 40 41 43 44 45 47 48 49 53 54 55 57 58 59 60 62 63 64 67 68 69 70 71 73 74 75 76 77 78 79 80 83 84 85 86 87 89 90 91 92 93 95 96 97 99
36 c 35 66 4 357 410 90 10 19 38 39 40 41 42 43 44 45 47 49 50 51 54 55 57 60 61 62 63 67 68 71 72 79 81 82 84 85 86 87 89 90 91 93 95 98 99 100
37 c 35 69 4 448 505 90 10 10 41 42 44 45 46 47 49 51 53 56 57 58 59 60 62 64 65 67 73 75 77 78 79 80 81 82 83 84 85 86 87 88 89 90 91 92 93 94 95 97 98
38 c 66 55 4 173 238 90 10 14 41 43 44 45 46 47 48 52 54 55 56 57 59 60 61 62 63 65 66 67 68 69 70 71 72 73 74 75 76 77 78 82 83 84 85 87 88 89 90 93 94 95 97 99
39 c 22 75 4 30 92 90 30 39 40 41 42 45 46 48 49 50 52 53 54 55 57 59 60 61 63 64 66 67 68 69 70 71 72 75 81 83 84 85 86 88 89 90 91 92 93 94 95 97 99 100
40 c 23 55 4 546 593 90 20 10 41 42 44 45 46 47 50 51 52 53 54 56 57 58 59 60 63 64 65 66 67 68 69 72 73 74 76 79 80 81 82 83 84 85 88 90 91 92 93 94 95 96 97 100
41 c 20 80 4 384 429 90 40 37 44 45 46 48 49 50 51 52 53 55 56 57 58 59 60 61 62 63 64 68 70 71 72 73 76 77 78 80 81 87 88 89 91 92 93 94 97 99 100
42 c 20 85 4 475 528 90 40 50 43 44 45 46 47 48 49 52 57 59 61 62 64 65 68 69 70 71 73 75 76 77 78 79 80 84 85 86 87 89 91 92 93 94 95 96 97 98 99 100
43 c 50 30 4 531 610 90 10 5 46 47 48 49 50 52 53 55 56 58 59 60 63 65 66 67 68 69 70 72 73 74 76 77 78 80 81 84 86 87 88 90 92 93 96 97 99 100
44 c 15 75 4 179 254 90 20 27 45 46 50 53 54 55 56 57 59 62 65 66 67 68 71 72 74 75 76 78 79 80 81 82 83 84 85 87 89 91 92 94 96 97 100
45 c 25 52 4 169 224 90 40 48 46 47 50 52 53 58 59 60 61 63 64 65 67 68 69 70 72 73 76 77 81 82 84 86 88 89 90 91 92 93 94 97 98 99
46 c 25 50 4 65 144 90 10 5 47 48 49 50 51 53 54 55 57 58 59 60 61 62 64 66 67 68 69 70 71 72 73 74 75 76 79 80 81 82 83 85 89 91 92 93 94 97 98 99 100
47 c 18 75 4 99 148 90 20 12 48 50 51 52 54 56 57 58 59 60 62 65 66 68 69 70 71 72 73 75 76 77 78 79 80 83 84 85 86 87 88 89 90 91 92 93 95 96 97 99 100
48 c 85 35 4 47 124 90 30 37 49 52 53 54 55 57 59 60 61 63 64 65 66 68 69 70 71 72 75 76 77 78 80 82 83 84 86 87 88 89 90 92 95 97 98 99 100
49 c 88 35 4 109 170 90 20 18 50 53 55 56 57 59 60 61 63 65 66 67 69 72 73 74 76 78 79 80 81 82 83 84 85 86 87 88 89 91 92 95 96 97 98 99 100
50 c 70 58 4 458 523 90 20 11 51 52 53 54 55 57 59 60 61 62 63 64 66 68 72 74 75 76 77 78 79 80 81 82 84 85 86 87 89 91 92 93 95 96 98
51 c 30 50 4 10 73 90 10 2 52 53 54 55 56 57 58 60 61 63 65 66 67 69 72 73 76 78 80 81 82 83 84 85 86 87 89 91 93 95 96 97 98 100
52 c 15 80 4 278 345 90 10 2 53 55 56 57 60 61 62 64 65 66 68 71 72 73 74 75 76 78 79 80 81 83 87 88 89 90 91 92 95 96 97 98 99 100
53 c 22 85 4 567 620 90 10 1 54 57 58 59 60 63 64 66 67 68 70 71 72 76 77 78 81 82 83 84 86 87 90 91 92 93 94 95 96 97 98 99
54 c 60 85 4 561 622 90 30 34 56 59 60 62 64 67 68 69 70 71 72 73 74 75 76 77 79 81 84 85 86 87 90 93 94 95 97 99
55 c 0 45 265 567 624 90 20 10 57 58 59 61 62 63 64 65 66 68 69 70 72 74 76 79 81 84 87 88 90 93 95 98 99
56 c 35 5 265 562 629 90 20 18 57 58 59 60 62 63 64 65 66 67 68 69 70 74 75 78 79 80 81 82 83 84 85 86 87 88 89 93 94 95 96 98
57 c 88 30 265 574 643 90 10 7 58 59 60 62 63 65 66 67 68 69 70 71 72 73 74 75 77 78 79 81 82 83 85 86 88 89 90 91 95 96 98 100
58 c 48 30 265 632 693 90 10 8 59 60 61 63 64 65 66 70 71 72 74 75 78 79 80 81 82 83 85 86 87 88 89 90 91 92 95 97 98 99 100
59 c 40 69 265 621 702 90 20 13 60 61 62 64 65 66 67 68 69 71 76 77 78 79 80 82 83 84 85 87 89 91 92 93 94 98 99
60 c 65 60 265 645 708 90 30 39 61 62 64 65 66 67 68 70 72 73 74 76 77 78 80 81 82 83 84 85 87 88 89 91 93 94 95 96 97 98 99 100
61 c 5 45 265 665 716 90 10 5 62 64 65 66 67 68 70 71 73 74 75 78 79 81 85 86 87 88 90 91 92 93 94 97 98 99 100
62 c 55 85 265 647 726 90 20 21 63 67 68 70 72 73 74 75 76 77 78 79 81 82 83 85 86 88 91 93 94 96 97 98 99 100
63 c 87 30 265 668 731 90 10 9 65 66 67 68 71 73 74 76 78 79 81 83 85 88 89 91 92 93 94 95 97 98 99
64 c 45 30 265 734 777 90 10 2 65 67 68 70 71 72 74 75 77 78 80 81 82 83 85 86 87 89 90 91 92 93 94 95 97 98 99 100
65 c 28 55 265 732 777 90 10 5 66 67 69 71 72 77 78 79 81 82 83 85 87 88 89 90 95 96 97 98 99
66 c 42 68 265 727 782 90 10 5 69 70 71 73 74 76 78 79 80 84 85 86 88 89 90 91 93 94 95 97 98 99
67 c 25 30 265 725 786 90 10 8 69 70 71 72 73 77 79 80 81 82 84 85 87 89 90 91 92 93 94 96 97 99 100
68 c 63 58 265 737 802 90 10 16 69 70 71 72 74 75 77 78 79 80 81 82 83 84 86 87 89 91 92 93 94 96 97 98 99
69 c 55 80 265 743 820 90 10 5 70 71 72 73 74 75 76 77 82 84 85 86 87 88 89 90 91 92 94 95 98 99
70 c 85 25 265 769 820 90 10 8 71 72 74 76 77 78 80 81 82 83 87 88 91 93 94 95 96 98 99 100
71 c 47 35 265 826 875 90 10 20 72 75 76 77 79 81 83 84 85 86 87 88 89 90 91 92 94 96 98 99 100
72 c 28 52 265 812 883 90 20 19 73 74 76 78 82 85 86 87 88 89 90 91 92 93 94 95 96 99
73 c 45 35 351 916 969 90 10 14 74 75 77 78 79 80 81 83 84 86 87 88 90 92 93 94 98 100
74 c 28 35 498 1001 1066 90 10 10 76 78 79 82 83 84 85 86 87 88 89 90 91 92 96 97 98 99 100
75 c 65 82 498 0 1105 90 10 15 77 78 80 83 84 85 86 87 88 89 90 91 92 94 95 96 97 98 99
76 c 2 40 498 0 1106 90 20 25 77 78 79 80 81 82 84 87 88 89 90 92 93 94 96 97 98 99 100
77 c 25 85 498 0 1107 90 20 13 78 80 81 82 83 84 85 86 87 88 89 91 93 95 99
78 c 62 80 498 0 1108 90 30 20 79 80 81 82 84 85 88 89 90 91 92 94 95 97 98 99 100
79 c 60 80 498 0 1109 90 10 9 80 81 82 83 84 85 86 89 90 91 94 95 97 98 100
80 c 75 55 498 0 1110 90 20 22 81 82 83 85 86 87 88 92 93 94 95 97 98 100
81 c 38 15 498 0 1110 90 10 10 82 85 86 89 90 91 92 93 94 95 96 98 99 100
82 c 10 35 498 0 1112 90 20 23 83 84 86 87 88 90 91 92 94 96 97 98 99 100
83 c 72 55 498 0 1113 90 10 6 85 87 88 89 90 92 94 95 96 97 98 99 100
84 c 8 45 498 0 1113 90 20 18 88 90 91 92 97 100
85 c 58 75 498 0 1115 90 20 13 87 88 89 90 91 92 93 94 97 99 100
86 c 68 60 498 0 1116 90 30 28 87 88 90 91 92 94 95 96 97 98
87 c 28 30 504 0 1122 90 10 16 88 91 92 93 94 96 97 98 99 100
88 c 53 30 504 0 1122 90 10 6 89 92 93 94 95 96 97 98 99 100
89 c 60 60 505 0 1123 90 10 19 91 93 95 96 97 99 100
90 c 26 32 505 0 1123 90 10 13 91 92 93 94 95 97 100
91 c 25 35 506 0 1124 90 10 1 93 94 95 96 97 99
92 c 45 70 507 0 1125 90 30 27 93 94 95 96 97 100
93 c 45 68 509 0 1127 90 10 1 94 95 96 97 98 100
94 c 30 35 509 1054 1127 90 10 12 95 96 99 100
95 c 42 66 511 0 1129 90 10 4 97 99
96 c 40 66 512 0 1130 90 20 11 98 100
97 c 25 55 512 0 1130 90 10 5 99 100
98 c 45 65 512 0 1130 90 20 24 99 100
99 c 42 65 512 0 1130 90 10 16 100
100 c 30 52 517 0 1135 90 20 23

