StringID Type x y release ReadyTime DueDate ServiceTime weight volume Item_Conflitante1 Item_Conflitante2 Item_Conflitante3 Item_Conflitante4 Item_Conflitante5 Item_Conflitante6 Item_Conflitante7 Item_Conflitante8 Item_Conflitante9 Item_Conflitante10 Item_Conflitante11 Item_Conflitante12 Item_Conflitante13 Item_Conflitante14 Item_Conflitante15 Item_Conflitante16 Item_Conflitante17 Item_Conflitante18 Item_Conflitante19 Item_Conflitante20 Item_Conflitante21 Item_Conflitante22 Item_Conflitante23 Item_Conflitante24 Item_Conflitante25 Item_Conflitante26 Item_Conflitante27 Item_Conflitante28 Item_Conflitante29 Item_Conflitante30 Item_Conflitante31 Item_Conflitante32 Item_Conflitante33 Item_Conflitante34 Item_Conflitante35 Item_Conflitante36 Item_Conflitante37 Item_Conflitante38 Item_Conflitante39 Item_Conflitante40 Item_Conflitante41 Item_Conflitante42 Item_Conflitante43 Item_Conflitante44 Item_Conflitante45 Item_Conflitante46 Item_Conflitante47 Item_Conflitante48 Item_Conflitante49 Item_Conflitante50 Item_Conflitante51 Item_Conflitante52 Item_Conflitante53 Item_Conflitante54 Item_Conflitante55 Item_Conflitante56 Item_Conflitante57 Item_Conflitante58 Item_Conflitante59 Item_Conflitante60 Item_Conflitante61 Item_Conflitante62 Item_Conflitante63 Item_Conflitante64 Item_Conflitante65 Item_Conflitante66 Item_Conflitante67 Item_Conflitante68 Peso_Total Volume_Total
0 d 40 50 0 0 240 0 0 0                                                                     200 200
1 c 38 5 0 65 95 10 30 31 3 4 5 6 7 9 11 12 13 14 19 21 22 24 26 27 29 30 31 32 34 35 38 39 40 43 44 45 48 50 51 55 56 57 58 59 60 61 65 66 68 69 70 71 72 76 77 80 81 82 83 86 88 89 90 91 92 95 96 99
2 c 45 30 0 53 83 10 17 14 3 4 5 7 9 10 11 13 14 15 16 17 18 19 20 21 22 23 25 26 27 30 31 36 38 41 42 44 45 46 47 49 52 54 55 56 58 59 60 61 64 65 68 69 70 72 73 75 77 80 83 84 85 86 87 88 89 92 93 95 96 97 98 99
3 c 65 20 0 39 69 10 6 15 4 7 9 10 11 15 17 18 19 20 22 24 27 28 31 35 37 38 41 43 45 47 48 49 51 55 56 57 58 59 60 61 64 66 67 69 70 72 73 74 76 78 79 80 81 83 84 85 86 88 90 92 99 100
4 c 65 35 0 52 82 10 3 4 5 6 8 9 12 13 14 15 16 18 19 21 22 23 24 28 30 31 34 35 36 37 39 40 41 42 46 48 49 51 52 54 55 57 59 60 61 62 63 64 65 66 67 68 69 70 71 73 74 75 76 77 78 79 80 83 84 85 87 89 91 92 93 94 96 100
5 c 95 35 0 62 92 10 20 26 6 7 8 10 11 13 14 15 17 18 19 20 22 23 24 27 28 30 31 32 33 39 40 41 42 43 45 47 49 50 51 53 54 56 57 59 60 61 62 63 65 66 67 68 69 70 74 75 76 78 79 80 81 83 84 86 87 89 90 91 92 93 94 95 97 98 99 100
6 c 92 30 0 62 92 10 10 13 7 8 10 11 13 14 15 16 18 20 23 24 26 27 28 29 30 31 35 37 38 40 41 42 43 44 45 46 47 48 50 51 52 53 54 55 56 58 59 60 61 62 63 67 69 70 72 73 74 75 77 78 80 83 84 85 87 88 89 90 91 92 95 97 99 100
7 c 90 35 0 67 97 10 10 7 8 9 12 13 15 17 19 21 22 23 26 29 30 32 34 36 37 38 39 40 41 42 43 44 45 46 47 48 49 51 52 54 55 57 59 60 61 62 64 68 69 70 71 72 73 74 75 76 77 80 81 82 83 84 85 86 87 88 89 91 92 94 96 97 99 100
8 c 88 30 0 74 104 10 10 16 10 12 13 15 16 17 18 19 21 22 23 24 26 27 30 31 36 38 39 40 41 43 44 46 47 48 50 54 57 61 63 64 65 67 68 69 72 73 74 75 77 80 81 83 84 85 86 90 93 94 96 97 98 99
9 c 35 40 0 11 41 10 16 8 11 13 15 16 17 18 20 21 22 25 26 28 29 30 31 32 34 35 36 37 39 41 42 43 44 45 46 47 48 49 50 52 53 54 56 57 59 60 62 64 65 67 68 69 70 71 73 74 75 76 78 79 80 81 85 88 89 90 91 92 94 97 100
10 c 45 65 0 66 96 10 9 1 12 13 14 15 17 19 20 21 23 25 27 28 30 31 32 34 35 36 37 38 39 40 41 42 48 49 50 51 52 54 55 57 58 59 60 61 62 63 65 68 70 71 72 73 74 77 80 81 82 83 84 85 86 89 91 93 95 96 98 99 100
11 c 55 20 0 83 113 10 19 19 12 14 15 20 21 22 24 25 26 27 28 29 30 32 33 35 36 37 39 40 41 42 44 45 48 51 52 54 55 56 57 59 62 63 65 66 67 72 73 75 76 77 79 80 82 84 86 87 88 89 90 91 92 93 95 96 98 99
12 c 26 35 0 77 107 10 15 5 13 17 18 19 20 21 24 25 26 27 28 29 31 32 35 37 38 40 41 42 43 48 49 50 55 56 57 58 59 60 61 62 63 64 66 67 70 71 72 73 74 75 76 77 78 81 84 85 86 87 88 91 92 95 96 100
13 c 65 85 0 43 73 10 40 50 14 16 18 20 21 22 23 24 25 26 27 28 29 31 32 33 35 36 38 39 41 42 43 44 45 47 48 50 51 52 53 55 57 58 60 61 62 65 66 67 68 69 70 72 75 76 77 78 79 80 81 82 84 85 86 88 89 90 91 92 93 94 96 98 99 100
14 c 2 45 0 45 75 10 10 14 15 16 19 20 21 23 24 25 27 28 29 30 32 33 34 40 41 42 43 44 45 47 48 49 50 51 52 53 55 56 57 58 59 60 61 62 63 65 66 68 70 71 72 73 78 79 81 82 83 84 85 86 88 90 92 93 94 95 96 97 98 100
15 c 62 80 0 75 105 10 30 20 16 17 18 20 21 22 23 26 27 29 30 31 32 34 36 37 38 39 40 41 43 45 46 47 48 49 51 52 53 55 56 57 58 59 61 62 63 64 67 68 69 70 75 77 78 79 80 82 83 87 88 89 90 93 94 95 96 97 98 99 100
16 c 60 80 0 37 67 10 10 5 17 18 19 21 22 23 25 26 29 30 31 32 33 34 35 36 37 38 39 40 41 43 45 47 48 49 51 55 56 60 62 63 65 67 68 69 70 71 72 73 74 75 76 77 78 79 81 82 83 84 86 89 90 91 92 93 94 96 97 99
17 c 60 85 0 85 115 10 30 28 19 20 22 23 24 25 26 29 30 31 35 36 37 39 40 41 42 45 46 49 50 51 52 53 54 55 56 58 59 60 61 62 63 64 65 67 68 69 70 72 73 74 77 78 80 81 83 84 87 88 89 90 92 95 98 99 100
18 c 20 82 0 37 67 10 10 19 20 21 23 24 26 28 29 30 31 33 38 39 41 42 44 46 47 49 51 53 54 55 56 58 60 61 64 65 68 69 70 71 72 73 74 76 77 78 79 80 81 85 86 87 88 89 90 92 93 94 95 96 97 98 99
19 c 85 25 0 51 81 10 10 6 22 23 24 25 26 27 28 31 33 35 36 37 39 40 41 42 43 44 46 48 52 55 56 57 58 59 60 62 63 64 68 69 70 71 73 76 77 78 80 81 82 83 87 90 91 92 94 95 96 97 98 99 100
20 c 55 80 0 33 63 10 10 13 21 22 23 28 29 30 31 32 33 34 35 36 37 39 40 42 43 44 46 47 48 49 50 52 53 54 55 58 60 62 63 64 67 68 69 70 73 75 76 77 79 84 85 86 87 88 89 94 97 98 99
21 c 64 42 0 70 100 10 9 8 22 23 24 25 26 28 31 32 35 36 39 40 41 43 45 46 48 50 52 53 55 57 58 59 60 62 63 67 69 72 75 77 79 80 81 82 84 85 86 87 88 89 90 91 92 94 95 96 97 98 99 100
22 c 42 10 0 72 102 10 40 50 23 24 26 28 31 33 34 35 36 38 40 42 43 44 45 46 49 50 51 52 53 54 57 59 60 64 66 68 69 77 78 79 80 81 82 85 86 87 88 89 90 91 92 93 94 97 98 99 100
23 c 49 58 0 86 116 10 10 5 24 26 28 32 35 36 37 38 40 41 43 44 45 47 48 51 52 54 55 56 57 58 59 62 63 64 68 69 70 74 76 77 79 81 84 85 87 88 89 90 91 92 93 96 98 99
24 c 21 24 0 87 117 10 28 19 25 26 28 29 30 33 34 36 37 39 40 41 42 43 44 46 47 48 49 50 51 53 56 57 58 59 60 66 68 69 70 73 74 76 78 80 83 84 86 89 91 93 95 96 97 98 99 100
25 c 6 68 0 89 119 10 30 21 26 27 28 29 30 33 34 35 36 37 38 39 40 41 42 43 44 47 48 50 52 54 56 58 59 60 62 63 64 65 66 67 69 71 74 77 78 80 83 85 86 90 91 93 95 96 98 100
26 c 8 56 0 90 120 10 27 32 27 28 29 32 33 35 36 37 39 41 42 45 46 47 49 50 51 52 53 54 56 57 58 60 61 64 66 67 68 69 72 74 75 76 79 80 82 83 85 86 88 89 90 94 97 98 99 100
27 c 60 12 0 75 105 10 31 33 28 29 31 34 35 37 38 40 42 43 44 47 48 51 52 53 54 55 56 58 59 60 61 62 64 65 67 68 72 73 74 75 76 77 78 80 81 82 83 84 85 86 88 89 90 92 93 95 97 98 99 100
28 c 2 60 0 77 107 10 5 12 29 30 31 32 33 34 35 36 38 39 40 41 42 43 44 45 46 47 48 49 51 52 53 54 55 57 59 60 61 63 64 65 66 67 69 71 72 74 75 76 78 79 80 81 83 85 87 88 89 90 92 93 95 98 99 100
29 c 53 43 0 14 44 10 14 7 30 32 34 35 38 39 40 42 45 47 49 51 53 55 56 59 60 61 62 63 65 66 71 72 74 75 78 79 80 81 82 83 84 85 86 87 89 90 91 92 93 94 97 100
30 c 31 52 0 41 71 10 27 29 31 32 33 34 36 40 42 43 44 45 46 47 48 54 55 57 59 60 61 63 64 66 67 68 70 71 73 74 75 76 77 79 81 83 85 86 87 90 91 93 94 95 96 99 100
31 c 55 82 0 64 94 10 10 9 32 33 35 37 38 40 41 42 43 45 46 48 49 50 53 54 55 56 57 58 59 61 65 67 68 69 70 71 72 73 74 75 76 77 78 79 80 81 83 85 86 87 88 93 94 95 96 97 99 100
32 c 8 40 0 59 89 10 40 43 34 35 36 37 40 43 44 45 46 47 48 49 50 52 54 57 58 59 60 61 62 63 65 67 68 69 70 71 72 73 74 76 79 80 82 83 84 87 89 90 91 92 94 95 98 99 100
33 c 37 47 0 86 116 10 6 1 34 35 40 41 42 44 46 47 49 52 54 55 56 57 59 61 62 64 65 66 67 68 69 70 72 73 76 77 78 79 82 83 84 86 88 89 90 91 92 95 96 97 98 99 100
34 c 65 55 0 65 95 10 14 11 35 39 40 41 42 43 45 46 47 50 52 53 54 55 57 58 61 62 63 64 65 66 67 68 69 70 71 72 73 74 76 77 79 80 84 85 87 90 91 93 94 95 96 97 98 99
35 c 5 45 0 35 65 10 10 10 37 38 39 40 42 43 44 46 47 48 49 50 53 54 59 60 61 62 63 64 65 66 67 68 69 71 72 75 77 78 81 82 83 84 86 87 89 90 91 92 93 94 95 96 97
36 c 2 40 0 58 88 10 20 23 37 38 40 41 42 43 45 48 49 51 52 53 55 56 57 58 59 60 61 63 64 65 66 67 68 69 73 74 77 78 79 80 81 82 85 86 87 88 89 90 91 94 95 96 97 98 99 100
37 c 0 40 0 72 102 10 20 28 39 41 42 43 45 46 49 50 53 54 55 57 58 59 61 62 63 64 66 67 68 70 71 73 74 76 79 80 81 82 83 84 85 86 87 88 89 90 93 94 96 97 100
38 c 24 58 0 67 97 10 19 27 39 40 41 42 43 46 47 48 50 52 54 55 56 57 58 62 64 65 66 67 68 71 73 75 76 77 78 79 81 82 84 85 86 87 88 90 92 93 94 95 96 98 100
39 c 44 5 0 87 117 10 20 25 40 41 42 45 47 48 50 51 52 53 54 55 56 57 59 60 64 66 67 68 70 71 72 73 74 75 76 78 79 81 82 83 85 86 87 88 90 91 92 94 95 96 97 98 99
40 c 12 24 0 90 120 10 13 22 41 42 43 44 46 47 48 49 50 51 53 54 56 57 58 60 61 62 63 65 66 67 70 71 72 73 74 75 77 79 80 81 82 83 84 86 87 88 89 91 92 93 94 95 96 97 98 99
41 c 10 35 14 91 121 10 20 16 42 43 44 45 46 47 48 49 50 51 52 54 55 56 58 59 60 63 64 65 66 68 72 73 77 78 79 81 82 87 88 89 90 92 93 95 96 97 98 99
42 c 15 80 14 91 121 10 10 18 45 47 50 52 53 54 55 56 57 58 59 60 61 62 66 69 70 73 74 75 76 77 80 81 83 84 85 86 90 92 93 96 97 98 100
43 c 20 50 14 91 121 10 5 11 45 46 47 51 52 53 54 55 58 59 60 62 64 65 66 68 71 72 74 75 76 78 81 83 84 85 86 89 90 91 92 93 94 95 97 99
44 c 58 75 14 92 122 10 20 12 45 46 48 49 50 52 54 55 56 57 58 59 60 61 62 64 66 68 69 70 71 72 73 74 75 76 77 78 79 80 81 82 84 85 86 88 91 95 96 98 99
45 c 40 15 14 92 122 10 40 40 46 47 52 53 54 55 57 58 59 60 61 62 64 66 67 68 72 75 76 77 78 79 80 81 84 86 88 89 90 91 92 93 95 97 99
46 c 18 75 14 95 125 10 20 30 47 49 51 52 54 55 58 59 60 61 62 63 64 65 66 67 71 76 77 78 80 82 83 84 85 86 89 91 92 93 94 95 96 97 98 99 100
47 c 57 29 14 96 126 10 18 20 48 49 50 51 52 53 55 59 60 62 63 66 67 68 69 70 71 72 74 75 76 77 79 82 85 87 88 89 93 95 96 97 98 99
48 c 30 25 14 96 126 10 23 33 49 51 52 53 55 56 57 59 60 61 62 63 64 67 68 69 70 71 72 73 74 75 76 77 79 80 81 82 83 86 87 88 89 90 92 93 94 95 96 97 98 99 100
49 c 42 12 14 104 134 10 10 5 50 51 52 54 55 56 57 58 60 61 62 63 64 65 66 69 70 72 73 75 76 79 80 81 82 83 84 86 87 88 89 92 94 95 97 98 99 100
50 c 18 80 32 113 143 10 10 7 51 53 54 55 56 57 58 59 61 62 64 65 67 70 71 72 75 77 78 79 80 81 82 83 85 86 87 88 89 91 92 93 95 96 97 99
51 c 10 40 32 119 149 10 30 36 53 55 56 57 58 60 61 62 63 64 66 67 68 69 71 72 73 74 75 76 77 78 79 81 82 83 84 88 89 90 91 92 94 95 97 98 99 100
52 c 4 18 32 120 150 10 35 40 53 54 55 56 57 58 59 60 61 63 68 69 71 72 73 76 77 78 79 81 83 85 86 87 90 91 93 95 98 99 100
53 c 42 15 32 122 152 10 10 2 55 56 57 58 60 62 63 64 65 66 67 68 71 72 73 74 75 76 77 80 81 82 84 85 86 88 89 90 91 92 94 95 97 98 100
54 c 55 85 43 128 158 10 20 30 55 56 57 58 59 60 61 64 65 66 67 68 69 71 72 74 77 78 79 81 82 83 84 85 86 87 88 89 90 92 93 97 98 99 100
55 c 50 35 43 130 160 10 19 22 56 57 59 60 62 63 64 66 67 68 69 70 71 72 74 75 76 77 79 80 81 84 86 87 88 89 90 91 92 93 95 98 99
56 c 87 30 43 131 161 10 10 12 57 58 61 63 64 66 68 70 71 74 75 77 78 79 81 82 83 85 86 91 92 94 95 98 99 100
57 c 41 37 43 133 163 10 16 12 58 60 61 62 65 66 67 68 69 70 71 72 74 75 76 79 80 81 83 84 85 87 88 89 90 93 94 95 98 99
58 c 55 60 49 139 169 10 16 14 59 61 62 63 65 66 67 68 69 70 71 72 73 74 75 76 79 80 81 82 84 85 86 89 90 92 93 94 97 98 99 100
59 c 67 85 49 139 169 10 20 10 60 61 62 65 66 70 72 73 74 75 76 77 79 80 81 82 83 84 86 87 88 89 90 92 95 96 97 98 99 100
60 c 30 60 51 140 170 10 16 15 62 63 64 65 67 73 74 76 77 78 79 81 84 85 86 87 89 90 92 93 95 96 97 98 99
61 c 20 20 51 141 171 10 8 1 62 63 64 65 66 68 70 72 73 74 76 78 79 80 83 84 85 86 87 88 89 90 91 93 95 96 97 98 100
62 c 95 30 51 0 171 10 30 28 63 64 65 67 70 73 75 76 77 78 79 81 83 84 85 86 88 89 91 94 96 97 98 99 100
63 c 20 80 51 141 171 10 40 32 65 66 67 68 69 70 72 73 75 78 80 82 84 86 87 88 89 91 92 93 96 97 99 100
64 c 5 35 60 142 172 10 10 5 69 70 71 73 76 78 79 80 81 82 83 84 85 86 87 89 91 92 95 96 97 99 100
65 c 5 5 60 0 172 10 16 25 66 68 70 73 74 75 76 78 79 82 83 85 86 88 89 93 96 98 99 100
66 c 67 5 60 144 174 10 25 23 67 72 73 75 76 78 79 80 81 82 83 84 85 86 90 91 92 94 95 100
67 c 40 60 60 144 174 10 21 25 68 69 72 73 78 80 82 83 84 85 86 88 89 91 92 94 95 97 98 99
68 c 38 15 60 148 178 10 10 13 69 72 73 75 76 77 78 80 82 83 84 87 92 94 95 98
69 c 0 45 60 149 179 10 20 19 70 71 72 75 77 78 80 82 83 85 86 87 88 90 92 93 94 98 99 100
70 c 88 35 60 0 179 10 20 13 71 72 73 74 77 79 81 82 83 85 87 88 89 90 91 92 93 94 99
71 c 23 3 60 150 180 10 7 6 72 73 74 76 77 78 80 81 83 84 86 87 90 92 93 94 95 97 99
72 c 15 10 62 152 182 10 20 11 73 74 75 76 77 78 81 83 84 86 88 89 90 91 92 94 95 96 97 98 100
73 c 85 35 62 0 182 10 30 35 74 75 77 78 79 80 81 82 84 85 86 90 91 92 93 97 98 99
74 c 35 5 64 154 184 10 20 15 75 76 77 79 80 81 83 85 86 87 88 89 91 92 93 94 95 96 97 98 99
75 c 42 5 64 0 184 10 10 8 77 78 79 80 81 82 84 87 88 89 91 92 93 94 95 96
76 c 15 60 65 155 185 10 17 24 78 79 84 85 86 87 88 90 91 92 95 96 97 98 99
77 c 40 5 65 0 185 10 10 6 78 79 81 82 83 89 92 94 95 96 98 99
78 c 10 20 67 0 187 10 19 13 79 81 82 83 84 85 86 87 89 90 91 92 93 94 95 96 98 99 100
79 c 20 85 69 0 189 10 20 11 80 82 83 86 87 88 89 91 92 93 94 95 96 97 98 99
80 c 65 82 74 0 189 10 10 12 81 82 83 84 87 88 89 93 98 99 100
81 c 22 85 74 0 190 10 10 17 82 85 87 92 93 94 96 100
82 c 25 85 74 0 191 10 20 10 83 84 85 88 89 91 92 93 95 96 98 100
83 c 63 23 74 0 194 10 2 10 86 87 90 91 93 94 95 96 100
84 c 72 35 74 0 194 10 30 36 85 88 89 91 93 95 97 100
85 c 15 75 74 0 194 10 20 19 86 87 90 91 94 96 97 99 100
86 c 8 45 77 0 197 10 20 10 87 88 89 90 91 92 95 96 97 99 100
87 c 22 75 79 0 199 10 30 32 89 90 91 92 93 97 98 100
88 c 63 65 82 0 202 10 8 8 89 90 91 94 96 99 100
89 c 25 30 85 0 205 10 3 1 90 92 93 94 95 96 97 98 100
90 c 61 52 90 178 208 10 3 1 91 93 94 95 96 97 100
91 c 56 37 90 0 209 10 6 1 93 94 97 98 99 100
92 c 35 69 90 180 210 10 23 32 94 97 98 100
93 c 37 31 90 0 210 10 14 10 94 96 97 98
94 c 31 67 90 180 210 10 3 1 96 97 99 100
95 c 57 48 92 0 212 10 23 18 96 97 98 100
96 c 55 54 94 0 214 10 26 34 97 99
97 c 27 43 95 0 215 10 9 19 98 99 100
98 c 26 52 95 0 215 10 9 11 99 100
99 c 49 42 97 0 217 10 13 19 100
100 c 47 47 102 192 222 10 13 21

