StringID Type x y release ReadyTime DueDate ServiceTime weight volume Item_Conflitante1 Item_Conflitante2 Item_Conflitante3 Item_Conflitante4 Item_Conflitante5 Item_Conflitante6 Item_Conflitante7 Item_Conflitante8 Item_Conflitante9 Item_Conflitante10 Item_Conflitante11 Item_Conflitante12 Item_Conflitante13 Item_Conflitante14 Item_Conflitante15 Item_Conflitante16 Item_Conflitante17 Item_Conflitante18 Item_Conflitante19 Item_Conflitante20 Item_Conflitante21 Item_Conflitante22 Item_Conflitante23 Item_Conflitante24 Item_Conflitante25 Item_Conflitante26 Item_Conflitante27 Item_Conflitante28 Item_Conflitante29 Item_Conflitante30 Item_Conflitante31 Item_Conflitante32 Item_Conflitante33 Item_Conflitante34 Item_Conflitante35 Item_Conflitante36 Item_Conflitante37 Item_Conflitante38 Item_Conflitante39 Item_Conflitante40 Item_Conflitante41 Item_Conflitante42 Item_Conflitante43 Item_Conflitante44 Item_Conflitante45 Item_Conflitante46 Item_Conflitante47 Item_Conflitante48 Item_Conflitante49 Item_Conflitante50 Item_Conflitante51 Item_Conflitante52 Item_Conflitante53 Item_Conflitante54 Item_Conflitante55 Item_Conflitante56 Item_Conflitante57 Item_Conflitante58 Item_Conflitante59 Item_Conflitante60 Item_Conflitante61 Item_Conflitante62 Item_Conflitante63 Item_Conflitante64 Item_Conflitante65 Item_Conflitante66 Item_Conflitante67 Item_Conflitante68 Item_Conflitante69 Item_Conflitante70 Item_Conflitante71 Item_Conflitante72 Item_Conflitante73 Item_Conflitante74 Item_Conflitante75 Item_Conflitante76 Item_Conflitante77 Item_Conflitante78 Item_Conflitante79 Item_Conflitante80 Item_Conflitante81 Item_Conflitante82 Item_Conflitante83 Item_Conflitante84 Item_Conflitante85 Item_Conflitante86 Item_Conflitante87 Peso_Total Volume_Total
0 d 40 50 0 0 240 0 0 0                                                                                        200 200
1 c 38 5 0 65 95 10 30 33 2 3 5 6 9 10 11 13 14 15 16 17 18 19 21 22 23 24 26 27 30 31 32 33 34 36 37 38 39 40 42 43 45 46 47 49 50 51 52 53 55 56 57 58 59 60 61 62 63 64 65 66 67 68 69 70 71 72 73 74 75 76 77 78 79 81 82 83 84 85 87 88 90 92 93 95 96 97 98 99 100
2 c 6 68 0 89 119 10 30 31 3 4 5 6 7 8 9 10 11 12 13 14 15 16 17 18 19 20 21 22 26 27 29 30 31 32 35 37 38 39 40 41 42 43 44 45 46 48 49 50 51 52 53 54 55 56 57 58 59 60 62 63 64 65 66 67 68 69 70 71 73 74 75 76 77 79 80 81 82 84 85 86 88 89 90 91 92 94 95 96 97 98 99 100
3 c 62 80 0 75 105 10 30 39 4 5 6 7 8 9 10 11 12 13 14 15 16 17 18 19 20 21 22 23 24 25 26 27 28 29 31 32 33 34 35 37 38 40 41 42 43 44 46 47 48 50 51 52 53 54 56 57 58 59 60 61 62 63 65 66 68 69 70 71 72 73 74 75 76 77 78 79 80 81 82 84 86 87 88 89 90 91 92 93 94 95 96 97 98 99 100
4 c 55 82 0 64 94 10 10 15 5 6 7 8 9 10 12 13 14 15 16 17 18 19 20 21 23 24 26 27 30 32 33 34 35 38 39 40 41 42 43 44 45 46 47 48 49 50 51 52 53 54 55 56 57 60 62 63 65 66 67 68 69 70 71 72 73 74 76 78 80 81 82 83 84 85 87 88 89 90 91 92 94 95 97 98 99 100
5 c 2 40 0 58 88 10 20 16 6 7 8 9 10 11 12 13 16 17 18 19 20 21 23 24 25 26 27 28 29 30 31 32 33 35 36 37 38 39 40 41 42 43 44 45 46 47 48 49 50 51 53 54 55 56 58 59 61 62 63 64 65 66 67 68 69 70 71 72 73 74 75 76 77 78 80 81 82 83 84 85 86 87 88 89 90 92 94 96 97 99 100
6 c 60 12 0 75 105 10 31 34 7 8 9 10 11 12 13 15 16 17 19 20 21 22 25 26 27 28 29 32 33 34 36 39 40 41 42 43 44 45 46 47 48 49 50 51 52 53 54 55 56 57 58 59 60 61 62 63 66 67 68 69 70 71 72 73 74 76 77 78 79 80 82 83 84 85 87 88 89 90 91 92 93 94 95 96 97 100
7 c 8 40 0 59 89 10 40 42 8 9 10 12 13 15 16 17 18 19 20 22 23 24 25 28 29 30 31 32 33 34 35 36 38 39 40 41 42 43 45 46 47 48 50 52 53 54 56 58 60 62 63 64 65 66 67 68 69 70 71 72 74 75 76 77 78 79 80 81 82 83 84 85 86 87 88 89 90 91 92 93 94 95 96 97 99 100
8 c 12 24 0 90 120 10 13 12 9 10 13 14 15 16 17 19 20 21 24 25 26 27 29 30 31 32 33 34 35 36 37 38 39 41 42 44 45 46 47 48 49 50 51 52 53 54 55 59 60 61 64 65 66 67 69 70 71 73 74 75 76 77 78 79 80 81 82 83 84 85 86 87 88 92 93 94 97 98 99 100
9 c 26 35 0 77 107 10 15 8 10 11 13 14 15 16 17 18 19 20 21 23 24 25 26 27 29 30 31 32 33 34 35 36 37 38 39 41 42 43 45 46 47 48 49 50 51 52 55 56 57 58 59 60 62 63 64 66 67 68 69 70 71 72 73 74 75 76 77 78 79 80 81 82 83 84 85 86 87 88 91 92 93 94 95 96 97 98 99 100
10 c 31 52 0 41 71 10 27 19 12 13 14 15 16 17 18 19 21 23 24 25 26 27 28 29 30 31 32 34 37 38 39 41 42 44 45 46 47 49 51 52 55 56 60 62 63 64 66 68 69 70 71 72 73 74 76 77 78 80 81 82 83 84 85 86 87 88 89 90 91 92 94 95 96 97 98 99
11 c 53 43 0 14 44 10 14 9 12 15 16 17 18 19 20 22 24 25 27 28 29 31 32 33 34 36 37 38 39 40 41 43 44 45 46 48 49 50 51 52 53 54 55 56 57 58 60 61 62 63 64 66 69 70 73 74 76 77 78 79 80 81 82 83 85 86 87 89 90 91 92 93 95 96 97 98 99
12 c 64 42 1 70 100 10 9 9 15 16 17 18 19 20 21 23 24 25 26 28 29 30 31 32 33 34 35 36 37 38 39 40 42 45 46 47 49 50 53 54 55 56 57 60 61 62 64 66 67 68 70 74 75 77 78 79 82 84 85 86 87 88 89 90 91 92 94 95 96 97 99 100
13 c 65 35 1 52 82 10 3 4 15 16 17 18 19 20 21 22 23 24 25 26 27 28 29 31 32 33 34 35 36 37 38 39 40 41 42 43 45 46 47 48 49 50 51 52 53 54 55 56 57 58 59 60 61 62 64 66 68 71 73 74 75 76 80 81 82 83 84 86 87 88 89 91 93 94 95 96 97 98 99 100
14 c 15 80 1 91 121 10 10 18 15 16 17 19 20 21 22 23 24 25 26 27 28 29 31 32 33 34 35 37 38 40 41 42 43 44 45 46 47 48 50 51 53 54 55 57 58 60 61 63 64 65 67 68 69 70 71 72 74 75 76 77 79 80 82 83 84 86 88 89 91 92 93 95 96 97 98 99 100
15 c 20 50 1 91 121 10 5 8 17 18 21 22 23 24 25 26 28 29 30 31 32 33 34 35 36 37 38 39 40 41 42 45 47 48 49 50 51 52 53 54 55 56 57 58 59 60 61 62 64 65 66 67 69 70 72 73 74 75 76 77 78 80 81 83 84 85 86 87 88 89 90 93 94 95 96 98 99 100
16 c 10 35 1 91 121 10 20 22 19 20 21 22 23 24 25 26 27 28 30 31 32 33 34 35 37 38 39 41 42 43 44 45 46 48 49 50 51 52 54 55 56 58 59 60 61 62 63 64 66 67 68 69 71 74 75 76 77 78 79 84 85 86 88 89 91 92 94 95 96 97 98 99 100
17 c 57 29 6 96 126 10 18 11 19 20 21 22 24 27 28 31 32 33 34 36 37 38 40 41 42 43 44 45 49 50 51 53 55 56 58 59 60 61 62 63 64 65 66 67 68 70 72 73 74 75 76 77 79 80 83 84 85 86 88 89 90 91 92 93 94 95 96 97 99 100
18 c 30 60 50 140 170 10 16 18 19 21 22 23 25 26 27 29 30 31 32 33 35 37 39 40 41 42 43 44 46 47 48 49 50 51 52 53 54 55 56 57 58 59 60 61 63 64 65 66 67 68 69 70 71 72 74 75 76 77 78 79 81 82 83 84 85 87 88 89 90 91 92 94 96 97 100
19 c 20 80 51 141 171 10 40 31 20 21 22 23 24 26 27 28 30 31 32 33 34 35 36 37 38 40 41 42 44 45 46 47 48 49 50 51 52 53 54 56 58 59 60 62 63 64 65 66 67 68 69 70 71 72 73 78 79 80 81 82 83 85 87 88 89 91 92 93 95 96 97 98 99 100
20 c 20 20 51 141 171 10 8 11 21 23 24 25 26 27 28 29 30 31 32 33 34 35 36 37 38 39 40 41 42 43 44 45 46 47 48 49 50 51 52 53 54 55 56 57 58 59 60 62 63 64 65 66 67 68 71 72 75 76 78 79 80 82 83 85 86 87 88 89 91 93 94 97 98 99 100
21 c 95 30 51 0 171 10 30 39 22 23 24 27 28 29 30 32 33 35 36 37 38 39 40 41 42 44 45 47 48 49 50 51 52 55 56 57 58 59 60 62 63 64 65 66 67 68 69 70 72 73 74 75 78 79 80 81 82 83 84 85 86 87 88 90 91 93 94 95 96 97 98 99 100
22 c 5 35 52 142 172 10 10 6 23 24 25 26 28 30 31 33 34 36 37 38 39 40 41 42 43 46 47 48 49 50 51 52 53 54 56 60 61 62 63 64 65 66 67 70 72 73 74 76 77 78 79 80 81 82 83 84 85 86 87 88 89 90 91 92 93 94 95 96 100
23 c 5 5 52 0 172 10 16 9 24 25 27 28 30 31 32 33 34 35 36 38 39 40 41 42 43 44 45 46 47 48 50 51 52 53 54 55 56 58 59 60 62 63 64 65 67 68 69 70 71 72 73 74 77 78 80 81 82 83 84 85 86 87 88 89 90 91 92 93 94 96 97 98 99 100
24 c 95 35 52 0 172 10 20 17 26 27 28 29 30 31 32 33 34 35 36 38 40 43 45 46 47 48 49 50 51 52 53 54 55 57 58 60 61 62 63 64 65 66 67 68 71 72 73 77 78 79 80 81 82 83 84 85 86 88 89 90 91 92 93 94 95 96 97 98 99
25 c 92 30 54 0 174 10 10 15 26 27 28 30 31 32 35 37 38 39 40 41 42 43 44 45 46 47 48 50 51 52 53 55 56 57 60 61 62 63 65 66 68 69 70 71 72 73 74 75 76 77 78 79 80 82 83 84 86 87 88 89 90 92 93 94 95 96 97 98 99 100
26 c 90 35 57 0 177 10 10 12 27 28 29 30 31 32 34 35 36 37 38 40 41 42 43 44 45 46 48 49 50 51 52 53 54 55 56 57 58 59 60 61 62 63 64 65 66 67 68 69 71 72 73 75 76 77 78 79 80 81 82 83 84 86 87 88 89 90 91 92 94 96 97 98 99 100
27 c 67 5 57 0 177 10 25 20 28 29 31 32 35 36 37 38 39 40 41 43 44 45 46 47 50 51 52 53 54 55 56 57 58 59 60 62 63 64 65 68 69 71 73 74 75 76 77 78 79 80 81 82 84 85 87 88 89 90 91 93 94 96 97 98 99
28 c 88 30 58 0 178 10 10 4 29 30 31 32 33 34 35 36 37 38 40 41 42 43 44 45 46 47 48 49 50 52 53 54 55 56 57 58 59 60 61 62 63 64 65 66 67 68 69 71 72 73 75 77 78 79 80 81 82 83 84 85 87 88 89 90 91 92 93 94 95 97 98 99 100
29 c 87 30 58 0 178 10 10 7 31 32 33 34 35 36 37 38 39 40 41 43 44 45 46 47 48 49 50 51 52 53 54 55 56 57 58 59 60 61 62 63 64 65 66 67 70 71 72 73 74 75 76 77 78 79 80 81 82 83 84 85 86 88 89 90 91 92 93 94 95 96 97 99 100
30 c 85 25 58 0 178 10 10 19 34 35 36 37 38 40 41 43 45 46 48 49 50 51 52 54 55 56 57 58 59 60 61 62 63 65 66 67 68 69 70 71 72 73 74 75 76 77 78 79 80 81 82 83 84 85 86 87 88 91 92 93 94 95 96 97 99 100
31 c 88 35 59 0 179 10 20 13 32 34 35 36 39 40 41 42 43 45 46 47 48 49 51 53 56 57 58 59 60 61 62 63 64 65 67 68 69 70 71 72 74 75 77 79 80 81 82 83 84 85 87 89 90 91 92 93 94 95 98 99 100
32 c 23 3 60 150 180 10 7 8 33 34 35 36 37 38 40 41 42 43 44 46 47 48 49 50 53 54 55 56 58 59 60 62 63 64 65 66 67 68 69 70 71 72 73 74 75 76 78 79 80 81 82 84 85 86 87 89 90 91 92 93 94 95 96 97 98 99 100
33 c 4 18 61 0 181 10 35 35 34 35 36 38 39 40 41 42 43 44 45 47 48 49 50 51 52 53 54 55 57 58 59 60 61 62 63 64 65 67 68 70 71 72 73 74 75 76 77 78 79 81 82 84 85 86 87 89 90 91 92 93 95 96 97 98 99
34 c 15 10 62 152 182 10 20 26 36 37 38 39 40 41 42 44 45 46 47 48 49 51 52 53 54 55 56 57 59 60 61 62 63 65 66 67 68 69 70 71 72 73 74 75 77 78 79 80 82 83 84 85 86 87 89 90 91 93 94 96 98 99 100
35 c 85 35 62 0 182 10 30 34 36 37 38 39 41 42 43 44 46 47 48 49 50 51 52 53 54 55 56 57 58 59 60 62 63 64 65 66 68 69 71 72 73 74 75 76 80 81 82 83 84 85 86 87 88 89 90 91 92 93 94 95 97 98 99 100
36 c 42 5 64 0 184 10 10 5 37 38 39 40 41 42 44 45 46 47 48 50 51 52 53 54 55 57 58 59 61 63 64 65 66 68 69 70 71 72 73 74 76 77 79 80 82 83 84 85 86 88 89 90 91 92 93 96 97 99 100
37 c 35 5 64 154 184 10 20 22 38 39 40 41 42 43 44 45 46 47 48 49 50 51 52 54 55 56 57 58 59 60 61 62 63 64 65 66 70 71 72 73 74 76 77 78 80 81 82 83 84 85 86 87 88 89 90 91 93 95 96 97 98 99 100
38 c 44 5 64 0 184 10 20 30 40 41 42 43 44 45 47 48 50 51 52 53 56 57 58 59 60 61 62 63 64 65 66 68 69 71 73 74 75 76 77 78 79 81 83 85 86 87 89 90 91 93 94 95 96 97 99 100
39 c 40 5 65 0 185 10 10 15 41 42 43 44 45 46 47 48 50 51 53 54 55 56 57 58 60 62 64 65 66 67 68 69 70 71 72 73 75 76 77 78 80 81 83 84 86 88 90 91 92 93 94 95 96 97 100
40 c 67 85 65 0 185 10 20 28 43 44 46 47 49 50 51 52 54 55 56 57 58 59 60 61 62 63 64 65 66 67 68 69 70 71 72 73 74 75 76 77 78 79 81 82 83 84 85 86 88 89 90 91 92 94 95 96 98 100
41 c 65 85 66 0 186 10 40 35 43 44 45 46 47 48 49 51 52 53 54 55 56 58 59 60 62 63 64 65 66 67 68 69 70 72 73 74 75 76 77 78 79 80 81 82 83 84 86 87 88 89 90 92 93 94 95 96 97 98 99 100
42 c 10 20 67 0 187 10 19 10 45 46 47 48 49 50 51 52 53 54 55 56 57 58 59 60 62 65 66 67 68 69 70 71 73 74 75 77 78 80 81 82 83 84 85 86 88 89 91 92 93 94 95 96 98 100
43 c 0 40 68 0 188 10 20 26 44 45 46 47 48 49 50 51 52 53 54 55 56 57 58 59 60 61 62 63 65 66 68 69 70 72 73 74 75 78 79 80 81 82 84 85 86 88 89 90 91 92 93 94 95 96 97 100
44 c 60 85 69 0 189 10 30 26 45 47 48 49 50 51 52 53 54 55 56 58 59 60 62 63 65 66 67 68 70 71 72 73 74 75 76 77 78 79 80 81 82 83 84 86 87 88 89 90 91 92 93 94 95 96 97 98 99 100
45 c 65 82 69 0 189 10 10 7 46 47 48 49 50 52 53 54 55 56 57 58 59 60 61 62 64 65 66 67 68 69 70 71 72 73 74 75 76 79 80 81 82 83 84 85 86 87 88 89 90 91 92 93 94 95 96 97 98 99 100
46 c 20 85 69 0 189 10 20 14 47 48 50 51 52 53 54 56 57 58 60 61 62 63 65 66 67 68 69 70 71 72 74 75 76 77 79 80 81 82 83 84 85 86 88 89 90 91 92 93 94 95 96 97 98 99 100
47 c 42 10 69 0 189 10 40 33 48 49 51 52 53 54 55 56 57 58 59 61 62 63 64 65 66 68 69 70 71 72 73 74 75 76 77 78 79 80 81 82 84 85 86 88 89 90 91 92 94 96 97 98 99 100
48 c 0 45 69 0 189 10 20 18 49 50 51 52 53 54 55 56 57 58 59 60 61 62 63 64 66 67 69 71 72 73 74 76 77 80 81 84 85 86 88 89 90 91 92 94 95 96 97 98
49 c 65 20 70 0 190 10 6 13 50 51 52 53 54 55 56 57 58 59 60 61 62 63 64 65 66 67 69 72 73 74 78 80 81 83 84 87 88 89 90 91 92 93 94 95 96 97 98 99 100
50 c 22 85 70 0 190 10 10 1 51 53 54 55 56 57 58 59 60 61 62 63 64 65 66 68 70 72 73 74 75 76 78 79 80 81 82 85 86 87 88 89 91 92 93 94 96 97 99 100
51 c 2 60 70 0 190 10 5 1 53 54 55 57 58 59 60 61 62 63 64 65 66 67 68 69 70 71 73 74 75 76 77 78 79 80 81 82 83 84 85 86 87 92 93 94 95 96 97 98 99 100
52 c 42 12 71 0 191 10 10 11 53 55 56 57 58 59 60 61 62 63 64 65 66 67 68 69 70 71 72 73 74 75 76 77 78 79 80 81 82 83 84 85 86 88 89 90 91 92 93 94 95 96 97 99 100
53 c 2 45 72 0 191 10 10 9 54 55 56 57 58 59 62 64 65 66 67 68 69 70 71 72 73 74 75 77 78 79 80 81 82 83 84 85 86 87 88 90 92 93 94 96 97 98 99 100
54 c 25 85 72 0 191 10 20 16 55 56 57 58 59 60 61 62 63 64 66 67 68 69 70 71 72 73 74 75 76 77 78 79 83 84 85 86 87 88 90 91 92 95 97 98 99
55 c 55 85 72 0 191 10 20 11 56 57 58 59 60 61 62 65 66 67 68 69 70 71 72 74 75 76 77 79 80 81 82 83 87 88 89 90 91 92 93 95 96 97 99 100
56 c 18 80 72 0 192 10 10 9 57 58 59 60 61 62 63 64 66 67 68 69 70 72 73 74 75 76 77 78 79 80 82 83 84 85 87 88 89 90 91 92 93 94 95 96 98 99 100
57 c 20 82 72 0 192 10 10 4 58 59 60 61 62 64 65 66 67 68 69 70 72 73 74 75 76 77 78 79 80 81 82 83 84 87 89 91 93 94 95 96 97 98 99 100
58 c 60 80 73 0 193 10 10 4 59 60 61 63 65 67 68 69 70 71 72 74 76 77 78 79 80 81 82 83 84 85 87 88 89 90 91 92 93 94 95 96 97 100
59 c 63 23 74 0 194 10 2 1 60 61 62 63 65 66 67 69 70 71 72 74 75 76 77 78 80 81 82 84 85 86 88 89 90 92 94 95 96 97 98 99 100
60 c 72 35 74 0 194 10 30 25 61 66 68 70 71 73 74 76 77 78 79 80 81 82 83 84 85 86 87 88 89 91 92 93 94 95 96 97 98 99 100
61 c 5 45 74 0 194 10 10 18 62 64 65 66 68 70 71 73 74 75 76 77 78 79 80 81 83 84 86 87 88 89 91 92 93 94 95 99 100
62 c 42 15 74 0 194 10 10 13 63 64 65 66 67 68 70 71 74 75 76 77 78 80 81 82 83 84 85 86 87 88 90 93 94 95 96 97 98 99 100
63 c 38 15 74 0 194 10 10 8 64 65 67 68 71 72 73 74 75 76 77 78 79 80 81 82 83 84 85 86 88 90 91 93 94 95 96 97 98 99 100
64 c 15 75 76 0 194 10 20 14 65 66 68 69 70 71 72 74 75 76 77 78 79 80 82 83 84 86 87 88 89 90 91 92 93 94 96 97 100
65 c 40 15 76 0 195 10 40 32 68 69 70 71 72 73 74 75 76 77 79 81 83 84 85 86 87 88 89 90 91 92 93 94 95 96 97 99 100
66 c 18 75 76 0 196 10 20 16 67 68 69 70 71 72 73 74 75 76 77 78 79 80 81 82 85 86 87 88 89 90 91 93 95 96 97 98 100
67 c 55 80 76 0 196 10 10 5 69 70 71 72 73 74 75 77 78 79 80 81 82 83 84 85 86 88 89 90 91 92 93 95 97 98 99
68 c 55 20 77 0 196 10 19 28 69 70 71 72 73 75 76 77 78 79 80 81 82 84 85 86 87 88 89 90 91 92 93 94 95 98 99 100
69 c 21 24 77 0 197 10 28 31 70 71 72 73 74 75 76 77 78 79 80 81 82 83 84 85 86 87 88 89 90 91 92 93 94 95 96 97 98 99 100
70 c 8 45 77 0 197 10 20 16 71 72 73 74 75 76 77 78 79 80 81 82 83 86 88 89 90 92 93 96 97 98 99 100
71 c 8 56 77 0 197 10 27 29 72 74 75 76 77 78 79 82 83 84 85 86 87 88 89 90 91 92 93 94 96 97 98 100
72 c 10 40 78 0 198 10 30 37 73 74 75 76 77 78 79 80 81 82 83 85 86 87 88 90 91 93 94 96 97 98 99
73 c 58 75 79 0 199 10 20 25 74 75 76 78 79 81 82 83 84 85 86 88 90 91 92 93 94 96 97 98 100
74 c 22 75 79 0 199 10 30 25 75 76 77 78 79 80 81 83 84 85 86 88 90 91 92 93 94 95 96 97 98 99 100
75 c 63 65 82 0 202 10 8 17 76 77 78 79 80 81 84 85 86 87 88 89 90 91 92 93 94 95 96 97 98 99 100
76 c 30 25 83 0 203 10 23 15 77 78 79 81 82 83 84 85 87 88 89 91 92 93 94 95 96 97 99 100
77 c 15 60 83 0 203 10 17 22 78 79 80 82 83 85 86 87 88 89 91 92 94 95 96 97 98 99
78 c 65 55 84 0 204 10 14 11 79 81 82 84 85 86 87 88 90 91 92 93 94 95 96 97 98 99 100
79 c 25 30 85 0 205 10 3 1 80 81 82 83 84 85 86 87 88 89 90 91 92 93 95 96 97 98 99 100
80 c 61 52 89 0 208 10 3 1 82 83 85 86 88 89 90 92 93 94 95 97 98 99 100
81 c 56 37 89 0 209 10 6 1 82 83 85 86 88 89 90 91 92 93 94 95 98 99 100
82 c 45 30 89 0 209 10 17 14 83 84 85 86 87 88 89 90 91 92 95 96 98 99 100
83 c 37 31 90 0 210 10 14 10 84 85 86 87 88 89 90 91 92 93 95 96 97 99 100
84 c 35 69 90 0 210 10 23 32 85 87 89 90 91 92 93 94 95 96 97 98 100
85 c 31 67 90 180 210 10 3 12 87 88 89 90 91 93 94 95 96 97 98 99 100
86 c 55 60 91 0 211 10 16 10 87 88 89 90 91 92 93 94 95 96 97 98 99
87 c 50 35 91 0 211 10 19 26 88 89 90 91 93 94 95 96 97 98 100
88 c 57 48 92 0 212 10 23 21 89 90 91 92 94 95 96 97 99 100
89 c 24 58 92 0 212 10 19 11 90 91 92 93 94 95 96 97 99 100
90 c 55 54 94 0 214 10 26 34 91 92 94 95 96 97 98 100
91 c 45 65 94 0 214 10 9 10 94 95 96 97 98 100
92 c 27 43 95 0 215 10 9 1 94 95 97 98
93 c 26 52 95 0 215 10 9 10 94 95 96 97 99 100
94 c 41 37 96 0 216 10 16 22 96 97 98 99
95 c 49 58 97 0 217 10 10 8 96 97 98 99 100
96 c 49 42 97 0 217 10 13 8 97 98 99 100
97 c 35 40 98 0 218 10 16 24 98 99 100
98 c 40 60 100 0 220 10 21 26 99
99 c 47 47 102 0 222 10 13 16 100
100 c 37 47 105 0 225 10 6 13

