StringID Type x y release ReadyTime DueDate ServiceTime weight volume Item_Conflitante1 Item_Conflitante2 Item_Conflitante3 Item_Conflitante4 Item_Conflitante5 Item_Conflitante6 Item_Conflitante7 Item_Conflitante8 Item_Conflitante9 Item_Conflitante10 Item_Conflitante11 Item_Conflitante12 Item_Conflitante13 Item_Conflitante14 Item_Conflitante15 Item_Conflitante16 Item_Conflitante17 Item_Conflitante18 Item_Conflitante19 Item_Conflitante20 Item_Conflitante21 Item_Conflitante22 Item_Conflitante23 Item_Conflitante24 Item_Conflitante25 Item_Conflitante26 Item_Conflitante27 Item_Conflitante28 Item_Conflitante29 Item_Conflitante30 Item_Conflitante31 Item_Conflitante32 Item_Conflitante33 Item_Conflitante34 Item_Conflitante35 Item_Conflitante36 Item_Conflitante37 Item_Conflitante38 Item_Conflitante39 Item_Conflitante40 Item_Conflitante41 Item_Conflitante42 Item_Conflitante43 Item_Conflitante44 Item_Conflitante45 Item_Conflitante46 Item_Conflitante47 Item_Conflitante48 Item_Conflitante49 Item_Conflitante50 Item_Conflitante51 Item_Conflitante52 Item_Conflitante53 Item_Conflitante54 Item_Conflitante55 Item_Conflitante56 Item_Conflitante57 Item_Conflitante58 Item_Conflitante59 Item_Conflitante60 Item_Conflitante61 Item_Conflitante62 Item_Conflitante63 Item_Conflitante64 Item_Conflitante65 Item_Conflitante66 Item_Conflitante67 Item_Conflitante68 Item_Conflitante69 Item_Conflitante70 Item_Conflitante71 Item_Conflitante72 Item_Conflitante73 Item_Conflitante74 Item_Conflitante75 Item_Conflitante76 Item_Conflitante77 Item_Conflitante78 Item_Conflitante79 Item_Conflitante80 Item_Conflitante81 Peso_Total Volume_Total
0 d 40 50 0 0 960 0 0 0                                                                                  1000 1000
1 c 35 40 16 11 131 10 16 11 2 3 4 5 6 7 9 10 11 12 13 14 15 16 17 18 19 20 21 23 24 25 26 27 28 29 31 33 34 36 37 38 40 43 44 46 47 48 49 50 51 52 53 54 55 56 57 58 59 61 62 63 64 65 66 67 68 71 72 73 74 75 76 78 79 80 81 82 84 85 86 87 88 90 92 93 94 96 97 99 100
2 c 45 30 16 191 311 10 17 8 3 4 5 6 7 9 10 11 12 13 14 15 16 17 18 20 21 22 23 24 25 26 27 29 30 31 32 33 34 35 37 38 39 41 43 44 46 47 48 50 51 52 53 54 55 56 58 59 60 61 62 64 65 66 69 70 71 74 75 76 78 82 83 84 85 86 87 88 89 90 91 93 94 95 98 99 100
3 c 65 20 16 39 159 10 6 14 4 5 10 12 13 15 17 18 19 20 21 24 25 26 27 29 30 31 32 33 34 35 36 37 38 39 40 41 42 43 47 48 50 51 52 53 54 55 56 57 58 59 60 64 66 67 68 69 70 71 72 73 75 77 78 79 80 81 82 83 84 85 86 87 88 89 90 91 92 93 94 95 96 97 98 99 100
4 c 95 35 16 146 266 10 20 16 5 8 9 10 11 12 13 14 15 16 17 19 20 21 22 23 24 25 27 29 31 32 33 34 36 37 38 39 40 41 42 43 45 46 47 48 50 52 54 55 56 57 58 59 60 61 62 63 64 65 67 68 69 71 72 73 74 75 78 79 81 82 83 84 85 86 87 88 89 90 91 92 93 95 96 97 99 100
5 c 92 30 16 149 269 10 10 16 6 7 8 9 10 11 12 13 14 15 17 19 20 21 22 23 24 25 26 27 28 29 30 31 32 34 35 36 39 40 41 44 46 47 48 50 52 53 54 55 56 57 58 59 61 62 63 64 66 67 68 69 70 71 72 73 76 77 79 80 81 82 83 86 89 90 91 92 93 94 95 96 97 98
6 c 90 35 16 194 314 10 10 17 7 8 9 10 11 12 13 14 15 16 17 19 21 22 23 24 26 27 28 31 32 33 34 35 36 37 38 39 40 41 45 48 49 50 51 52 53 54 56 57 58 59 60 62 64 65 66 67 68 69 70 71 72 73 75 76 77 78 79 80 81 83 84 86 88 89 90 91 92 93 94 95 96 97 98 99 100
7 c 88 30 16 246 366 10 10 14 9 10 11 12 14 16 17 18 19 20 22 24 25 26 27 28 29 30 31 32 33 34 35 36 37 38 39 40 41 42 44 47 48 49 51 52 53 55 56 57 58 60 61 62 63 64 65 68 69 71 72 73 74 75 76 77 78 79 81 82 84 85 86 87 88 89 90 91 93 94 95 99 100
8 c 65 35 16 167 287 10 3 13 9 10 12 13 14 15 17 18 19 20 21 22 23 25 26 27 28 29 30 31 32 33 34 35 36 37 38 39 40 41 42 43 44 45 46 47 49 50 51 52 54 55 56 57 58 60 61 62 63 64 65 67 68 69 70 71 73 74 75 76 77 78 80 81 82 84 85 86 88 90 91 93 94 95 96 98 99
9 c 38 5 16 201 321 10 30 29 10 11 12 14 15 16 17 18 19 20 21 22 23 24 26 27 28 29 30 31 33 34 36 37 38 39 40 41 42 43 44 45 46 47 48 50 52 53 54 55 56 57 58 59 60 61 62 63 64 65 66 68 69 71 72 73 74 75 76 77 78 79 80 82 84 85 86 87 88 89 90 91 92 93 94 95 98 99 100
10 c 45 65 16 258 378 10 9 8 12 13 14 15 16 17 18 19 20 21 22 23 24 25 26 27 28 29 30 32 33 34 36 38 39 41 42 43 44 45 46 47 48 50 51 52 53 54 55 56 57 58 59 60 61 62 63 64 65 66 67 68 69 70 71 72 73 75 76 77 78 79 80 81 82 83 84 85 86 87 88 89 91 92 93 94 95 96 97 98 100
11 c 55 20 16 326 446 10 19 24 13 14 15 16 17 18 20 21 22 25 26 27 28 29 30 31 32 33 34 38 40 41 42 45 46 48 50 51 52 53 54 55 56 57 58 60 61 62 63 64 65 67 68 69 70 71 72 73 74 75 76 77 78 79 80 81 83 86 87 88 89 90 92 93 94 95 96 97 99 100
12 c 65 85 16 43 163 10 40 34 13 15 16 17 18 19 20 21 22 24 26 27 28 29 30 31 32 33 35 36 38 39 40 41 42 44 45 46 48 49 50 51 52 53 54 56 57 58 59 60 61 62 65 66 69 70 71 73 74 75 77 79 80 81 83 84 85 86 90 91 92 93 94 95 96 97 98 99 100
13 c 26 35 16 308 428 10 15 5 15 16 18 19 20 21 22 23 24 25 27 28 30 31 32 33 34 35 36 38 40 41 43 44 45 46 47 49 50 52 53 54 55 56 57 58 59 60 61 62 63 65 66 67 68 69 70 71 72 73 74 75 76 77 79 80 81 82 83 85 87 88 89 90 91 92 93 94 95 96 97 98 99 100
14 c 62 80 16 278 398 10 30 34 15 16 18 19 20 21 22 23 24 25 27 28 29 30 31 32 33 34 35 36 38 39 40 41 42 43 44 45 46 47 50 51 52 53 54 55 56 57 58 60 61 62 63 64 65 66 68 69 70 71 72 73 74 77 80 81 82 83 84 85 86 87 88 89 90 91 92 93 94 95 96 97 98 99 100
15 c 60 80 16 64 184 10 10 13 16 17 18 19 20 21 22 23 24 25 28 29 30 33 34 35 36 37 38 39 40 41 42 43 44 45 46 47 49 50 51 53 54 55 56 57 60 61 62 64 65 66 67 69 71 72 74 77 78 80 81 82 83 84 86 87 88 89 93 94 95 96 97 98 99
16 c 60 85 16 329 449 10 30 38 17 18 19 21 22 23 26 28 29 30 31 32 33 34 35 37 38 39 40 42 43 46 47 48 49 50 51 52 53 54 55 56 57 59 60 61 62 63 66 67 68 69 71 72 74 75 76 79 84 85 86 88 89 90 91 92 93 94 96 98 99
17 c 2 45 16 105 225 10 10 11 18 19 20 22 23 24 25 27 28 29 30 31 33 34 35 36 37 39 40 41 42 43 44 45 46 47 48 49 50 51 52 53 54 55 56 57 58 60 61 62 63 64 65 66 67 68 69 70 73 74 75 76 77 79 80 81 82 84 85 86 88 89 90 91 92 93 96 97 98 100
18 c 55 80 16 33 153 10 10 13 19 20 21 22 23 25 26 27 28 30 31 33 34 35 36 38 39 40 41 43 44 47 48 49 50 51 53 56 57 58 60 61 62 63 64 67 68 70 71 72 73 74 75 76 77 79 80 81 82 83 84 85 86 87 88 89 90 91 93 94 95 96 97 98 99 100
19 c 85 25 16 80 200 10 10 11 20 23 24 25 26 27 28 29 31 32 33 34 35 36 37 38 39 41 42 43 44 45 46 48 49 50 52 53 54 55 57 58 59 60 61 62 63 64 65 66 67 68 69 70 71 72 73 74 75 77 79 80 81 82 83 84 85 87 88 89 90 91 92 94 95 96 97 98 99 100
20 c 20 82 16 37 157 10 10 6 21 22 23 25 26 27 29 30 31 32 33 34 35 36 37 38 39 40 41 42 43 44 45 46 47 49 50 51 52 53 54 55 58 59 60 61 62 63 64 66 67 70 71 73 74 75 76 79 80 82 83 84 85 86 87 88 89 90 91 92 94 95 96 97 98 99
21 c 55 82 16 217 337 10 10 8 22 23 24 27 28 29 30 31 32 34 36 37 38 40 41 43 44 45 47 48 49 50 51 52 54 55 56 57 58 59 60 62 63 64 65 66 67 68 69 70 71 72 73 74 75 76 77 78 79 81 82 83 84 85 86 87 88 90 91 93 95 96 97 99
22 c 31 52 16 157 277 10 27 23 23 24 25 28 29 30 31 32 35 36 37 39 40 41 42 43 44 45 46 47 48 49 50 51 52 53 54 56 57 58 59 61 62 63 64 65 66 67 68 69 70 71 74 75 76 78 79 80 81 83 84 85 87 88 90 92 93 94 95 96 97 98 99 100
23 c 60 12 16 268 388 10 31 35 24 25 27 28 29 30 31 32 33 34 35 36 37 38 39 40 41 42 43 44 45 47 48 50 51 52 53 54 57 58 59 60 61 62 63 64 65 67 68 69 70 72 73 74 76 77 78 79 80 81 82 83 84 85 86 87 88 89 90 91 92 94 95 96 97 98 99 100
24 c 2 60 16 286 406 10 5 13 25 26 27 28 29 30 31 33 36 37 40 42 43 45 46 47 48 49 50 51 52 53 54 55 56 57 58 59 61 62 64 65 66 67 68 69 70 72 73 74 75 77 78 79 80 81 83 85 88 89 90 91 92 93 94 95 96 97 98 99 100
25 c 53 43 16 14 134 10 14 19 26 27 28 29 30 31 32 33 34 35 37 38 39 41 42 44 45 46 47 48 49 50 51 53 54 55 56 57 58 60 61 62 63 64 66 67 72 73 74 75 76 78 79 80 82 84 85 87 88 89 92 93 94 95 96 97 99 100
26 c 49 58 16 355 475 10 10 8 27 28 29 30 31 33 34 35 36 37 38 40 42 43 44 45 46 47 48 49 50 51 52 54 55 56 57 58 59 60 64 66 67 68 69 70 71 72 73 74 75 76 77 78 79 80 81 82 83 84 86 87 88 89 91 94 95 96 98 100
27 c 64 42 16 268 388 10 9 18 28 29 30 31 32 33 35 36 37 38 39 40 41 42 43 45 46 48 49 50 51 52 53 54 56 57 58 59 60 62 64 65 66 67 68 70 72 73 74 75 76 77 78 79 80 83 84 85 86 87 88 89 90 91 92 94 95 96 97 98 100
28 c 12 24 16 359 479 10 13 16 29 31 35 36 37 38 40 41 42 43 44 45 46 47 48 49 50 51 52 53 54 55 56 57 58 59 60 61 62 63 64 65 66 67 68 69 70 71 72 73 74 75 76 78 79 80 81 82 83 84 85 86 87 88 89 90 91 92 94 95 96 97 98 99 100
29 c 6 68 16 352 472 10 30 29 30 31 32 33 35 36 39 41 42 43 44 45 46 47 48 50 52 53 54 55 56 58 59 60 61 62 63 64 65 66 69 70 71 72 73 76 77 78 80 81 82 83 84 85 86 88 89 91 92 93 95 96 98 100
30 c 8 40 16 195 315 10 40 38 32 33 34 35 36 37 38 40 41 42 43 44 45 46 47 48 49 50 51 53 54 55 56 58 59 60 61 62 63 64 65 66 67 68 69 71 72 73 74 75 76 77 79 80 81 82 83 84 85 87 88 89 90 91 92 93 94 97 98 99 100
31 c 65 55 16 241 361 10 14 18 35 36 37 38 40 42 43 44 45 46 47 49 50 51 55 56 57 58 59 61 62 63 66 67 68 69 70 71 72 73 75 76 78 79 80 82 83 85 86 90 91 96 97 98
32 c 5 45 16 35 155 10 10 2 33 35 36 37 38 39 41 42 43 44 45 46 47 50 51 52 53 54 55 56 57 58 59 60 61 62 63 64 67 68 69 70 71 72 73 75 76 77 78 79 80 81 84 85 86 87 88 89 90 91 92 95 96 97 99 100
33 c 2 40 16 174 294 10 20 13 34 35 38 39 40 41 42 43 44 45 46 47 48 49 50 51 52 53 54 55 56 60 61 62 63 66 67 68 69 71 73 74 75 76 77 78 79 80 81 82 83 85 86 87 88 89 90 91 92 93 94 95 96 97 98 99 100
34 c 0 40 16 255 375 10 20 20 35 36 37 38 39 40 41 43 44 45 46 47 48 51 52 54 55 56 57 58 59 60 61 63 64 65 66 67 68 69 70 71 72 73 74 75 76 77 79 80 83 84 85 86 88 90 91 92 93 94 95 97 98 99 100
35 c 24 58 16 260 380 10 19 23 36 38 39 40 41 44 45 48 49 50 52 53 54 55 56 57 58 59 60 61 62 64 65 66 68 69 70 71 74 75 76 77 78 79 80 81 82 83 84 86 87 88 89 90 92 93 95 96 97 98 99 100
36 c 44 5 16 335 455 10 20 19 37 38 39 40 41 42 43 44 45 46 47 48 49 50 51 52 53 55 58 59 60 61 62 63 64 65 67 68 69 70 71 73 76 78 79 81 84 85 86 87 88 92 95 96 97 98 100
37 c 42 10 16 254 374 10 40 46 38 40 41 42 43 45 47 49 50 51 52 54 56 57 58 61 62 63 64 65 66 68 70 71 73 74 76 77 78 80 81 82 83 84 85 86 87 88 89 90 91 92 93 95 96 97 100
38 c 37 47 16 359 479 10 6 3 39 41 42 43 44 45 46 47 49 50 52 53 54 55 56 57 58 59 61 62 64 65 66 67 68 69 70 72 74 75 76 77 81 82 83 84 85 86 87 89 90 91 92 93 95 96 97 98 99 100
39 c 21 24 16 349 469 10 28 34 40 41 42 46 47 49 50 51 52 54 55 56 57 58 60 62 63 64 66 67 68 69 70 71 72 75 76 77 78 80 81 82 83 84 86 88 89 92 93 94 95 96 97 98 99 100
40 c 8 56 16 365 485 10 27 27 41 43 44 45 46 47 49 50 51 52 53 55 56 57 58 61 62 63 64 65 66 67 68 69 70 73 74 75 76 77 79 83 84 85 88 89 91 92 93 94 95 98 99 100
41 c 15 80 16 367 487 10 10 7 42 43 44 45 46 47 48 49 50 51 53 54 55 56 57 58 59 60 61 62 63 66 67 68 69 70 71 73 74 75 76 77 78 79 81 82 83 84 85 86 88 91 92 93 94 96 97 98 99 100
42 c 10 35 16 371 491 10 20 14 44 45 46 47 48 49 50 51 52 54 55 56 57 58 59 60 61 62 63 65 67 68 72 73 74 75 76 77 81 82 84 85 87 88 89 90 94 95 96 97 98 99 100
43 c 20 50 16 375 495 10 5 1 44 45 47 48 49 50 51 52 53 54 55 56 57 58 59 60 61 62 63 64 65 66 67 70 71 72 73 74 75 76 80 81 82 83 84 85 86 87 88 89 91 92 93 94 95 96 97 98 99
44 c 40 15 16 375 495 10 40 38 48 49 50 52 53 54 55 56 57 58 59 60 62 63 65 66 67 68 69 70 71 72 73 74 75 76 78 79 80 81 82 84 85 86 87 88 91 92 93 94 95 96 97 98 99 100
45 c 58 75 16 376 496 10 20 17 46 47 48 49 51 52 55 58 59 64 65 66 67 68 69 70 71 72 73 75 76 77 80 81 82 83 84 85 86 87 88 89 90 91 92 93 94 96 97 98 100
46 c 18 75 206 388 508 10 20 23 47 48 49 50 51 52 53 54 55 56 58 59 60 61 62 63 64 65 66 67 68 69 71 74 75 76 77 79 80 81 82 83 84 85 86 87 88 90 91 92 93 94 95 96 98 100
47 c 57 29 206 395 515 10 18 8 48 49 50 51 53 54 55 56 57 58 59 60 61 62 63 64 65 66 67 68 69 71 72 73 74 75 76 77 78 79 80 81 82 83 85 86 87 88 89 90 91 93 94 96 98 99 100
48 c 30 25 206 397 517 10 23 26 49 50 51 52 53 54 55 56 57 58 59 60 61 62 63 64 65 66 67 68 70 71 72 73 74 76 77 80 82 83 84 85 86 88 89 93 94 95 97 99 100
49 c 42 12 206 440 560 10 10 12 51 52 53 54 55 56 57 58 59 60 61 62 63 64 65 66 68 69 70 71 72 73 74 75 77 78 79 80 81 82 83 84 85 90 91 95 96 98 99
50 c 18 80 206 489 609 10 10 7 51 52 54 55 57 58 59 60 61 62 63 64 65 66 67 68 71 72 74 75 76 77 78 80 81 83 84 85 86 87 89 90 91 92 93 94 95 96 97 98 99 100
51 c 10 40 206 519 639 10 30 24 52 53 54 55 56 58 60 61 62 64 65 66 67 69 70 71 73 75 76 77 78 79 80 81 82 83 84 85 86 87 88 89 90 91 92 94 95 96 97 98 99 100
52 c 42 15 206 537 657 10 10 2 54 55 56 57 58 59 60 61 62 63 64 65 66 67 68 69 71 74 75 76 77 78 79 81 82 84 85 86 87 89 91 92 93 94 95 97 98 100
53 c 4 18 206 547 667 10 35 27 54 55 57 58 59 61 62 63 64 65 66 67 70 71 72 73 74 75 77 78 79 80 81 82 83 84 85 86 87 88 89 90 91 93 94 96 97 98 99 100
54 c 50 35 206 557 677 10 19 14 55 56 58 59 60 62 64 65 66 67 69 71 72 74 75 77 78 79 81 83 84 86 87 88 89 90 91 92 93 94 95 98 99 100
55 c 41 37 206 566 686 10 16 20 56 59 61 62 63 64 65 66 67 68 69 70 71 73 74 76 77 78 79 80 81 83 84 85 86 87 88 89 91 92 94 95 96 97 98 99
56 c 55 85 297 574 694 10 20 29 57 58 59 60 61 62 63 64 65 66 67 68 69 70 71 72 73 74 75 76 77 78 79 80 81 83 85 87 88 90 91 92 93 94 95 96 97 98 99 100
57 c 30 60 297 599 719 10 16 18 58 61 63 65 66 67 68 69 70 72 73 74 75 76 77 78 79 80 82 83 84 85 86 87 88 89 90 91 93 94 95 97 99 100
58 c 55 60 297 601 721 10 16 13 59 60 61 62 64 65 66 67 68 69 73 74 75 76 77 78 79 80 81 82 83 84 85 86 87 88 90 91 93 95 96 97 99 100
59 c 40 60 297 612 732 10 21 20 60 62 63 65 66 67 68 70 71 72 73 75 76 77 78 79 81 82 83 84 85 87 88 90 92 93 96 98 99 100
60 c 87 30 297 621 741 10 10 19 61 62 64 65 66 67 68 69 70 71 73 74 75 76 77 78 79 80 81 82 87 88 89 90 91 92 94 95 96 97 98 100
61 c 20 80 297 644 764 10 40 42 62 63 64 66 67 68 69 70 71 72 74 76 77 79 80 81 82 83 84 85 86 87 89 90 91 92 93 94 96 97 98 100
62 c 20 20 297 645 765 10 8 6 63 64 65 66 67 68 70 71 72 73 75 77 78 79 81 82 83 84 85 86 87 88 89 90 91 93 94 95 96 98 99 100
63 c 5 35 297 653 773 10 10 1 65 66 67 68 69 70 71 72 73 74 75 76 77 78 79 80 82 83 84 86 88 89 91 92 93 94 95 96 97 98 99 100
64 c 67 85 297 657 777 10 20 19 66 67 68 69 70 71 73 74 75 76 77 79 80 81 82 83 84 85 87 88 89 92 94 96 97 98 99
65 c 38 15 353 681 801 10 10 4 66 67 68 69 70 71 72 73 74 75 76 77 78 79 80 82 83 85 86 87 88 89 90 91 92 93 94 95 96 97 99 100
66 c 15 60 353 694 814 10 17 10 67 68 70 71 74 75 76 77 78 80 81 82 83 84 85 86 87 90 91 92 93 94 95 96 97 98 99 100
67 c 0 45 353 703 823 10 20 23 68 69 71 72 73 74 75 76 77 79 81 83 84 85 89 90 91 92 93 95 96 97 98 99 100
68 c 67 5 353 713 833 10 25 24 69 71 72 74 75 76 77 78 79 80 81 82 83 84 85 86 87 88 89 90 91 92 93 94 96 97 98 99 100
69 c 23 3 419 764 884 10 7 6 72 73 74 75 76 77 79 80 81 82 83 85 86 87 88 89 91 92 93 95 96 97 98 99
70 c 95 30 419 0 891 10 30 33 72 73 74 77 78 80 81 82 83 84 85 86 87 88 89 90 91 92 93 94 95 96 97 98 99
71 c 5 5 419 0 892 10 16 23 72 73 74 75 76 77 78 79 80 81 82 84 86 87 88 89 92 93 96 97 98 99 100
72 c 88 35 419 0 899 10 20 11 73 74 75 77 78 79 80 81 82 83 84 85 86 87 88 89 91 92 93 94 95 96 97 98 99 100
73 c 15 10 422 782 902 10 20 14 74 75 77 78 79 81 82 83 84 85 86 88 89 90 91 92 93 95 96 97 99 100
74 c 85 35 422 0 902 10 30 23 75 76 77 81 82 83 84 85 86 87 88 89 90 91 93 94 96 98 100
75 c 35 5 424 784 904 10 20 15 76 77 78 79 80 81 82 83 84 85 87 90 91 93 94 95 96 98 99 100
76 c 42 5 424 0 904 10 10 16 77 78 79 81 83 84 85 86 87 88 89 90 91 92 94 95 98 99
77 c 40 5 425 0 905 10 10 15 78 79 80 81 82 84 85 86 87 88 89 90 91 92 93 94 95 97 98 99 100
78 c 10 20 427 0 907 10 19 22 79 80 81 82 83 84 85 86 87 88 89 90 91 92 93 94 95 97 98 99 100
79 c 20 85 429 0 909 10 20 13 80 81 82 83 84 85 86 87 91 92 93 94 96 97 99 100
80 c 65 82 434 0 909 10 10 1 81 82 83 84 85 86 88 90 92 93 94 95 96 97 99
81 c 22 85 434 0 910 10 10 11 82 83 85 86 87 89 90 91 93 94 95 96 97 99 100
82 c 25 85 434 0 911 10 20 30 83 84 85 86 87 89 90 91 92 93 94 97 98 99 100
83 c 63 23 434 0 914 10 2 2 84 85 87 88 90 91 92 94 95 96 97 98 99 100
84 c 72 35 434 0 914 10 30 29 85 86 88 89 90 91 92 93 94 96 97 98 99 100
85 c 15 75 434 0 914 10 20 11 87 89 90 91 92 94 96 99 100
86 c 8 45 437 0 917 10 20 19 87 88 89 90 91 92 94 95 96 99 100
87 c 22 75 439 0 919 10 30 34 88 89 90 91 93 94 95 96 97 98 99 100
88 c 63 65 442 0 922 10 8 1 89 90 91 93 94 95 96 97 98 99
89 c 25 30 445 0 925 10 3 4 90 91 93 94 96 98 99 100
90 c 61 52 450 808 928 10 3 2 91 92 93 94 95 96 97 98 99 100
91 c 56 37 450 0 929 10 6 13 93 94 95 97 98 99 100
92 c 35 69 450 810 930 10 23 33 94 95 96 97 98 99 100
93 c 37 31 450 0 930 10 14 10 95 96 100
94 c 31 67 450 810 930 10 3 1 95 96 98 99 100
95 c 57 48 452 0 932 10 23 21 96 97 98 99 100
96 c 55 54 454 0 934 10 26 21 97 98 99 100
97 c 27 43 455 0 935 10 9 8 98 100
98 c 26 52 455 0 935 10 9 15 99 100
99 c 49 42 457 0 937 10 13 13 100
100 c 47 47 462 822 942 10 13 20

