StringID Type x y release ReadyTime DueDate ServiceTime weight volume Item_Conflitante1 Item_Conflitante2 Item_Conflitante3 Item_Conflitante4 Item_Conflitante5 Item_Conflitante6 Item_Conflitante7 Item_Conflitante8 Item_Conflitante9 Item_Conflitante10 Item_Conflitante11 Item_Conflitante12 Item_Conflitante13 Item_Conflitante14 Item_Conflitante15 Item_Conflitante16 Item_Conflitante17 Item_Conflitante18 Item_Conflitante19 Item_Conflitante20 Item_Conflitante21 Item_Conflitante22 Item_Conflitante23 Item_Conflitante24 Item_Conflitante25 Item_Conflitante26 Item_Conflitante27 Item_Conflitante28 Item_Conflitante29 Item_Conflitante30 Item_Conflitante31 Item_Conflitante32 Item_Conflitante33 Item_Conflitante34 Item_Conflitante35 Item_Conflitante36 Item_Conflitante37 Item_Conflitante38 Item_Conflitante39 Item_Conflitante40 Item_Conflitante41 Item_Conflitante42 Item_Conflitante43 Item_Conflitante44 Item_Conflitante45 Item_Conflitante46 Item_Conflitante47 Item_Conflitante48 Item_Conflitante49 Item_Conflitante50 Item_Conflitante51 Item_Conflitante52 Item_Conflitante53 Item_Conflitante54 Item_Conflitante55 Item_Conflitante56 Item_Conflitante57 Item_Conflitante58 Item_Conflitante59 Item_Conflitante60 Item_Conflitante61 Item_Conflitante62 Item_Conflitante63 Item_Conflitante64 Item_Conflitante65 Item_Conflitante66 Item_Conflitante67 Item_Conflitante68 Item_Conflitante69 Item_Conflitante70 Item_Conflitante71 Item_Conflitante72 Item_Conflitante73 Item_Conflitante74 Item_Conflitante75 Item_Conflitante76 Item_Conflitante77 Item_Conflitante78 Item_Conflitante79 Item_Conflitante80 Item_Conflitante81 Item_Conflitante82 Peso_Total Volume_Total
0 d 40 50 0 0 1236 0 0 0                                                                                   200 200
1 c 50 35 0 262 317 90 20 27 2 3 4 7 8 9 11 14 15 16 17 19 20 21 22 24 25 26 29 30 31 32 33 34 35 36 37 38 39 40 42 43 45 46 48 49 50 52 53 54 55 56 57 58 59 60 61 62 63 64 65 67 68 69 70 71 72 73 74 75 77 78 79 81 85 86 88 89 91 92 93 94 95 96 97 98 99
2 c 38 5 0 471 534 90 30 27 3 5 6 7 8 11 12 13 14 16 17 18 21 22 23 25 26 27 28 29 30 31 32 33 34 35 36 38 39 40 41 42 43 45 46 47 48 49 50 51 53 55 56 57 59 60 61 62 63 64 65 66 67 68 70 71 72 73 74 76 77 78 79 81 82 84 85 86 87 90 92 93 94 95 96 98 100
3 c 40 5 0 385 436 90 30 40 4 5 6 7 8 9 11 12 13 14 15 16 18 19 20 21 22 23 24 25 27 29 32 33 34 35 36 37 38 39 40 41 42 43 44 45 46 47 49 50 51 52 53 54 55 56 57 58 59 60 62 63 64 65 67 68 69 70 72 73 74 75 76 77 78 79 80 82 83 85 87 89 90 91 92 93 95 96 97 98 99 100
4 c 25 52 0 169 224 90 40 46 5 7 10 11 12 13 14 15 16 17 18 20 21 22 23 25 26 27 28 29 30 31 32 33 34 35 36 37 38 39 40 41 42 43 44 45 46 48 49 50 51 52 54 56 57 58 59 60 61 63 64 65 66 67 68 69 70 71 73 74 75 76 77 79 80 81 82 83 85 86 87 89 91 92 93 94 97 98 100
5 c 42 15 0 95 158 90 10 14 7 8 9 10 11 12 13 14 15 16 17 18 19 20 21 23 24 25 26 27 28 29 30 31 33 34 35 37 39 40 41 42 43 44 45 48 49 50 52 53 54 55 56 57 58 59 61 62 63 64 65 66 68 69 70 71 73 74 78 79 80 82 83 86 87 88 89 92 93 94 95 96 97 98 99 100
6 c 23 52 0 261 316 90 10 7 7 8 9 10 11 12 13 14 15 16 17 19 20 21 22 24 26 28 29 30 31 32 33 35 36 37 38 39 40 41 42 43 45 46 47 48 49 50 51 53 54 55 56 57 58 60 61 62 63 64 66 67 69 70 71 72 73 76 78 79 80 81 82 83 84 86 87 88 90 91 92 94 95 96 97 98
7 c 44 5 0 286 347 90 20 26 8 9 10 11 12 13 14 16 17 18 19 20 21 22 23 24 25 27 28 29 30 31 32 33 34 36 38 39 40 41 42 43 45 46 47 48 49 50 51 52 54 55 56 57 58 59 62 63 64 65 66 67 68 69 70 71 72 74 75 76 77 78 80 81 83 84 85 86 88 89 92 93 96 97 98 99 100
8 c 30 30 0 541 600 90 10 20 10 11 12 13 14 15 16 17 19 21 22 23 24 26 27 28 29 30 31 32 33 35 36 37 38 39 40 41 42 43 44 45 46 47 48 49 50 52 53 54 55 57 62 63 65 67 68 69 72 73 74 75 76 77 78 79 80 81 83 85 86 87 88 89 90 91 92 93 94 95 96 97 98 99
9 c 20 55 0 449 504 90 10 1 10 11 12 13 14 15 16 17 18 19 21 22 23 24 25 26 27 28 29 30 31 33 35 36 37 38 39 40 41 42 44 45 46 47 48 49 50 51 52 53 54 55 57 58 59 60 61 62 64 66 67 68 70 72 73 74 75 76 77 78 79 80 81 82 83 84 85 86 87 89 90 91 93 94 95 98 99
10 c 32 30 0 359 412 90 10 12 11 12 14 16 17 18 20 21 22 23 24 25 26 28 29 30 31 32 34 36 37 38 39 41 42 43 45 46 47 48 50 51 53 54 55 58 60 61 62 63 64 65 66 67 68 70 72 73 75 76 77 78 79 80 81 86 87 88 89 90 91 92 93 94 95 96 97 98 99 100
11 c 33 32 0 68 149 90 20 28 12 13 14 17 18 19 20 21 22 23 24 25 28 29 30 31 32 34 35 36 37 38 39 40 41 42 45 46 49 50 52 53 54 55 56 57 58 60 61 62 65 66 67 69 71 73 74 75 76 77 78 79 80 81 82 83 84 85 86 87 88 90 91 92 93 94 95 96 97 98 99 100
12 c 8 40 0 87 158 90 40 40 16 18 20 21 22 23 24 25 26 27 28 29 30 31 32 33 34 35 36 37 38 39 41 42 43 44 45 46 47 48 49 51 52 53 54 56 58 59 61 63 64 65 66 67 68 69 71 72 74 76 78 80 81 82 83 85 86 88 89 90 91 92 94 95 96 98 99
13 c 35 32 0 166 235 90 10 20 16 18 19 20 21 23 24 25 26 27 28 29 31 32 33 34 37 38 39 40 41 43 44 45 46 47 49 50 51 55 56 57 58 59 60 61 63 64 65 67 69 70 71 72 73 74 75 76 77 78 80 82 83 84 85 86 87 89 91 92 93 94 95 96 98 99 100
14 c 5 35 0 283 344 90 10 13 15 16 18 19 20 21 22 23 24 25 27 28 29 30 31 32 33 34 35 37 38 41 42 43 44 45 46 47 49 50 51 52 53 54 55 56 57 58 59 60 63 64 65 66 67 68 69 70 71 72 73 74 75 76 77 78 79 80 81 82 83 84 86 87 88 89 90 91 93 95 96 97 98 99 100
15 c 35 30 0 264 321 90 10 1 16 17 19 20 21 24 25 26 27 29 30 31 32 33 34 35 37 38 39 40 41 42 43 44 45 46 48 49 50 51 52 54 55 56 57 58 60 61 62 63 64 66 68 69 70 71 74 75 76 77 78 79 80 81 82 83 84 85 86 87 88 89 90 92 93 94 95 96 97 98 100
16 c 48 40 0 76 129 90 10 9 20 21 22 23 24 25 26 27 28 29 30 31 32 33 34 35 36 37 38 40 41 42 44 45 46 47 48 49 51 52 53 54 55 56 57 58 59 60 61 62 63 64 65 66 67 68 69 70 71 72 73 75 76 78 79 80 82 83 85 87 89 90 92 95 96 97 98 99 100
17 c 0 40 0 479 522 90 30 24 18 19 20 21 23 24 25 26 27 29 30 31 32 33 34 35 36 37 38 39 40 42 43 44 45 46 48 49 51 52 53 54 55 56 57 58 59 60 62 63 65 66 67 68 69 74 75 76 77 78 79 80 81 82 84 85 86 87 88 89 90 93 94 95 97 98 99 100
18 c 47 40 0 12 77 90 10 6 19 20 22 24 26 27 28 29 30 31 32 33 34 35 36 37 39 41 42 43 46 48 50 51 52 53 54 55 56 57 59 60 61 62 63 64 65 67 68 69 72 73 74 75 76 77 78 81 82 83 84 85 87 88 89 90 92 94 95 96 97 98 99 100
19 c 18 75 0 99 148 90 20 11 20 21 22 23 24 25 26 27 28 29 30 31 32 33 36 37 38 39 40 41 42 43 45 46 47 48 49 50 51 52 53 54 55 56 57 59 60 61 62 63 65 66 67 69 71 72 73 74 75 76 77 78 79 80 81 82 83 84 85 86 87 88 90 91 92 93 94 95 96 97 98 99 100
20 c 65 85 0 475 518 90 40 39 21 22 23 24 25 26 27 28 29 30 31 32 33 34 35 37 38 40 41 42 43 44 45 47 48 49 50 51 53 54 56 57 58 59 61 62 63 64 66 67 68 69 71 72 75 76 78 79 80 81 82 83 84 85 87 88 89 90 91 94 95 96 97 98 99 100
21 c 67 85 0 368 441 90 20 12 22 23 24 25 26 27 28 29 31 32 34 35 36 37 38 39 40 41 42 43 44 45 46 47 48 49 50 51 53 54 56 57 58 62 63 64 65 67 68 69 70 71 73 74 76 78 79 80 81 82 83 84 85 86 90 91 93 94 95 96 98 99 100
22 c 65 55 0 85 144 90 20 12 23 24 25 26 27 28 29 31 32 36 37 38 39 40 42 43 44 45 46 48 50 51 53 54 55 56 57 58 60 61 62 64 65 66 67 68 69 70 71 72 73 74 75 76 77 78 80 81 82 83 84 85 86 87 88 89 90 91 92 93 94 96 97 98 99 100
23 c 70 58 0 458 523 90 20 19 24 25 26 27 28 29 30 31 32 34 35 36 37 38 39 40 41 42 43 44 45 48 50 51 52 53 56 58 59 60 61 62 63 64 65 66 68 69 70 71 72 73 74 75 76 77 78 79 80 81 83 84 86 87 88 89 90 91 92 93 94 95 96 98 99 100
24 c 88 35 0 109 170 90 20 19 25 26 27 29 30 31 33 34 35 36 38 39 41 43 44 45 46 47 49 50 51 52 53 56 57 58 59 60 61 62 63 64 65 66 67 69 70 71 72 73 74 75 76 77 78 79 80 81 82 83 84 85 86 87 88 90 91 92 94 95 96 97 98 99
25 c 95 30 0 387 456 90 30 25 26 30 31 33 34 35 36 37 38 40 41 43 44 45 46 47 49 50 51 53 54 55 56 57 58 59 60 61 62 65 67 69 70 72 73 74 75 76 77 78 79 80 81 83 84 86 88 89 90 91 93 94 95 96 97 99
26 c 38 70 0 534 605 90 10 13 28 29 30 31 32 33 34 35 36 37 39 41 42 44 45 46 47 48 49 51 55 58 59 60 62 64 65 66 67 68 69 70 71 72 75 76 78 80 81 84 85 86 87 89 90 91 92 93 94 95 96 97 98 99 100
27 c 38 68 0 255 324 90 20 28 28 29 30 32 33 34 35 36 37 39 40 42 43 44 46 47 49 50 51 53 54 55 56 57 58 59 60 61 62 64 65 67 68 69 71 72 73 74 75 77 80 81 82 84 86 87 88 90 92 93 94 95 96 97 98 99 100
28 c 35 69 0 448 505 90 10 8 29 30 31 32 33 34 35 36 37 38 39 42 45 46 47 48 50 51 53 54 55 57 58 59 61 62 63 64 65 66 67 70 71 72 73 74 76 77 80 82 83 84 86 87 88 89 90 91 93 94 95 97 98 99 100
29 c 22 75 0 30 92 90 30 24 30 32 33 34 35 36 37 38 39 40 41 42 43 44 45 46 47 48 49 51 52 53 54 56 57 58 59 60 62 65 66 67 69 71 73 74 75 76 77 78 79 80 83 85 86 87 88 89 90 91 92 94 95 96 97 98 99 100
30 c 90 35 0 203 260 90 10 1 32 33 34 35 36 37 38 39 40 41 42 43 44 45 46 47 48 49 50 51 52 53 54 56 57 58 60 61 62 63 64 65 66 68 69 70 71 72 73 74 75 76 77 79 80 81 83 85 86 89 90 91 92 93 94 96 97 100
31 c 20 80 0 384 429 90 40 47 33 34 35 36 37 38 39 40 41 43 45 47 48 49 50 51 52 53 54 55 56 58 59 60 61 62 63 64 67 68 69 70 71 72 73 74 75 76 77 78 80 81 83 84 85 86 87 88 89 90 91 92 93 94 95 96 98 99 100
32 c 53 35 0 353 412 90 50 41 33 34 35 36 39 40 41 43 44 45 46 48 52 55 56 57 58 59 60 61 63 65 66 67 68 69 71 72 74 75 76 79 80 81 82 83 84 85 86 87 88 89 90 91 92 93 95 96 97 98
33 c 35 66 0 357 410 90 10 18 34 35 36 37 39 42 43 44 45 46 47 48 49 51 52 53 54 55 57 58 59 60 61 64 66 67 68 70 71 72 74 75 76 77 78 80 81 82 83 84 87 88 89 90 91 92 93 95 96 97 99
34 c 0 45 265 567 624 90 20 16 35 36 37 40 41 42 43 44 46 47 50 51 52 53 54 55 57 58 59 60 61 63 64 65 66 68 70 72 73 74 75 77 79 80 81 82 83 84 85 86 87 88 89 90 91 93 94 95 96 97 98 99 100
35 c 88 30 265 574 643 90 10 18 37 38 39 40 41 42 43 44 45 46 47 48 49 50 51 52 54 55 56 59 60 61 62 63 64 65 66 67 69 71 72 75 76 77 79 80 81 82 83 84 85 86 88 89 90 91 92 93 94 95 96 98 99 100
36 c 48 30 265 632 693 90 10 14 37 38 39 40 41 42 43 44 46 48 49 51 52 53 54 55 56 58 59 60 62 63 64 65 66 67 68 69 70 72 73 74 76 77 79 80 81 82 83 84 85 86 87 88 89 90 91 93 96 97 99 100
37 c 40 69 265 621 702 90 20 15 38 39 41 42 43 44 45 46 47 48 49 51 53 54 56 57 58 60 61 62 63 65 66 67 68 69 70 71 72 73 75 76 77 78 79 81 83 84 85 87 89 90 92 93 94 96 98 99
38 c 65 60 265 645 708 90 30 39 39 40 41 43 45 46 47 48 50 51 52 53 54 55 57 58 59 61 64 65 66 67 68 69 70 71 72 73 76 77 78 79 81 82 83 85 86 87 88 89 90 91 92 94 95 96 98 99 100
39 c 5 45 265 665 716 90 10 16 40 42 44 46 47 48 50 51 52 55 56 57 58 59 60 61 64 65 66 67 68 69 70 72 74 76 77 78 79 80 81 82 83 84 85 86 87 88 89 90 91 92 93 95 96 97 98 99 100
40 c 55 85 265 647 726 90 20 11 41 42 43 45 46 47 48 50 51 52 53 54 55 56 57 58 59 60 61 62 63 64 65 66 67 68 69 70 71 72 73 74 75 76 77 78 79 81 82 84 86 87 88 89 90 91 93 94 96 98 99 100
41 c 87 30 265 668 731 90 10 12 42 43 44 45 47 48 49 50 51 52 53 54 55 56 57 58 59 62 63 64 65 66 67 69 72 73 75 76 77 78 79 81 82 83 84 85 86 89 90 91 92 93 94 95 96 97 98 99 100
42 c 28 55 265 732 777 90 10 6 44 45 47 48 49 51 52 53 55 58 59 60 61 62 63 64 65 66 67 68 69 71 73 74 76 77 78 79 80 81 83 84 85 87 88 89 90 91 92 93 94 96 97 98 99 100
43 c 45 30 265 734 777 90 10 11 44 45 46 49 51 52 53 54 55 57 58 59 60 61 62 65 66 67 69 70 71 72 73 75 76 77 78 80 81 82 84 85 86 88 89 91 92 93 98 99 100
44 c 42 68 265 727 782 90 10 3 45 48 49 50 51 52 53 55 57 58 59 60 61 62 63 64 65 66 67 68 70 72 73 74 75 76 77 78 81 82 84 85 86 87 88 89 90 91 92 94 95 96 97 98 99 100
45 c 85 25 265 769 820 90 10 6 47 48 51 52 54 55 56 58 60 61 63 64 65 67 70 71 72 73 74 75 76 77 78 80 83 84 85 86 87 90 91 93 95 96 98 99 100
46 c 55 80 265 743 820 90 10 18 47 49 50 52 54 56 57 58 60 61 63 64 65 66 67 69 71 72 73 74 75 77 78 80 81 82 83 84 85 86 87 88 89 91 92 93 94 95 96 97 98
47 c 47 35 265 826 875 90 10 13 48 49 50 51 52 53 54 57 58 59 60 61 62 63 65 66 67 68 69 70 71 73 74 75 76 77 78 79 80 81 82 83 84 85 87 90 91 92 93 94 95 96 97 98 99
48 c 28 52 265 812 883 90 20 28 49 50 51 52 53 54 55 56 58 60 61 62 63 64 65 66 67 69 70 71 72 73 74 75 76 77 78 79 80 82 85 87 88 89 90 92 93 94 95 97 98 100
49 c 45 35 448 916 969 90 10 6 50 51 52 53 54 55 56 57 58 60 61 62 63 64 65 66 70 72 73 74 75 76 77 78 79 80 81 82 83 84 85 86 87 88 89 90 91 93 94 95 96 97 98 99 100
50 c 28 35 448 1001 1066 90 10 15 51 53 55 57 58 59 60 62 63 65 66 67 68 69 70 71 72 73 74 76 77 78 79 80 81 82 83 85 86 87 89 90 91 92 93 94 95 96 97 98 99 100
51 c 95 35 497 0 1088 90 20 13 52 53 54 56 57 58 59 60 61 62 63 64 65 66 67 68 69 70 71 72 73 74 75 76 77 79 80 81 82 83 84 85 86 87 88 89 90 91 92 93 94 95 96 97 98 99 100
52 c 92 30 497 0 1090 90 10 12 53 54 55 56 57 58 59 60 61 62 63 64 66 67 68 70 71 72 73 74 75 76 77 78 79 80 81 82 85 86 87 89 90 91 93 94 95 96 97 98 100
53 c 85 35 497 0 1098 90 30 29 54 55 56 57 58 60 61 62 63 64 65 66 67 68 70 71 72 73 74 75 76 77 78 79 82 83 84 85 87 88 89 90 91 92 93 94 96 98 99 100
54 c 35 5 497 0 1100 90 20 26 55 56 57 58 59 60 61 62 63 65 66 67 69 70 71 72 73 74 75 76 77 78 79 80 81 82 83 84 85 87 89 90 91 92 93 95 96 97 98 99 100
55 c 42 10 497 0 1105 90 40 45 56 58 59 60 62 63 64 66 67 68 69 70 71 73 74 75 76 77 79 81 82 83 84 85 86 88 89 91 93 95 96 97 100
56 c 20 85 497 0 1105 90 40 30 57 58 60 61 62 64 65 66 68 69 70 71 74 75 76 77 78 79 80 81 82 83 84 85 86 87 88 89 91 92 93 94 96 98 99 100
57 c 60 85 497 0 1105 90 30 30 58 59 60 61 62 64 66 67 68 69 71 72 73 74 75 77 78 81 82 83 84 85 87 88 91 92 93 94 95 96 97 98 100
58 c 65 82 497 0 1105 90 10 19 59 60 62 63 64 65 66 67 68 69 70 71 72 73 74 75 76 77 78 79 80 81 82 83 84 85 87 89 92 93 94 95 97 98 99 100
59 c 22 85 497 0 1106 90 10 12 60 61 62 63 64 65 66 68 70 71 72 73 74 75 76 78 79 81 82 83 84 85 86 87 89 90 91 93 96 97 98 99 100
60 c 15 80 497 0 1106 90 10 9 62 63 64 65 66 69 70 71 74 75 77 78 79 80 82 83 85 86 87 88 89 90 91 92 94 95 96 97 98 99
61 c 2 40 497 0 1106 90 20 10 62 63 65 66 67 68 69 70 71 72 73 74 77 79 80 81 82 83 84 86 87 88 89 90 91 92 93 94 95 96 97 98 99 100
62 c 25 85 497 0 1107 90 20 15 63 64 65 67 68 69 70 71 73 74 76 77 79 80 81 82 85 86 87 89 90 91 93 94 95 97 98 99 100
63 c 62 80 497 0 1108 90 30 26 64 65 66 67 69 70 71 72 74 75 77 78 79 80 81 82 83 84 85 86 87 88 89 90 91 92 93 95 96 97 98 99 100
64 c 60 80 497 0 1109 90 10 10 65 66 67 70 71 74 76 78 79 80 81 82 83 84 85 86 87 88 89 91 92 93 94 95 96 97 98 99 100
65 c 75 55 497 0 1110 90 20 28 66 67 68 70 72 73 74 75 76 78 79 81 82 83 84 85 86 87 88 90 92 93 94 95 96 97 100
66 c 38 15 497 0 1110 90 10 4 67 68 69 70 71 72 74 75 76 77 78 79 81 82 83 84 85 86 87 88 89 91 93 94 96 97 98 99 100
67 c 15 75 497 0 1110 90 20 20 69 70 71 74 75 76 77 78 79 80 81 82 83 84 85 86 87 88 91 93 95 96 97 98 99 100
68 c 40 15 497 0 1111 90 40 43 69 70 71 73 74 75 76 77 78 79 80 81 83 84 85 87 88 91 92 93 94 98 99 100
69 c 10 35 497 0 1112 90 20 16 70 71 73 75 77 78 79 80 81 82 83 84 86 87 88 89 90 91 92 93 94 95 96 97 98 99
70 c 72 55 497 0 1113 90 10 8 71 72 73 74 75 76 77 78 81 83 85 86 87 89 90 91 92 93 98 99 100
71 c 8 45 497 0 1113 90 20 13 73 74 75 76 77 78 79 80 81 83 84 85 86 87 88 89 90 92 93 94 95 96 97 98 99 100
72 c 10 40 497 0 1114 90 30 32 73 75 76 77 78 79 80 84 86 88 89 90 91 92 93 94 95 96 97 98 99 100
73 c 58 75 497 0 1115 90 20 27 75 76 77 79 80 81 82 83 84 85 86 87 88 89 90 91 93 94 95 96 97 98 100
74 c 68 60 508 0 1116 90 30 31 75 76 77 78 79 81 83 84 85 87 88 89 90 91 92 93 94 95 96 97 98 99 100
75 c 66 55 508 0 1119 90 10 17 76 77 79 80 81 82 83 86 87 88 89 90 91 92 93 94 95 96 97
76 c 63 58 508 0 1121 90 10 15 77 80 81 82 83 84 85 86 88 89 90 91 92 93 94 95 96 97 98 99
77 c 25 30 508 0 1121 90 10 17 78 80 81 82 83 85 86 87 89 90 91 92 94 95 96 97 98 100
78 c 28 30 508 0 1122 90 10 7 79 80 81 82 84 85 86 87 89 90 91 93 94 95 96 97 98 99 100
79 c 53 30 508 0 1122 90 10 2 80 81 82 83 84 87 88 89 90 91 92 93 94 95 96 97 99 100
80 c 26 32 508 0 1123 90 10 1 81 83 84 85 87 88 89 90 91 92 93 94 95 96 97 98 100
81 c 60 60 508 0 1123 90 10 2 82 83 85 87 88 89 90 91 92 93 94 95 96 97 98 99 100
82 c 50 30 508 0 1123 90 10 4 83 84 85 86 87 88 89 90 91 92 93 94 95 96 97 98 100
83 c 25 35 508 0 1124 90 10 5 84 85 86 87 88 91 92 93 94 95 96 97 98 99
84 c 30 32 508 0 1125 90 30 25 85 86 87 88 89 92 93 94 95 96 97 98 99
85 c 45 70 508 0 1125 90 30 37 86 88 89 90 92 93 94 96 97 98 99 100
86 c 60 55 508 0 1125 90 10 6 88 89 91 92 93 95 96 98 99 100
87 c 20 50 508 0 1126 90 10 8 88 89 90 91 92 93 94 95 96 97 98 99 100
88 c 30 35 509 0 1127 90 10 10 89 90 92 93 94 95 96 97 99
89 c 45 68 509 0 1127 90 10 19 90 92 93 94 95 96 98 99 100
90 c 23 55 510 0 1128 90 20 26 91 92 93 94 95 96 97 99 100
91 c 42 66 511 0 1129 90 10 8 92 93 94 95 96 97 98 100
92 c 33 35 511 0 1129 90 10 11 94 95 96 97 98
93 c 45 65 512 0 1130 90 20 20 94 95 96 97 98 99 100
94 c 25 55 512 0 1130 90 10 10 97 99 100
95 c 42 65 512 0 1130 90 10 3 96 97 98 100
96 c 40 66 512 0 1130 90 20 19 97 99 100
97 c 25 50 513 0 1131 90 10 7 99 100
98 c 50 40 513 0 1131 90 50 59 100
99 c 30 52 517 0 1135 90 20 25
100 c 30 50 518 0 1136 90 10 4

