StringID Type x y release ReadyTime DueDate ServiceTime weight volume Item_Conflitante1 Item_Conflitante2 Item_Conflitante3 Item_Conflitante4 Item_Conflitante5 Item_Conflitante6 Item_Conflitante7 Item_Conflitante8 Item_Conflitante9 Item_Conflitante10 Item_Conflitante11 Item_Conflitante12 Item_Conflitante13 Item_Conflitante14 Item_Conflitante15 Item_Conflitante16 Item_Conflitante17 Item_Conflitante18 Item_Conflitante19 Item_Conflitante20 Item_Conflitante21 Item_Conflitante22 Item_Conflitante23 Item_Conflitante24 Item_Conflitante25 Item_Conflitante26 Item_Conflitante27 Item_Conflitante28 Item_Conflitante29 Item_Conflitante30 Item_Conflitante31 Item_Conflitante32 Item_Conflitante33 Item_Conflitante34 Item_Conflitante35 Item_Conflitante36 Item_Conflitante37 Item_Conflitante38 Item_Conflitante39 Item_Conflitante40 Item_Conflitante41 Item_Conflitante42 Item_Conflitante43 Item_Conflitante44 Item_Conflitante45 Item_Conflitante46 Item_Conflitante47 Item_Conflitante48 Item_Conflitante49 Item_Conflitante50 Item_Conflitante51 Item_Conflitante52 Item_Conflitante53 Item_Conflitante54 Item_Conflitante55 Item_Conflitante56 Item_Conflitante57 Item_Conflitante58 Item_Conflitante59 Item_Conflitante60 Item_Conflitante61 Item_Conflitante62 Item_Conflitante63 Item_Conflitante64 Item_Conflitante65 Item_Conflitante66 Item_Conflitante67 Item_Conflitante68 Item_Conflitante69 Item_Conflitante70 Item_Conflitante71 Item_Conflitante72 Item_Conflitante73 Item_Conflitante74 Item_Conflitante75 Item_Conflitante76 Item_Conflitante77 Item_Conflitante78 Item_Conflitante79 Item_Conflitante80 Item_Conflitante81 Peso_Total Volume_Total
0 d 40 50 0 0 1236 0 0 0                                                                                  200 200
1 c 0 40 10 474 527 90 30 25 2 3 4 5 6 7 8 10 12 13 14 15 16 18 19 20 22 26 27 28 29 30 31 33 34 35 38 39 40 42 43 45 46 47 48 50 51 52 53 54 56 58 60 62 63 64 65 66 68 69 70 72 73 74 75 76 77 78 79 80 81 82 83 84 85 86 87 88 89 91 92 93 94 96 97 98 99 100
2 c 35 30 10 240 345 90 10 19 3 4 5 6 8 9 11 12 13 15 16 18 19 21 22 23 24 26 27 28 29 30 31 32 34 35 36 37 38 39 40 42 43 44 46 47 48 49 50 51 52 53 55 56 57 58 60 62 63 65 66 68 69 70 71 72 73 74 75 76 77 78 79 80 82 84 85 88 89 90 91 92 93 94 96 97 98 99 100
3 c 35 32 10 123 278 90 10 2 4 5 6 7 9 10 11 12 13 14 15 16 17 18 19 20 21 22 23 24 25 27 28 29 31 32 33 37 38 39 40 41 43 45 48 49 50 51 52 53 54 55 56 59 60 61 62 63 64 65 66 67 70 73 74 75 76 78 79 80 81 83 84 85 86 88 89 91 93 94 95 96 97 98 99 100
4 c 33 32 10 19 225 90 20 17 5 6 7 8 9 13 14 15 16 17 20 21 22 23 24 25 26 27 28 29 30 32 33 34 40 41 42 43 44 46 49 50 51 52 53 54 56 57 59 60 62 63 64 65 66 67 68 70 72 74 75 77 78 81 83 84 85 86 87 88 89 90 91 92 93 94 95 96 97 98 99 100
5 c 32 30 10 338 433 90 10 15 6 7 8 9 10 11 12 13 14 15 16 17 18 19 20 21 22 23 24 25 28 30 31 32 34 36 37 39 40 41 42 43 44 45 46 47 48 50 51 52 53 54 55 56 57 59 60 62 63 64 65 66 67 68 70 71 72 73 74 75 76 77 78 79 81 82 83 84 85 86 88 89 90 91 92 93 95 96 100
6 c 30 32 10 415 542 90 30 20 8 9 10 11 12 13 14 15 16 17 19 20 22 24 26 27 28 29 30 32 33 35 37 38 39 40 41 42 43 44 45 46 47 48 49 50 51 52 53 54 56 57 58 59 60 61 62 63 64 65 66 67 68 69 71 72 74 75 76 77 79 80 81 82 83 84 85 86 87 88 89 92 93 94 96 98 99 100
7 c 62 80 10 163 272 90 30 25 8 9 10 11 12 13 14 15 17 18 19 20 21 22 23 24 25 26 29 30 31 33 34 35 36 37 38 39 40 41 42 44 45 47 48 49 51 52 53 54 55 57 58 59 60 61 62 63 64 66 67 68 69 70 71 72 73 74 75 76 77 78 79 80 81 82 84 85 86 87 88 89 90 92 93 94 95 96 98 99 100
8 c 65 82 10 227 394 90 10 16 9 10 11 12 13 14 15 16 17 18 19 20 21 22 23 25 27 28 30 31 32 33 35 37 38 39 42 43 45 46 47 48 49 50 51 52 53 54 55 56 57 58 61 62 64 67 69 70 71 72 73 74 75 76 77 79 80 81 82 83 84 85 86 87 88 89 91 92 93 94 95 96 97 98 99 100
9 c 65 85 10 442 551 90 40 40 10 11 12 13 14 15 16 17 18 19 20 21 22 23 24 25 26 27 28 31 32 33 34 35 37 38 39 40 41 42 43 44 45 46 47 49 51 53 54 55 56 58 59 60 61 62 63 64 66 68 69 71 72 73 74 75 76 77 78 80 81 83 84 85 86 88 90 91 92 93 94 95 96 97 98 99 100
10 c 67 85 10 229 580 90 20 26 11 12 14 16 17 18 19 21 22 23 24 27 28 31 33 34 36 37 38 39 40 41 42 43 44 45 46 47 48 49 50 51 52 53 55 57 58 59 60 61 62 64 66 67 69 70 71 73 74 75 76 77 78 79 80 81 82 83 84 85 88 89 90 91 92 94 95 96 97 98 99 100
11 c 44 5 10 221 412 90 20 30 12 13 14 15 16 17 18 19 20 22 25 26 27 28 29 30 31 32 35 38 39 41 42 43 44 45 46 47 48 49 50 51 52 53 54 55 57 59 60 61 62 63 65 66 67 68 70 71 72 73 74 75 76 78 79 81 82 84 85 86 87 88 91 92 94 95 97 98 99
12 c 42 10 10 96 347 90 40 44 13 14 15 16 17 18 19 20 21 22 23 25 28 29 32 33 34 35 36 37 39 42 44 45 46 47 49 50 51 52 53 54 55 57 58 59 60 61 62 63 64 65 66 67 69 70 71 72 73 76 77 78 79 80 81 86 88 89 90 91 92 93 94 95 96 97 98 99 100
13 c 42 15 10 35 233 90 10 20 14 16 17 19 20 21 23 25 26 27 28 29 30 31 32 33 34 35 36 37 38 39 41 42 43 44 45 46 47 48 49 50 52 53 54 55 56 57 58 59 60 61 62 63 64 65 67 70 71 72 73 74 76 77 78 79 80 82 83 84 85 87 88 89 90 91 92 94 96 98 99 100
14 c 40 5 10 347 474 90 30 27 15 16 17 18 19 20 21 22 23 24 25 26 27 28 29 30 31 32 33 34 36 37 38 39 40 41 42 43 44 45 46 48 49 50 51 52 53 54 55 56 57 58 59 60 61 62 66 67 68 69 70 71 72 73 74 75 76 77 78 79 80 81 82 83 86 87 88 89 90 91 92 93 94 96 97 98 100
15 c 40 15 10 35 172 90 40 37 16 17 18 19 20 21 22 23 24 25 26 27 28 29 30 31 32 33 34 35 36 37 39 40 41 42 43 45 47 48 49 51 52 54 55 56 58 59 61 63 65 66 67 68 69 70 71 72 73 75 76 77 79 81 82 83 84 85 86 87 88 89 90 92 93 94 95 96 97 98 99 100
16 c 38 5 10 403 602 90 30 30 17 18 19 20 21 22 26 27 28 29 30 31 34 35 36 37 38 39 40 41 42 43 44 45 46 47 48 49 50 52 53 56 57 58 59 60 61 62 63 66 67 68 69 70 71 72 73 74 75 76 77 78 79 81 83 86 88 89 93 94 96 97 98 99 100
17 c 50 35 10 217 362 90 20 25 18 19 20 22 23 24 26 27 28 29 31 32 33 35 36 37 39 40 41 42 43 44 46 47 48 49 50 51 53 56 57 58 59 61 63 64 65 66 67 68 69 70 72 73 74 75 76 78 79 80 81 82 83 84 85 86 87 89 90 91 92 93 94 95 96 97 98 99 100
18 c 72 55 10 127 476 90 10 15 19 20 21 22 24 25 26 27 28 30 31 32 34 35 36 37 38 40 41 42 43 45 46 47 48 50 52 53 54 55 57 58 59 60 63 65 68 69 70 71 72 73 74 76 77 78 79 80 81 84 85 86 87 88 89 90 92 93 94 95 97 98 99 100
19 c 75 55 10 311 478 90 20 17 20 22 23 24 25 26 27 28 29 30 31 32 33 35 36 38 39 40 41 42 43 44 45 46 47 48 49 50 51 52 53 54 55 57 59 60 61 62 63 64 65 66 68 69 70 72 73 74 75 76 77 79 81 82 84 85 86 87 89 90 91 92 93 94 96 98 99 100
20 c 85 35 10 47 331 90 30 33 21 22 23 24 25 26 28 29 31 34 35 36 38 39 40 42 43 44 45 46 48 49 50 51 52 53 54 56 58 60 61 62 63 65 66 67 70 71 72 73 74 75 76 77 78 79 80 81 83 84 86 87 89 90 91 92 93 94 95 96 97 100
21 c 88 35 10 50 237 90 20 20 22 23 24 25 26 27 29 31 32 33 34 36 37 38 39 40 41 42 43 44 45 47 48 49 50 51 52 53 54 57 58 59 60 61 62 63 64 65 66 67 68 69 70 71 72 75 76 77 78 79 80 82 83 84 85 86 89 90 91 93 94 95 96 97 98 99 100
22 c 90 35 10 153 310 90 10 17 23 24 25 26 28 29 30 31 34 35 36 37 38 39 41 43 44 45 46 47 48 49 51 52 53 54 56 57 58 59 60 61 62 63 64 65 67 68 69 70 71 72 74 76 79 80 81 82 83 84 85 87 88 89 90 92 93 94 95 96 97 98 99 100
23 c 65 55 10 25 256 90 20 29 24 26 27 28 29 30 31 32 33 34 35 37 38 39 40 41 42 43 44 45 46 48 49 50 52 54 55 56 57 58 60 61 62 63 64 65 66 67 69 70 71 72 73 74 75 76 77 79 80 81 83 84 85 87 89 90 91 92 93 94 96 97 98 100
24 c 2 40 10 365 452 90 20 30 25 27 28 29 30 31 32 33 34 35 36 37 38 39 41 42 43 44 45 46 47 48 49 50 51 52 53 55 56 57 59 61 63 65 66 67 68 70 71 72 73 74 76 77 78 79 81 82 83 84 85 86 88 89 92 93 94 95 98 99 100
25 c 53 35 10 294 471 90 50 48 26 27 28 29 30 31 33 34 35 37 38 39 41 42 43 44 45 46 47 48 49 50 51 52 53 54 56 57 58 59 60 61 62 64 65 66 67 68 69 70 71 73 75 77 78 79 80 81 85 86 87 88 89 90 91 92 93 95 96 97 99 100
26 c 95 35 10 181 472 90 20 30 29 30 31 32 33 34 35 36 37 38 39 40 41 43 44 45 46 47 48 49 50 51 52 53 54 55 57 59 60 61 62 63 64 65 66 67 68 69 70 72 73 75 76 77 78 79 80 82 83 84 86 87 88 89 90 91 92 93 94 96 97 98 99 100
27 c 95 30 10 266 577 90 30 27 28 29 30 31 32 33 34 35 37 39 40 41 42 43 44 45 46 47 48 49 50 52 55 56 57 59 60 61 62 63 64 65 66 67 69 70 71 72 73 74 75 76 77 78 79 80 81 82 83 84 85 86 87 88 89 90 92 93 94 95 96 97 98 99 100
28 c 47 40 10 12 226 90 10 1 29 30 31 32 33 34 35 36 37 38 40 41 43 44 45 46 47 49 51 52 53 55 56 57 58 59 60 61 62 63 64 68 69 70 71 72 73 74 75 76 77 78 79 80 81 83 86 87 89 92 93 94 95 96 97 99 100
29 c 60 55 10 20 293 90 10 2 30 31 32 33 34 35 36 37 39 40 41 43 44 45 46 48 50 51 52 55 56 57 59 60 61 62 63 64 65 66 68 69 71 72 75 76 77 78 79 80 81 82 83 84 85 87 88 89 90 91 92 93 94 95 96 97 98 99
30 c 48 40 10 34 171 90 10 16 31 32 33 34 35 36 37 38 39 40 42 43 44 45 47 49 50 51 53 54 56 57 58 59 61 62 63 64 66 67 69 70 71 73 74 75 78 79 80 81 82 83 84 86 87 88 89 90 91 92 93 96 97 98
31 c 50 40 10 142 247 90 50 60 32 33 34 35 36 37 39 41 42 43 44 45 46 47 48 49 50 51 52 54 56 58 60 62 63 64 67 68 70 71 72 73 74 75 76 77 78 81 83 84 85 86 87 88 89 90 91 92 93 94 95 96 97 98 99 100
32 c 53 30 10 402 553 90 10 11 33 34 35 36 37 39 40 41 42 44 46 47 48 49 50 51 52 53 54 56 57 58 59 60 61 62 63 64 66 67 68 69 71 72 73 75 76 77 78 79 80 81 82 83 84 85 86 87 88 89 92 93 94 95 96 97 99 100
33 c 5 35 10 251 376 90 10 5 34 35 36 37 38 39 40 41 42 43 44 45 46 47 48 49 50 52 54 55 56 57 58 59 60 61 62 63 64 66 67 68 69 70 72 73 76 77 78 79 80 81 82 83 84 85 86 87 88 91 92 93 96 97 99 100
34 c 33 35 10 16 153 90 10 16 36 39 40 41 42 43 44 45 46 47 48 49 50 52 54 55 56 57 59 60 61 62 63 64 66 67 69 70 71 72 73 74 76 77 78 79 80 81 83 84 85 86 87 88 89 90 91 92 94 95 96 97 98 99 100
35 c 8 40 10 42 203 90 40 36 36 37 38 39 40 41 42 43 44 45 46 47 48 49 51 52 53 54 55 56 57 59 60 61 62 63 64 65 66 67 69 70 73 74 76 77 78 79 80 81 83 85 86 87 88 90 91 93 94 96 99 100
36 c 15 80 10 274 349 90 10 9 38 39 40 41 42 44 45 46 47 48 50 52 53 54 55 56 57 58 59 60 61 62 63 64 65 67 68 70 72 73 74 75 76 77 78 79 81 83 84 85 86 87 88 89 90 91 92 93 96 98 99 100
37 c 15 75 10 172 261 90 20 19 39 40 41 42 43 44 45 46 47 48 51 52 53 54 55 56 57 59 60 61 63 64 65 66 67 68 71 73 74 76 77 78 79 80 81 82 83 84 85 89 90 91 93 94 95 96 98 99 100
38 c 18 75 10 105 142 90 20 19 40 41 42 43 44 45 46 47 48 49 50 51 52 53 54 55 57 58 59 60 61 62 63 64 65 66 67 68 70 71 72 73 74 75 76 77 79 81 82 83 84 85 87 88 90 91 92 94 95 96 97 99 100
39 c 20 85 10 478 525 90 40 47 40 41 43 45 46 47 48 49 51 53 54 55 56 57 58 59 60 62 67 68 69 70 71 72 73 74 75 76 77 79 80 81 82 83 84 85 87 88 91 92 93 94 96 97 98 100
40 c 20 80 10 392 421 90 40 41 42 44 45 46 48 49 50 52 53 55 57 58 59 60 61 64 65 66 67 68 70 71 73 75 76 77 78 79 80 81 82 83 84 85 86 87 88 90 91 92 93 94 95 96 97 98 99
41 c 22 85 10 571 616 90 10 5 42 43 44 46 47 48 52 53 55 56 58 59 60 61 62 63 64 65 66 67 69 70 71 72 73 74 75 76 77 78 79 80 81 82 83 84 85 87 88 89 91 92 93 94 95 96 97 98 99 100
42 c 30 50 10 10 77 90 10 14 44 45 46 47 48 49 50 51 52 53 54 55 56 57 58 59 60 61 62 63 64 65 66 67 68 69 70 71 73 76 79 80 81 83 84 85 86 87 88 89 90 91 92 93 94 95 96 97 98 99
43 c 22 75 10 30 95 90 30 39 44 45 46 47 48 49 50 51 52 53 55 56 57 58 59 60 61 62 64 65 66 68 69 70 71 73 74 75 76 77 79 80 81 84 86 87 88 89 90 91 92 94 95 96 98 99 100
44 c 35 66 10 361 406 90 10 2 45 47 48 49 50 51 52 53 54 56 57 58 59 60 61 63 64 65 66 70 71 73 74 75 76 77 79 80 81 82 84 85 86 87 88 90 91 92 94 95 96 97 99 100
45 c 38 68 10 250 329 90 20 13 46 47 48 49 50 51 54 55 56 57 58 60 61 62 63 64 65 67 68 69 70 71 72 73 74 75 76 77 78 79 80 81 84 86 87 88 89 91 92 93 94 96 97 98 99 100
46 c 40 66 10 172 223 90 20 29 47 48 49 50 51 52 54 55 57 58 60 61 63 64 67 68 69 70 71 73 74 75 76 77 78 79 81 82 83 86 88 89 90 91 92 93 94 95 96 97 99 100
47 c 42 65 10 15 60 90 10 16 48 49 50 51 52 53 54 55 56 57 58 59 60 61 62 63 66 67 68 69 70 71 72 73 74 75 76 77 79 80 82 83 84 85 86 87 88 89 90 91 92 93 94 95 96 97 98 99 100
48 c 42 66 10 55 156 90 10 18 49 50 51 52 54 55 56 58 59 60 61 62 65 66 67 68 69 72 73 74 75 76 77 78 79 80 81 83 85 86 87 88 89 90 91 92 96 97 98 99 100
49 c 58 75 10 30 227 90 20 22 51 52 53 54 55 56 57 58 59 60 61 62 63 64 65 66 67 68 70 71 72 73 74 75 77 78 79 81 82 84 85 86 87 88 89 90 91 92 93 95 96 98 100
50 c 35 69 10 450 503 90 10 5 51 52 53 54 55 56 57 58 59 60 61 62 63 64 65 67 72 73 74 75 76 77 78 79 80 81 82 83 84 85 86 88 89 90 91 93 94 95 96 97 98 99 100
51 c 60 80 10 36 291 90 10 4 52 54 57 58 59 60 61 62 63 64 65 66 67 68 69 70 71 72 73 74 76 77 78 79 80 81 82 83 84 85 86 89 90 91 92 93 94 95 96 97 98 99 100
52 c 66 55 10 67 344 90 10 8 54 55 56 57 58 60 65 66 67 68 69 70 71 72 73 74 75 76 77 79 80 81 83 84 85 86 88 89 90 91 92 93 96 97 98 99 100
53 c 25 50 10 55 154 90 10 13 54 55 56 58 60 61 62 63 64 65 66 67 68 70 71 72 73 74 75 76 78 79 80 81 83 84 85 86 87 90 91 93 94 95 96 97 98 99
54 c 10 40 10 31 189 90 30 26 55 56 57 58 59 60 61 62 63 64 65 66 67 69 72 73 74 75 76 77 78 79 80 81 83 84 85 86 87 88 90 91 92 94 95 97 98 100
55 c 25 52 10 172 221 90 40 48 56 57 58 59 60 61 62 64 66 67 68 69 70 71 72 73 74 75 76 78 79 80 81 82 83 84 85 86 87 88 89 90 92 93 94 95 96 97 99
56 c 10 35 10 204 233 90 20 11 57 60 62 63 64 65 67 68 69 71 73 74 75 76 77 78 79 80 81 82 83 85 86 87 88 89 90 91 92 93 94 95 96 97 98 99 100
57 c 23 52 10 264 313 90 10 15 61 62 63 64 65 67 68 69 70 71 72 73 74 75 76 77 80 81 84 85 86 88 89 90 91 92 93 94 95 96 97 98 99 100
58 c 20 55 10 452 501 90 10 12 59 63 64 65 67 68 69 71 72 73 76 77 78 79 80 82 84 85 87 88 89 90 91 92 93 94 96 97 98 99
59 c 23 55 10 553 586 90 20 30 63 64 65 66 67 71 73 74 75 76 77 78 79 80 81 82 85 86 87 88 89 91 92 94 95 96 97 98 99 100
60 c 20 50 10 365 398 90 10 11 61 62 63 65 66 67 68 69 70 71 72 74 75 76 77 78 79 80 81 82 83 84 86 87 88 89 90 91 93 94 95 97 98 99 100
61 c 30 30 10 513 628 90 10 12 63 64 65 66 68 71 73 74 75 76 77 78 79 81 82 83 84 86 87 88 89 90 91 92 95 96 97 98 100
62 c 70 58 291 349 632 90 20 26 64 65 66 67 68 69 70 71 73 74 75 77 79 80 82 83 87 88 89 90 92 93 94 96 97 98 99 100
63 c 0 45 291 541 650 90 20 15 64 65 66 67 68 69 71 72 73 74 75 76 81 82 83 84 85 86 87 89 90 91 92 94 97 98 99 100
64 c 38 70 291 489 650 90 10 17 66 67 68 69 70 71 72 73 74 75 76 77 78 79 80 81 82 83 84 85 86 87 88 90 93 95 96 97 98 99 100
65 c 92 30 291 345 684 90 10 1 66 67 68 69 70 71 73 74 75 76 77 78 79 80 82 83 85 87 88 89 90 91 92 93 94 95 97 99 100
66 c 68 60 291 476 691 90 30 36 67 70 72 74 75 76 78 79 80 82 83 84 85 86 87 88 89 90 91 92 94 97 98 99
67 c 35 5 291 487 704 90 20 12 68 69 71 72 73 74 75 76 77 78 79 80 81 82 85 86 87 88 89 90 91 93 94 95 97 98 100
68 c 25 55 291 612 711 90 10 8 69 70 71 72 73 74 75 76 77 79 81 82 83 84 85 86 87 88 90 92 93 94 95 96 97 98 99 100
69 c 60 85 291 469 714 90 30 40 71 72 74 75 76 77 79 80 81 82 83 84 85 86 87 89 90 91 92 94 95 96 98 99 100
70 c 50 30 291 422 719 90 10 3 71 72 73 74 75 77 78 80 81 82 83 84 85 89 90 91 92 93 94 95 96 97 98 99 100
71 c 25 85 291 647 726 90 20 18 72 73 76 77 78 79 80 82 83 84 86 87 88 89 90 91 93 94 95 96 97 98 99 100
72 c 28 30 291 599 726 90 10 2 73 74 75 76 77 78 79 81 83 84 89 90 91 92 93 94 95 96 97 98 99 100
73 c 5 45 291 648 733 90 10 4 74 75 76 77 78 79 80 81 82 84 85 86 88 89 90 91 92 93 94 95 96 99 100
74 c 48 30 291 567 758 90 10 19 75 76 77 78 79 80 81 82 83 84 85 86 87 88 89 90 91 92 93 94 95 97 98 99 100
75 c 40 69 291 559 764 90 20 12 77 78 80 81 82 83 84 85 86 87 88 89 91 92 93 94 95 96 97 100
76 c 88 30 291 450 767 90 10 14 77 78 79 81 82 83 84 86 87 88 89 91 93 95 97 98 99 100
77 c 28 55 291 739 770 90 10 7 78 79 81 82 84 85 87 88 90 91 92 93 94 95 96 97 99
78 c 45 30 291 716 795 90 10 12 79 80 81 82 83 84 85 86 87 88 89 90 91 92 93 95 97 98 100
79 c 42 68 291 703 806 90 10 13 80 81 82 84 85 86 87 88 89 90 92 93 94 95 96 97 98 99
80 c 65 60 291 546 807 90 30 32 81 83 85 86 87 88 89 90 91 93 94 95 96 100
81 c 25 30 291 695 816 90 10 5 83 85 86 87 88 90 93 94 96 97 98 99 100
82 c 87 30 291 567 832 90 10 10 84 86 87 89 90 91 92 93 95 96 97 98 99 100
83 c 8 45 291 715 852 90 20 24 86 87 88 89 90 91 92 93 95 96 97 98 99 100
84 c 38 15 291 521 870 90 10 4 85 86 87 88 89 90 91 92 93 95 96 97 98 99 100
85 c 85 25 291 713 876 90 10 19 87 89 90 91 92 93 94 95 96 97 98 99 100
86 c 45 70 291 816 879 90 30 35 87 88 89 91 92 93 95 96 97 98 99 100
87 c 55 85 291 493 880 90 20 16 90 91 93 94 95 96 97 98 99 100
88 c 28 52 291 806 889 90 20 13 89 91 92 93 94 95 96 98 99 100
89 c 47 35 291 794 907 90 10 13 91 92 93 94 95 96 97 98 99 100
90 c 63 58 291 630 909 90 10 19 91 92 93 94 96 97 98 100
91 c 26 32 406 779 916 90 10 17 92 93 94 95 97 98 100
92 c 60 60 406 769 956 90 10 13 93 94 95 96 97 98 99 100
93 c 30 52 406 918 961 90 20 13 94 95 96 97 99 100
94 c 55 80 406 595 968 90 10 9 95 96 97 98 99
95 c 45 68 406 890 989 90 10 8 97 98 99 100
96 c 45 35 406 873 1012 90 10 7 97 98 99 100
97 c 25 35 406 857 1024 90 10 12 98 99 100
98 c 45 65 496 951 1114 90 20 27 100
99 c 28 35 508 917 1126 90 10 1 100
100 c 30 35 509 872 1127 90 10 6

