StringID Type x y release ReadyTime DueDate ServiceTime weight volume Item_Conflitante1 Item_Conflitante2 Item_Conflitante3 Item_Conflitante4 Peso_Total Volume_Total
0 d 35 35 0 0 1000 0 0 0     1000 1000
1 c 55 5 82 206 325 10 29 23 10 11 23
2 c 10 43 82 393 492 10 9 11 20 25
3 c 20 65 82 206 325 10 12 6 15 20
4 c 30 5 82 176 299 10 8 6 6 8 18 22
5 c 55 60 82 394 503 10 16 13 7 16 21
6 c 10 20 82 102 543 10 19 10
7 c 15 60 82 95 552 10 17 11 25
8 c 45 10 82 349 554 10 18 13 20 22
9 c 25 30 82 355 574 10 3 2 20 25
10 c 20 40 82 229 582 10 12 19
11 c 20 50 300 72 669 10 5 1 13 17
12 c 30 60 300 517 692 10 16 9
13 c 15 10 300 32 694 10 20 28 18
14 c 50 35 300 15 725 10 19 11 20 21
15 c 45 20 300 18 727 10 11 8
16 c 35 17 300 18 792 10 7 15 20 23
17 c 55 20 300 679 800 10 19 9 24
18 c 55 45 329 289 822 10 13 3 19
19 c 30 25 329 694 823 10 23 28
20 c 45 65 329 418 829 10 9 19
21 c 15 30 430 20 906 10 26 33
22 c 5 30 430 673 930 10 2 6
23 c 65 20 456 826 956 10 6 1
24 c 65 35 460 435 960 10 3 9
25 c 41 49 474 190 974 10 10 3

