StringID Type x y release ReadyTime DueDate ServiceTime weight volume Item_Conflitante1 Item_Conflitante2 Item_Conflitante3 Peso_Total Volume_Total
0 d 35 35 0 0 230 0 0 0    200 200
1 c 55 5 0 68 78 10 29 21 4 19
2 c 45 10 0 97 107 10 18 16 10 15
3 c 30 5 0 61 71 10 8 4 13
4 c 25 30 0 99 109 10 3 1 14 20
5 c 10 43 0 95 105 10 9 15 13
6 c 55 60 0 97 107 10 16 16
7 c 20 65 0 67 77 10 12 9 17
8 c 30 60 19 124 134 10 16 26 25
9 c 55 20 44 149 159 10 19 15
10 c 5 30 52 157 167 10 2 6
11 c 30 25 54 159 169 10 23 32 19
12 c 65 20 72 172 182 10 6 1 17
13 c 15 10 72 0 187 10 20 27
14 c 15 60 72 0 187 10 17 27 17
15 c 45 65 73 0 188 10 9 15 19
16 c 10 20 75 0 190 10 19 21 23
17 c 65 35 75 0 190 10 3 1
18 c 55 45 82 0 197 10 13 7
19 c 20 50 83 0 198 10 5 4 22 23 25
20 c 15 30 84 0 199 10 26 26
21 c 45 20 86 0 201 10 11 17
22 c 35 17 87 0 202 10 7 12
23 c 20 40 89 0 204 10 12 22
24 c 41 49 89 0 204 10 10 13
25 c 50 35 90 0 205 10 19 12

