StringID Type x y release ReadyTime DueDate ServiceTime weight volume Item_Conflitante1 Item_Conflitante2 Item_Conflitante3 Item_Conflitante4 Item_Conflitante5 Item_Conflitante6 Peso_Total Volume_Total
0 d 40 50 0 0 1236 0 0 0       200 200
1 c 30 50 42 10 190 90 10 19 9
2 c 15 80 42 222 402 90 10 8 8 9 20
3 c 15 75 42 127 307 90 20 29 4 6 8 9 15 22
4 c 18 75 42 34 214 90 20 18
5 c 20 85 42 412 592 90 40 33 21
6 c 20 80 42 317 497 90 40 47 19
7 c 22 75 42 30 210 90 30 31 16 19
8 c 25 50 42 15 195 90 10 2 21
9 c 35 69 42 387 567 90 10 14 11
10 c 25 52 42 107 287 90 40 37
11 c 38 68 42 200 380 90 20 18 16
12 c 40 66 42 108 288 90 20 28
13 c 42 65 42 15 195 90 10 10 24
14 c 42 66 42 16 196 90 10 6
15 c 35 66 42 294 474 90 10 6 23
16 c 38 70 42 480 660 90 10 10 17 19 21
17 c 22 85 227 504 684 90 10 1
18 c 40 69 227 572 752 90 20 26
19 c 25 85 227 597 777 90 20 26
20 c 42 68 227 665 845 90 10 11
21 c 28 55 227 665 845 90 10 12
22 c 45 70 320 758 938 90 30 25
23 c 28 52 320 758 938 90 20 23
24 c 45 68 412 850 1030 90 10 1
25 c 30 52 412 850 1030 90 20 26

