StringID Type x y release ReadyTime DueDate ServiceTime weight volume Item_Conflitante1 Item_Conflitante2 Item_Conflitante3 Item_Conflitante4 Peso_Total Volume_Total
0 d 40 50 0 0 960 0 0 0     1000 1000
1 c 38 5 28 201 321 10 30 30 2 14 15
2 c 2 40 28 174 294 10 20 22 6 15 17
3 c 5 45 28 35 155 10 10 5 4
4 c 8 40 28 195 315 10 40 34
5 c 42 10 28 254 374 10 40 41 12 15 23
6 c 0 40 28 255 375 10 20 17 10
7 c 44 5 28 335 455 10 20 13 14 16
8 c 15 80 28 367 487 10 10 16 12
9 c 10 35 28 371 491 10 20 11 15 19 20 21
10 c 40 15 28 375 495 10 40 37 21
11 c 18 75 28 388 508 10 20 22
12 c 10 40 284 519 639 10 30 38
13 c 42 15 284 537 657 10 10 18
14 c 20 80 284 644 764 10 40 37 17
15 c 5 35 343 653 773 10 10 20
16 c 38 15 343 681 801 10 10 16 22 24
17 c 0 45 343 703 823 10 20 27
18 c 35 5 424 784 904 10 20 12
19 c 40 5 425 0 905 10 10 12 24
20 c 20 85 429 0 909 10 20 30
21 c 22 85 430 0 910 10 10 1 24
22 c 25 85 431 0 911 10 20 21
23 c 15 75 434 0 914 10 20 29
24 c 8 45 437 0 917 10 20 13
25 c 22 75 439 0 919 10 30 26

