StringID Type x y release ReadyTime DueDate ServiceTime weight volume Item_Conflitante1 Item_Conflitante2 Item_Conflitante3 Peso_Total Volume_Total
0 d 35 35 0 0 230 0 0 0    200 200
1 c 55 5 16 58 87 10 29 23 3
2 c 10 43 16 87 112 10 9 4 4 14 24
3 c 55 60 16 88 115 10 16 9
4 c 20 65 16 57 86 10 12 11 12
5 c 30 5 16 50 81 10 8 9
6 c 45 10 16 76 127 10 18 9
7 c 25 30 16 76 131 10 3 8 22 23
8 c 20 40 35 47 136 10 12 2 15
9 c 10 20 35 29 139 10 19 20
10 c 15 60 35 32 146 10 17 27 14 21
11 c 30 60 35 107 150 10 16 18 18
12 c 55 20 55 138 169 10 19 22
13 c 20 50 55 21 170 10 5 4
14 c 30 25 65 147 180 10 23 17 20 25
15 c 45 65 67 79 182 10 9 1 23 24 25
16 c 65 20 71 153 186 10 6 16
17 c 55 45 72 54 187 10 13 9
18 c 15 10 72 32 187 10 20 10
19 c 5 30 74 124 189 10 2 3
20 c 65 35 75 58 190 10 3 2 21
21 c 50 35 77 15 192 10 19 18
22 c 45 20 80 18 195 10 11 13 23
23 c 15 30 84 20 199 10 26 16
24 c 35 17 87 18 202 10 7 1
25 c 41 49 89 15 204 10 10 7

