StringID Type x y release ReadyTime DueDate ServiceTime weight volume Item_Conflitante1 Item_Conflitante2 Item_Conflitante3 Peso_Total Volume_Total
0 d 40 50 0 0 1236 0 0 0    200 200
1 c 18 75 0 99 148 90 20 19 8 9 20
2 c 20 80 0 384 429 90 40 32 4 8
3 c 22 75 0 30 92 90 30 36 18 23 25
4 c 35 69 0 448 505 90 10 10 12 14
5 c 35 66 0 357 410 90 10 4 9 17
6 c 38 70 0 534 605 90 10 7 18 24
7 c 38 68 0 255 324 90 20 21 19
8 c 25 52 0 169 224 90 40 32 22
9 c 40 69 265 621 702 90 20 27 17
10 c 28 55 265 732 777 90 10 5
11 c 42 68 265 727 782 90 10 2 21
12 c 28 52 265 812 883 90 20 28 17 20
13 c 20 85 513 0 1105 90 40 38
14 c 15 80 513 0 1106 90 10 15 17 19 20
15 c 22 85 513 0 1106 90 10 18 18
16 c 25 85 513 0 1107 90 20 16
17 c 15 75 513 0 1110 90 20 26 24
18 c 45 70 513 0 1125 90 30 28
19 c 45 68 513 0 1127 90 10 11 20 21
20 c 42 66 513 0 1129 90 10 12
21 c 40 66 513 0 1130 90 20 28 24
22 c 42 65 513 0 1130 90 10 17
23 c 25 50 513 0 1131 90 10 19
24 c 30 52 517 0 1135 90 20 16
25 c 30 50 518 0 1136 90 10 4

