StringID Type x y release ReadyTime DueDate ServiceTime weight volume Item_Conflitante1 Item_Conflitante2 Item_Conflitante3 Item_Conflitante4 Peso_Total Volume_Total
0 d 35 35 0 0 1000 0 0 0     1000 1000
1 c 30 5 14 175 300 10 8 15
2 c 15 10 14 32 243 10 20 28 12 16
3 c 20 65 14 206 325 10 12 7 4 7 15 22
4 c 55 60 14 400 497 10 16 19
5 c 10 20 14 272 373 10 19 22
6 c 20 40 14 377 434 10 12 7 24
7 c 10 43 14 404 481 10 9 1
8 c 15 60 14 269 378 10 17 14
9 c 45 10 14 409 494 10 18 16 15
10 c 55 5 14 206 325 10 29 34 11 17 21
11 c 25 30 14 415 514 10 3 12
12 c 30 60 301 577 632 10 16 22
13 c 45 65 301 581 666 10 9 1 24
14 c 55 20 301 678 801 10 19 11 24
15 c 30 25 370 690 827 10 23 15
16 c 65 35 370 704 847 10 3 9 19 21 24
17 c 5 30 370 733 870 10 2 8 22
18 c 65 20 456 817 956 10 6 1
19 c 55 45 467 0 967 10 13 5
20 c 20 50 468 0 968 10 5 1 21
21 c 15 30 469 0 969 10 26 33
22 c 45 20 471 0 971 10 11 4 23 24
23 c 35 17 472 0 972 10 7 5
24 c 41 49 474 0 974 10 10 16
25 c 50 35 475 0 975 10 19 10

