StringID Type x y release ReadyTime DueDate ServiceTime weight volume Item_Conflitante1 Item_Conflitante2 Item_Conflitante3 Item_Conflitante4 Peso_Total Volume_Total
0 d 35 35 0 0 1000 0 0 0     1000 1000
1 c 55 5 69 146 386 10 29 25 18
2 c 30 5 69 118 358 10 8 9 21 25
3 c 20 65 69 146 386 10 12 20 22
4 c 10 43 69 323 563 10 9 13 10 12 21
5 c 55 60 69 329 569 10 16 26 20 22 23 25
6 c 55 20 379 620 860 10 19 18 24
7 c 30 25 379 639 879 10 23 33 16 19 21 25
8 c 65 20 456 716 956 10 6 10 14
9 c 15 10 457 0 957 10 20 14 10 17 21 22
10 c 15 60 457 0 957 10 17 9
11 c 45 65 458 0 958 10 9 1 19 23
12 c 5 30 460 0 959 10 2 1 19
13 c 65 35 460 0 960 10 3 4
14 c 10 20 460 0 960 10 19 13
15 c 45 10 463 0 963 10 18 16
16 c 30 60 464 0 964 10 16 23 18 20
17 c 55 45 467 0 967 10 13 9
18 c 20 50 468 0 968 10 5 1 20 22 25
19 c 15 30 469 0 969 10 26 18
20 c 45 20 471 0 971 10 11 14 22
21 c 35 17 472 0 972 10 7 8
22 c 20 40 474 0 974 10 12 16
23 c 41 49 474 0 974 10 10 18
24 c 50 35 475 0 975 10 19 29
25 c 25 30 478 0 978 10 3 4

