StringID Type x y release ReadyTime DueDate ServiceTime weight volume Item_Conflitante1 Item_Conflitante2 Item_Conflitante3 Item_Conflitante4 Item_Conflitante5 Peso_Total Volume_Total
0 d 40 50 0 0 960 0 0 0      1000 1000
1 c 38 5 28 201 321 10 30 34 4 23
2 c 2 40 28 174 294 10 20 15
3 c 8 40 28 195 315 10 40 39 4 9 11 13 14
4 c 15 80 28 367 487 10 10 13 6 7 9 13
5 c 10 35 28 371 491 10 20 20 25
6 c 40 15 28 375 495 10 40 45 19
7 c 18 75 28 388 508 10 20 15 17 19
8 c 10 40 159 519 639 10 30 20 13
9 c 20 80 343 644 764 10 40 31 13 16
10 c 5 35 343 653 773 10 10 18
11 c 0 45 343 703 823 10 20 25 18
12 c 44 5 424 0 904 10 20 19
13 c 35 5 424 784 904 10 20 19 15 20
14 c 40 5 425 0 905 10 10 13
15 c 0 40 428 0 908 10 20 20
16 c 20 85 429 0 909 10 20 12
17 c 42 10 429 0 909 10 40 43
18 c 22 85 430 0 910 10 10 9 25
19 c 25 85 431 0 911 10 20 26
20 c 5 45 434 0 914 10 10 10 23
21 c 15 75 434 0 914 10 20 28
22 c 42 15 434 0 914 10 10 11 25
23 c 38 15 434 0 914 10 10 1
24 c 8 45 437 0 917 10 20 19
25 c 22 75 439 0 919 10 30 20

