StringID Type x y release ReadyTime DueDate ServiceTime weight volume Item_Conflitante1 Item_Conflitante2 Item_Conflitante3 Item_Conflitante4 Item_Conflitante5 Peso_Total Volume_Total
0 d 40 50 0 0 3390 0 0 0      700 700
1 c 52 75 0 213 568 90 10 4
2 c 45 70 0 22 563 90 30 25 3 23 24
3 c 62 69 0 1030 1463 90 10 13 5 16 21
4 c 60 66 0 1154 1527 90 10 14 10 16 24
5 c 42 65 0 15 402 90 10 17 8
6 c 16 42 0 331 822 90 20 11 14 16 18 22 25
7 c 58 70 0 965 1340 90 20 15 9 20 21
8 c 28 52 0 12 505 90 20 18 16
9 c 30 50 0 10 645 90 10 10
10 c 25 50 0 23 368 90 10 15 23
11 c 14 66 943 1519 1926 90 10 18 14 16
12 c 15 75 943 1560 2083 90 20 22 20
13 c 15 80 943 1689 2144 90 10 3 14 23 24
14 c 20 85 943 1763 2264 90 40 41
15 c 22 85 943 1846 2365 90 10 18 24
16 c 25 85 943 1985 2412 90 20 20 17 23
17 c 20 80 943 2077 2514 90 40 36
18 c 18 75 943 2143 2638 90 20 23 24
19 c 22 75 1281 2310 2659 90 30 39
20 c 22 66 1281 2380 2787 90 40 34
21 c 35 69 1281 2603 2952 90 10 14 25
22 c 28 70 1281 2385 2976 90 10 12 25
23 c 35 66 1418 2628 3113 90 10 3
24 c 34 60 1585 2653 3280 90 20 16
25 c 30 56 1593 2675 3288 90 20 11

