StringID Type x y release ReadyTime DueDate ServiceTime weight volume Item_Conflitante1 Item_Conflitante2 Item_Conflitante3 Peso_Total Volume_Total
0 d 40 50 0 0 240 0 0 0    200 200
1 c 38 5 1 65 95 10 30 27 7 12 22
2 c 2 40 1 58 88 10 20 17 3
3 c 8 40 1 59 89 10 40 48 6
4 c 10 35 1 91 121 10 20 21 25
5 c 15 80 1 91 121 10 10 15 10
6 c 20 80 51 141 171 10 40 49
7 c 5 35 52 142 172 10 10 20 10 25
8 c 44 5 64 0 184 10 20 26
9 c 35 5 64 154 184 10 20 28 13 17 22
10 c 40 5 65 0 185 10 10 16 20 25
11 c 0 40 68 0 188 10 20 21 22
12 c 20 85 69 0 189 10 20 28 23
13 c 0 45 69 0 189 10 20 28
14 c 42 10 69 0 189 10 40 39
15 c 22 85 70 0 190 10 10 5 18
16 c 25 85 71 0 191 10 20 23 19
17 c 38 15 74 0 194 10 10 13
18 c 5 45 74 0 194 10 10 13 24
19 c 42 15 74 0 194 10 10 11
20 c 15 75 74 0 194 10 20 29
21 c 40 15 75 0 195 10 40 30 22 23
22 c 18 75 76 0 196 10 20 25
23 c 8 45 77 0 197 10 20 29
24 c 10 40 78 0 198 10 30 23
25 c 22 75 79 0 199 10 30 22

