StringID Type x y release ReadyTime DueDate ServiceTime weight volume Item_Conflitante1 Item_Conflitante2 Item_Conflitante3 Item_Conflitante4 Peso_Total Volume_Total
0 d 40 50 0 0 960 0 0 0     1000 1000
1 c 38 5 45 231 291 10 30 21 14 24
2 c 42 10 45 199 428 10 40 36 18
3 c 15 80 45 397 457 10 10 14 18 24
4 c 10 35 45 401 461 10 20 23 13
5 c 0 40 45 204 425 10 20 19 8 13 17 19
6 c 8 40 45 225 285 10 40 34 8 11 24
7 c 2 40 45 204 264 10 20 30 10 16 18
8 c 5 45 45 35 366 10 10 8 14
9 c 44 5 45 306 483 10 20 13 13 15
10 c 40 15 45 383 486 10 40 45 12 24
11 c 18 75 45 393 502 10 20 17 25
12 c 22 75 45 30 510 10 30 34 15
13 c 20 85 45 40 520 10 20 26 16
14 c 8 45 45 43 523 10 20 29 19 20 21 22
15 c 40 5 45 45 525 10 10 17 18 24
16 c 15 75 254 120 600 10 20 11 22
17 c 10 40 254 535 622 10 30 27 24 25
18 c 42 15 254 494 699 10 10 3
19 c 20 80 254 674 734 10 40 35
20 c 5 35 291 683 743 10 10 4
21 c 22 85 291 291 771 10 10 15
22 c 0 45 347 698 827 10 20 27
23 c 38 15 392 609 872 10 10 1 24
24 c 35 5 401 821 881 10 20 19
25 c 25 85 431 431 911 10 20 29

