StringID Type x y release ReadyTime DueDate ServiceTime weight volume Item_Conflitante1 Item_Conflitante2 Item_Conflitante3 Item_Conflitante4 Item_Conflitante5 Peso_Total Volume_Total
0 d 40 50 0 0 240 0 0 0      200 200
1 c 38 5 4 50 110 10 30 31 4 14 15
2 c 40 5 4 52 112 10 10 18 11 21
3 c 42 10 4 57 117 10 40 47 4 5 13 15 18
4 c 0 40 4 57 117 10 20 12 9 24
5 c 2 40 4 43 103 10 20 15
6 c 5 45 4 35 95 10 10 1 11 24
7 c 8 40 4 44 104 10 40 50
8 c 8 45 4 49 109 10 20 26
9 c 22 75 4 35 95 10 30 29 10 16 21
10 c 20 85 4 40 100 10 20 26 17
11 c 15 75 4 64 124 10 20 20 14 15 21 25
12 c 44 5 20 72 132 10 20 20 15
13 c 10 35 20 76 136 10 20 28 15 17
14 c 15 80 20 76 136 10 10 11
15 c 40 15 20 77 137 10 40 35
16 c 18 75 20 80 140 10 20 24
17 c 22 85 34 94 154 10 10 5
18 c 10 40 44 104 164 10 30 23 25
19 c 42 15 47 107 167 10 10 5 22
20 c 35 5 64 124 184 10 20 18
21 c 20 80 66 126 186 10 40 48 24
22 c 5 35 67 127 187 10 10 11
23 c 0 45 69 129 189 10 20 15
24 c 25 85 70 130 190 10 20 21 25
25 c 38 15 73 133 193 10 10 18

