StringID Type x y release ReadyTime DueDate ServiceTime weight volume Item_Conflitante1 Peso_Total Volume_Total
0 d 40 50 0 0 3390 0 0 0  700 700
1 c 52 75 0 302 479 90 10 14 22
2 c 45 70 0 157 428 90 30 27 22
3 c 62 69 0 1138 1355 90 10 13 25
4 c 60 66 0 1247 1434 90 10 10
5 c 42 65 0 15 208 90 10 10
6 c 16 42 0 209 944 90 20 29 19
7 c 58 70 0 1059 1246 90 20 23
8 c 28 52 0 12 752 90 20 17
9 c 30 50 0 10 963 90 10 4
10 c 25 50 0 15 532 90 10 3
11 c 14 66 1038 1316 2129 90 10 7
12 c 15 75 1038 1299 2344 90 20 26 21
13 c 15 80 1038 1461 2372 90 10 2
14 c 20 85 1038 1512 2515 90 40 40 17
15 c 25 85 1038 1772 2625 90 20 16 19
16 c 22 85 1038 1586 2625 90 10 14
17 c 20 80 1038 1858 2733 90 40 42
18 c 22 75 1295 2135 2834 90 30 38 22
19 c 18 75 1295 1895 2886 90 20 12
20 c 22 66 1295 2177 2990 90 40 30
21 c 35 69 1432 2428 3127 90 10 20
22 c 28 70 1576 2090 3271 90 10 19
23 c 35 66 1588 2311 3283 90 10 5
24 c 30 56 1593 2062 3288 90 20 23
25 c 34 60 1593 2035 3288 90 20 27

