StringID Type x y release ReadyTime DueDate ServiceTime weight volume Item_Conflitante1 Item_Conflitante2 Peso_Total Volume_Total
0 d 35 35 0 0 1000 0 0 0   1000 1000
1 c 45 20 233 36 509 10 11 7
2 c 20 65 233 33 511 10 12 13
3 c 55 5 233 36 514 10 29 35 20
4 c 30 5 233 30 519 10 8 1
5 c 50 35 233 50 523 10 19 22
6 c 35 17 233 18 534 10 7 1
7 c 10 20 233 102 543 10 19 21 11
8 c 15 60 233 95 552 10 17 15
9 c 20 50 233 172 569 10 5 11 16
10 c 20 40 233 229 582 10 12 4 13
11 c 15 30 233 20 610 10 26 31 21
12 c 10 43 233 245 640 10 9 16
13 c 45 10 233 246 657 10 18 26
14 c 55 60 233 231 666 10 16 25 19 21
15 c 25 30 233 245 684 10 3 7
16 c 15 10 233 32 694 10 20 18 18
17 c 55 45 233 378 733 10 13 18
18 c 30 60 329 430 779 10 16 16
19 c 45 65 329 418 829 10 9 13
20 c 65 20 456 438 956 10 6 8
21 c 5 30 459 444 959 10 2 1
22 c 65 35 460 435 960 10 3 4
23 c 55 20 465 477 965 10 19 26
24 c 41 49 474 451 974 10 10 2
25 c 30 25 478 462 978 10 23 26

