StringID Type x y release ReadyTime DueDate ServiceTime weight volume Item_Conflitante1 Peso_Total Volume_Total
0 d 40 50 0 0 1236 0 0 0  200 200
1 c 30 50 0 10 77 90 10 12
2 c 15 80 0 274 349 90 10 1 13
3 c 15 75 0 172 261 90 20 28 20
4 c 18 75 0 105 142 90 20 28 15
5 c 20 85 0 478 525 90 40 45
6 c 20 80 0 392 421 90 40 48
7 c 22 85 0 571 616 90 10 8
8 c 22 75 0 30 95 90 30 32
9 c 25 50 0 55 154 90 10 7
10 c 35 69 0 450 503 90 10 12 19
11 c 25 52 0 172 221 90 40 33
12 c 38 68 0 250 329 90 20 22
13 c 40 66 0 172 223 90 20 24
14 c 42 65 0 15 60 90 10 3
15 c 42 66 32 55 156 90 10 7
16 c 35 66 32 361 406 90 10 5
17 c 38 70 32 489 650 90 10 7
18 c 25 85 271 647 726 90 20 10
19 c 40 69 271 559 764 90 20 12
20 c 28 55 271 739 770 90 10 11
21 c 42 68 271 703 806 90 10 13 22
22 c 45 70 271 816 879 90 30 22
23 c 28 52 271 806 889 90 20 18
24 c 30 52 343 918 961 90 20 28
25 c 45 68 371 890 989 90 10 17

