StringID Type x y release ReadyTime DueDate ServiceTime weight volume Item_Conflitante1 Peso_Total Volume_Total
0 d 40 50 0 0 1236 0 0 0  200 200
1 c 30 50 132 10 370 90 10 1 19
2 c 15 80 132 132 492 90 10 8
3 c 15 75 132 37 397 90 20 12
4 c 18 75 132 33 393 90 20 27 20
5 c 20 80 132 227 587 90 40 44
6 c 22 75 132 30 390 90 30 34 13
7 c 25 50 132 15 375 90 10 15
8 c 35 66 132 204 564 90 10 17
9 c 25 52 132 17 377 90 40 43
10 c 38 68 132 110 470 90 20 13
11 c 40 66 132 18 378 90 20 12 14
12 c 42 65 132 15 375 90 10 4
13 c 42 66 132 16 376 90 10 7
14 c 35 69 132 297 657 90 10 14
15 c 20 85 132 322 682 90 40 35
16 c 38 70 132 390 750 90 10 9
17 c 22 85 317 414 774 90 10 4
18 c 40 69 317 482 842 90 20 12
19 c 25 85 317 507 867 90 20 10
20 c 42 68 317 575 935 90 10 6
21 c 28 55 317 575 935 90 10 13
22 c 45 70 410 668 1028 90 30 25
23 c 28 52 410 668 1028 90 20 17 24
24 c 45 68 502 760 1120 90 10 8
25 c 30 52 502 760 1120 90 20 23

