StringID Type x y release ReadyTime DueDate ServiceTime weight volume Item_Conflitante1 Item_Conflitante2 Peso_Total Volume_Total
0 d 35 35 0 0 1000 0 0 0   1000 1000
1 c 55 5 69 146 386 10 29 36 9 24
2 c 30 5 69 118 358 10 8 7 9
3 c 20 65 69 146 386 10 12 2
4 c 10 43 69 323 563 10 9 8
5 c 55 60 69 329 569 10 16 19 14 23
6 c 55 20 379 620 860 10 19 14
7 c 30 25 379 639 879 10 23 14 15
8 c 65 20 456 716 956 10 6 7 12
9 c 15 10 457 0 957 10 20 26 23
10 c 15 60 457 0 957 10 17 7
11 c 45 65 458 0 958 10 9 13
12 c 5 30 460 0 959 10 2 3
13 c 65 35 460 0 960 10 3 12 17 25
14 c 10 20 460 0 960 10 19 22
15 c 45 10 463 0 963 10 18 20 24
16 c 30 60 464 0 964 10 16 24
17 c 55 45 467 0 967 10 13 7
18 c 20 50 468 0 968 10 5 12
19 c 15 30 469 0 969 10 26 35
20 c 45 20 471 0 971 10 11 12
21 c 35 17 472 0 972 10 7 1
22 c 20 40 474 0 974 10 12 9
23 c 41 49 474 0 974 10 10 20
24 c 50 35 475 0 975 10 19 15
25 c 25 30 478 0 978 10 3 1

