StringID Type x y release ReadyTime DueDate ServiceTime weight volume Item_Conflitante1 Peso_Total Volume_Total
0 d 40 50 0 0 3390 0 0 0  700 700
1 c 28 52 0 22 182 90 20 26
2 c 30 50 0 10 170 90 10 12
3 c 60 66 0 1261 1421 90 10 20
4 c 16 42 0 497 657 90 20 20
5 c 25 50 0 116 276 90 10 7
6 c 14 66 870 1643 1803 90 10 15
7 c 15 75 870 1742 1902 90 20 15
8 c 15 80 870 1837 1997 90 10 18 23
9 c 20 85 870 1934 2094 90 40 46 24
10 c 22 85 870 2026 2186 90 10 8 21
11 c 20 80 870 2216 2376 90 40 36
12 c 18 75 870 2311 2471 90 20 28
13 c 22 75 870 2405 2565 90 30 32
14 c 22 66 1256 2504 2664 90 40 34
15 c 28 70 1256 2601 2761 90 10 3
16 c 35 69 1256 2698 2858 90 10 7
17 c 35 66 1256 2791 2951 90 10 1
18 c 34 60 1352 2887 3047 90 20 22
19 c 25 85 1589 0 3261 90 20 16
20 c 62 69 1589 0 3270 90 10 14
21 c 52 75 1589 0 3272 90 10 6
22 c 58 70 1589 0 3273 90 20 10
23 c 45 70 1589 0 3279 90 30 21
24 c 42 65 1589 0 3284 90 10 9
25 c 30 56 1593 0 3288 90 20 26

