StringID Type x y release ReadyTime DueDate ServiceTime weight volume Item_Conflitante1 Peso_Total Volume_Total
0 d 40 50 0 0 240 0 0 0  200 200
1 c 38 5 1 65 95 10 30 38
2 c 2 40 1 58 88 10 20 13
3 c 8 40 1 59 89 10 40 30
4 c 10 35 1 91 121 10 20 23
5 c 15 80 1 91 121 10 10 6 12
6 c 20 80 51 141 171 10 40 31
7 c 5 35 52 142 172 10 10 8
8 c 44 5 64 0 184 10 20 18
9 c 35 5 64 154 184 10 20 26 17
10 c 40 5 65 0 185 10 10 2
11 c 0 40 68 0 188 10 20 21
12 c 20 85 69 0 189 10 20 10 16
13 c 0 45 69 0 189 10 20 17
14 c 42 10 69 0 189 10 40 42
15 c 22 85 70 0 190 10 10 20
16 c 25 85 71 0 191 10 20 18
17 c 38 15 74 0 194 10 10 20
18 c 5 45 74 0 194 10 10 3
19 c 42 15 74 0 194 10 10 16 20
20 c 15 75 74 0 194 10 20 22
21 c 40 15 75 0 195 10 40 36
22 c 18 75 76 0 196 10 20 20
23 c 8 45 77 0 197 10 20 17
24 c 10 40 78 0 198 10 30 21
25 c 22 75 79 0 199 10 30 28

