StringID Type x y release ReadyTime DueDate ServiceTime weight volume Item_Conflitante1 Item_Conflitante2 Item_Conflitante3 Item_Conflitante4 Item_Conflitante5 Item_Conflitante6 Item_Conflitante7 Item_Conflitante8 Item_Conflitante9 Item_Conflitante10 Item_Conflitante11 Item_Conflitante12 Item_Conflitante13 Item_Conflitante14 Item_Conflitante15 Item_Conflitante16 Item_Conflitante17 Item_Conflitante18 Item_Conflitante19 Item_Conflitante20 Item_Conflitante21 Item_Conflitante22 Item_Conflitante23 Item_Conflitante24 Item_Conflitante25 Item_Conflitante26 Item_Conflitante27 Item_Conflitante28 Item_Conflitante29 Item_Conflitante30 Item_Conflitante31 Item_Conflitante32 Item_Conflitante33 Item_Conflitante34 Item_Conflitante35 Item_Conflitante36 Item_Conflitante37 Item_Conflitante38 Item_Conflitante39 Item_Conflitante40 Item_Conflitante41 Item_Conflitante42 Item_Conflitante43 Item_Conflitante44 Item_Conflitante45 Item_Conflitante46 Item_Conflitante47 Item_Conflitante48 Item_Conflitante49 Item_Conflitante50 Item_Conflitante51 Item_Conflitante52 Item_Conflitante53 Item_Conflitante54 Item_Conflitante55 Item_Conflitante56 Item_Conflitante57 Item_Conflitante58 Item_Conflitante59 Item_Conflitante60 Item_Conflitante61 Item_Conflitante62 Item_Conflitante63 Item_Conflitante64 Item_Conflitante65 Item_Conflitante66 Item_Conflitante67 Item_Conflitante68 Item_Conflitante69 Item_Conflitante70 Item_Conflitante71 Item_Conflitante72 Item_Conflitante73 Item_Conflitante74 Item_Conflitante75 Item_Conflitante76 Item_Conflitante77 Item_Conflitante78 Item_Conflitante79 Item_Conflitante80 Item_Conflitante81 Item_Conflitante82 Item_Conflitante83 Item_Conflitante84 Item_Conflitante85 Item_Conflitante86 Item_Conflitante87 Item_Conflitante88 Item_Conflitante89 Item_Conflitante90 Item_Conflitante91 Item_Conflitante92 Peso_Total Volume_Total
0 d 35 35 0 0 1000 0 0 0                                                                                             1000 1000
1 c 31 52 205 17 501 10 27 24 2 3 4 5 6 7 8 9 10 11 12 13 14 15 17 18 19 20 21 22 23 24 25 26 27 28 29 30 31 32 33 34 35 36 37 38 39 40 41 42 43 44 45 46 47 48 49 51 52 53 54 55 56 57 58 59 60 61 62 63 64 65 67 69 70 71 72 74 75 76 77 78 79 81 82 83 84 85 86 87 88 89 90 91 92 93 94 95 97 98 99 100
2 c 27 43 205 11 502 10 9 8 3 4 5 6 7 8 9 10 11 12 13 14 15 16 17 18 19 20 21 22 23 24 25 26 27 28 29 30 32 34 35 36 37 38 39 40 41 42 43 44 45 46 47 48 50 51 52 53 54 55 56 57 58 59 60 61 62 63 64 66 68 69 71 73 74 75 76 78 79 80 81 83 84 85 86 87 89 90 91 92 93 94 95 97 98 99 100
3 c 19 21 205 21 506 10 10 20 4 5 6 7 8 9 10 11 12 13 14 15 16 17 18 19 20 21 22 23 24 25 26 27 29 30 31 32 33 35 36 37 38 39 40 41 42 43 44 45 46 47 48 49 50 51 52 53 54 55 56 57 58 59 60 61 62 63 64 67 68 69 70 71 72 73 74 75 76 77 78 79 80 81 83 84 86 87 88 89 90 91 92 93 94 95 96 97 99 100
4 c 45 20 205 36 509 10 11 5 5 6 7 8 9 10 11 13 14 15 16 17 18 20 21 22 23 24 26 27 28 29 30 31 32 33 34 35 36 37 38 39 40 41 42 44 45 46 47 48 49 51 52 53 54 55 57 58 60 61 62 63 66 67 68 69 70 71 72 73 74 76 77 78 79 80 81 82 83 84 85 86 87 88 89 90 91 92 93 94 95 96 98 99 100
5 c 20 65 205 33 511 10 12 18 6 7 8 9 10 12 13 14 16 18 19 21 22 23 24 25 26 27 28 29 30 31 32 33 34 37 38 39 40 41 42 43 44 45 46 47 48 49 50 51 52 53 54 55 56 57 58 59 60 61 62 63 64 65 66 68 69 70 71 72 73 75 76 77 78 79 80 81 82 83 84 85 86 87 88 89 90 91 93 94 96 97 98 99 100
6 c 64 42 205 29 513 10 9 15 7 9 10 11 12 13 14 15 16 17 18 19 20 21 22 23 25 26 27 29 30 31 32 33 34 35 36 37 38 39 40 41 42 43 44 45 46 47 48 50 51 53 54 55 56 57 58 59 60 61 62 63 64 65 66 67 68 69 70 71 72 73 74 75 76 77 78 79 80 81 82 83 84 85 86 87 88 90 91 92 93 94 95 96 98 100
7 c 37 47 205 12 513 10 6 1 8 10 11 12 13 14 15 16 17 18 19 20 21 23 24 25 26 27 28 29 30 31 32 33 34 35 36 37 38 39 40 41 42 44 45 46 47 48 49 51 52 53 54 56 57 58 59 60 61 62 63 65 66 67 68 69 70 71 72 73 74 75 76 77 78 79 80 81 83 84 85 86 87 88 89 91 92 93 94 95 98 99 100
8 c 11 14 205 59 514 10 18 19 9 10 11 12 14 15 16 17 18 19 20 21 22 23 24 25 27 29 30 31 32 33 34 35 36 37 38 39 40 41 42 43 44 45 46 47 48 51 52 53 54 55 56 57 58 60 61 62 63 64 65 66 67 68 69 70 71 72 73 74 75 76 77 78 79 80 81 82 84 85 86 87 88 89 90 91 92 93 94 95 96 97 98 99 100
9 c 55 5 205 36 514 10 29 33 10 11 12 13 14 15 17 18 19 20 22 23 25 26 27 28 29 30 31 32 33 34 35 36 37 38 39 40 41 42 43 44 45 48 49 50 51 52 53 54 56 57 58 60 61 63 64 65 66 67 68 69 70 71 72 73 74 75 76 77 79 80 81 82 83 84 85 86 87 89 90 91 92 93 94 95 96 97 98 100
10 c 15 47 205 23 515 10 16 9 11 12 13 15 16 17 18 19 20 22 23 24 25 26 27 28 29 30 31 32 33 34 35 36 37 38 39 40 41 42 43 44 45 46 47 48 49 50 51 52 53 54 55 56 57 58 59 61 62 63 64 65 66 67 68 69 70 71 72 73 74 75 76 77 78 79 80 81 82 83 84 85 86 87 88 89 90 91 92 94 95 96 97 98 99 100
11 c 49 11 205 62 519 10 18 21 12 13 14 15 16 17 18 19 20 21 22 23 25 26 27 28 29 31 32 33 34 35 36 37 38 39 40 41 42 43 44 45 46 47 48 49 50 51 52 53 54 55 57 58 59 60 61 62 63 64 65 66 67 68 69 70 71 72 73 74 75 76 77 78 80 81 82 83 84 85 86 87 88 89 90 91 92 93 94 95 96 97 98 100
12 c 30 5 205 30 519 10 8 2 14 15 16 17 18 19 20 21 22 23 25 26 27 28 29 30 32 33 34 35 36 37 39 40 41 42 44 45 46 47 48 49 50 51 52 53 54 55 56 57 58 59 60 61 62 63 64 65 66 67 69 70 71 72 74 75 76 77 78 79 80 81 82 83 84 85 86 87 88 89 90 91 92 93 94 95 96 97 98 99 100
13 c 40 60 205 91 522 10 21 19 14 15 16 19 20 21 22 24 25 26 27 28 29 30 31 32 33 34 35 37 38 39 40 41 42 43 44 45 46 47 48 49 50 52 53 54 55 56 57 58 59 60 61 63 64 65 66 67 68 69 70 71 72 73 74 75 76 77 78 79 80 81 82 83 85 86 87 88 89 90 91 92 93 94 95 96 97 98 99 100
14 c 50 35 205 50 523 10 19 12 16 17 18 19 20 21 23 24 25 27 29 30 31 32 33 34 36 37 38 39 40 41 42 43 44 45 46 47 48 49 50 51 52 53 54 56 57 58 59 60 61 62 63 65 66 67 68 69 70 71 72 73 74 75 77 78 79 81 82 83 84 85 86 87 88 89 90 91 93 94 95 96 97 98 99 100
15 c 15 77 205 46 524 10 9 10 16 17 18 19 20 21 22 23 24 25 26 27 28 29 30 31 32 33 34 35 36 37 38 39 40 41 42 43 45 46 47 48 49 50 51 52 53 54 55 56 57 58 59 60 61 62 63 65 66 67 68 69 71 72 73 74 75 76 77 78 79 80 81 82 83 84 86 87 88 89 90 91 92 93 95 96 97 98 99 100
16 c 41 37 205 6 526 10 16 14 18 19 20 21 22 23 24 26 27 28 29 30 32 33 34 35 36 37 38 39 40 41 42 43 44 45 46 47 48 49 50 51 52 53 54 55 56 57 58 59 60 61 62 63 65 66 67 68 69 70 71 72 73 74 75 76 77 78 80 81 82 83 84 85 86 87 88 89 90 91 92 93 94 95 96 97 98 99 100
17 c 25 24 205 14 533 10 20 16 18 19 20 21 22 23 24 25 26 27 28 29 30 32 33 34 36 37 39 40 41 42 43 44 45 46 47 48 49 50 52 53 54 55 56 58 59 60 61 62 63 64 65 66 67 68 69 70 71 72 74 75 76 77 78 79 80 81 82 83 84 85 86 87 88 89 90 91 92 93 94 95 96 97 98 99 100
18 c 35 17 205 18 534 10 7 7 19 20 21 22 23 24 25 26 27 28 29 30 31 32 33 34 35 36 38 39 40 41 42 43 44 45 46 47 48 49 50 51 52 53 54 55 57 58 59 60 61 62 63 64 65 66 67 68 69 70 71 72 73 74 75 76 77 78 81 82 83 84 85 86 87 88 89 90 91 92 93 94 95 97 98 99 100
19 c 49 42 205 129 534 10 13 22 20 22 23 24 25 26 27 28 29 30 31 32 33 34 35 36 37 38 39 40 41 42 43 44 45 47 48 49 50 51 53 54 55 56 57 58 60 61 62 63 64 65 66 67 68 71 72 73 75 76 77 78 79 80 81 82 83 84 85 86 87 89 90 91 92 93 94 95 96 97 98 99 100
20 c 57 68 205 98 537 10 15 9 21 23 24 25 26 27 28 29 30 31 32 33 34 35 36 37 38 39 40 41 43 44 45 46 47 48 49 50 51 52 53 54 56 57 58 59 60 61 62 63 64 65 66 67 68 69 70 72 73 74 76 77 78 79 80 81 82 83 84 85 86 87 88 89 91 92 93 94 95 96 97 98 99 100
21 c 12 24 205 126 541 10 13 20 22 23 24 25 26 27 28 29 30 31 32 33 34 35 36 37 38 39 40 41 42 43 44 45 46 47 48 49 50 51 52 53 54 55 56 58 59 60 61 62 63 64 65 66 67 68 69 70 71 72 73 74 75 76 77 78 79 80 81 82 83 84 85 86 87 88 89 90 91 92 93 94 95 96 98 99 100
22 c 10 20 205 102 543 10 19 16 23 24 25 26 28 29 30 31 32 33 34 35 36 37 38 39 41 42 43 44 45 46 47 49 50 51 52 53 54 55 56 57 58 59 60 61 62 63 64 65 66 67 68 69 70 71 72 73 74 75 76 77 78 79 80 81 82 83 84 85 86 87 88 90 91 93 94 95 96 97 99 100
23 c 24 58 205 25 544 10 19 28 24 25 26 27 28 29 30 31 32 33 34 35 36 37 38 39 40 42 43 44 45 46 47 48 49 50 51 52 53 54 55 56 57 58 59 60 61 62 63 64 66 67 69 70 71 72 73 74 75 76 78 79 80 81 82 83 84 85 86 87 88 89 90 91 93 94 95 97 98 99 100
24 c 35 40 205 5 548 10 16 6 25 26 27 28 29 30 31 32 33 34 35 36 37 38 39 40 41 42 43 44 45 46 48 49 50 51 52 53 54 55 56 57 58 59 60 61 62 63 64 65 66 67 68 69 70 71 72 73 74 76 77 78 79 80 81 82 83 84 86 87 89 90 91 92 93 94 95 96 97 98 99 100
25 c 15 60 205 95 552 10 17 14 26 27 28 29 30 31 32 33 34 35 36 37 38 39 40 41 42 43 44 45 46 47 48 49 50 51 52 53 54 55 56 57 58 59 60 62 63 64 65 66 67 68 69 70 74 75 76 77 78 79 80 81 82 83 84 85 86 87 88 89 90 91 92 93 94 95 96 97 98 99 100
26 c 24 12 205 25 560 10 5 10 27 28 29 30 31 32 33 35 36 37 38 39 40 41 42 43 44 45 46 47 48 49 50 51 52 53 54 55 57 58 59 60 62 63 64 65 66 67 68 69 70 71 72 73 74 75 76 77 78 80 81 82 83 84 85 86 87 88 89 90 91 93 94 95 96 97 98 99 100
27 c 26 52 205 104 563 10 9 10 28 29 31 32 33 34 35 36 37 38 39 40 41 42 43 44 45 46 47 48 49 50 51 52 53 54 56 57 58 59 60 61 62 63 64 65 66 67 68 69 70 71 72 73 74 75 76 78 79 80 81 82 83 84 85 86 87 88 89 91 92 93 94 95 96 97 98 100
28 c 44 17 205 143 564 10 9 19 29 30 31 32 33 34 37 38 39 40 41 42 43 44 45 46 47 48 49 50 51 52 53 54 55 56 58 59 60 61 62 63 64 65 66 67 68 69 70 71 72 73 74 75 76 77 78 79 80 81 82 83 84 85 86 87 88 89 90 91 92 94 95 96 97 98 99 100
29 c 14 37 205 21 568 10 11 5 30 31 32 33 34 35 36 37 38 39 40 41 42 43 44 46 47 49 50 53 54 55 56 57 58 59 60 61 62 63 64 66 67 68 69 70 71 73 74 75 76 77 78 79 80 81 82 83 84 85 86 87 88 89 90 91 92 93 94 95 96 97 98 99
30 c 62 77 205 49 568 10 20 23 31 32 33 34 35 36 37 38 39 40 41 42 43 44 45 46 47 48 49 50 51 52 53 54 56 57 59 60 61 62 63 64 66 67 68 69 70 71 72 73 74 75 76 77 78 79 80 81 82 83 84 85 86 87 88 89 90 91 92 94 95 96 97 98 100
31 c 20 50 205 172 569 10 5 5 32 33 34 35 36 37 38 39 40 42 43 44 45 46 47 48 49 50 51 52 53 54 55 56 57 58 59 60 61 62 63 64 65 66 67 69 70 71 72 73 74 75 76 77 78 79 80 81 82 84 86 87 88 89 91 94 95 96 97 99 100
32 c 67 5 205 120 575 10 25 28 33 34 35 36 37 38 39 40 41 42 43 45 46 47 48 49 50 51 52 53 54 55 56 57 58 60 61 62 63 64 65 66 67 68 69 70 71 73 74 75 76 77 78 79 80 81 82 83 84 85 86 87 88 89 90 91 92 93 94 95 96 97 98 99
33 c 53 52 205 24 575 10 11 20 34 35 36 37 38 39 40 41 42 43 44 45 46 47 48 49 50 51 52 53 54 55 58 59 60 61 62 63 64 65 66 68 69 70 71 72 73 74 75 76 77 78 79 80 81 82 83 84 85 86 87 88 89 90 91 92 93 94 95 96 97 98 99 100
34 c 5 5 205 130 577 10 16 20 35 36 37 38 39 40 41 42 43 44 45 46 47 48 49 50 51 52 53 54 55 56 57 58 59 61 62 63 64 65 66 67 68 69 71 72 73 74 75 76 77 78 80 81 83 84 85 86 87 88 89 90 91 92 93 94 95 96 97 98 99 100
35 c 28 18 205 287 580 10 26 19 37 38 40 41 42 43 44 45 46 47 48 49 50 51 52 53 54 55 56 57 58 59 60 61 62 63 64 65 66 67 68 69 70 71 72 73 74 75 76 77 78 79 80 81 82 83 84 85 86 87 89 90 91 92 93 94 96 98 99 100
36 c 20 40 205 229 582 10 12 10 37 39 40 41 42 43 44 45 46 47 48 49 50 51 52 53 54 55 56 57 58 59 60 61 64 65 66 67 68 69 70 71 72 73 74 75 76 77 78 79 80 81 82 83 84 85 87 88 89 90 91 93 94 95 96 97 98 99 100
37 c 22 22 205 18 585 10 2 1 38 39 40 42 43 44 45 48 49 50 51 52 53 54 55 56 57 58 59 60 62 63 65 67 68 69 71 72 73 74 75 76 77 78 79 80 81 82 83 84 85 86 87 88 89 90 91 92 93 94 95 96 97 99 100
38 c 27 69 205 34 588 10 10 16 39 40 41 42 43 44 45 46 47 48 49 50 51 52 53 54 55 56 57 59 60 61 62 63 64 65 66 67 68 69 70 71 72 73 74 75 76 77 78 79 81 82 83 84 85 86 87 89 90 91 92 93 94 95 96 97 98 99 100
39 c 6 38 205 29 589 10 16 15 40 41 42 44 45 46 47 48 49 50 51 52 53 54 55 56 57 58 59 61 62 63 64 66 67 68 69 70 71 72 73 74 75 76 77 78 79 81 82 84 85 87 88 89 90 91 92 93 94 95 96 97 98 99 100
40 c 40 25 205 201 596 10 9 15 41 42 43 44 45 46 47 48 49 50 51 52 54 55 56 57 58 59 61 63 65 66 67 68 69 70 71 72 73 74 75 76 77 78 79 80 81 83 84 86 87 88 89 90 91 92 93 94 95 97 100
41 c 55 54 205 268 599 10 26 26 42 43 44 45 46 47 48 49 50 51 52 53 54 55 56 57 58 59 60 61 62 63 64 66 67 69 70 71 73 74 75 76 77 78 79 81 82 83 85 86 87 88 89 90 91 92 93 94 95 96 97 98 99 100
42 c 20 26 205 164 601 10 9 5 43 44 45 46 47 48 50 51 52 53 54 55 56 57 58 59 60 61 62 63 64 65 66 67 68 69 70 71 72 73 74 75 76 77 78 79 80 81 82 83 84 85 87 88 89 90 91 92 93 94 95 96 97 98 99
43 c 8 56 205 34 602 10 27 23 44 45 46 47 48 49 50 51 52 53 54 55 56 57 58 59 60 61 62 63 64 65 66 67 68 69 70 71 72 73 74 75 76 77 78 79 80 81 82 83 84 85 86 87 88 89 90 91 92 93 94 95 96 97 98 99 100
44 c 15 30 205 20 610 10 26 23 46 47 48 49 50 51 52 53 54 55 56 57 58 59 60 61 62 63 64 65 66 67 68 69 70 71 73 74 75 76 77 78 79 80 81 82 83 84 86 87 89 90 92 93 94 96 97 98 100
45 c 2 60 205 41 615 10 5 2 46 47 48 49 50 51 52 54 56 57 59 60 61 62 63 65 66 67 68 69 70 71 72 73 74 75 76 77 78 79 80 81 83 84 85 89 90 91 92 93 94 96 97 98 99 100
46 c 47 16 205 22 617 10 25 27 47 48 49 50 51 52 53 54 55 56 57 58 59 60 61 62 63 64 65 66 67 68 69 70 71 72 73 74 75 76 77 78 80 81 83 84 85 87 88 89 90 91 92 93 94 95 96 97 98
47 c 4 18 205 230 623 10 35 36 48 49 50 51 52 53 54 55 56 57 58 59 60 61 63 64 65 66 68 69 70 71 72 73 74 75 76 78 79 80 81 82 83 84 85 86 87 88 89 90 91 93 94 95 96 97 98 99
48 c 57 48 205 230 623 10 23 21 49 50 51 52 53 54 55 56 58 59 60 61 62 64 65 66 67 68 69 70 71 72 74 75 76 77 78 80 81 82 84 85 86 87 89 90 91 93 94 95 96 97 98 99 100
49 c 16 22 205 213 624 10 41 31 50 51 52 53 54 55 56 57 58 59 60 61 62 63 64 65 66 67 68 69 70 71 72 73 74 75 76 77 79 80 81 82 83 84 85 86 87 88 89 90 91 92 93 94 95 96 97 98 99 100
50 c 49 58 205 176 625 10 10 15 51 52 53 54 55 56 57 58 59 60 61 62 63 66 67 69 70 71 72 73 74 75 76 77 78 79 80 81 83 84 85 86 87 88 90 91 92 93 94 95 97 98 99 100
51 c 10 43 205 245 640 10 9 15 54 55 56 57 58 59 60 61 62 63 64 65 66 67 69 70 71 72 73 74 75 76 78 79 80 81 82 83 85 86 87 88 89 90 91 92 93 96 97 98 99 100
52 c 37 31 205 256 647 10 14 8 53 54 55 57 58 59 60 61 62 63 64 65 66 68 69 70 71 72 73 75 76 77 78 79 81 82 84 85 86 88 89 90 91 92 93 94 95 96 97 98 99 100
53 c 31 67 205 225 654 10 3 6 54 55 56 58 59 60 61 62 63 64 65 66 67 68 69 70 71 72 73 74 75 76 77 78 79 80 81 82 83 84 85 86 87 88 89 90 91 92 93 94 95 96 97 98 99 100
54 c 60 12 205 33 655 10 31 36 55 56 57 58 60 61 62 63 65 66 67 68 69 70 72 73 74 75 76 77 78 79 80 81 82 83 84 85 86 87 88 90 91 92 93 94 95 96 97 98 99 100
55 c 26 27 205 283 656 10 27 19 56 57 58 59 60 62 63 65 66 67 68 69 70 71 72 73 74 75 76 78 79 81 82 83 84 85 86 87 88 90 92 93 94 95 96 97 98 99 100
56 c 45 10 205 246 657 10 18 24 58 59 60 61 62 64 65 67 68 69 70 71 72 73 74 75 76 77 78 79 80 82 84 86 87 88 89 90 91 92 93 94 95 96 97 98 99
57 c 55 60 205 231 666 10 16 14 58 59 60 61 62 64 65 66 67 68 70 71 72 73 74 75 76 77 78 79 80 81 82 83 84 86 87 88 89 90 91 92 93 94 95 96 97 98 99 100
58 c 11 31 205 278 669 10 7 1 59 60 61 62 63 64 65 66 67 68 69 70 71 73 74 75 77 78 79 81 82 83 84 85 86 87 88 89 90 91 93 94 95 96 97 98 99
59 c 61 52 205 207 676 10 3 1 60 61 62 63 64 65 66 68 69 70 71 72 73 74 75 76 77 78 79 80 81 82 83 84 85 86 87 88 89 90 91 92 93 94 95 96 97 98 99 100
60 c 6 68 205 362 679 10 30 23 61 64 65 66 67 68 69 70 71 72 73 74 75 76 77 78 79 80 81 83 86 87 88 89 90 91 92 93 94 95 96 97 99
61 c 21 24 205 17 681 10 28 31 62 63 64 65 66 67 68 71 74 75 76 77 78 79 80 81 83 84 85 86 87 88 89 90 91 93 94 95 96 97 98 99 100
62 c 25 30 205 245 684 10 3 5 63 64 65 66 67 68 69 71 73 74 75 76 77 79 80 83 84 85 86 87 88 89 90 92 93 94 95 96 97 98 99 100
63 c 42 7 205 219 688 10 5 1 64 65 66 67 68 69 70 72 74 75 76 77 78 80 81 82 83 84 85 86 87 88 89 90 91 92 93 94 95 96 97 98 99 100
64 c 15 10 205 32 694 10 20 13 65 66 67 68 69 70 71 72 73 74 75 76 77 78 79 82 83 84 85 86 87 88 89 90 91 92 93 94 95 96 97 99 100
65 c 32 12 205 246 705 10 7 11 66 67 68 69 71 72 73 74 75 76 77 78 79 80 81 82 83 84 86 87 88 89 90 91 92 93 94 95 96 97 98 99 100
66 c 55 45 323 378 733 10 13 19 67 68 70 72 73 74 76 77 78 80 81 82 83 84 85 86 87 88 89 90 91 92 93 94 95 96 97 98
67 c 65 55 323 367 776 10 14 10 68 69 70 71 72 73 74 75 76 77 78 79 81 82 83 84 85 86 87 88 89 90 91 92 93 94 95 97 98 99 100
68 c 30 60 323 430 779 10 16 11 69 70 71 72 73 74 75 76 78 79 80 81 82 83 84 85 86 87 88 89 90 91 92 93 94 96 97 98 99 100
69 c 2 48 323 338 805 10 1 1 70 71 72 73 74 75 76 77 78 79 80 81 82 83 84 85 86 87 88 89 90 91 92 93 94 95 96 97 99 100
70 c 47 47 323 379 810 10 13 11 71 72 73 75 76 77 79 80 82 83 84 85 86 87 88 90 91 92 93 95 96 97 98 99
71 c 25 21 323 462 823 10 12 13 72 73 74 75 76 77 79 80 81 82 83 84 85 86 88 89 90 91 92 93 94 96 97 98 99 100
72 c 45 30 367 428 827 10 17 17 73 74 75 76 77 78 79 80 81 82 83 84 86 88 89 90 91 92 94 95 96 97 98 99 100
73 c 45 65 367 418 829 10 9 10 74 76 77 78 79 80 81 82 83 84 85 86 87 89 90 91 92 93 94 95 96 97 98 99
74 c 22 27 367 445 852 10 11 9 75 76 77 78 79 80 81 82 83 84 85 86 87 88 90 91 92 93 94 95 96 97 98 99 100
75 c 20 20 367 443 856 10 8 16 76 77 78 79 80 81 82 83 84 85 86 87 88 90 92 93 94 95 96 97 98 99 100
76 c 49 73 367 421 864 10 25 19 77 78 79 80 81 82 83 84 85 86 87 88 89 90 91 92 93 94 95 96 97 98 99 100
77 c 53 12 367 412 865 10 6 1 78 79 80 81 82 84 85 87 88 89 90 91 92 93 94 96 97 98 99 100
78 c 23 3 367 458 867 10 7 4 79 80 81 82 83 84 85 86 87 88 89 90 91 92 93 94 95 96 97 98 99 100
79 c 57 29 418 475 900 10 18 16 80 82 83 84 85 86 88 90 91 92 93 94 95 96 97 98 99 100
80 c 63 23 418 441 918 10 2 7 82 83 84 85 86 87 88 89 90 91 92 93 94 95 96 97 98 99
81 c 56 39 430 459 930 10 36 45 82 84 86 87 88 89 90 91 93 94 95 96 97 98 99 100
82 c 63 65 448 453 948 10 8 15 83 84 85 86 87 88 89 90 92 93 94 95 96 97 99 100
83 c 35 69 455 482 955 10 23 13 84 85 86 87 88 89 90 91 92 93 94 95 96 97 98 99 100
84 c 65 20 456 438 956 10 6 6 85 86 88 89 90 91 92 93 94 95 96 97 99
85 c 5 30 459 444 959 10 2 1 86 87 88 89 90 91 92 93 94 95 96 97 98 99 100
86 c 65 35 460 435 960 10 3 1 87 88 89 90 91 92 93 94 95 96 97 98 99 100
87 c 13 52 462 454 962 10 36 32 89 90 91 92 93 94 95 96 97 98 99 100
88 c 15 19 464 469 964 10 1 1 90 91 92 93 94 95 96 98 99
89 c 46 13 465 482 965 10 8 18 90 91 93 94 95 96 97 98 99
90 c 55 20 465 477 965 10 19 16 91 92 93 94 96 97 98 99 100
91 c 18 18 465 391 965 10 17 9 92 93 94 95 96 97 98 99 100
92 c 37 56 468 368 968 10 5 8 93 94 96 97 98 99 100
93 c 56 37 468 470 968 10 6 7 94 95 97 98 99 100
94 c 18 24 470 414 969 10 22 23 95 96 97 98 99
95 c 53 43 470 460 970 10 14 10 96 97 99 100
96 c 17 34 471 449 971 10 3 1 97 98 99 100
97 c 41 49 474 451 974 10 10 1 98 99 100
98 c 30 25 478 462 978 10 23 25 99 100
99 c 36 26 480 479 980 10 18 18 100
100 c 26 35 481 409 981 10 15 23

