StringID Type x y release ReadyTime DueDate ServiceTime weight volume Item_Conflitante1 Item_Conflitante2 Item_Conflitante3 Item_Conflitante4 Item_Conflitante5 Item_Conflitante6 Item_Conflitante7 Item_Conflitante8 Item_Conflitante9 Item_Conflitante10 Item_Conflitante11 Item_Conflitante12 Item_Conflitante13 Item_Conflitante14 Item_Conflitante15 Item_Conflitante16 Item_Conflitante17 Item_Conflitante18 Item_Conflitante19 Item_Conflitante20 Item_Conflitante21 Item_Conflitante22 Item_Conflitante23 Item_Conflitante24 Item_Conflitante25 Item_Conflitante26 Item_Conflitante27 Item_Conflitante28 Item_Conflitante29 Item_Conflitante30 Item_Conflitante31 Item_Conflitante32 Item_Conflitante33 Item_Conflitante34 Item_Conflitante35 Item_Conflitante36 Item_Conflitante37 Item_Conflitante38 Item_Conflitante39 Item_Conflitante40 Item_Conflitante41 Item_Conflitante42 Item_Conflitante43 Item_Conflitante44 Item_Conflitante45 Item_Conflitante46 Item_Conflitante47 Item_Conflitante48 Item_Conflitante49 Item_Conflitante50 Item_Conflitante51 Item_Conflitante52 Item_Conflitante53 Item_Conflitante54 Item_Conflitante55 Item_Conflitante56 Item_Conflitante57 Item_Conflitante58 Item_Conflitante59 Item_Conflitante60 Item_Conflitante61 Item_Conflitante62 Item_Conflitante63 Item_Conflitante64 Item_Conflitante65 Item_Conflitante66 Item_Conflitante67 Item_Conflitante68 Item_Conflitante69 Item_Conflitante70 Item_Conflitante71 Item_Conflitante72 Item_Conflitante73 Item_Conflitante74 Item_Conflitante75 Item_Conflitante76 Item_Conflitante77 Item_Conflitante78 Item_Conflitante79 Item_Conflitante80 Item_Conflitante81 Item_Conflitante82 Item_Conflitante83 Item_Conflitante84 Item_Conflitante85 Item_Conflitante86 Item_Conflitante87 Item_Conflitante88 Item_Conflitante89 Item_Conflitante90 Item_Conflitante91 Item_Conflitante92 Item_Conflitante93 Peso_Total Volume_Total
0 d 40 50 0 0 960 0 0 0                                                                                              1000 1000
1 c 45 30 206 20 498 10 17 22 2 3 4 5 6 7 8 9 10 11 12 14 15 16 17 18 19 20 21 22 23 24 25 26 27 28 29 30 31 32 33 36 37 38 39 40 41 42 43 44 45 46 47 48 49 50 51 52 53 54 55 56 58 59 60 61 62 63 66 67 68 69 70 71 72 73 74 75 76 77 78 79 80 81 82 83 84 85 86 87 88 89 90 91 92 93 94 95 96 97 99 100
2 c 26 52 206 14 499 10 9 18 3 5 6 7 8 9 10 11 12 13 14 15 16 17 18 20 21 22 23 24 25 26 27 28 29 30 31 32 33 34 35 36 37 38 39 40 41 42 43 44 45 46 47 48 49 50 51 52 53 54 55 56 57 58 59 60 61 62 63 64 65 66 67 68 69 70 71 72 73 74 75 76 77 78 79 80 81 84 85 86 87 88 89 90 92 94 96 97 98 99 100
3 c 55 82 206 49 504 10 10 1 4 5 6 7 8 9 11 12 13 14 16 17 18 19 20 21 22 23 24 25 26 27 28 29 30 31 32 33 34 35 36 37 39 40 41 42 43 44 45 46 47 48 49 50 51 52 53 54 55 56 57 58 59 60 61 62 63 64 65 66 67 68 69 70 71 72 73 74 75 76 77 78 79 80 81 82 83 84 85 86 87 88 89 90 91 92 93 94 95 97 98 99 100
4 c 27 43 206 14 506 10 9 8 5 6 7 8 10 11 12 13 14 16 17 18 19 20 21 22 23 24 26 27 28 31 33 34 35 36 37 38 39 40 41 42 43 44 45 46 47 48 50 51 52 53 54 55 56 57 58 59 60 61 63 65 66 68 69 70 71 72 73 74 75 76 77 78 79 80 81 82 83 84 85 86 87 88 89 90 91 92 93 94 95 96 97 98 99
5 c 31 52 206 9 510 10 27 33 6 7 8 9 10 12 13 14 15 17 18 19 20 21 22 23 24 25 26 27 28 29 30 31 32 33 34 35 36 37 38 39 40 42 43 45 46 47 48 49 50 51 52 53 54 55 56 57 58 59 60 61 62 63 64 65 66 67 68 69 70 71 72 73 74 75 76 77 78 79 80 81 83 84 85 86 87 88 89 90 91 92 93 94 95 97 98 99 100
6 c 8 40 206 33 511 10 40 45 7 8 9 10 11 12 13 14 15 16 18 20 21 22 23 24 25 26 27 28 29 30 32 33 34 35 36 37 38 40 41 42 43 44 45 46 47 48 49 51 52 53 56 57 58 59 60 61 62 64 65 66 67 68 69 70 71 72 73 74 75 76 77 78 79 80 81 82 83 84 85 86 87 88 89 90 91 93 94 95 97 98 99 100
7 c 25 30 206 25 516 10 3 4 9 10 12 13 14 15 16 17 18 19 20 21 23 24 25 26 27 28 29 30 31 32 33 34 35 36 37 38 39 40 41 42 43 44 45 47 48 49 50 51 52 53 54 55 56 57 58 59 60 61 62 63 64 65 66 67 69 70 71 72 73 74 75 76 77 78 79 80 81 82 83 84 85 86 87 88 89 91 92 93 94 95 96 97 99 100
8 c 40 5 206 45 517 10 10 15 9 10 11 12 13 14 15 16 17 18 19 20 21 22 23 24 25 26 27 28 29 30 31 32 33 34 35 36 37 38 40 41 42 43 44 45 46 48 49 50 52 53 54 55 57 58 59 60 61 62 63 64 65 66 67 68 69 70 71 72 73 75 76 77 78 79 80 81 82 83 84 85 86 87 88 89 90 91 92 93 94 96 97 98 99 100
9 c 8 45 206 46 519 10 20 14 10 11 13 15 16 17 18 19 20 21 22 23 24 25 26 28 29 31 32 33 34 35 36 37 38 39 41 42 43 45 47 49 50 51 52 53 54 55 56 59 60 61 62 63 66 68 69 70 71 73 74 75 77 78 79 80 81 82 83 84 85 86 87 88 89 90 91 92 93 94 95 96 97 98 99
10 c 5 5 206 63 520 10 16 20 11 12 13 14 15 16 17 18 19 20 21 22 23 24 25 26 27 28 29 30 31 32 33 34 35 36 37 38 39 40 41 42 43 44 45 47 48 49 50 51 52 53 54 55 56 58 59 60 62 63 64 65 66 67 68 70 71 72 73 74 75 76 77 79 80 81 82 83 84 85 86 87 88 90 91 92 93 94 95 96 97 99 100
11 c 65 55 206 81 520 10 14 8 12 13 14 15 16 17 19 20 21 22 23 24 25 26 27 28 29 30 31 32 33 34 35 36 37 38 39 40 41 42 43 44 45 46 47 48 49 50 51 52 53 54 55 56 57 58 59 60 61 62 63 64 65 66 67 68 69 70 71 72 73 74 78 79 80 81 82 83 85 86 88 89 90 91 93 94 96 97 98 99 100
12 c 88 30 206 90 521 10 10 20 13 14 15 16 17 18 19 20 21 22 23 24 25 26 28 30 31 32 33 34 35 36 37 38 40 41 42 43 44 45 46 48 49 50 51 52 53 54 55 56 57 58 59 60 61 62 63 64 65 66 67 68 69 70 71 73 74 75 76 77 79 80 81 82 83 84 86 87 88 89 90 91 92 93 95 96 97 98 99 100
13 c 38 5 206 45 523 10 30 35 14 15 16 17 18 19 20 21 22 23 24 25 26 28 29 30 31 32 34 35 36 37 38 40 41 42 43 44 45 46 47 48 49 50 51 52 53 54 55 56 57 58 59 60 61 62 63 64 65 66 67 68 69 70 71 72 73 74 75 76 77 78 79 81 82 84 85 86 87 88 89 90 91 92 93 94 95 96 97 98 100
14 c 45 65 206 110 525 10 9 3 15 16 17 18 19 20 21 22 23 24 25 27 28 29 30 31 32 33 35 36 37 38 39 40 42 44 45 46 47 48 49 50 51 52 53 54 55 56 57 58 59 60 61 62 63 64 65 66 67 68 69 70 71 73 74 75 76 77 78 79 80 81 82 83 84 85 86 87 88 89 90 91 92 94 95 96 97 98 99 100
15 c 2 40 206 39 528 10 20 17 16 17 18 19 20 21 23 24 25 26 27 28 29 31 34 36 37 38 39 40 41 42 43 44 45 46 47 48 49 50 51 52 53 54 55 56 57 58 59 61 62 63 64 65 66 67 68 69 70 71 72 73 74 75 76 77 78 79 80 81 82 83 84 85 86 87 88 89 90 91 92 93 94 97 98 99 100
16 c 60 12 206 125 530 10 31 31 17 18 19 20 21 22 24 25 26 27 28 29 30 31 33 34 35 36 37 38 39 40 41 42 43 44 45 46 47 48 49 50 51 52 53 54 56 57 58 59 60 61 62 64 65 66 67 68 69 70 71 72 73 74 75 76 77 78 79 80 81 82 83 84 85 86 87 88 90 91 92 93 94 95 96 97 98 99 100
17 c 35 40 206 11 530 10 16 8 18 19 20 21 23 24 26 27 28 29 30 31 32 33 34 35 36 37 38 39 40 41 42 43 44 45 46 47 48 49 50 51 52 53 55 56 57 58 60 61 62 63 64 65 66 67 68 69 70 71 73 74 75 76 77 78 79 80 81 82 83 84 85 86 87 88 89 90 92 93 94 95 97 98 99
18 c 88 35 206 50 534 10 20 27 19 20 21 22 23 24 25 26 27 28 29 31 32 33 34 35 36 37 38 39 40 41 42 43 44 46 47 48 49 50 51 52 53 54 55 56 58 59 60 61 62 63 64 65 66 67 68 69 70 71 72 73 74 75 77 78 79 80 81 82 83 84 85 86 87 88 89 90 91 92 93 94 95 96 97 98 99 100
19 c 0 40 206 94 535 10 20 28 20 21 22 23 24 27 28 29 30 31 32 33 34 35 36 37 38 39 40 41 42 43 45 46 47 48 49 50 51 52 53 54 55 56 57 58 59 60 61 63 64 65 66 67 68 69 70 71 72 73 75 76 77 78 79 80 81 82 83 84 85 86 88 89 90 91 93 94 95 96 97 98 99 100
20 c 90 35 206 52 536 10 10 18 21 22 23 24 25 26 27 28 29 30 31 32 33 34 35 37 38 39 40 41 42 43 44 45 46 47 49 50 51 52 53 54 55 56 57 58 59 60 61 62 63 64 65 66 68 69 70 71 72 73 74 75 77 78 79 80 81 82 83 84 85 86 87 88 89 90 91 93 94 95 97 98 99 100
21 c 56 37 206 20 539 10 6 7 22 23 24 25 26 27 28 29 30 31 32 33 34 35 36 37 38 39 40 41 42 43 44 45 46 47 48 49 51 54 55 57 58 59 60 61 62 63 64 65 66 68 69 70 71 72 73 74 75 76 77 78 79 80 81 82 83 84 85 86 87 88 89 90 91 92 93 94 95 96 97 98 99 100
22 c 42 10 206 85 542 10 40 35 23 24 28 29 30 31 32 33 34 35 36 37 38 39 40 41 42 43 44 45 46 47 48 49 50 51 52 53 54 55 56 57 58 59 60 61 62 63 65 66 67 68 70 71 73 74 75 76 77 78 79 80 81 82 83 85 86 87 88 89 90 91 92 93 94 95 96 97 98 99 100
23 c 22 75 206 30 546 10 30 33 24 25 26 27 28 29 32 33 34 35 36 37 38 39 40 43 44 45 46 47 48 49 50 51 52 53 54 55 56 57 59 60 61 62 63 64 65 67 68 69 70 71 72 73 74 75 76 78 80 81 82 83 84 85 86 87 88 89 90 91 92 94 95 96 97 98 99 100
24 c 65 35 206 29 548 10 3 13 25 26 27 28 29 30 31 32 33 34 35 36 37 38 39 40 41 42 43 44 45 46 47 48 49 50 51 52 53 54 55 56 57 58 59 60 62 63 65 66 67 68 69 70 71 72 73 74 75 76 77 78 79 80 81 82 83 84 85 86 87 88 89 90 91 92 93 94 95 96 97 98 99 100
25 c 24 58 206 90 549 10 19 22 26 27 28 29 30 31 32 33 34 37 38 39 40 42 43 44 45 46 47 48 49 50 51 52 53 54 55 56 57 58 59 60 61 62 63 64 65 66 67 68 69 70 71 72 73 74 75 76 77 78 79 80 81 82 83 84 86 87 88 89 90 91 92 94 95 98 99
26 c 64 42 206 100 555 10 9 8 27 28 29 30 31 32 33 34 35 36 37 38 39 40 41 42 43 44 45 46 47 48 49 50 52 53 54 55 56 57 58 59 61 63 64 65 66 67 68 69 70 71 72 73 75 76 77 78 79 80 81 82 83 85 86 87 88 89 90 91 93 94 95 97 98 99 100
27 c 2 60 206 135 556 10 5 3 28 29 30 31 32 33 34 35 36 37 38 39 40 41 42 44 45 46 47 48 49 50 51 52 54 55 57 58 59 60 61 63 64 65 66 67 68 69 70 71 72 73 74 75 76 77 78 79 80 81 82 83 84 85 86 87 88 89 90 91 92 94 95 96 97 99 100
28 c 15 75 206 161 558 10 20 17 29 30 31 32 33 35 36 39 40 41 43 45 46 47 48 49 51 52 53 54 55 56 57 58 59 60 61 62 63 64 65 66 67 68 70 71 72 73 74 75 76 77 78 79 80 81 82 83 84 85 86 87 88 90 91 92 93 94 95 96 97 98 99 100
29 c 62 80 206 114 561 10 30 39 30 31 32 33 34 35 36 37 38 39 40 41 42 43 44 45 46 47 48 49 50 51 52 53 54 55 56 57 58 60 61 62 63 64 65 66 67 68 70 71 72 73 74 75 76 77 78 80 81 82 83 84 85 86 87 88 89 90 92 93 94 95 96 97 99 100
30 c 12 24 206 272 565 10 13 3 31 32 33 34 35 36 37 38 39 40 41 42 43 44 45 46 47 48 49 50 51 52 53 54 55 56 57 58 59 60 61 62 63 64 65 66 67 68 69 70 72 73 74 75 76 77 78 79 81 82 83 84 85 86 87 88 89 90 91 92 93 94 95 96 97 98 99
31 c 37 31 206 19 566 10 14 24 32 33 34 35 36 37 38 39 40 41 42 43 44 45 46 47 48 49 50 51 52 53 55 56 57 58 59 60 61 62 63 64 65 66 67 69 70 71 72 73 74 75 76 77 78 79 80 81 82 83 84 85 87 88 89 90 91 92 93 94 95 97 98 99 100
32 c 55 80 206 33 568 10 10 15 33 34 36 37 38 39 40 41 42 43 44 45 46 47 48 49 50 51 52 53 54 55 56 57 58 59 60 61 62 63 66 67 68 71 72 73 74 75 76 78 79 80 81 82 83 84 85 86 87 88 89 90 91 92 93 94 95 96 97 98 99 100
33 c 44 5 206 218 571 10 20 21 35 36 37 38 39 40 41 42 43 44 45 46 47 48 49 50 51 52 53 54 55 56 58 59 60 61 63 64 65 66 68 69 70 71 72 73 74 75 76 77 78 79 80 81 82 83 84 85 86 87 88 90 91 92 93 94 95 96 97 98 99 100
34 c 92 30 206 55 575 10 10 2 35 36 37 39 40 42 43 44 45 46 47 48 49 50 51 52 53 54 55 56 57 58 59 60 61 62 63 64 65 66 67 68 69 70 71 72 73 74 75 76 77 78 79 80 81 82 83 84 85 86 87 88 89 90 91 92 93 94 95 96 97 98 99 100
35 c 49 58 206 249 580 10 10 8 36 37 38 39 40 41 42 43 44 45 46 47 48 49 50 51 52 53 54 55 56 58 59 60 61 62 63 64 66 67 68 69 70 71 72 73 74 75 77 78 79 80 81 82 83 84 85 86 87 88 89 90 91 92 93 94 95 97 98 99 100
36 c 53 43 206 14 581 10 14 19 37 38 39 40 41 42 43 44 45 46 47 48 49 50 52 53 54 55 56 57 59 60 61 62 64 65 66 67 68 70 71 72 73 74 75 76 78 80 81 82 83 84 85 86 87 88 89 90 91 92 93 94 95 96 97 98 99 100
37 c 60 85 206 191 586 10 30 32 39 40 41 42 43 44 46 47 48 49 50 51 52 53 54 55 56 57 58 59 60 61 62 63 64 65 66 67 68 69 70 71 72 74 76 77 78 79 80 81 82 83 84 85 86 87 89 90 91 92 93 94 95 97 98 99 100
38 c 26 35 206 149 586 10 15 19 39 40 42 43 44 46 47 48 49 50 51 52 53 54 55 56 57 58 59 60 61 62 63 64 65 66 67 68 69 70 71 72 73 74 75 76 77 78 79 80 81 82 83 85 86 87 88 89 90 91 92 93 94 96 97 98 99 100
39 c 65 20 206 39 593 10 6 1 40 41 42 43 44 45 46 47 48 49 50 51 52 53 54 55 56 57 58 59 60 61 62 63 64 65 67 68 69 70 72 73 74 75 76 77 78 79 80 81 82 83 84 85 86 87 88 89 90 91 92 93 94 95 96 97 98 99 100
40 c 20 82 206 37 597 10 10 13 42 44 45 47 48 49 51 52 53 54 55 56 60 61 62 64 65 66 68 69 70 71 72 73 74 75 76 77 78 79 80 81 82 83 84 85 87 88 90 91 92 93 94 95 96 97 98 99 100
41 c 95 35 206 57 600 10 20 18 42 43 44 45 46 47 49 50 51 52 53 54 55 57 58 59 60 62 63 64 65 66 67 68 69 70 72 73 74 75 76 78 79 80 81 82 83 84 85 86 87 88 89 90 91 92 93 94 95 96 97 98 99 100
42 c 85 25 206 51 602 10 10 15 43 45 46 47 48 49 50 51 52 53 54 55 56 57 58 59 60 61 63 64 65 66 67 68 69 70 71 72 73 74 75 77 78 79 80 81 82 83 84 85 86 87 88 89 90 91 92 93 94 95 96 97 98 99 100
43 c 21 24 206 212 605 10 28 34 44 45 46 47 48 49 50 51 53 54 55 57 58 59 61 62 63 64 65 66 67 68 69 70 71 72 73 74 75 76 77 78 80 81 82 83 84 86 87 88 89 90 92 93 94 95 97 98 99 100
44 c 2 45 206 38 606 10 10 4 45 46 47 48 49 50 51 52 53 54 55 56 57 58 59 60 61 62 63 64 65 66 67 68 69 70 71 73 74 75 76 77 78 79 80 81 82 83 84 85 86 87 88 89 91 93 94 95 96 97 98 99 100
45 c 6 68 206 215 608 10 30 30 46 47 48 49 50 51 52 54 55 56 57 58 59 60 61 62 63 64 65 66 67 68 69 71 72 73 74 75 78 79 80 81 82 83 84 85 86 87 89 90 91 92 93 94 96 97 98 99 100
46 c 63 23 206 198 609 10 2 1 47 48 49 51 52 53 54 55 56 57 59 60 61 62 64 65 66 67 68 69 70 71 72 73 74 75 76 77 79 80 81 82 83 84 85 86 87 88 89 90 91 92 93 94 95 96 97 99 100
47 c 55 20 206 161 610 10 19 15 48 49 50 51 52 53 54 55 56 57 58 59 61 62 63 64 65 66 67 68 69 70 71 73 74 76 77 78 79 80 81 82 83 84 85 86 87 88 89 91 92 93 94 95 97 98 99
48 c 65 85 206 43 617 10 40 42 49 50 51 52 53 54 57 58 59 60 61 62 63 64 65 66 67 68 69 70 71 72 73 75 76 77 78 79 80 81 82 83 84 85 86 87 88 89 92 93 94 95 96 97 98 99 100
49 c 63 65 206 27 622 10 8 1 51 52 53 56 58 59 60 61 62 63 64 65 66 67 68 69 70 72 73 74 75 76 77 78 79 80 82 83 84 85 86 87 88 90 91 92 93 94 95 96 97 98 99 100
50 c 15 80 206 229 624 10 10 3 51 52 53 54 55 56 57 58 59 60 61 62 63 64 66 67 68 69 70 71 72 73 74 75 76 78 79 80 81 82 83 84 86 87 88 89 90 91 92 93 94 95 96 97 98 99 100
51 c 20 50 206 239 630 10 5 5 52 53 54 55 56 58 59 60 61 62 63 64 65 66 67 68 69 70 72 73 74 75 76 77 78 79 80 81 82 83 85 86 87 88 89 90 91 93 94 95 96 97 98 99 100
52 c 20 85 206 40 630 10 20 14 54 55 56 57 58 59 60 61 62 63 64 65 66 67 68 69 70 71 72 73 74 75 76 77 78 79 80 81 82 83 84 85 86 87 88 89 90 91 92 93 95 96 97 99 100
53 c 37 47 206 204 633 10 6 11 54 57 58 59 60 61 62 63 64 65 66 67 69 70 71 72 73 74 75 76 77 78 79 80 81 82 83 84 85 86 87 89 90 91 92 94 95 96 97 98 99 100
54 c 57 48 206 265 638 10 23 33 55 56 57 58 59 60 61 62 63 64 65 66 67 68 69 70 71 72 73 74 75 76 77 78 79 80 81 82 83 85 88 90 91 92 94 95 96 97 98 99 100
55 c 40 15 206 229 640 10 40 46 56 57 58 59 60 61 62 63 64 66 68 69 70 71 72 73 74 75 76 77 78 79 80 81 82 83 84 85 86 87 88 89 90 91 92 93 94 95 96 97 98 99 100
56 c 10 35 206 213 648 10 20 24 57 58 59 61 62 63 64 65 66 67 69 70 71 72 73 74 75 76 77 78 79 81 82 83 84 85 86 87 88 89 90 91 92 93 94 95 96 97 100
57 c 57 29 206 259 650 10 18 24 58 59 60 61 62 63 64 65 67 68 69 70 71 72 73 74 75 76 77 78 79 80 81 82 83 84 85 86 87 88 89 90 92 93 94 95 96 97 98 99 100
58 c 60 80 206 36 658 10 10 4 59 60 61 62 65 66 67 68 69 70 71 72 73 74 75 76 77 78 79 80 82 83 84 85 86 87 88 89 91 92 93 94 95 96 97 98 99 100
59 c 42 12 206 341 658 10 10 15 60 61 63 64 65 66 67 68 69 70 71 72 73 74 75 76 77 78 79 80 81 82 83 84 85 86 87 88 89 90 91 92 93 94 95 96 97 98 99 100
60 c 8 56 206 190 659 10 27 21 61 63 65 66 67 68 69 71 72 73 74 75 76 77 78 79 80 81 83 84 85 87 88 89 90 91 92 93 94 95 96 97 98 99 100
61 c 18 75 206 228 667 10 20 11 62 63 64 65 66 67 68 70 71 72 73 74 75 76 77 79 80 81 82 83 84 86 87 88 90 91 92 93 94 95 97 98 99 100
62 c 58 75 206 201 670 10 20 16 63 64 65 67 68 69 70 71 72 73 74 75 76 77 78 79 80 81 82 84 85 86 87 88 89 90 91 92 93 94 96 97 99 100
63 c 30 25 206 227 686 10 23 25 64 65 66 67 68 69 70 71 72 73 74 75 76 77 78 79 80 81 82 83 84 85 86 87 88 89 90 91 92 93 94 95 96 97 98 99 100
64 c 5 45 322 35 697 10 10 10 65 66 67 68 69 70 71 72 73 74 75 76 77 78 79 80 81 82 83 84 86 87 88 89 90 91 92 93 94 95 96 97 98 99 100
65 c 10 20 322 42 706 10 19 29 66 67 68 69 70 71 73 74 75 76 77 78 79 80 81 82 83 84 85 86 87 88 89 90 91 92 93 94 95 96 97 98 99 100
66 c 22 85 322 353 708 10 10 8 67 68 69 70 71 72 73 74 75 76 77 79 80 81 82 83 84 85 86 87 89 90 91 92 93 94 95 96 97 98 99
67 c 85 35 322 342 751 10 30 35 68 69 70 71 72 73 74 75 77 79 81 82 83 84 86 87 88 89 90 91 92 93 94 95 96 97 98 99 100
68 c 10 40 322 404 753 10 30 29 69 70 71 72 73 74 75 76 77 78 81 82 83 84 85 86 87 88 90 91 92 93 94 96 98 99 100
69 c 72 35 322 351 782 10 30 21 70 71 72 75 76 77 78 80 81 82 83 84 85 86 87 88 89 90 91 92 93 94 95 96 97 98 99 100
70 c 18 80 322 315 782 10 10 13 71 72 73 74 75 77 78 79 81 82 83 84 85 86 87 88 89 90 91 92 93 96 97 98 99 100
71 c 4 18 322 426 787 10 35 27 72 73 74 75 76 77 78 79 80 81 82 83 84 85 86 87 88 89 90 91 92 93 94 95 97 98 99
72 c 95 30 322 389 788 10 30 26 73 74 75 76 77 78 79 80 81 82 83 84 85 86 87 88 89 90 91 92 93 95 96 97 98 100
73 c 42 15 322 391 802 10 10 1 74 77 78 79 80 81 82 83 84 85 86 88 89 90 91 92 93 94 95 96 97 98 99 100
74 c 65 82 345 410 823 10 10 18 75 76 77 78 79 80 81 82 83 84 85 86 87 88 89 90 91 93 94 95 96 98 99 100
75 c 55 54 345 418 825 10 26 26 76 77 78 79 80 81 83 84 86 87 88 89 90 91 92 93 94 95 96 97 99 100
76 c 55 85 367 429 838 10 20 22 77 78 79 80 81 83 84 85 86 87 88 89 90 91 92 93 94 95 96 97 98 99 100
77 c 50 35 367 390 843 10 19 18 78 79 81 82 83 84 85 86 88 89 90 92 93 94 95 96 97 98 99 100
78 c 41 37 367 404 847 10 16 13 79 80 81 82 83 84 85 87 88 89 90 91 92 93 94 95 96 97 99 100
79 c 55 60 393 448 873 10 16 15 80 82 83 84 85 86 87 88 89 90 91 92 93 94 96 97 98 99 100
80 c 30 60 422 420 897 10 16 19 81 82 83 84 85 86 87 88 89 90 91 92 93 95 96 97 98 99 100
81 c 67 5 422 325 897 10 25 26 82 84 85 86 87 88 89 90 91 92 93 94 95 97 98 99 100
82 c 87 30 422 425 898 10 10 14 83 84 86 87 88 89 90 91 92 93 94 95 96 97 98 99
83 c 23 3 422 390 900 10 7 7 84 85 86 87 89 90 91 92 93 94 95 96 97 98 99 100
84 c 15 10 422 401 902 10 20 18 85 86 87 88 89 90 91 92 93 94 95 96 97 98 99 100
85 c 35 5 424 386 904 10 20 13 86 87 88 89 90 91 92 93 94 95 96 97 98 99 100
86 c 42 5 424 396 904 10 10 11 87 88 89 90 92 94 95 96 97 98 99 100
87 c 67 85 425 410 905 10 20 11 88 89 90 91 92 93 94 95 96 97 98 99
88 c 40 60 427 436 907 10 21 20 89 90 91 92 93 94 95 96 97 98 100
89 c 0 45 429 394 909 10 20 16 90 91 93 95 98 99 100
90 c 25 85 434 388 911 10 20 28 91 92 93 95 96 97 98 99 100
91 c 5 35 434 395 911 10 10 3 92 93 95 96 97 98 99 100
92 c 20 80 434 425 913 10 40 49 93 94 95 96 97 98 100
93 c 20 20 434 430 913 10 8 6 94 95 96 97 98 99 100
94 c 38 15 434 389 914 10 10 1 95 96 97 98 99 100
95 c 15 60 443 401 923 10 17 15 96 97 100
96 c 61 52 448 373 928 10 3 3 97 98 99 100
97 c 35 69 450 330 930 10 23 16 98 99 100
98 c 31 67 450 356 930 10 3 5 99 100
99 c 49 42 457 442 937 10 13 17 100
100 c 47 47 462 444 942 10 13 12

