StringID Type x y release ReadyTime DueDate ServiceTime weight volume Item_Conflitante1 Item_Conflitante2 Item_Conflitante3 Item_Conflitante4 Item_Conflitante5 Item_Conflitante6 Item_Conflitante7 Item_Conflitante8 Item_Conflitante9 Item_Conflitante10 Item_Conflitante11 Item_Conflitante12 Item_Conflitante13 Item_Conflitante14 Item_Conflitante15 Item_Conflitante16 Item_Conflitante17 Item_Conflitante18 Item_Conflitante19 Item_Conflitante20 Item_Conflitante21 Item_Conflitante22 Peso_Total Volume_Total
0 d 40 50 0 0 240 0 0 0                       200 200
1 c 38 5 0 75 85 10 30 38 2 3 4 5 6 7 8 9 10 11 12 13 14 15 17 18 19 20 22 23 24 25
2 c 40 15 0 94 119 10 40 49 3 4 5 7 8 9 10 11 12 13 14 15 16 17 18 20 21 22 23 24 25
3 c 42 10 0 58 115 10 40 49 4 5 6 7 8 9 10 11 12 13 14 15 16 17 18 19 20 21 22 24 25
4 c 0 40 0 59 114 10 20 16 5 6 7 8 9 10 11 12 13 14 15 16 17 18 19 20 21 22 23 24 25
5 c 15 80 0 101 111 10 10 9 6 7 8 9 10 11 12 13 14 16 17 18 19 20 21 22 23 24 25
6 c 10 35 0 101 111 10 20 27 7 8 10 11 12 13 14 15 16 17 18 19 20 21 22 23 24 25
7 c 8 40 0 69 79 10 40 34 8 9 10 11 12 13 14 16 17 18 20 22 23 24 25
8 c 2 40 0 68 78 10 20 18 9 10 11 12 13 14 15 16 17 18 19 20 21 22 23 24 25
9 c 5 45 24 35 117 10 10 6 10 11 12 13 14 16 17 18 19 20 21 22 24 25
10 c 18 75 24 96 123 10 20 23 11 12 14 15 16 17 18 19 20 21 22 23 24 25
11 c 44 5 24 79 124 10 20 17 12 13 14 15 16 17 18 19 20 21 22 23 24 25
12 c 10 40 24 123 144 10 30 28 13 14 15 16 17 19 20 21 22 23 24 25
13 c 22 75 35 30 150 10 30 40 14 15 16 17 18 19 20 21 22 23 24 25
14 c 8 45 35 32 152 10 20 26 15 16 17 18 19 20 21 22 24 25
15 c 15 75 35 35 155 10 20 17 16 17 18 20 21 22 23 24 25
16 c 20 85 40 40 160 10 20 13 17 18 19 20 21 22 23 24 25
17 c 20 80 41 151 161 10 40 33 18 19 20 21 22 23 24 25
18 c 42 15 42 111 162 10 10 19 19 20 21 22 23 25
19 c 5 35 42 152 162 10 10 17 20 22 23 24 25
20 c 40 5 45 45 165 10 10 20 21 22 23 24 25
21 c 0 45 60 147 180 10 20 16 22 23 24 25
22 c 35 5 61 171 181 10 20 14 23 24 25
23 c 22 85 64 64 184 10 10 11 24 25
24 c 25 85 71 71 191 10 20 24 25
25 c 38 15 74 128 194 10 10 3

