StringID Type x y release ReadyTime DueDate ServiceTime weight volume Item_Conflitante1 Item_Conflitante2 Item_Conflitante3 Item_Conflitante4 Item_Conflitante5 Item_Conflitante6 Item_Conflitante7 Item_Conflitante8 Item_Conflitante9 Item_Conflitante10 Item_Conflitante11 Item_Conflitante12 Item_Conflitante13 Item_Conflitante14 Item_Conflitante15 Item_Conflitante16 Item_Conflitante17 Item_Conflitante18 Item_Conflitante19 Item_Conflitante20 Item_Conflitante21 Peso_Total Volume_Total
0 d 40 50 0 0 240 0 0 0                      200 200
1 c 44 5 24 73 130 10 20 28 2 3 4 5 6 7 8 9 10 12 15 16 17 18 19 20 21 22 23 24 25
2 c 15 75 24 54 133 10 20 15 3 4 5 6 7 8 9 10 11 12 14 15 16 17 18 19 20 21 22 23 25
3 c 0 40 24 41 141 10 20 13 4 5 6 7 8 9 10 11 12 13 14 16 17 18 19 21 22 23 24
4 c 15 80 24 67 144 10 10 17 6 7 8 9 10 11 12 13 14 15 16 18 19 20 22 23 24 25
5 c 42 10 32 40 148 10 40 34 6 7 8 9 10 11 13 14 15 16 17 18 19 20 21 22 23 24 25
6 c 8 45 32 32 148 10 20 27 7 8 9 10 11 12 13 14 15 16 17 18 19 20 21 22 23 24 25
7 c 40 15 32 64 149 10 40 40 8 9 10 11 12 13 14 15 16 17 19 20 21 22 23 24 25
8 c 22 85 32 95 152 10 10 9 9 11 12 13 14 15 18 19 20 22 23 25
9 c 8 40 32 33 152 10 40 46 10 11 12 14 15 16 18 19 20 21 22 23 24 25
10 c 10 35 41 57 154 10 20 23 11 12 13 14 15 16 17 18 19 20 21 22 23 24 25
11 c 18 75 41 60 159 10 20 30 12 13 14 15 16 17 18 19 20 21 23 24 25
12 c 10 40 41 106 161 10 30 39 13 14 15 16 17 18 19 20 21 22 25
13 c 40 5 41 45 161 10 10 6 14 15 16 17 18 19 20 21 22 23 24 25
14 c 2 40 43 39 163 10 20 28 15 16 17 18 19 20 21 22 23 24 25
15 c 38 5 44 45 164 10 30 24 16 17 18 19 20 21 22 23 24 25
16 c 22 75 48 30 168 10 30 21 17 18 19 20 21 22 23 24 25
17 c 42 15 59 94 179 10 10 20 18 19 20 21 22 24 25
18 c 35 5 63 45 183 10 20 11 19 20 21 22 23 24 25
19 c 0 45 69 51 189 10 20 17 20 21 22 23 24 25
20 c 20 85 69 40 189 10 20 21 21 22 23 24 25
21 c 25 85 71 49 191 10 20 10 22 24
22 c 5 35 71 53 191 10 10 9 23 24
23 c 20 80 73 69 193 10 40 44 24 25
24 c 5 45 74 35 194 10 10 2 25
25 c 38 15 74 51 194 10 10 17

