StringID Type x y release ReadyTime DueDate ServiceTime weight volume Item_Conflitante1 Item_Conflitante2 Item_Conflitante3 Item_Conflitante4 Peso_Total Volume_Total
0 d 35 35 0 0 230 0 0 0     200 200
1 c 49 42 34 27 128 10 13 20
2 c 12 24 34 29 132 10 13 8 65 81
3 c 40 60 34 25 132 10 21 15 41 50 66
4 c 27 43 34 11 133 10 9 2
5 c 50 35 34 15 133 10 19 23 10 12 29
6 c 28 18 34 61 134 10 26 34 20 56
7 c 44 17 34 30 135 10 9 15 8 49
8 c 20 50 34 36 135 10 5 1 67 93
9 c 41 37 34 6 136 10 16 19 26 70 76 77
10 c 45 20 34 18 136 10 11 5 75
11 c 26 52 34 21 136 10 9 9 13 39
12 c 20 40 34 47 136 10 12 21 68 82 84 98
13 c 37 47 34 12 137 10 6 6 56 79
14 c 31 52 34 17 138 10 27 36 30 64
15 c 40 25 34 40 139 10 9 3 48
16 c 10 20 34 29 139 10 19 9 32 35
17 c 35 40 34 5 140 10 16 17 43 45 98
18 c 55 54 34 57 140 10 26 21 67
19 c 49 11 34 27 141 10 18 15 22 32 93
20 c 19 21 34 21 142 10 10 7
21 c 20 26 34 33 142 10 9 14 23 47 92
22 c 25 24 34 14 143 10 20 28 45 52 68 98
23 c 11 14 34 31 144 10 18 23 32
24 c 15 60 34 32 146 10 17 8 62 73 100
25 c 57 48 34 47 146 10 23 33 57 76
26 c 15 47 34 23 146 10 16 8 68
27 c 35 17 34 18 147 10 7 1 75
28 c 16 22 34 44 147 10 41 48
29 c 57 68 34 39 148 10 15 20 39
30 c 4 18 34 49 148 10 35 43 100
31 c 37 31 34 51 148 10 14 8 33 35 47
32 c 49 58 34 36 149 10 10 6 91 99
33 c 10 43 34 50 149 10 9 10 78 86
34 c 64 42 35 29 150 10 9 3 54
35 c 26 27 36 58 151 10 27 25 72 84 90
36 c 6 68 37 73 152 10 30 31 85
37 c 20 65 37 33 152 10 12 4
38 c 30 5 37 30 152 10 8 10 91
39 c 45 10 42 50 153 10 18 23 62
40 c 31 67 42 46 153 10 3 1
41 c 5 5 42 42 153 10 16 22
42 c 11 31 42 57 154 10 7 11 43
43 c 24 58 42 25 154 10 19 15
44 c 55 5 42 36 155 10 29 26 72
45 c 67 5 42 43 156 10 25 21 82
46 c 55 60 42 47 156 10 16 6
47 c 14 37 42 21 157 10 11 10 56 90
48 c 25 30 43 49 158 10 3 1 63
49 c 24 12 43 25 158 10 5 3
50 c 61 52 52 42 159 10 3 9 93
51 c 22 22 52 18 159 10 2 1
52 c 42 7 52 43 160 10 5 1 70
53 c 53 52 52 24 161 10 11 4
54 c 32 12 52 48 163 10 7 1 68
55 c 55 45 52 76 165 10 13 15
56 c 15 77 52 46 165 10 9 9
57 c 15 30 52 20 167 10 26 19
58 c 6 38 57 29 169 10 16 20 63 93
59 c 47 16 57 22 170 10 25 33 70 96
60 c 62 77 57 49 170 10 20 26
61 c 30 60 57 85 172 10 16 26
62 c 27 69 57 34 172 10 10 15 72
63 c 65 55 58 70 173 10 14 12
64 c 8 56 61 34 176 10 27 21 70 96 100
65 c 2 60 63 41 178 10 5 8 76
66 c 63 65 63 54 178 10 8 9
67 c 49 73 64 68 179 10 25 35 75 93
68 c 2 48 67 63 180 10 1 2
69 c 47 47 67 75 182 10 13 15
70 c 45 65 67 79 182 10 9 12
71 c 25 21 68 92 183 10 12 15
72 c 21 24 68 17 183 10 28 29
73 c 23 3 70 82 185 10 7 14 86
74 c 45 30 71 87 186 10 17 13 87
75 c 35 69 71 67 186 10 23 19
76 c 65 20 71 56 186 10 6 1
77 c 60 12 71 33 186 10 31 25
78 c 15 10 72 32 187 10 20 17 92
79 c 63 23 74 69 189 10 2 1 84
80 c 5 30 74 60 189 10 2 1
81 c 20 20 75 87 190 10 8 5
82 c 65 35 75 58 190 10 3 5
83 c 53 12 75 76 190 10 6 10 84
84 c 22 27 75 89 190 10 11 20
85 c 13 52 77 65 192 10 36 40
86 c 15 19 79 70 194 10 1 9
87 c 55 20 80 73 195 10 19 12
88 c 18 18 80 51 195 10 17 8 99
89 c 46 13 80 74 195 10 8 3
90 c 57 29 82 90 197 10 18 24
91 c 56 37 83 73 198 10 6 1
92 c 56 39 83 80 198 10 36 27
93 c 37 56 83 48 198 10 5 8
94 c 18 24 85 60 199 10 22 20
95 c 53 43 85 72 200 10 14 17
96 c 17 34 86 70 201 10 3 1
97 c 41 49 89 73 204 10 10 7
98 c 30 25 93 79 208 10 23 24
99 c 36 26 95 84 210 10 18 21
100 c 26 35 96 68 211 10 15 15

