StringID Type x y release ReadyTime DueDate ServiceTime weight volume Item_Conflitante1 Item_Conflitante2 Item_Conflitante3 Item_Conflitante4 Item_Conflitante5 Peso_Total Volume_Total
0 d 35 35 0 0 230 0 0 0      200 200
1 c 40 60 0 49 102 10 21 23
2 c 26 52 0 50 107 10 9 14 19 20 75
3 c 53 52 0 24 92 10 11 15 47 53
4 c 2 60 0 41 112 10 5 4 14 39 48 55 71
5 c 5 5 0 74 101 10 16 15 30
6 c 60 12 0 33 110 10 31 41 20 21 77 99
7 c 40 25 0 65 114 10 9 17 81 89
8 c 24 12 0 25 91 10 5 7 71
9 c 11 14 0 59 88 10 18 18 38 41 77
10 c 6 38 0 29 99 10 16 15 26 55
11 c 20 26 0 74 101 10 9 4 32
12 c 37 31 0 87 112 10 14 7 55 91 92
13 c 57 48 0 84 109 10 23 28 66 99
14 c 24 58 0 46 79 10 19 14 43 75
15 c 15 77 0 48 107 10 9 13 28
16 c 62 77 0 49 113 10 20 14 45 50 84
17 c 67 5 0 73 102 10 25 29 24 28 45 63 98
18 c 37 47 0 39 70 10 6 1 48 54 64 89
19 c 49 42 0 65 90 10 13 20 61 83
20 c 35 40 0 8 75 10 16 9 21 29 69
21 c 55 5 0 58 87 10 29 36
22 c 28 18 0 88 107 10 26 26 58 69
23 c 10 43 0 87 112 10 9 9 26 35
24 c 22 22 0 18 53 10 2 7 26 76
25 c 20 65 3 57 86 10 12 19 30 73
26 c 30 5 3 50 81 10 8 18 45
27 c 55 60 3 88 115 10 16 16 71
28 c 11 31 3 93 118 10 7 15 78 86 94
29 c 45 10 25 76 127 10 18 18 39
30 c 61 52 25 71 130 10 3 10 53 76
31 c 42 7 25 72 131 10 5 13 74 80
32 c 25 30 25 76 131 10 3 7
33 c 12 24 25 29 132 10 13 13
34 c 6 68 25 93 132 10 30 35 38 94
35 c 44 17 25 30 135 10 9 11 38
36 c 41 37 25 6 136 10 16 23 91
37 c 20 40 25 47 136 10 12 8 77
38 c 10 20 25 29 139 10 19 14 44 60 61
39 c 55 54 25 57 140 10 26 23
40 c 15 60 40 32 146 10 17 24 58 89
41 c 4 18 40 49 148 10 35 31
42 c 57 68 40 39 148 10 15 24 45
43 c 49 58 40 36 149 10 10 7 48 52 61 86
44 c 30 60 40 107 150 10 16 7 48 53 68
45 c 64 42 40 29 150 10 9 9
46 c 31 67 40 46 153 10 3 12 82
47 c 63 23 40 126 155 10 2 1
48 c 49 73 44 104 159 10 25 25 61
49 c 32 12 48 48 163 10 7 10 51 89
50 c 53 12 57 106 163 10 6 1 100
51 c 46 13 57 138 169 10 8 9 62 67
52 c 55 20 57 138 169 10 19 20 68 72 81
53 c 20 50 57 21 170 10 5 6
54 c 27 69 57 34 172 10 10 19 63 64
55 c 26 27 59 35 174 10 27 36 92
56 c 56 39 61 117 176 10 36 39
57 c 8 56 63 34 176 10 27 23
58 c 16 22 63 23 177 10 41 40
59 c 63 65 63 116 178 10 8 5 66
60 c 2 48 65 63 180 10 1 1
61 c 30 25 65 147 180 10 23 25 70
62 c 45 65 67 79 182 10 9 11
63 c 65 55 68 36 183 10 14 9 74
64 c 25 21 68 92 183 10 12 2 72
65 c 23 3 70 82 185 10 7 9
66 c 35 69 71 67 186 10 23 33
67 c 65 20 71 153 186 10 6 7
68 c 55 45 72 54 187 10 13 22
69 c 15 10 72 32 187 10 20 29 78
70 c 5 30 74 124 189 10 2 1 92
71 c 65 35 75 58 190 10 3 1
72 c 49 11 77 27 192 10 18 10
73 c 50 35 77 15 192 10 19 28 90
74 c 13 52 77 27 192 10 36 36
75 c 15 19 79 25 194 10 1 3
76 c 18 18 80 159 195 10 17 13
77 c 27 43 80 11 195 10 9 8
78 c 45 20 80 18 195 10 11 4
79 c 15 47 81 23 196 10 16 19
80 c 57 29 82 90 197 10 18 8
81 c 47 16 82 22 197 10 25 26
82 c 31 52 83 17 198 10 27 19 86
83 c 37 56 83 123 198 10 5 8
84 c 19 21 83 21 198 10 10 4
85 c 56 37 83 135 198 10 6 1
86 c 14 37 83 21 198 10 11 18
87 c 20 20 83 42 198 10 8 3
88 c 18 24 84 129 199 10 22 22 97
89 c 15 30 84 20 199 10 26 20
90 c 53 43 84 168 199 10 14 16
91 c 17 34 86 70 201 10 3 6
92 c 21 24 87 17 202 10 28 28
93 c 35 17 87 18 202 10 7 14
94 c 47 47 88 41 203 10 13 23
95 c 22 27 89 51 204 10 11 17
96 c 41 49 89 15 204 10 10 8
97 c 25 24 90 14 205 10 20 16
98 c 45 30 93 58 208 10 17 13
99 c 36 26 95 178 210 10 18 13
100 c 26 35 96 68 211 10 15 10

