StringID Type x y release ReadyTime DueDate ServiceTime weight volume Item_Conflitante1 Item_Conflitante2 Item_Conflitante3 Item_Conflitante4 Peso_Total Volume_Total
0 d 35 35 0 0 1000 0 0 0     1000 1000
1 c 57 48 40 388 465 10 23 22
2 c 35 40 40 104 255 10 16 21 99
3 c 61 52 40 384 499 10 3 6 28 38 62
4 c 40 60 40 259 354 10 21 24 27 28 57 83
5 c 62 77 40 49 188 10 20 12
6 c 2 60 40 41 208 10 5 1 19 51
7 c 49 42 40 290 373 10 13 9 84
8 c 5 5 40 302 405 10 16 7 22 30 97
9 c 60 12 40 33 224 10 31 41 26
10 c 40 25 40 360 437 10 9 12 40 59 85
11 c 24 12 40 25 172 10 5 8 15 35 80
12 c 11 14 40 233 340 10 18 19
13 c 6 38 40 29 189 10 16 17 55
14 c 20 26 40 333 432 10 9 15 80
15 c 37 31 40 414 489 10 14 8 73 100
16 c 37 47 40 162 293 10 6 1 88
17 c 67 5 40 294 401 10 25 22
18 c 24 58 40 163 302 10 19 16 81 89 92
19 c 15 77 40 214 333 10 9 1 95
20 c 55 5 40 206 325 10 29 30 27 49 81 93
21 c 45 10 40 409 494 10 18 10
22 c 53 52 40 45 200 10 11 15
23 c 10 43 40 404 481 10 9 9 35 99
24 c 22 22 40 18 181 10 2 1 84
25 c 26 52 40 279 388 10 9 6 41 60
26 c 28 18 40 420 447 10 26 24 65 72
27 c 55 60 40 400 497 10 16 10 33
28 c 30 5 40 175 300 10 8 14 67
29 c 20 65 40 206 325 10 12 14 49 81
30 c 11 31 40 436 511 10 7 1 37 43
31 c 42 7 40 396 511 10 5 10 42
32 c 25 30 40 415 514 10 3 12 96 97
33 c 6 68 40 501 540 10 30 20 98
34 c 30 60 252 577 632 10 16 21 43 78 90
35 c 53 12 252 585 692 10 6 5 79 87
36 c 49 73 252 592 693 10 25 23
37 c 63 23 252 620 739 10 2 1 82 90 96
38 c 56 39 252 637 752 10 36 32 49
39 c 55 20 327 678 801 10 19 13
40 c 46 13 327 681 802 10 8 18
41 c 63 65 327 686 813 10 8 10 73
42 c 30 25 327 690 827 10 23 14 65
43 c 5 30 370 733 870 10 2 4
44 c 57 68 450 0 950 10 15 19
45 c 53 43 452 817 952 10 14 21 100
46 c 65 55 453 0 953 10 14 4 54 57
47 c 2 48 454 0 954 10 1 1 56
48 c 4 18 454 0 954 10 35 32 76
49 c 27 69 455 0 955 10 10 15 55
50 c 23 3 455 0 955 10 7 17 61 79 84
51 c 8 56 455 0 955 10 27 20
52 c 35 69 456 0 956 10 23 22
53 c 65 20 456 817 956 10 6 15 81 96
54 c 31 67 457 0 957 10 3 6
55 c 15 10 457 0 957 10 20 16 63
56 c 15 60 457 0 957 10 17 23
57 c 45 65 458 0 958 10 9 9
58 c 64 42 460 0 960 10 9 2 63
59 c 10 20 460 0 960 10 19 16 64 76 90
60 c 65 35 460 0 960 10 3 1 81 87
61 c 13 52 462 0 962 10 36 41 97
62 c 55 54 462 0 962 10 26 34
63 c 49 11 462 0 962 10 18 11 64
64 c 49 58 463 0 963 10 10 5 73 88
65 c 12 24 464 0 964 10 13 18 91
66 c 15 19 464 0 964 10 1 2 71
67 c 18 18 465 798 965 10 17 27 93
68 c 32 12 466 0 966 10 7 16 90
69 c 16 22 466 0 966 10 41 51
70 c 15 47 466 0 966 10 16 25
71 c 47 16 467 0 967 10 25 28 82 93
72 c 55 45 467 0 967 10 13 15
73 c 57 29 467 0 967 10 18 25 80
74 c 19 21 468 0 968 10 10 13
75 c 37 56 468 788 968 10 5 1
76 c 20 20 468 0 968 10 8 18 86
77 c 14 37 468 0 968 10 11 13
78 c 20 50 468 0 968 10 5 1 91
79 c 56 37 468 839 968 10 6 9
80 c 18 24 469 811 969 10 22 16
81 c 15 30 469 0 969 10 26 17 84 89
82 c 44 17 469 0 969 10 9 8 96
83 c 17 34 471 0 971 10 3 5
84 c 45 20 471 0 971 10 11 20
85 c 35 17 472 0 972 10 7 10
86 c 31 52 472 0 972 10 27 37
87 c 25 21 472 0 972 10 12 5
88 c 21 24 472 0 972 10 28 24 91
89 c 47 47 473 0 973 10 13 22
90 c 41 49 474 0 974 10 10 8
91 c 22 27 474 0 974 10 11 16
92 c 20 40 474 0 974 10 12 21 97
93 c 50 35 475 0 975 10 19 22 94
94 c 25 24 475 0 975 10 20 18
95 c 26 27 477 0 977 10 27 33
96 c 45 30 478 0 978 10 17 10
97 c 27 43 478 0 978 10 9 9
98 c 36 26 480 849 980 10 18 12
99 c 26 35 481 0 981 10 15 22
100 c 41 37 483 0 983 10 16 23

