StringID Type x y release ReadyTime DueDate ServiceTime weight volume Item_Conflitante1 Item_Conflitante2 Item_Conflitante3 Item_Conflitante4 Peso_Total Volume_Total
0 d 35 35 0 0 1000 0 0 0     1000 1000
1 c 24 58 94 113 353 10 19 19 71 94 100
2 c 67 5 94 228 468 10 25 19 15 40 90
3 c 37 47 94 108 348 10 6 14 38 76
4 c 6 38 94 29 269 10 16 11 34 41
5 c 11 14 94 167 407 10 18 21 16 58 84
6 c 24 12 94 25 265 10 5 4 63 70
7 c 60 12 94 33 273 10 31 35 49 77 88
8 c 5 5 94 234 474 10 16 13 91
9 c 2 60 94 41 281 10 5 10 81
10 c 53 52 94 24 264 10 11 13 86
11 c 15 77 94 154 394 10 9 1
12 c 49 42 94 212 452 10 13 19 27 77
13 c 40 60 94 187 427 10 21 19
14 c 35 40 94 60 300 10 16 9 95 99
15 c 55 5 94 146 386 10 29 28 25 35
16 c 62 77 94 49 289 10 20 18 73
17 c 22 22 94 18 258 10 2 1
18 c 30 5 94 118 358 10 8 16 46 52
19 c 20 65 94 146 386 10 12 4 31 51 65 79
20 c 26 52 94 214 454 10 9 9 51
21 c 20 26 94 263 503 10 9 19
22 c 40 25 94 279 519 10 9 15 30 39 91
23 c 57 48 94 307 547 10 23 18 67 75
24 c 28 18 94 314 554 10 26 23 68 86
25 c 61 52 94 322 562 10 3 2
26 c 10 43 94 323 563 10 9 1 32 42
27 c 55 60 94 329 569 10 16 11 87
28 c 45 10 94 332 572 10 18 22 92
29 c 37 31 94 332 572 10 14 15 33
30 c 42 7 94 334 574 10 5 7 72
31 c 25 30 94 345 585 10 3 13 52
32 c 11 31 94 354 594 10 7 11
33 c 6 68 263 401 641 10 30 35 100
34 c 30 60 263 485 725 10 16 9
35 c 53 12 263 519 759 10 6 14 66
36 c 49 73 263 523 763 10 25 30 48 89 98
37 c 63 23 362 560 800 10 2 10 44 67 68 76
38 c 56 39 362 575 815 10 36 28 56 59
39 c 55 20 362 620 860 10 19 10
40 c 46 13 362 622 862 10 8 1 52 99
41 c 63 65 379 630 870 10 8 1 59 99
42 c 30 25 379 639 879 10 23 21 62 63
43 c 5 30 422 682 922 10 2 1 62 77
44 c 57 68 450 0 950 10 15 13 46
45 c 65 55 453 0 953 10 14 13 63
46 c 2 48 454 0 954 10 1 1
47 c 4 18 454 0 954 10 35 42 53
48 c 27 69 455 0 955 10 10 15
49 c 8 56 455 0 955 10 27 36
50 c 23 3 455 0 955 10 7 7 54
51 c 65 20 456 716 956 10 6 1
52 c 35 69 457 0 956 10 23 27
53 c 15 10 457 0 957 10 20 20 99
54 c 31 67 457 0 957 10 3 1
55 c 15 60 457 0 957 10 17 14 56 87
56 c 45 65 458 0 958 10 9 10
57 c 65 35 460 0 960 10 3 1 65 94
58 c 64 42 462 0 960 10 9 1 65
59 c 10 20 462 0 960 10 19 23
60 c 13 52 462 0 962 10 36 42
61 c 55 54 462 0 962 10 26 22
62 c 49 11 462 0 962 10 18 20
63 c 49 58 463 0 963 10 10 4
64 c 15 19 464 0 964 10 1 1 72
65 c 12 24 464 0 964 10 13 10
66 c 18 18 465 725 965 10 17 9
67 c 15 47 466 0 966 10 16 18
68 c 32 12 466 0 966 10 7 1
69 c 16 22 466 0 966 10 41 36 94 99
70 c 57 29 467 0 967 10 18 18
71 c 47 16 467 0 967 10 25 15
72 c 55 45 467 0 967 10 13 17 76 96 99
73 c 14 37 468 0 968 10 11 18 82
74 c 56 37 468 728 968 10 6 15
75 c 20 50 468 0 968 10 5 11 86
76 c 37 56 468 728 968 10 5 1 81
77 c 19 21 468 0 968 10 10 1
78 c 20 20 468 0 968 10 8 11
79 c 44 17 469 0 969 10 9 6
80 c 15 30 469 0 969 10 26 24 90
81 c 18 24 469 729 969 10 22 28
82 c 53 43 470 730 970 10 14 18
83 c 45 20 471 0 971 10 11 7
84 c 17 34 471 0 971 10 3 1
85 c 25 21 472 0 972 10 12 21
86 c 35 17 472 0 972 10 7 9 92
87 c 21 24 472 0 972 10 28 31
88 c 31 52 472 0 972 10 27 29
89 c 47 47 473 0 973 10 13 19
90 c 20 40 474 0 974 10 12 15
91 c 41 49 474 0 974 10 10 8 95
92 c 22 27 474 0 974 10 11 15
93 c 25 24 475 0 975 10 20 20
94 c 50 35 475 0 975 10 19 27
95 c 26 27 477 0 977 10 27 17
96 c 45 30 478 0 978 10 17 9
97 c 27 43 478 0 978 10 9 14
98 c 36 26 480 740 980 10 18 21
99 c 26 35 481 0 981 10 15 10 100
100 c 41 37 483 0 983 10 16 19

