StringID Type x y release ReadyTime DueDate ServiceTime weight volume Item_Conflitante1 Item_Conflitante2 Item_Conflitante3 Item_Conflitante4 Item_Conflitante5 Item_Conflitante6 Item_Conflitante7 Peso_Total Volume_Total
0 d 35 35 0 0 1000 0 0 0        1000 1000
1 c 40 60 85 187 427 10 21 13 3 4 89
2 c 31 52 85 94 334 10 27 19 23 66 67
3 c 53 52 85 24 264 10 11 3 34 57
4 c 67 5 85 228 468 10 25 22 22 34 77
5 c 14 37 85 53 293 10 11 4 7 80 95 98
6 c 2 60 85 41 281 10 5 11 50 65
7 c 15 47 85 106 346 10 16 20 8 30 34 80
8 c 5 5 85 234 474 10 16 23 11 73
9 c 60 12 85 33 273 10 31 35 73
10 c 24 12 85 25 265 10 5 1 19
11 c 11 14 85 167 407 10 18 27 42
12 c 6 38 85 29 269 10 16 11 45 52 80
13 c 8 56 85 48 288 10 27 31 52
14 c 27 43 85 117 357 10 9 12 18 65
15 c 49 42 85 212 452 10 13 20 29
16 c 49 11 85 171 411 10 18 11 34 35 53 69 74 78 100
17 c 44 17 85 234 474 10 9 5
18 c 21 24 85 17 257 10 28 18 75
19 c 47 16 85 22 262 10 25 22 39 81 99
20 c 12 24 85 214 454 10 13 12 27 36 55 68
21 c 24 58 85 113 353 10 19 15 31 34
22 c 27 69 85 34 274 10 10 16 24 73
23 c 15 77 85 154 394 10 9 18 33 47 55
24 c 62 77 85 49 289 10 20 19 33 44 100
25 c 57 68 85 198 438 10 15 14 57
26 c 64 42 85 132 372 10 9 7
27 c 41 37 85 65 305 10 16 17
28 c 37 47 85 108 348 10 6 4 30 66 85
29 c 20 50 85 251 491 10 5 4 38 91
30 c 19 21 85 125 365 10 10 1 64 65
31 c 35 17 85 93 333 10 7 1 32
32 c 25 24 85 42 282 10 20 10
33 c 55 5 85 146 386 10 29 39 89 93
34 c 15 30 85 20 260 10 26 30 44 92
35 c 45 20 85 153 393 10 11 2 58
36 c 26 52 85 214 454 10 9 5 95
37 c 15 60 85 204 444 10 17 9 45 48 59 76 85
38 c 22 22 85 18 258 10 2 2 97
39 c 35 40 85 60 300 10 16 20 67 81 96
40 c 15 10 85 32 272 10 20 19 46 66
41 c 20 65 85 146 386 10 12 5 84
42 c 10 20 85 203 443 10 19 16 93
43 c 50 35 85 167 407 10 19 12 46
44 c 30 5 85 118 358 10 8 4 80 100
45 c 20 26 85 263 503 10 9 1 52 55 72 73 88
46 c 40 25 85 279 519 10 9 5 67
47 c 49 58 85 281 521 10 10 20 56 88 89
48 c 20 40 85 286 526 10 12 6 49 89
49 c 16 22 85 299 539 10 41 50 88
50 c 57 48 85 307 547 10 23 32
51 c 4 18 85 307 547 10 35 25
52 c 55 54 85 314 554 10 26 30 89 94
53 c 28 18 85 314 554 10 26 16 55
54 c 31 67 85 320 560 10 3 10 57 62 73 96
55 c 61 52 85 322 562 10 3 1
56 c 10 43 85 323 563 10 9 14
57 c 55 60 85 329 569 10 16 11
58 c 37 31 85 332 572 10 14 21 96
59 c 45 10 85 332 572 10 18 8
60 c 42 7 85 334 574 10 5 2
61 c 25 30 85 345 585 10 3 1
62 c 26 27 248 350 590 10 27 19 64 87
63 c 11 31 248 354 594 10 7 1 69
64 c 32 12 248 356 596 10 7 1 89
65 c 6 68 248 401 641 10 30 30 82 87
66 c 55 45 248 436 676 10 13 21 76 86
67 c 2 48 248 452 692 10 1 1
68 c 65 55 248 452 692 10 14 20 85
69 c 47 47 248 475 715 10 13 20 90
70 c 30 60 248 485 725 10 16 14
71 c 45 65 248 504 744 10 9 5
72 c 45 30 248 508 748 10 17 19 94 96
73 c 53 12 339 519 759 10 6 1
74 c 25 21 339 523 763 10 12 19 82 99
75 c 49 73 339 523 763 10 25 23
76 c 22 27 339 529 769 10 11 12
77 c 20 20 339 530 770 10 8 6 85
78 c 23 3 339 543 783 10 7 14
79 c 63 23 339 560 800 10 2 4
80 c 57 29 339 568 808 10 18 20
81 c 56 39 339 575 815 10 36 42
82 c 35 69 339 599 839 10 23 29 92
83 c 55 20 398 620 860 10 19 26
84 c 46 13 398 622 862 10 8 12 89
85 c 63 65 398 630 870 10 8 6
86 c 30 25 398 639 879 10 23 15 87
87 c 65 35 398 656 896 10 3 1
88 c 41 49 398 658 898 10 10 15
89 c 17 34 423 672 912 10 3 11
90 c 5 30 423 682 922 10 2 4
91 c 15 19 423 683 923 10 1 1
92 c 65 20 458 716 956 10 6 15
93 c 26 35 458 718 958 10 15 11
94 c 13 52 465 720 960 10 36 42
95 c 18 18 465 725 965 10 17 7
96 c 56 37 468 728 968 10 6 12
97 c 37 56 468 728 968 10 5 1
98 c 18 24 469 729 969 10 22 22
99 c 53 43 470 730 970 10 14 8
100 c 36 26 480 740 980 10 18 15

