StringID Type x y release ReadyTime DueDate ServiceTime weight volume Item_Conflitante1 Item_Conflitante2 Item_Conflitante3 Item_Conflitante4 Item_Conflitante5 Item_Conflitante6 Peso_Total Volume_Total
0 d 40 50 0 0 960 0 0 0       1000 1000
1 c 38 5 35 201 321 10 30 40 93
2 c 55 82 35 217 337 10 10 4 30
3 c 2 40 35 174 294 10 20 16 11 33 45
4 c 60 12 35 268 388 10 31 25
5 c 26 35 35 308 428 10 15 12 10 39 60
6 c 8 40 35 195 315 10 40 44 18 71
7 c 62 80 35 278 398 10 30 24 72 86
8 c 12 24 35 359 479 10 13 5
9 c 31 52 35 157 277 10 27 32 24
10 c 53 43 35 14 134 10 14 20 34 89
11 c 64 42 35 268 388 10 9 16
12 c 65 35 35 167 287 10 3 5 18 96
13 c 6 68 35 352 472 10 30 32 16 89 90
14 c 15 80 35 367 487 10 10 19 19 23 88
15 c 10 35 35 371 491 10 20 30 70 87 90 98
16 c 20 50 35 375 495 10 5 8 33 35
17 c 57 29 35 395 515 10 18 25 38 41 95
18 c 30 60 293 599 719 10 16 26 59 93
19 c 20 80 293 644 764 10 40 46 80 89
20 c 20 20 293 645 765 10 8 11 67 89
21 c 5 35 293 653 773 10 10 15 33 90
22 c 23 3 404 764 884 10 7 5 82
23 c 95 30 411 0 891 10 30 35 36
24 c 5 5 412 0 892 10 16 10 72
25 c 95 35 412 0 892 10 20 16 35
26 c 92 30 414 0 894 10 10 12 42 74 87
27 c 90 35 417 0 897 10 10 1 45
28 c 67 5 417 0 897 10 25 23 32 42 96
29 c 88 30 418 0 898 10 10 19
30 c 87 30 418 0 898 10 10 4
31 c 85 25 418 0 898 10 10 14 65 98
32 c 88 35 419 0 899 10 20 16 43
33 c 4 18 421 0 901 10 35 29 69
34 c 15 10 422 782 902 10 20 22 39 50 73 76
35 c 85 35 422 0 902 10 30 34 38 63
36 c 42 5 424 0 904 10 10 20 81
37 c 35 5 424 784 904 10 20 11 39 64 66
38 c 44 5 424 0 904 10 20 21
39 c 40 5 425 0 905 10 10 7 74 91 93
40 c 67 85 425 0 905 10 20 14 99
41 c 65 85 426 0 906 10 40 39 48 52 53 63 66 79
42 c 10 20 427 0 907 10 19 27 65
43 c 0 40 428 0 908 10 20 28 71 95
44 c 60 85 429 0 909 10 30 35 57
45 c 65 82 429 0 909 10 10 10
46 c 20 85 429 0 909 10 20 14 55 65
47 c 42 10 429 0 909 10 40 49
48 c 0 45 429 0 909 10 20 30
49 c 65 20 430 0 910 10 6 1 86 94
50 c 22 85 430 0 910 10 10 19
51 c 2 60 430 0 910 10 5 7
52 c 42 12 431 0 911 10 10 2 93
53 c 2 45 432 0 911 10 10 2 61
54 c 25 85 432 0 911 10 20 10 60 87
55 c 55 85 432 0 911 10 20 10 76
56 c 18 80 432 0 912 10 10 2 92
57 c 20 82 432 0 912 10 10 2 96
58 c 60 80 433 0 913 10 10 4 97
59 c 63 23 434 0 914 10 2 9
60 c 72 35 434 0 914 10 30 28
61 c 5 45 434 0 914 10 10 1
62 c 42 15 434 0 914 10 10 6 64 75 98
63 c 38 15 434 0 914 10 10 13 77 98
64 c 15 75 436 0 914 10 20 20
65 c 40 15 436 0 915 10 40 38 77 78
66 c 18 75 436 0 916 10 20 21
67 c 55 80 436 0 916 10 10 6
68 c 55 20 437 0 916 10 19 14 97
69 c 21 24 437 0 917 10 28 31
70 c 8 45 437 0 917 10 20 12 83
71 c 8 56 437 0 917 10 27 28 73
72 c 10 40 438 0 918 10 30 23
73 c 58 75 439 0 919 10 20 23
74 c 22 75 439 0 919 10 30 34
75 c 63 65 442 0 922 10 8 8 82 89 100
76 c 30 25 443 0 923 10 23 29 81
77 c 15 60 443 0 923 10 17 10
78 c 65 55 444 0 924 10 14 4 96
79 c 25 30 445 0 925 10 3 1
80 c 61 52 449 0 928 10 3 1
81 c 56 37 449 0 929 10 6 9
82 c 45 30 449 0 929 10 17 26 98
83 c 37 31 450 0 930 10 14 10
84 c 35 69 450 0 930 10 23 19
85 c 31 67 450 810 930 10 3 1
86 c 55 60 451 0 931 10 16 11
87 c 50 35 451 0 931 10 19 23
88 c 57 48 452 0 932 10 23 29
89 c 24 58 452 0 932 10 19 9
90 c 55 54 454 0 934 10 26 26
91 c 45 65 454 0 934 10 9 18
92 c 27 43 455 0 935 10 9 8
93 c 26 52 455 0 935 10 9 8
94 c 41 37 456 0 936 10 16 10
95 c 49 58 457 0 937 10 10 14
96 c 49 42 457 0 937 10 13 4
97 c 35 40 458 0 938 10 16 7
98 c 40 60 460 0 940 10 21 20
99 c 47 47 462 0 942 10 13 8
100 c 37 47 465 0 945 10 6 1

