StringID Type x y release ReadyTime DueDate ServiceTime weight volume Item_Conflitante1 Item_Conflitante2 Item_Conflitante3 Item_Conflitante4 Peso_Total Volume_Total
0 d 35 35 0 0 230 0 0 0     200 200
1 c 67 5 0 73 103 10 25 32 10 21
2 c 14 37 0 34 64 10 11 2
3 c 2 60 0 41 71 10 5 4
4 c 15 47 0 45 75 10 16 18 13 58 69 79
5 c 5 5 0 73 103 10 16 6 37 72
6 c 60 12 0 34 64 10 31 31 59
7 c 40 25 0 75 105 10 9 9 97
8 c 24 12 0 25 55 10 5 4 16 91
9 c 55 54 0 84 114 10 26 34 92 95
10 c 11 14 0 59 89 10 18 9 28 88
11 c 6 38 0 29 59 10 16 12 20 56 68 98
12 c 8 56 0 41 71 10 27 19
13 c 57 48 0 82 112 10 23 23 62 86
14 c 53 52 0 27 57 10 11 4 63 76 90
15 c 20 26 0 73 103 10 9 19 85
16 c 27 43 0 42 72 10 9 1 23 64
17 c 37 31 0 85 115 10 14 8 24 36
18 c 49 42 0 63 93 10 13 12
19 c 49 11 0 59 89 10 18 21
20 c 44 17 0 68 98 10 9 18 33
21 c 21 24 0 17 47 10 28 28 71
22 c 47 16 0 25 55 10 25 22 27 41
23 c 12 24 0 66 96 10 13 3
24 c 24 58 0 48 78 10 19 29 88
25 c 27 69 0 34 64 10 10 5 33 68
26 c 15 77 0 63 93 10 9 15 50 87
27 c 62 77 0 49 79 10 20 28 64
28 c 57 68 0 67 97 10 15 25
29 c 49 58 0 78 108 10 10 11 92
30 c 31 52 0 40 70 10 27 26 63 68 70
31 c 37 47 0 40 70 10 6 5 83
32 c 30 5 0 51 81 10 8 10 53 56
33 c 20 50 0 71 101 10 5 8 65
34 c 10 43 0 85 115 10 9 15 98
35 c 25 24 0 29 59 10 20 24
36 c 20 65 0 57 87 10 12 4 68
37 c 50 35 0 53 83 10 19 15 42 75
38 c 22 22 0 18 48 10 2 5 46 72 79
39 c 15 10 0 32 62 10 20 17 55
40 c 40 60 0 61 91 10 21 30 65 79
41 c 35 17 0 40 70 10 7 1 92
42 c 10 20 0 65 95 10 19 28
43 c 19 21 0 48 78 10 10 7
44 c 20 40 0 77 107 10 12 22 99
45 c 31 67 0 85 115 10 3 1 74
46 c 26 52 0 64 94 10 9 6 62
47 c 64 42 0 53 83 10 9 11
48 c 41 37 0 29 59 10 16 18 91
49 c 35 40 0 27 57 10 16 12 62
50 c 16 22 6 81 111 10 41 50 73
51 c 15 60 6 66 96 10 17 11
52 c 4 18 6 84 114 10 35 34 54 84
53 c 15 30 6 24 54 10 26 27
54 c 55 5 6 58 88 10 29 19
55 c 45 20 6 52 82 10 11 10 96
56 c 28 18 6 83 113 10 26 30 79 87 98
57 c 61 52 6 86 116 10 3 8 89
58 c 45 10 6 87 117 10 18 13 76
59 c 42 7 6 87 117 10 5 1
60 c 55 60 6 87 117 10 16 6 94
61 c 25 30 6 89 119 10 3 4 75
62 c 26 27 6 90 120 10 27 30 74
63 c 11 31 6 91 121 10 7 14
64 c 32 12 6 91 121 10 7 7 84 99
65 c 6 68 13 98 128 10 30 36 89
66 c 55 45 22 106 136 10 13 18
67 c 2 48 22 107 137 10 1 1
68 c 65 55 22 107 137 10 14 23
69 c 47 47 32 114 144 10 13 6 91 97
70 c 30 60 32 114 144 10 16 24 71
71 c 45 65 32 116 146 10 9 19 93 100
72 c 49 73 32 117 147 10 25 24 73 81
73 c 53 12 46 120 150 10 6 13 95
74 c 45 30 46 122 152 10 17 15
75 c 23 3 46 122 152 10 7 10 93
76 c 25 21 46 123 153 10 12 2
77 c 20 20 46 124 154 10 8 7
78 c 22 27 46 125 155 10 11 3 94
79 c 63 23 46 126 156 10 2 12
80 c 57 29 46 130 160 10 18 23 98
81 c 35 69 46 131 161 10 23 16
82 c 56 39 54 132 162 10 36 42
83 c 63 65 54 133 163 10 8 5 94
84 c 46 13 54 139 169 10 8 17 99
85 c 55 20 54 139 169 10 19 29
86 c 65 35 58 143 173 10 3 1
87 c 5 30 65 147 177 10 2 5
88 c 30 25 65 149 179 10 23 24
89 c 15 19 65 150 180 10 1 1
90 c 41 49 66 151 181 10 10 1
91 c 17 34 67 152 182 10 3 1 95
92 c 13 52 71 155 185 10 36 45
93 c 65 20 71 156 186 10 6 12
94 c 18 18 83 165 195 10 17 23 99
95 c 26 35 83 166 196 10 15 21
96 c 56 37 83 168 198 10 6 1
97 c 37 56 83 168 198 10 5 1
98 c 53 43 84 169 199 10 14 13
99 c 18 24 84 169 199 10 22 13
100 c 36 26 95 180 210 10 18 10

