StringID Type x y release ReadyTime DueDate ServiceTime weight volume Item_Conflitante1 Item_Conflitante2 Item_Conflitante3 Item_Conflitante4 Peso_Total Volume_Total
0 d 40 50 0 0 1236 0 0 0     200 200
1 c 42 15 6 95 158 90 10 4 93
2 c 42 10 6 186 257 90 40 48 48
3 c 44 5 6 286 347 90 20 12
4 c 68 60 6 555 612 90 30 28 88 97
5 c 66 55 6 173 238 90 10 3 28 78
6 c 65 55 6 85 144 90 20 25 36 46 61
7 c 40 5 6 385 436 90 30 34 14
8 c 60 55 6 20 84 90 10 15 13
9 c 30 30 6 541 600 90 10 20 53 91
10 c 32 30 6 359 412 90 10 12 58 90
11 c 33 35 6 16 80 90 10 6
12 c 33 32 6 68 149 90 20 13
13 c 35 32 6 166 235 90 10 15 56 58 80 88
14 c 35 30 6 264 321 90 10 1 86 88
15 c 30 32 6 448 509 90 30 32 72
16 c 90 35 6 203 260 90 10 13 79
17 c 40 15 6 35 87 90 40 49 43 66 97
18 c 70 58 6 458 523 90 20 10 23 69 76
19 c 88 35 6 109 170 90 20 24 80 90 96
20 c 53 35 6 353 412 90 50 48 31 86
21 c 92 30 6 478 551 90 10 7 36 64
22 c 53 30 6 450 505 90 10 18 40 47
23 c 95 35 6 293 360 90 20 13 61 62
24 c 95 30 6 387 456 90 30 30 50
25 c 38 5 6 471 534 90 30 20 79
26 c 85 35 6 47 124 90 30 20 73
27 c 47 40 6 12 77 90 10 1
28 c 72 55 6 265 338 90 10 20 72
29 c 48 40 6 76 129 90 10 17
30 c 50 40 6 171 218 90 50 40
31 c 50 35 6 262 317 90 20 22
32 c 50 30 6 531 610 90 10 6 65
33 c 75 55 6 369 420 90 20 23 79
34 c 2 40 6 383 434 90 20 10
35 c 0 40 6 479 522 90 30 36 87
36 c 15 75 6 179 254 90 20 17 93
37 c 38 70 6 534 605 90 10 14 57 82 92
38 c 35 66 6 357 410 90 10 15
39 c 35 69 6 448 505 90 10 17 49 64
40 c 42 65 6 15 67 90 10 7 60
41 c 60 80 6 95 156 90 10 11 61 77
42 c 22 75 6 30 92 90 30 27 49 55 92
43 c 20 80 6 384 429 90 40 37
44 c 20 85 6 475 528 90 40 44
45 c 18 75 6 99 148 90 20 19
46 c 5 35 6 283 344 90 10 1
47 c 15 80 6 278 345 90 10 13 51
48 c 30 50 6 10 73 90 10 17 60
49 c 62 80 6 196 239 90 30 40 69
50 c 38 68 6 255 324 90 20 13 51 55 89
51 c 65 82 6 285 336 90 10 5
52 c 25 50 6 65 144 90 10 20 74
53 c 67 85 6 368 441 90 20 19
54 c 8 40 6 87 158 90 40 33 56
55 c 10 40 6 31 100 90 30 30 98
56 c 10 35 6 200 237 90 20 26
57 c 20 55 6 449 504 90 10 13
58 c 65 85 6 475 518 90 40 46
59 c 40 66 6 170 225 90 20 16 66
60 c 23 55 6 546 593 90 20 19 63
61 c 23 52 6 261 316 90 10 9 86
62 c 58 75 6 30 84 90 20 28 85 90
63 c 25 52 6 169 224 90 40 45 89
64 c 42 66 6 65 146 90 10 16
65 c 20 50 6 358 405 90 10 12
66 c 22 85 6 567 620 90 10 18 88 98
67 c 60 85 6 561 622 90 30 21
68 c 0 45 6 567 624 90 20 25
69 c 35 5 262 562 629 90 20 17
70 c 88 30 262 574 643 90 10 12
71 c 48 30 262 632 693 90 10 13 75
72 c 28 30 262 632 693 90 10 5 82
73 c 25 55 262 622 701 90 10 11 92
74 c 40 69 262 621 702 90 20 27 81 84
75 c 65 60 262 645 708 90 30 31
76 c 5 45 262 665 716 90 10 2
77 c 25 85 262 652 721 90 20 24
78 c 55 85 262 647 726 90 20 26
79 c 87 30 262 668 731 90 10 3 81
80 c 38 15 262 651 740 90 10 5
81 c 28 55 262 732 777 90 10 16 91
82 c 45 30 262 734 777 90 10 12 89
83 c 42 68 262 727 782 90 10 11
84 c 25 30 262 725 786 90 10 15
85 c 63 58 262 737 802 90 10 1
86 c 8 45 262 751 816 90 20 25
87 c 55 80 262 743 820 90 10 1
88 c 85 25 262 769 820 90 10 9
89 c 45 70 262 825 870 90 30 39
90 c 47 35 262 826 875 90 10 18
91 c 26 32 262 815 880 90 10 18
92 c 28 52 351 812 883 90 20 22
93 c 60 60 351 836 889 90 10 20
94 c 30 52 351 914 965 90 20 15 95
95 c 45 68 351 912 967 90 10 5 96
96 c 45 35 351 916 969 90 10 16
97 c 25 35 351 912 969 90 10 7
98 c 28 35 450 1001 1066 90 10 1
99 c 45 65 450 997 1068 90 20 16
100 c 30 35 509 1054 1127 90 10 17

