StringID Type x y release ReadyTime DueDate ServiceTime weight volume Item_Conflitante1 Item_Conflitante2 Item_Conflitante3 Item_Conflitante4 Item_Conflitante5 Peso_Total Volume_Total
0 d 35 35 0 0 230 0 0 0      200 200
1 c 5 5 6 73 103 10 16 24 64 68
2 c 67 5 6 73 103 10 25 31
3 c 37 47 6 40 70 10 6 12 52
4 c 24 58 6 48 78 10 19 26 34 67 74
5 c 20 26 6 73 103 10 9 18 20 29 56 64 80
6 c 49 42 6 63 93 10 13 20
7 c 55 5 6 58 88 10 29 32 52 56 86
8 c 57 48 6 82 112 10 23 27 16 25 67 70
9 c 30 5 6 51 81 10 8 16 89
10 c 20 65 6 57 87 10 12 18 60 63
11 c 37 31 6 85 115 10 14 19 13
12 c 11 14 6 59 89 10 18 13 27 40 76
13 c 22 22 6 18 48 10 2 8 84
14 c 28 18 6 83 113 10 26 27 72
15 c 10 43 6 85 115 10 9 5 58
16 c 55 60 6 87 117 10 16 19 21 72
17 c 11 31 6 91 121 10 7 1 22
18 c 63 23 41 126 156 10 2 1 81
19 c 46 13 54 139 169 10 8 4 36 52
20 c 55 20 54 139 169 10 19 16 81
21 c 62 77 58 0 170 10 20 14 23 63 71 93
22 c 15 77 58 0 173 10 9 3
23 c 6 68 61 0 176 10 30 26
24 c 2 60 63 0 178 10 5 1 44 87
25 c 63 65 63 0 178 10 8 3 68 95
26 c 49 73 65 0 179 10 25 30
27 c 30 25 65 149 179 10 23 24 47
28 c 57 68 65 0 180 10 15 10 37 46 91
29 c 65 55 68 0 183 10 14 5 43
30 c 4 18 69 0 184 10 35 36 46 49 94 100
31 c 2 48 69 0 184 10 1 1
32 c 23 3 70 0 185 10 7 16
33 c 27 69 70 0 185 10 10 7
34 c 8 56 70 0 185 10 27 23 35 47
35 c 35 69 71 0 186 10 23 15 55 78
36 c 65 20 71 156 186 10 6 10
37 c 60 12 71 0 186 10 31 41 45
38 c 15 10 72 0 187 10 20 30 78
39 c 31 67 72 0 187 10 3 1
40 c 15 60 72 0 187 10 17 26 55
41 c 61 52 73 0 188 10 3 3 61
42 c 45 65 73 0 188 10 9 4 49
43 c 5 30 74 0 189 10 2 10
44 c 53 12 75 0 190 10 6 1
45 c 64 42 75 0 190 10 9 5 68
46 c 65 35 75 0 190 10 3 3 93
47 c 10 20 75 0 190 10 19 24 56
48 c 6 38 75 0 190 10 16 23 51
49 c 42 7 76 0 191 10 5 1 50
50 c 13 52 77 0 192 10 36 27
51 c 49 11 77 0 192 10 18 19 70
52 c 55 54 78 0 192 10 26 31 70
53 c 49 58 78 0 193 10 10 17
54 c 45 10 78 0 193 10 18 19
55 c 24 12 79 0 194 10 5 1 70
56 c 40 60 79 0 194 10 21 26 65 70
57 c 30 60 79 0 194 10 16 8
58 c 15 19 79 0 194 10 1 7 68 94
59 c 12 24 79 0 194 10 13 13 65 91
60 c 18 18 80 165 195 10 17 25
61 c 53 52 80 0 195 10 11 10 69 97 98
62 c 32 12 81 0 196 10 7 16 65
63 c 16 22 81 0 196 10 41 41
64 c 15 47 81 0 196 10 16 24
65 c 47 16 82 0 197 10 25 17
66 c 57 29 82 0 197 10 18 23 83
67 c 55 45 82 0 197 10 13 13
68 c 20 50 83 0 198 10 5 8
69 c 37 56 83 0 198 10 5 1
70 c 56 37 83 0 198 10 6 4 92
71 c 20 20 83 0 198 10 8 1
72 c 19 21 83 0 198 10 10 20 82
73 c 56 39 83 0 198 10 36 36 88 96
74 c 14 37 83 0 198 10 11 1 96
75 c 44 17 84 0 199 10 9 4
76 c 18 24 84 0 199 10 22 22 82
77 c 15 30 84 0 199 10 26 23
78 c 53 43 84 169 199 10 14 14 79
79 c 26 52 85 0 200 10 9 7
80 c 45 20 86 0 201 10 11 9 96
81 c 17 34 86 0 201 10 3 2
82 c 35 17 87 0 202 10 7 12
83 c 25 21 87 0 202 10 12 15
84 c 21 24 87 0 202 10 28 18 99
85 c 31 52 87 0 202 10 27 26
86 c 47 47 88 0 203 10 13 8
87 c 20 40 89 0 204 10 12 22
88 c 41 49 89 0 204 10 10 9
89 c 22 27 89 0 204 10 11 2
90 c 25 24 90 0 205 10 20 13
91 c 50 35 90 0 205 10 19 22
92 c 26 27 92 0 207 10 27 30
93 c 25 30 93 0 208 10 3 12
94 c 45 30 93 0 208 10 17 13
95 c 40 25 93 0 208 10 9 7
96 c 27 43 93 0 208 10 9 10
97 c 36 26 95 180 210 10 18 28
98 c 26 35 96 0 211 10 15 23
99 c 41 37 98 0 213 10 16 21
100 c 35 40 100 0 215 10 16 24

