StringID Type x y release ReadyTime DueDate ServiceTime weight volume Item_Conflitante1 Item_Conflitante2 Item_Conflitante3 Item_Conflitante4 Peso_Total Volume_Total
0 d 40 50 0 0 1236 0 0 0     200 200
1 c 50 35 0 262 317 90 20 27 63
2 c 38 5 0 471 534 90 30 27 15
3 c 40 5 0 385 436 90 30 40 46 51 71
4 c 25 52 0 169 224 90 40 46 34
5 c 42 15 0 95 158 90 10 14 85
6 c 23 52 0 261 316 90 10 7 58 60 85 100
7 c 44 5 0 286 347 90 20 26
8 c 30 30 0 541 600 90 10 20 74
9 c 20 55 0 449 504 90 10 1 10 12 57
10 c 32 30 0 359 412 90 10 12 33 56 99
11 c 33 32 0 68 149 90 20 28 22 29 76
12 c 8 40 0 87 158 90 40 40 31 68
13 c 35 32 0 166 235 90 10 20 25 33 63 74
14 c 5 35 0 283 344 90 10 13 45
15 c 35 30 0 264 321 90 10 1 23 25
16 c 48 40 0 76 129 90 10 9 83 91
17 c 0 40 0 479 522 90 30 24
18 c 47 40 0 12 77 90 10 6 37 53 63 77
19 c 18 75 0 99 148 90 20 11 30 73 93 94
20 c 65 85 0 475 518 90 40 39 41 68 88 91
21 c 67 85 0 368 441 90 20 12 35
22 c 65 55 0 85 144 90 20 12 28 53
23 c 70 58 0 458 523 90 20 19 79 88
24 c 88 35 0 109 170 90 20 19 94 99
25 c 95 30 0 387 456 90 30 25
26 c 38 70 0 534 605 90 10 13 34 60 92
27 c 38 68 0 255 324 90 20 28 72 93
28 c 35 69 0 448 505 90 10 8
29 c 22 75 0 30 92 90 30 24
30 c 90 35 0 203 260 90 10 1 48 49
31 c 20 80 0 384 429 90 40 47
32 c 53 35 0 353 412 90 50 41 34 66
33 c 35 66 0 357 410 90 10 18
34 c 0 45 265 567 624 90 20 16 61
35 c 88 30 265 574 643 90 10 18
36 c 48 30 265 632 693 90 10 14
37 c 40 69 265 621 702 90 20 15 74 75 77 92
38 c 65 60 265 645 708 90 30 39 64 72 91
39 c 5 45 265 665 716 90 10 16 68
40 c 55 85 265 647 726 90 20 11
41 c 87 30 265 668 731 90 10 12
42 c 28 55 265 732 777 90 10 6 83
43 c 45 30 265 734 777 90 10 11 74
44 c 42 68 265 727 782 90 10 3 46 69
45 c 85 25 265 769 820 90 10 6
46 c 55 80 265 743 820 90 10 18
47 c 47 35 265 826 875 90 10 13
48 c 28 52 265 812 883 90 20 28 58 64 77
49 c 45 35 448 916 969 90 10 6 74
50 c 28 35 448 1001 1066 90 10 15 67 74
51 c 95 35 497 0 1088 90 20 13
52 c 92 30 497 0 1090 90 10 12 71 89 99
53 c 85 35 497 0 1098 90 30 29 60
54 c 35 5 497 0 1100 90 20 26 87
55 c 42 10 497 0 1105 90 40 45 62
56 c 20 85 497 0 1105 90 40 30 99
57 c 60 85 497 0 1105 90 30 30 74
58 c 65 82 497 0 1105 90 10 19
59 c 22 85 497 0 1106 90 10 12
60 c 15 80 497 0 1106 90 10 9 68
61 c 2 40 497 0 1106 90 20 10
62 c 25 85 497 0 1107 90 20 15
63 c 62 80 497 0 1108 90 30 26
64 c 60 80 497 0 1109 90 10 10
65 c 75 55 497 0 1110 90 20 28
66 c 38 15 497 0 1110 90 10 4 88
67 c 15 75 497 0 1110 90 20 20 87
68 c 40 15 497 0 1111 90 40 43
69 c 10 35 497 0 1112 90 20 16
70 c 72 55 497 0 1113 90 10 8 77
71 c 8 45 497 0 1113 90 20 13
72 c 10 40 497 0 1114 90 30 32 87
73 c 58 75 497 0 1115 90 20 27
74 c 68 60 508 0 1116 90 30 31
75 c 66 55 508 0 1119 90 10 17
76 c 63 58 508 0 1121 90 10 15
77 c 25 30 508 0 1121 90 10 17
78 c 28 30 508 0 1122 90 10 7 87 94
79 c 53 30 508 0 1122 90 10 2
80 c 26 32 508 0 1123 90 10 1 86
81 c 60 60 508 0 1123 90 10 2 83
82 c 50 30 508 0 1123 90 10 4 90
83 c 25 35 508 0 1124 90 10 5 100
84 c 30 32 508 0 1125 90 30 25 95
85 c 45 70 508 0 1125 90 30 37
86 c 60 55 508 0 1125 90 10 6
87 c 20 50 508 0 1126 90 10 8
88 c 30 35 509 0 1127 90 10 10
89 c 45 68 509 0 1127 90 10 19 100
90 c 23 55 510 0 1128 90 20 26
91 c 42 66 511 0 1129 90 10 8
92 c 33 35 511 0 1129 90 10 11
93 c 45 65 512 0 1130 90 20 20
94 c 25 55 512 0 1130 90 10 10
95 c 42 65 512 0 1130 90 10 3
96 c 40 66 512 0 1130 90 20 19
97 c 25 50 513 0 1131 90 10 7
98 c 50 40 513 0 1131 90 50 59
99 c 30 52 517 0 1135 90 20 25
100 c 30 50 518 0 1136 90 10 4

