StringID Type x y release ReadyTime DueDate ServiceTime weight volume Item_Conflitante1 Item_Conflitante2 Item_Conflitante3 Item_Conflitante4 Item_Conflitante5 Item_Conflitante6 Item_Conflitante7 Item_Conflitante8 Item_Conflitante9 Item_Conflitante10 Item_Conflitante11 Item_Conflitante12 Item_Conflitante13 Item_Conflitante14 Peso_Total Volume_Total
0 d 40 50 0 0 3390 0 0 0               700 700
1 c 52 75 0 311 471 90 10 10 3 4 6 7 10 12 14 15 16 21 23 25
2 c 45 70 0 213 373 90 30 21 3 4 5 7 8 9 11 12 16 17 18 21 22 25
3 c 62 69 0 1167 1327 90 10 8 5 7 8 10 15 16 20 23 25
4 c 60 66 0 1261 1421 90 10 8 5 6 13 14 15 18 22 25
5 c 42 65 0 25 185 90 10 19 6 8 10 13 15 16 19 20 21 22 23 24 25
6 c 16 42 0 497 657 90 20 26 9 10 14 20 24 25
7 c 58 70 0 1073 1233 90 20 24 8 10 11 12 13 14 15 18 20 21 23 25
8 c 28 52 0 22 182 90 20 10 12 14 15 16 19 20 25
9 c 30 50 0 10 170 90 10 10 10 12 14 16 18 19 23 24
10 c 25 50 0 116 276 90 10 19 11 14 15 16 19 22 25
11 c 14 66 870 1643 1803 90 10 1 14 16 20 23
12 c 15 75 870 1742 1902 90 20 29 16 18 21 22 23 24
13 c 15 80 870 1837 1997 90 10 8 14 15 20 22 23
14 c 20 85 870 1934 2094 90 40 42 18 21 24
15 c 22 85 870 2026 2186 90 10 5 16 17 18 22 24
16 c 25 85 870 2119 2279 90 20 21 19 23 24
17 c 20 80 870 2216 2376 90 40 41 18 19 22 24 25
18 c 18 75 870 2311 2471 90 20 10 20 21 22 25
19 c 22 75 870 2405 2565 90 30 40 21 22 23 25
20 c 22 66 1256 2504 2664 90 40 43 21 23
21 c 28 70 1256 2601 2761 90 10 5 22 23 24
22 c 35 69 1256 2698 2858 90 10 20 23 24 25
23 c 35 66 1256 2791 2951 90 10 3 24
24 c 34 60 1352 2887 3047 90 20 10
25 c 30 56 1448 2983 3143 90 20 13

