StringID Type x y release ReadyTime DueDate ServiceTime weight volume Item_Conflitante1 Item_Conflitante2 Item_Conflitante3 Item_Conflitante4 Item_Conflitante5 Item_Conflitante6 Item_Conflitante7 Item_Conflitante8 Item_Conflitante9 Item_Conflitante10 Item_Conflitante11 Peso_Total Volume_Total
0 d 40 50 0 0 240 0 0 0            200 200
1 c 38 5 0 65 95 10 30 26 8 13 15 17 20 21 22 25
2 c 40 5 0 67 97 10 10 3 9 10 14 17 18 20 23 24 25
3 c 42 10 0 72 102 10 40 46 4 9 10 12 13 15 19 20 21 23 24
4 c 44 5 0 87 117 10 20 30 6 10 16 17 18 19 22 23 25
5 c 0 40 0 72 102 10 20 11 6 7 14 16 17 21 22
6 c 2 40 0 58 88 10 20 22 9 12 15 17 18 19 21
7 c 5 45 0 35 65 10 10 18 8 9 11 12 15 18 19 23 24
8 c 8 40 1 59 89 10 40 31 9 10 13 17 18 20 25
9 c 8 45 1 64 94 10 20 24 11 14 15 18 20 21 22 25
10 c 15 75 1 79 109 10 20 18 12 14 16 18 20 22 24
11 c 20 85 1 41 71 10 20 21 12 14 15 17 18 22 23
12 c 22 75 1 50 80 10 30 30 13 15 17 18 20 22 23 24 25
13 c 15 80 1 91 121 10 10 6 14 16 18 20
14 c 10 35 1 91 121 10 20 24 15 17 18 20 23 24 25
15 c 40 15 19 92 122 10 40 36 17 19 20 22
16 c 18 75 19 95 125 10 20 20 17 19 21 24
17 c 22 85 19 109 139 10 10 20 18 19 20 22 23 24
18 c 10 40 29 119 149 10 30 39 19 21 23 25
19 c 42 15 32 122 152 10 10 12 20 22
20 c 20 80 51 141 171 10 40 47
21 c 5 35 52 142 172 10 10 1 23 25
22 c 25 85 55 145 175 10 20 23 23 24 25
23 c 38 15 58 148 178 10 10 7 24 25
24 c 0 45 59 149 179 10 20 25 25
25 c 35 5 64 154 184 10 20 12

