StringID Type x y release ReadyTime DueDate ServiceTime weight volume Item_Conflitante1 Item_Conflitante2 Item_Conflitante3 Item_Conflitante4 Item_Conflitante5 Item_Conflitante6 Item_Conflitante7 Item_Conflitante8 Item_Conflitante9 Item_Conflitante10 Item_Conflitante11 Item_Conflitante12 Item_Conflitante13 Item_Conflitante14 Peso_Total Volume_Total
0 d 40 50 0 0 960 0 0 0               1000 1000
1 c 40 5 126 158 391 10 10 14 2 3 5 7 10 11 15 16 21 23 25
2 c 42 10 126 205 422 10 40 38 6 8 9 10 12 15 16 17 19 22 23 24 25
3 c 44 5 126 338 451 10 20 23 5 8 9 10 12 13 14 15 16 17 18 19 20
4 c 0 40 126 214 415 10 20 25 6 12 15 16 17 18 19 20 21 22
5 c 5 45 126 35 457 10 10 11 8 12 14 15 16 18 21 23 25
6 c 15 75 126 281 438 10 20 29 7 8 9 10 11 12 13 14 15 19 20 22 23 24
7 c 8 45 126 166 399 10 20 16 8 12 13 14 15 16 17 20 24
8 c 20 85 126 40 390 10 20 11 9 10 11 14 17 21 23 24
9 c 22 75 126 73 350 10 30 33 12 14 15 19 20 22 23 25
10 c 8 40 126 33 510 10 40 42 11 12 13 14 17 21 23
11 c 38 5 126 45 522 10 30 26 12 14 15 18 20 21 24 25
12 c 2 40 126 39 538 10 20 21 13 14 15 17 19 21 23 24 25
13 c 15 80 126 272 581 10 10 1 20 21 25
14 c 22 85 126 473 588 10 10 16 15 22 24 25
15 c 40 15 126 263 606 10 40 47 17 19 22 23 25
16 c 10 35 207 236 625 10 20 27 17 19 21 24
17 c 18 75 207 249 646 10 20 18 23 24
18 c 42 15 207 511 682 10 10 20 19 20 21 22 24
19 c 10 40 207 470 687 10 30 23 21 24
20 c 25 85 394 591 874 10 20 11 22
21 c 38 15 403 598 883 10 10 20 22
22 c 35 5 424 348 904 10 20 26
23 c 0 45 429 359 909 10 20 16
24 c 5 35 431 359 911 10 10 15
25 c 20 80 433 418 913 10 40 49

