StringID Type x y release ReadyTime DueDate ServiceTime weight volume Item_Conflitante1 Item_Conflitante2 Item_Conflitante3 Item_Conflitante4 Item_Conflitante5 Item_Conflitante6 Item_Conflitante7 Item_Conflitante8 Item_Conflitante9 Item_Conflitante10 Item_Conflitante11 Item_Conflitante12 Item_Conflitante13 Peso_Total Volume_Total
0 d 40 50 0 0 960 0 0 0              1000 1000
1 c 8 40 217 33 511 10 40 38 2 3 6 7 8 13 15 16 19 22 24 25
2 c 40 5 217 45 517 10 10 8 3 4 11 18 23 24
3 c 8 45 217 46 519 10 20 11 5 6 7 8 11 13 14 15 16 17 19 21 25
4 c 38 5 217 45 523 10 30 40 5 6 11 16 17 19 20 21 22 23 24
5 c 2 40 217 39 528 10 20 23 6 8 9 12 16 17 19 23 24 25
6 c 0 40 217 94 535 10 20 26 9 11 12 16 17 18 19 20 21 25
7 c 42 10 217 85 542 10 40 34 8 9 10 12 14 15 18 19 20 21 23 24
8 c 22 75 217 30 546 10 30 27 13 14 15 16 19 20 22 24
9 c 15 75 217 161 558 10 20 20 10 15 17 19 20 21 22 23 25
10 c 44 5 217 218 571 10 20 12 12 14 17 18 19 20 21 23 24 25
11 c 15 80 217 229 624 10 10 16 12 14 16 18 19 21 23 24
12 c 20 85 217 40 630 10 20 25 13 14 15 16 19 22 23 24
13 c 40 15 217 229 640 10 40 31 14 15 16 17 19 23
14 c 10 35 217 213 648 10 20 18 15 18 19 20 21 23
15 c 18 75 217 228 667 10 20 12 16 17 18 19 23
16 c 5 45 217 35 697 10 10 3 20 22 25
17 c 22 85 273 353 708 10 10 4 18 20 21 22 24
18 c 10 40 273 404 753 10 30 33 20 22 24 25
19 c 42 15 322 391 802 10 10 20
20 c 35 5 424 386 904 10 20 10 21 22 23 24 25
21 c 0 45 429 394 909 10 20 30 22 23 25
22 c 25 85 431 388 911 10 20 22 23 24 25
23 c 5 35 431 395 911 10 10 4 24
24 c 20 80 433 425 913 10 40 41
25 c 38 15 434 389 914 10 10 15

