StringID Type x y release ReadyTime DueDate ServiceTime weight volume Item_Conflitante1 Item_Conflitante2 Item_Conflitante3 Item_Conflitante4 Item_Conflitante5 Item_Conflitante6 Item_Conflitante7 Item_Conflitante8 Item_Conflitante9 Item_Conflitante10 Item_Conflitante11 Item_Conflitante12 Item_Conflitante13 Item_Conflitante14 Peso_Total Volume_Total
0 d 40 50 0 0 960 0 0 0               1000 1000
1 c 38 5 28 201 321 10 30 30 4 7 9 11 12 13 15 17 19 20 21 22 25
2 c 2 40 28 174 294 10 20 22 4 6 9 10 11 13 14 15 21 23 24 25
3 c 5 45 28 35 155 10 10 5 12 14 16 17 21 22 23 24 25
4 c 8 40 28 195 315 10 40 34 5 9 10 12 13 14 15 16 18 19 20 21 23 24
5 c 42 10 28 254 374 10 40 41 6 7 9 10 16 17 22 24
6 c 0 40 28 255 375 10 20 17 8 10 12 17 22 24 25
7 c 44 5 28 335 455 10 20 13 9 10 12 13 16 20 21
8 c 15 80 28 367 487 10 10 16 14 16 17 21 22 25
9 c 10 35 28 371 491 10 20 11 10 12 13 14 15 16 20 24
10 c 40 15 28 375 495 10 40 37 11 12 17 18 19 20 21 22 23 24 25
11 c 18 75 28 388 508 10 20 22 12 14 16 18 22 23
12 c 10 40 284 519 639 10 30 38 13 14 16 17 18 24
13 c 42 15 284 537 657 10 10 18 14 15 19 20 21 25
14 c 20 80 284 644 764 10 40 37 15 16 17 18 19 20 21 22 24 25
15 c 5 35 343 653 773 10 10 20 16 18 23
16 c 38 15 343 681 801 10 10 16 17 18 20 23 25
17 c 0 45 343 703 823 10 20 27 20 22 25
18 c 35 5 424 784 904 10 20 12 19 20 21 23 24
19 c 40 5 425 0 905 10 10 12 21 22 24 25
20 c 20 85 429 0 909 10 20 30 21 25
21 c 22 85 430 0 910 10 10 1 22 24
22 c 25 85 431 0 911 10 20 21
23 c 15 75 434 0 914 10 20 29 24 25
24 c 8 45 437 0 917 10 20 13
25 c 22 75 439 0 919 10 30 26

