StringID Type x y release ReadyTime DueDate ServiceTime weight volume Item_Conflitante1 Item_Conflitante2 Item_Conflitante3 Item_Conflitante4 Item_Conflitante5 Item_Conflitante6 Item_Conflitante7 Item_Conflitante8 Item_Conflitante9 Item_Conflitante10 Item_Conflitante11 Item_Conflitante12 Item_Conflitante13 Peso_Total Volume_Total
0 d 35 35 0 0 1000 0 0 0              1000 1000
1 c 45 20 143 156 389 10 11 15 3 4 8 10 11 14 19 21 24
2 c 15 60 143 215 432 10 17 14 3 4 5 6 9 12 13 15 16 19 21 22 23
3 c 20 40 143 349 462 10 12 16 5 6 7 8 9 10 12 14 15 17 18 23 25
4 c 10 20 143 222 423 10 19 18 7 11 13 15 16 17 18 21 22 23 24 25
5 c 15 10 143 32 454 10 20 12 6 8 10 12 13 14 15 16 18 19 22 25
6 c 20 50 143 292 449 10 5 1 7 8 10 11 12 15 16 17 18 21 22 23
7 c 50 35 143 170 403 10 19 23 9 12 15 19 22 23 24
8 c 15 30 143 20 370 10 26 31 9 13 15 17 19 20 22 24 25
9 c 35 17 143 74 351 10 7 8 10 11 14 20 21 24
10 c 20 65 143 33 510 10 12 15 12 14 15 17 24
11 c 55 5 143 36 513 10 29 25 12 13 14 17 20 21 23
12 c 30 5 143 30 529 10 8 18 13 14 15 16 17 20 21 24 25
13 c 10 43 143 288 597 10 9 15 14 17 20 22 24 25
14 c 55 45 143 498 613 10 13 14 15 19 20 21 22 24 25
15 c 45 10 143 280 623 10 18 21 16 19 20 23
16 c 55 60 143 254 643 10 16 23 17 22 23 24
17 c 25 30 213 266 663 10 3 6 18 22 24 25
18 c 45 65 213 538 709 10 9 10 19 23 24 25
19 c 30 60 213 496 713 10 16 19 20 22 23 24
20 c 65 35 419 633 918 10 3 10 24
21 c 41 49 419 636 919 10 10 14 22 23 25
22 c 65 20 456 400 956 10 6 8
23 c 5 30 459 409 959 10 2 5 24
24 c 55 20 465 470 965 10 19 15 25
25 c 30 25 478 426 978 10 23 21

