StringID Type x y release ReadyTime DueDate ServiceTime weight volume Item_Conflitante1 Item_Conflitante2 Item_Conflitante3 Item_Conflitante4 Item_Conflitante5 Item_Conflitante6 Item_Conflitante7 Item_Conflitante8 Item_Conflitante9 Item_Conflitante10 Item_Conflitante11 Item_Conflitante12 Item_Conflitante13 Item_Conflitante14 Item_Conflitante15 Item_Conflitante16 Item_Conflitante17 Item_Conflitante18 Item_Conflitante19 Item_Conflitante20 Item_Conflitante21 Item_Conflitante22 Item_Conflitante23 Item_Conflitante24 Item_Conflitante25 Item_Conflitante26 Item_Conflitante27 Item_Conflitante28 Item_Conflitante29 Item_Conflitante30 Item_Conflitante31 Item_Conflitante32 Item_Conflitante33 Item_Conflitante34 Item_Conflitante35 Item_Conflitante36 Item_Conflitante37 Item_Conflitante38 Item_Conflitante39 Item_Conflitante40 Item_Conflitante41 Peso_Total Volume_Total
0 d 40 50 0 0 240 0 0 0                                          200 200
1 c 12 24 20 91 118 10 13 6 12 18 20 31 37 39 44 45 49 50 56 58 60 65 66 74 75 78 85 86 87 92 95 98 100
2 c 49 58 20 78 123 10 10 11 4 16 23 26 30 31 33 34 35 41 52 60 61 62 68 70 71 74 80 85 87 95 97 98
3 c 45 65 20 37 124 10 9 4 6 10 11 15 18 20 26 32 34 35 41 44 47 51 52 53 63 69 70 79 80 82 85 86 87 88 89 91 92
4 c 65 55 20 30 129 10 14 19 5 8 11 12 14 17 18 21 23 28 29 34 36 43 46 48 49 52 53 60 62 67 68 83 89 90 92 95 98 99
5 c 44 5 20 73 130 10 20 29 6 13 14 16 18 19 22 24 26 28 30 32 33 35 39 45 46 50 54 56 58 63 65 67 71 72 77 78 82 83 84 86 87 88 89 90 96 97 100
6 c 60 12 20 48 131 10 31 23 10 11 14 15 16 23 25 26 31 34 37 38 43 45 46 47 49 51 53 57 59 60 61 64 66 67 70 71 74 77 82 85 87 88 89 94 95 96 97 98 100
7 c 15 75 20 54 133 10 20 24 8 9 12 18 24 25 26 28 30 33 35 36 38 40 41 49 51 55 57 65 66 69 70 71 81 97 99
8 c 24 58 20 27 136 10 19 22 11 12 19 20 21 22 24 25 29 31 36 37 41 42 45 46 55 58 61 63 65 70 71 89 94
9 c 26 52 20 14 136 10 9 5 10 12 18 20 25 29 30 34 35 36 37 38 44 45 46 49 64 65 67 73 77 78 79 93
10 c 2 60 20 46 137 10 5 1 15 19 23 24 27 28 30 31 34 35 36 37 40 42 43 44 45 47 51 53 55 65 67 69 70 74 79 80 85 94 96 97 99
11 c 64 42 20 31 138 10 9 1 12 14 15 17 19 25 26 29 37 38 46 49 50 56 58 64 67 70 72 74 77 78 82 84 89 92 99 100
12 c 60 85 20 61 138 10 30 40 21 23 24 29 33 34 37 41 43 45 48 50 55 56 62 65 67 69 73 83 84 89 90 91 95 99 100
13 c 42 12 20 99 138 10 10 8 16 18 19 24 25 28 30 32 33 39 40 44 50 52 59 61 62 64 69 71 72 77 79 82 85 88 95 97 98
14 c 45 30 20 20 139 10 17 17 18 21 24 27 31 35 36 40 41 49 50 51 56 58 60 61 66 69 71 72 73 76 79 80 82 83 85 90 92 93 97 98 99
15 c 31 52 20 9 139 10 27 29 18 27 31 32 34 37 38 40 41 45 48 53 58 68 75 76 77 82 93 94
16 c 21 24 20 63 140 10 28 29 20 23 25 26 27 34 35 36 37 39 41 42 43 44 45 54 62 64 67 69 70 72 74 84 85 88 91 92 97 99
17 c 27 43 20 14 140 10 9 17 19 21 24 25 28 29 33 34 36 39 40 41 44 46 51 55 56 66 73 77 83 85 86 87 90 92 94 96
18 c 26 35 24 42 141 10 15 15 25 28 30 33 36 38 50 53 54 58 61 63 67 68 74 82 85 86 89 94 95 97
19 c 62 80 24 38 141 10 30 33 21 23 27 29 31 34 38 40 41 42 43 46 50 57 58 60 64 65 74 77 83 90 96 97 99
20 c 0 40 24 41 141 10 20 26 21 22 27 29 31 32 33 35 37 46 48 59 60 63 67 73 75 77 79 81 84 87 91 92 96 98 99
21 c 55 82 24 35 142 10 10 19 22 25 26 27 32 34 37 40 44 45 50 56 59 61 62 66 67 69 71 72 75 77 79 80 82 84 86 87 88 89 95 96 97
22 c 6 68 24 65 142 10 30 39 23 24 26 28 31 33 35 36 37 41 44 49 50 61 68 70 71 74 76 77 80 85 94 95 98
23 c 57 48 24 76 143 10 23 33 25 30 39 41 42 46 53 54 56 57 59 63 68 69 70 74 75 78 80 81 83 85 88 90 97 98
24 c 20 50 24 68 143 10 5 1 30 31 32 39 41 48 53 55 59 61 62 63 74 78 86 96 97 100
25 c 15 80 24 67 144 10 10 6 26 28 29 35 37 39 45 50 51 52 55 57 59 62 65 67 70 72 74 76 86 93
26 c 63 23 24 59 144 10 2 5 27 28 29 30 31 36 37 39 40 41 45 47 51 56 59 62 64 69 71 76 77 79 82 83 85 87 89 93 99
27 c 88 30 27 52 147 10 10 11 37 38 39 41 45 49 55 57 58 63 66 69 72 73 77 78 81 89 92
28 c 42 10 28 40 148 10 40 46 30 46 49 52 54 56 57 59 63 67 72 73 74 76 77 79 81 83 86 87 92 93 95 96 97
29 c 37 47 28 53 148 10 6 11 33 37 42 46 47 51 54 58 61 62 63 64 76 79 85 89 90 94 99
30 c 8 45 28 32 148 10 20 21 31 33 34 43 45 53 54 56 65 71 73 74 75 83 86 88 90 92 94 95 96
31 c 57 29 28 73 148 10 18 11 32 37 43 54 56 57 60 61 68 74 79 82 85 88 89 95 98 99
32 c 40 15 29 64 149 10 40 44 37 41 42 47 48 49 59 60 61 72 73 77 78 80 84 85 86 87 92 93 95 97 100
33 c 55 20 30 45 150 10 19 19 36 38 40 41 50 51 65 67 68 73 74 75 76 82 83 84 86 94 98 100
34 c 25 30 30 25 150 10 3 1 35 37 38 42 43 47 56 58 61 66 67 69 70 71 72 77 82 85 88 94 97 99 100
35 c 35 40 30 11 150 10 16 13 38 51 55 57 59 63 71 74 76 78 81 85 86 88 91 93 98
36 c 22 85 32 95 152 10 10 9 39 40 42 43 44 46 56 59 67 70 71 73 75 76 78 79 82 84 86 91 92 95 98 99
37 c 8 40 32 33 152 10 40 43 41 43 44 46 48 49 51 56 61 68 71 75 77 79 87 91 95 96 98
38 c 10 35 39 57 154 10 20 14 41 42 43 44 45 48 53 54 63 68 69 83 94 95
39 c 18 75 39 60 159 10 20 16 40 42 45 47 48 51 54 55 58 70 80 81 86 92 93
40 c 56 37 39 20 159 10 6 4 42 46 48 49 50 51 55 57 60 64 67 68 69 72 74 76 78 87 93 95 96 98 100
41 c 10 40 42 106 161 10 30 36 42 44 46 53 55 58 65 68 69 74 75 76 78 81 84 86 90 95 98
42 c 40 5 42 45 161 10 10 19 45 47 50 52 53 57 61 62 63 64 66 69 72 77 80 81 85 89 91 94 96 100
43 c 8 56 42 47 162 10 27 18 46 47 48 49 50 54 55 56 58 64 65 66 71 72 79 80 83 84 85 86 88 90 96 98
44 c 2 40 44 39 163 10 20 15 47 48 53 56 57 62 65 66 67 76 78 85 86 93 98
45 c 38 5 44 45 164 10 30 38 48 51 53 54 56 58 59 60 68 69 74 75 76 77 81 82 84 85 86 88 91 93 97 98
46 c 58 75 44 49 164 10 20 19 51 52 60 61 62 65 69 72 74 75 76 77 80 89 91 93 95 100
47 c 30 25 45 56 165 10 23 14 48 49 50 51 55 58 59 64 66 70 72 73 77 78 86 97 100
48 c 4 18 45 104 165 10 35 28 52 53 58 69 71 73 76 78 80 83 85 87 91 96
49 c 5 5 45 57 165 10 16 14 50 53 55 58 60 70 75 77 79 84 86 87 89 90 92 94 100
50 c 22 75 48 30 168 10 30 40 52 54 55 59 65 66 68 72 78 79 81 86 89 90 94 96 98 100
51 c 85 35 48 83 168 10 30 38 53 55 59 61 62 65 67 75 76 80 83 85 92 93
52 c 65 35 48 29 168 10 3 1 59 65 69 70 72 74 77 79 93
53 c 95 30 54 90 169 10 30 25 56 57 61 66 69 73 74 82 84 85 86 89 90 91 92 93 100
54 c 95 35 54 57 172 10 20 30 61 62 64 68 76 83 85 87 88 93 94 95 98
55 c 37 31 54 19 172 10 14 21 60 66 68 69 71 72 73 75 80 82 84 85 87 91 95 98 99 100
56 c 88 35 54 50 172 10 20 24 58 59 68 72 76 78 83 85 86 87 92 94 95 97 99 100
57 c 90 35 54 52 174 10 10 18 61 66 70 73 77 82 86 87 88 90 91 92 94 95
58 c 92 30 54 55 174 10 10 7 62 66 67 68 75 77 78 79 80 90 94 96 99
59 c 67 5 57 52 177 10 25 29 60 61 65 67 68 69 72 73 79 83 84 88 91 92 97
60 c 53 43 58 14 177 10 14 17 68 69 71 73 79 82 85 88 89 92 93 94 100
61 c 72 35 58 83 178 10 30 21 65 66 71 74 90 93 94 95 98
62 c 85 25 58 51 178 10 10 4 63 66 69 72 77 78 79 82 83 85 88 90 92 95 97 98 99
63 c 87 30 58 61 178 10 10 15 65 66 68 76 77 79 80 81 84 86 88 94 95 96 98 100
64 c 42 15 65 94 179 10 10 11 76 77 78 79 87 89 92 97 99 100
65 c 55 80 65 33 180 10 10 16 69 70 72 74 77 87 93 96 97 98 99 100
66 c 23 3 65 49 180 10 7 6 72 73 75 78 80 87 88 89
67 c 65 82 65 95 182 10 10 12 71 72 74 78 86 87 96 99 100
68 c 15 10 65 51 182 10 20 12 76 80 81 84 86 88 89 91 95 96 100
69 c 35 5 65 45 183 10 20 28 71 72 73 74 79 81 85 86 88 91 93 99
70 c 18 80 65 71 184 10 10 13 77 78 79 86 92 94 95 97 100
71 c 42 5 65 50 184 10 10 4 78 83 87 89 90 96 99 100
72 c 67 85 65 57 185 10 20 26 73 74 76 80 81 82 83 88 92 93 96 97
73 c 55 85 65 100 185 10 20 17 80 81 85 86 88 90 93 95 96
74 c 65 85 66 43 186 10 40 43 86 87 89 95 98 99 100
75 c 10 20 67 42 187 10 19 24 80 83 88 91 93
76 c 55 54 68 105 188 10 26 18 79 81 83 85 86 87 88 98 99
77 c 20 85 69 40 189 10 20 28 79 80 81 83 84 88 89 95 97 99
78 c 0 45 69 51 189 10 20 21 80 86 87 91 92 95 98 99
79 c 65 20 70 39 190 10 6 13 87 91 92 93 98
80 c 5 35 72 53 191 10 10 16 85 87 90 92 93 95 96 97
81 c 25 85 72 49 191 10 20 15 82 88 91 94 95 96
82 c 2 45 72 38 191 10 10 1 83 84 86 91 96 97
83 c 20 82 72 37 192 10 10 6 88 91 93 96 99 100
84 c 20 80 73 69 193 10 40 36 87 91 94
85 c 60 80 73 36 193 10 10 1 91 93 98 100
86 c 20 20 73 71 193 10 8 9 89 90 91 93 94 99
87 c 38 15 74 51 194 10 10 7 88 96 100
88 c 5 45 74 35 194 10 10 7 90 91 98 99
89 c 41 37 78 97 198 10 16 22 90 93 98
90 c 50 35 82 91 198 10 19 25 92 95
91 c 55 60 82 107 200 10 16 26 95 96
92 c 63 65 82 27 202 10 8 11 95 97 100
93 c 15 60 83 62 203 10 17 24 98 99
94 c 61 52 88 50 208 10 3 6 95 98
95 c 35 69 90 30 210 10 23 18 96
96 c 31 67 90 43 210 10 3 1 100
97 c 30 60 94 95 214 10 16 6 98
98 c 40 60 96 101 216 10 21 18
99 c 49 42 97 89 217 10 13 19 100
100 c 47 47 102 93 222 10 13 20

