StringID Type x y release ReadyTime DueDate ServiceTime weight volume Item_Conflitante1 Item_Conflitante2 Item_Conflitante3 Item_Conflitante4 Item_Conflitante5 Item_Conflitante6 Item_Conflitante7 Item_Conflitante8 Item_Conflitante9 Item_Conflitante10 Item_Conflitante11 Item_Conflitante12 Item_Conflitante13 Item_Conflitante14 Item_Conflitante15 Item_Conflitante16 Item_Conflitante17 Item_Conflitante18 Item_Conflitante19 Item_Conflitante20 Item_Conflitante21 Item_Conflitante22 Item_Conflitante23 Item_Conflitante24 Item_Conflitante25 Item_Conflitante26 Item_Conflitante27 Item_Conflitante28 Item_Conflitante29 Item_Conflitante30 Item_Conflitante31 Item_Conflitante32 Item_Conflitante33 Item_Conflitante34 Item_Conflitante35 Item_Conflitante36 Item_Conflitante37 Item_Conflitante38 Item_Conflitante39 Item_Conflitante40 Peso_Total Volume_Total
0 d 40 50 0 0 3390 0 0 0                                         700 700
1 c 8 40 11 685 845 90 40 42 7 9 11 15 16 17 20 21 22 23 26 28 32 34 35 38 40 41 42 45 46 48 51 52 57 58 61 64 69 70 71 74 78 80 88 89 91 92 93 95
2 c 5 35 11 876 1036 90 10 16 4 10 11 14 15 19 22 25 31 38 42 46 50 54 55 58 63 64 67 68 69 70 77 78 83 85 89 92 94 100
3 c 5 45 11 1253 1413 90 10 10 5 6 7 8 9 13 17 18 20 30 31 33 39 40 42 48 57 60 61 69 71 75 77 80 87 90 91 93 96 99
4 c 0 40 11 1063 1223 90 30 23 11 14 19 21 26 31 36 39 44 45 48 49 57 62 67 71 72 73 74 77 78 84 86 88 90 93 98 99
5 c 0 45 11 1158 1318 90 20 23 7 12 13 14 15 16 18 26 27 28 37 39 40 41 43 49 50 52 53 58 59 60 63 65 68 69 70 81 87 89 91 93 95
6 c 48 20 11 967 1127 90 10 11 15 21 22 25 28 29 31 38 41 44 53 55 62 63 66 71 73 74 85 88 90 92
7 c 55 80 11 407 567 90 10 4 16 18 29 30 33 37 43 45 46 50 52 54 55 56 63 68 71 73 77 78 79 89 100
8 c 44 5 11 1256 1416 90 20 28 9 10 11 15 20 25 28 30 44 45 47 48 50 51 54 55 56 57 60 66 69 73 74 77 82 83 84 86 89 90 95 99 100
9 c 42 10 11 1160 1320 90 40 32 10 18 20 21 23 25 28 32 35 37 39 42 48 49 50 51 56 61 62 63 65 75 80 81 82 84 87 88 97 98
10 c 42 15 11 1065 1225 90 10 1 11 13 14 16 22 24 25 26 27 29 30 37 41 43 47 56 60 61 63 69 70 74 78 81 82 84 86 91 93 98
11 c 40 5 11 1350 1510 90 30 29 13 15 16 17 18 19 22 23 26 27 28 30 31 33 34 42 43 44 46 50 54 57 59 62 68 73 76 79 81 85 86 87 91 92 95 97
12 c 38 5 11 1442 1602 90 30 40 13 14 15 17 20 23 25 26 35 36 40 42 43 46 60 61 64 66 67 75 76 79 85 86 87 92 95 100
13 c 35 5 11 1535 1695 90 20 27 14 18 22 27 28 31 32 33 35 41 45 47 49 55 56 57 58 61 72 74 83 93
14 c 50 30 11 401 561 90 10 10 15 17 23 24 25 27 31 33 35 36 39 40 41 43 44 46 53 56 61 65 66 67 70 74 78 80 89 92 93 94
15 c 50 35 11 120 280 90 20 23 16 17 18 26 29 33 36 37 38 41 44 46 49 53 54 59 62 68 69 71 72 75 78 80 93 98 100
16 c 50 40 11 25 185 90 50 49 18 22 23 38 39 41 42 43 51 56 59 60 64 65 68 70 72 73 77 83 89 90 95 96
17 c 48 30 11 493 653 90 10 10 18 20 25 30 32 35 40 41 44 46 47 49 57 61 64 66 68 71 75 76 77 79 83 87 88 90 93 94 95
18 c 44 25 11 871 1031 90 10 11 22 24 34 40 41 44 46 51 52 55 60 62 63 65 66 67 70 75 77 78 79 80 81 82 84 85 86 87 88 90 91 95
19 c 47 35 11 588 748 90 10 8 20 21 22 23 28 34 37 43 45 48 49 53 58 63 71 73 74 76 78 79 80 84 96 98 99
20 c 47 40 11 12 172 90 10 10 25 33 34 36 38 42 45 55 58 61 62 66 72 73 79 84 89 91 92 93 95 96
21 c 42 30 11 776 936 90 10 16 24 25 30 34 39 41 47 51 52 57 59 65 66 68 74 75 76 83 85 89 91 93 95 98
22 c 45 35 11 680 840 90 10 16 25 26 27 28 30 31 33 35 40 41 57 58 60 64 72 75 80 82 86 89 90 91 95 97
23 c 53 35 11 213 373 90 50 40 28 29 30 34 37 47 52 64 66 76 77 78 81 86 88 90 92 96 100
24 c 56 64 11 1355 1515 90 10 16 26 29 31 33 34 35 36 37 38 42 45 48 57 59 60 63 65 66 70 72 73 76 77 80 81 84 85 86 88 95 98 99
25 c 67 85 11 694 854 90 20 13 26 28 32 38 41 45 57 59 64 71 76 77 81 82 83 85 89 90 91 94 95 96 99 100
26 c 42 58 11 8 168 90 40 34 28 32 35 39 42 43 50 51 57 63 67 69 70 74 78 79 83 88 89 91 97
27 c 60 85 11 597 757 90 30 30 29 30 32 33 37 40 41 42 43 49 51 56 59 63 69 70 73 75 79 83 85 90 92 94 97 99 100
28 c 10 40 11 593 753 90 30 30 36 38 44 48 55 56 58 61 74 79 82 86 88 92 95 96
29 c 20 55 11 303 463 90 10 10 30 33 38 43 44 45 50 51 52 54 57 63 66 67 68 78 80 81 87 91 92
30 c 55 85 11 502 662 90 20 28 31 34 36 37 38 39 42 58 64 69 71 72 76 77 78 81 82 83 84 86 89 94 95 97 98 100
31 c 60 66 11 1261 1421 90 10 2 42 44 46 47 53 55 58 60 66 67 73 74 75 87 94 95 97 99
32 c 20 50 11 398 558 90 10 14 34 36 40 41 44 60 64 67 69 70 75 79 80 81 83 84 90 93 94 95 96
33 c 30 50 11 10 170 90 10 8 35 37 38 39 45 47 50 53 54 55 56 57 58 59 60 62 63 65 71 75 86 88 90 93 100
34 c 28 52 11 22 182 90 20 25 41 44 45 48 49 50 53 58 59 63 65 67 68 70 71 83 85 89 91 95 98
35 c 25 50 11 116 276 90 10 14 37 39 40 43 44 45 51 54 62 65 67 72 74 77 80 82 85 86 94
36 c 16 42 11 497 657 90 20 21 37 48 51 52 57 58 60 62 64 65 67 69 73 79 81 83 84 85 88 89 90 92 94 95 96
37 c 23 52 11 209 369 90 10 12 41 42 45 47 48 49 50 54 58 61 66 69 70 75 77 81 84 85 97
38 c 4 55 11 1447 1607 90 20 12 40 42 44 46 49 51 55 61 63 64 70 73 75 76 79 82 83 84 92 93 96 98
39 c 65 60 11 1546 1706 90 30 38 45 48 49 50 53 60 62 63 68 73 75 76 78 82 83 84 87 89 94 96 98 100
40 c 70 58 786 1641 1801 90 20 11 42 50 51 53 55 56 61 63 65 69 73 74 77 81 82 84 85 86 88 94 95
41 c 14 66 786 1643 1803 90 10 4 45 48 49 50 54 57 58 65 69 73 87 89 90 91 92 97 98
42 c 38 15 786 1725 1885 90 40 31 48 54 59 60 63 65 71 72 74 77 82 84 85 88 90 92 95 99
43 c 66 55 786 1736 1896 90 10 16 44 45 46 50 54 57 59 62 66 67 68 72 73 79 86 89 91 97 98
44 c 15 75 786 1742 1902 90 20 25 45 50 52 54 61 63 65 69 72 77 88 90 93 100
45 c 36 18 786 1819 1979 90 10 18 46 48 49 56 59 62 67 68 70 71 81 88 90 93 94 95 97 99
46 c 15 80 786 1837 1997 90 10 8 48 54 57 67 68 69 73 74 77 78 79 84 85 86 87 90 92 93 96 97 98
47 c 32 20 786 1913 2073 90 10 7 49 51 59 60 67 68 72 73 76 77 88 89 90 91 93 95 96 98 99
48 c 20 85 786 1934 2094 90 40 48 49 50 56 63 64 65 67 68 70 78 82 85 86 88 97 98 100
49 c 34 25 786 2009 2169 90 30 30 50 51 52 54 57 59 60 64 66 72 73 77 80 81 84 86 87 90 93 96
50 c 22 85 786 2026 2186 90 10 11 52 53 54 55 58 59 60 61 62 64 67 68 69 72 75 77 78 82 83 84 85 87 89 95 99 100
51 c 30 30 786 2105 2265 90 10 20 58 60 61 62 63 64 66 70 75 77 78 80 83 89 90 91 100
52 c 90 35 786 2131 2291 90 10 11 55 64 65 68 72 73 76 84 90 96 97 99
53 c 25 30 786 2200 2360 90 10 12 56 57 58 60 62 63 65 74 76 81 93 94 95 100
54 c 20 80 786 2216 2376 90 40 39 56 60 67 68 69 70 72 75 76 78 84 88 91 93 94 95 98
55 c 95 35 786 2226 2386 90 20 24 56 57 59 60 65 68 72 74 75 77 79 82 86 88 89 90 97 98
56 c 18 75 786 2311 2471 90 20 29 59 62 66 68 69 72 76 77 78 79 81 86 89 96 97 98 100
57 c 95 30 786 2321 2481 90 30 30 58 64 69 71 76 77 78 79 82 84 85 93 98
58 c 22 75 1223 2405 2565 90 30 37 66 68 69 70 74 75 76 78 79 85 87 88 91 93 94 99
59 c 92 30 1223 2414 2574 90 10 16 63 70 81 90 92 93 95 97
60 c 30 35 1223 2480 2640 90 10 5 64 67 68 70 78 81 82 87 94 98 99
61 c 22 66 1223 2504 2664 90 40 30 64 69 78 80 86 89 90 91 93 95 98 100
62 c 85 25 1223 2513 2673 90 10 4 65 66 76 77 79 81 82 84 85 86 91 96 97 98
63 c 33 35 1223 2573 2733 90 10 8 67 71 74 76 83 86 87 93 95 98 100
64 c 28 70 1223 2601 2761 90 10 7 70 80 82 84 85 90 93 94 95 96 97 99
65 c 87 30 1223 2608 2768 90 10 18 73 76 77 80 82 89 90 93 94 96 97 98 99
66 c 33 32 1223 2666 2826 90 20 14 68 70 75 76 77 81 86 90 91 95
67 c 35 69 1223 2698 2858 90 10 3 68 69 71 82 83 84 85 86 87 91 92 94 98
68 c 85 35 1223 2703 2863 90 30 25 69 70 73 74 81 82 83 85 89 90 92 94 96 98
69 c 35 32 1223 2758 2918 90 10 13 72 76 79 82 84 86 88 89 95
70 c 35 66 1365 2791 2951 90 10 19 76 78 79 81 83 92 94 96 97 98
71 c 78 40 1365 2802 2962 90 20 11 73 74 76 79 81 83 95 98
72 c 34 60 1365 2887 3047 90 20 13 74 75 83 85 88 90 91 93 94
73 c 72 45 1365 2900 3060 90 10 17 76 78 79 83 85 87 88 89 94 95 97 100
74 c 86 46 1577 0 3253 90 30 28 79 80 83 86 89 93 95 97
75 c 64 46 1577 3097 3257 90 20 13 76 77 81 82 83 85 87 88 92
76 c 38 10 1577 0 3259 90 10 6 82 84 85 96 97 99 100
77 c 65 82 1577 0 3259 90 10 8 78 83 84 89 91 92 94 96 99 100
78 c 2 40 1577 0 3260 90 20 12 80 91 93 94 95 96 98 100
79 c 25 85 1577 0 3261 90 20 30 84 96
80 c 62 80 1577 0 3262 90 30 38 86 90 94 96
81 c 75 55 1577 0 3264 90 20 26 87 88 89 91 93 98 100
82 c 8 62 1577 0 3265 90 10 20 84 90 98
83 c 10 35 1577 0 3266 90 20 12 87 88 89 91 100
84 c 8 45 1577 0 3267 90 20 12 88 89 93 94 96 97 99
85 c 72 55 1577 0 3267 90 10 6 88 91 94 97
86 c 58 75 1577 0 3269 90 20 30 91 93
87 c 62 69 1577 0 3270 90 10 5 89 90 94 97 99
88 c 52 75 1577 0 3272 90 10 16 89 90 93 98
89 c 58 70 1578 0 3273 90 20 23 90 95 97 99
90 c 62 40 1580 0 3275 90 10 1 91 93 96 98 100
91 c 53 30 1581 0 3276 90 10 18 93 100
92 c 26 32 1582 0 3277 90 10 11 97 98 100
93 c 60 60 1582 0 3277 90 10 15 99 100
94 c 25 35 1583 0 3278 90 10 9 99
95 c 45 70 1584 0 3279 90 30 27
96 c 60 55 1584 3119 3279 90 10 6
97 c 42 65 1589 0 3284 90 10 19 100
98 c 45 65 1589 0 3284 90 20 25 100
99 c 30 56 1593 0 3288 90 20 17 100
100 c 36 40 1594 0 3289 90 10 13

