StringID Type x y release ReadyTime DueDate ServiceTime weight volume Item_Conflitante1 Item_Conflitante2 Item_Conflitante3 Item_Conflitante4 Item_Conflitante5 Item_Conflitante6 Item_Conflitante7 Item_Conflitante8 Item_Conflitante9 Item_Conflitante10 Item_Conflitante11 Item_Conflitante12 Item_Conflitante13 Item_Conflitante14 Item_Conflitante15 Item_Conflitante16 Item_Conflitante17 Item_Conflitante18 Item_Conflitante19 Item_Conflitante20 Item_Conflitante21 Item_Conflitante22 Item_Conflitante23 Item_Conflitante24 Item_Conflitante25 Item_Conflitante26 Item_Conflitante27 Item_Conflitante28 Item_Conflitante29 Item_Conflitante30 Item_Conflitante31 Item_Conflitante32 Item_Conflitante33 Item_Conflitante34 Peso_Total Volume_Total
0 d 35 35 0 0 1000 0 0 0                                   1000 1000
1 c 57 48 40 388 465 10 23 22 4 7 10 11 13 14 17 18 23 32 33 34 36 41 42 43 46 48 50 52 55 62 64 65 71 72 74 82 83 84 86 91 97 100
2 c 35 40 40 104 255 10 16 21 3 5 14 18 22 26 27 29 32 41 44 46 47 49 58 64 66 67 77 79 84 86 88 89 91 94 98
3 c 61 52 40 384 499 10 3 6 7 10 13 17 20 21 24 25 27 28 30 31 35 36 38 40 41 47 50 51 53 54 55 64 66 74 75 77 85 86 87 96
4 c 40 60 40 259 354 10 21 24 7 9 10 13 23 24 25 26 31 36 39 40 42 43 44 47 48 55 58 59 61 66 72 75 76 81 83 84 87 90 91 94 97 98
5 c 62 77 40 49 188 10 20 12 7 9 12 15 16 17 21 23 26 27 34 39 41 42 43 47 48 51 58 60 73 75 77 78 85 93
6 c 2 60 40 41 208 10 5 1 8 10 16 20 22 26 29 34 42 44 54 56 57 66 67 70 73 75 78 83 88 91 92 95 97 98
7 c 49 42 40 290 373 10 13 9 9 11 15 16 19 20 24 38 40 47 48 50 51 53 56 58 64 65 67 69 70 71 73 74 77 79 81 82 83 86 87 90 92 98
8 c 5 5 40 302 405 10 16 7 21 27 30 31 33 35 37 42 43 44 48 53 65 69 76 88 92 95 96 97 99
9 c 60 12 40 33 224 10 31 41 11 12 13 16 21 22 23 25 28 29 40 41 44 51 55 56 59 66 74 75 77 78 80 82 87 89 92 98 99 100
10 c 40 25 40 360 437 10 9 12 11 16 23 26 30 35 39 44 47 49 50 56 60 61 62 63 65 68 70 71 78 79 88 90 92 96 97
11 c 24 12 40 25 172 10 5 8 12 15 17 35 36 38 46 49 50 54 60 62 64 66 67 68 71 84 88 95 99 100
12 c 11 14 40 233 340 10 18 19 14 15 16 19 26 27 29 31 36 42 43 48 51 52 53 57 59 63 69 71 72 74 75 83 88 90 92 93 94 97 100
13 c 6 38 40 29 189 10 16 17 15 18 25 31 32 36 43 47 50 53 60 62 73 77 79 81 85 86 96 100
14 c 20 26 40 333 432 10 9 15 17 22 23 33 34 35 36 38 41 42 46 54 59 63 67 68 70 73 76 80 84 86 89 91 95 97 99
15 c 37 31 40 414 489 10 14 8 19 20 21 24 25 29 31 32 33 34 42 43 45 52 54 57 64 71 72 76 77 78 80 82 83 84 87 90 92 93 95 97 99 100
16 c 37 47 40 162 293 10 6 1 19 20 21 24 29 32 34 39 40 45 54 59 60 63 66 67 68 70 72 73 77 84 89 91 94 96 99 100
17 c 67 5 40 294 401 10 25 22 28 31 34 37 38 44 45 47 54 60 66 68 69 76 77 78 83 84 85 86 94 95 100
18 c 24 58 40 163 302 10 19 16 20 21 23 24 27 32 37 39 45 46 48 55 59 61 66 67 70 76 77 85 86 89 90 91
19 c 15 77 40 214 333 10 9 1 21 22 25 27 29 30 31 39 43 46 53 54 61 64 70 75 78 83 87 88 93 94 95 97 98 99
20 c 55 5 40 206 325 10 29 30 22 28 29 32 34 37 38 44 45 50 56 62 63 70 81 83 85 86 87 91 93 94 98
21 c 45 10 40 409 494 10 18 10 24 28 30 35 36 45 47 48 50 52 54 55 56 60 64 66 68 71 75 77 82 86 94 96 99
22 c 53 52 40 45 200 10 11 15 23 24 26 33 36 37 38 39 42 46 47 52 63 64 66 70 73 74 75 76 84 85 92 94 100
23 c 10 43 40 404 481 10 9 9 25 37 38 39 41 42 50 51 58 62 63 64 67 68 69 72 74 79 80 81 84 89 92 94 95 97 98 100
24 c 22 22 40 18 181 10 2 1 36 37 48 51 59 66 68 69 71 73 74 76 79 84 87 91 94 95 97
25 c 26 52 40 279 388 10 9 6 30 43 47 48 54 61 64 67 68 71 78 84 85 87 88 94 97 100
26 c 28 18 40 420 447 10 26 24 27 29 35 40 41 42 46 48 52 53 54 57 58 59 60 63 66 68 70 72 76 77 78 81 84 94 95 96 97 98
27 c 55 60 40 400 497 10 16 10 35 44 46 49 50 53 58 62 67 70 73 77 81 82 83 84 85 90 91 93 95
28 c 30 5 40 175 300 10 8 14 29 32 33 36 43 45 46 47 57 58 59 61 63 65 70 72 76 88 94 100
29 c 20 65 40 206 325 10 12 14 34 40 46 58 62 64 68 75 76 77 79 90 92 94 97 100
30 c 11 31 40 436 511 10 7 1 31 32 37 40 42 47 54 55 56 71 75 77 79 82 86 89 94 95 96 98 99
31 c 42 7 40 396 511 10 5 10 32 33 35 36 37 41 42 46 47 49 51 53 54 59 60 62 63 69 71 75 76 77 78 80 81 88 89 94 96 97
32 c 25 30 40 415 514 10 3 12 33 37 39 46 47 50 51 53 55 56 61 62 67 68 71 72 78 80 85 86 91 93 95 98 99
33 c 6 68 40 501 540 10 30 20 34 35 38 44 48 58 62 64 69 70 72 75 83 84 88 90 94 96 100
34 c 30 60 252 577 632 10 16 21 40 43 45 46 48 49 50 53 56 57 58 66 70 72 77 79 83 85 91 93 95 96 97
35 c 53 12 252 585 692 10 6 5 42 43 45 46 47 54 63 65 68 69 84 85 88 93 96 99 100
36 c 49 73 252 592 693 10 25 23 39 41 43 46 49 52 53 54 58 64 71 72 73 75 77 79 80 81 83 87 90 95
37 c 63 23 252 620 739 10 2 1 42 43 44 52 53 57 61 62 72 75 76 77 78 79 80 83 86 88 96 97
38 c 56 39 252 637 752 10 36 32 43 44 49 52 55 57 59 60 64 67 68 73 75 77 78 79 82 83 89 93 96 99
39 c 55 20 327 678 801 10 19 13 40 42 43 46 51 52 55 58 61 63 64 67 68 70 71 72 76 77 80 83 86 90 95 96 98 99 100
40 c 46 13 327 681 802 10 8 18 44 45 50 53 54 56 57 61 62 66 69 72 75 76 77 79 86 88 91 94 95
41 c 63 65 327 686 813 10 8 10 48 56 58 59 60 61 62 63 65 69 81 86 87 88 89 95 98
42 c 30 25 327 690 827 10 23 14 44 51 52 53 54 60 63 65 66 74 77 78 82 85 88 89 96 97 99
43 c 5 30 370 733 870 10 2 4 45 49 58 62 69 70 73 74 87 90 94 95 96 99
44 c 57 68 450 0 950 10 15 19 45 49 51 52 53 54 57 61 66 71 82 83 87 89 92 95 97
45 c 53 43 452 817 952 10 14 21 57 59 60 61 67 70 71 75 79 80 84 88 89 93
46 c 65 55 453 0 953 10 14 4 51 53 54 55 56 59 60 63 65 73 76 78 79 80 86 93 94 96 97
47 c 2 48 454 0 954 10 1 1 48 58 63 67 68 71 75 77 84 88 91 94 95 97 98
48 c 4 18 454 0 954 10 35 32 49 50 52 54 58 59 60 65 77 87 99
49 c 27 69 455 0 955 10 10 15 63 65 67 69 79 80 84 88 89 90 96 97 99 100
50 c 23 3 455 0 955 10 7 17 53 55 58 60 73 76 80 81 84 89 100
51 c 8 56 455 0 955 10 27 20 56 61 62 64 65 71 74 75 78 81 87 88 90 91 92 95 97 99 100
52 c 35 69 456 0 956 10 23 22 53 54 59 61 63 69 70 71 72 73 78 81 82 83 87 88 89 90 93 96 97 99
53 c 65 20 456 817 956 10 6 15 57 59 61 64 66 69 73 74 77 78 80 82 83 85 86 87 89 96
54 c 31 67 457 0 957 10 3 6 56 57 61 65 67 68 69 74 75 82 88 89 90 92 94
55 c 15 10 457 0 957 10 20 16 59 61 62 65 69 74 77 81 84 87 89 93 96 100
56 c 15 60 457 0 957 10 17 23 59 60 63 64 66 69 70 71 76 77 83 85 87 89 91 92
57 c 45 65 458 0 958 10 9 9 58 62 63 64 68 70 72 76 86 88 89 91 96 97 98
58 c 64 42 460 0 960 10 9 2 59 65 69 70 74 76 78 79 87 88 90 91 99 100
59 c 10 20 460 0 960 10 19 16 62 63 66 69 73 80 81 82 89 90 91 99 100
60 c 65 35 460 0 960 10 3 1 61 65 67 75 77 78 86 87 94 97 98
61 c 13 52 462 0 962 10 36 41 63 66 67 70 71 77 78 83 87 88 90 91 98 99
62 c 55 54 462 0 962 10 26 34 63 69 71 74 91 92 93
63 c 49 11 462 0 962 10 18 11 65 67 68 69 73 76 81 83 89 93 94 97 98 100
64 c 49 58 463 0 963 10 10 5 68 74 80 83 85 90 94 97 99 100
65 c 12 24 464 0 964 10 13 18 73 75 83 84 87 91 92 93 94 95
66 c 15 19 464 0 964 10 1 2 70 74 75 82 83 84 85 87 88 89 92 99
67 c 18 18 465 798 965 10 17 27 69 72 79 81 82 85 87 88 95 97 98
68 c 32 12 466 0 966 10 7 16 69 71 74 76 80 83 92 99 100
69 c 16 22 466 0 966 10 41 51 70 74 77 78 83 85 86 87 89 90 91 98
70 c 15 47 466 0 966 10 16 25 72 73 74 77 80 81 83 85 87
71 c 47 16 467 0 967 10 25 28 73 76 79 81 88 90 91 93 99 100
72 c 55 45 467 0 967 10 13 15 73 74 76 79 81 86 87 88 89 90 91 97 98
73 c 57 29 467 0 967 10 18 25 76 78 87 88 89 91 92 93 96
74 c 19 21 468 0 968 10 10 13 75 81 89 92 93 94 96 98
75 c 37 56 468 788 968 10 5 1 76 82 90 91 92 99
76 c 20 20 468 0 968 10 8 18 78 79 83 84 85 90 98 99
77 c 14 37 468 0 968 10 11 13 78 79 80 81 86 87 91 92 95 99 100
78 c 20 50 468 0 968 10 5 1 79 80 87 91 93 95 98
79 c 56 37 468 839 968 10 6 9 85 88 94 97 98 99
80 c 18 24 469 811 969 10 22 16 85 86 88 89 90 91 92 94 95 97 99
81 c 15 30 469 0 969 10 26 17 85 86 87 89 98
82 c 44 17 469 0 969 10 9 8 83 84 87 88 92 94 97 98 99
83 c 17 34 471 0 971 10 3 5 85 86 92 94 97 98
84 c 45 20 471 0 971 10 11 20 86 90 94 100
85 c 35 17 472 0 972 10 7 10 87 90 91
86 c 31 52 472 0 972 10 27 37 90 91 98
87 c 25 21 472 0 972 10 12 5 96 97 99
88 c 21 24 472 0 972 10 28 24 94 97 100
89 c 47 47 473 0 973 10 13 22 93 97
90 c 41 49 474 0 974 10 10 8 92 94 95 98 99
91 c 22 27 474 0 974 10 11 16 92 93 100
92 c 20 40 474 0 974 10 12 21 94 95 96
93 c 50 35 475 0 975 10 19 22 94
94 c 25 24 475 0 975 10 20 18 97 100
95 c 26 27 477 0 977 10 27 33 96 97 98
96 c 45 30 478 0 978 10 17 10 97 99 100
97 c 27 43 478 0 978 10 9 9
98 c 36 26 480 849 980 10 18 12 99
99 c 26 35 481 0 981 10 15 22
100 c 41 37 483 0 983 10 16 23

