StringID Type x y release ReadyTime DueDate ServiceTime weight volume Item_Conflitante1 Item_Conflitante2 Item_Conflitante3 Item_Conflitante4 Item_Conflitante5 Item_Conflitante6 Item_Conflitante7 Item_Conflitante8 Item_Conflitante9 Item_Conflitante10 Item_Conflitante11 Item_Conflitante12 Item_Conflitante13 Item_Conflitante14 Item_Conflitante15 Item_Conflitante16 Item_Conflitante17 Item_Conflitante18 Item_Conflitante19 Item_Conflitante20 Item_Conflitante21 Item_Conflitante22 Item_Conflitante23 Item_Conflitante24 Item_Conflitante25 Item_Conflitante26 Item_Conflitante27 Item_Conflitante28 Item_Conflitante29 Item_Conflitante30 Item_Conflitante31 Item_Conflitante32 Item_Conflitante33 Item_Conflitante34 Item_Conflitante35 Item_Conflitante36 Item_Conflitante37 Item_Conflitante38 Item_Conflitante39 Item_Conflitante40 Item_Conflitante41 Peso_Total Volume_Total
0 d 35 35 0 0 230 0 0 0                                          200 200
1 c 37 31 0 95 105 10 14 11 4 12 13 15 16 19 22 27 30 31 32 34 42 47 49 51 58 61 62 64 67 71 72 80 81 84 86 87 88 89 98 100
2 c 20 26 0 83 93 10 9 19 6 9 13 15 18 23 26 27 28 32 35 36 37 38 47 51 53 61 62 66 67 69 73 76 80 83 84 89 95 97
3 c 11 14 0 69 79 10 18 8 6 7 8 9 10 12 17 31 33 39 40 47 48 49 53 55 56 66 71 75 77 82 84 85 90 93 94 96 98
4 c 67 5 0 83 93 10 25 15 5 7 13 14 17 18 20 22 23 28 35 38 41 46 53 54 55 57 58 62 64 67 68 69 70 72 81 87 88 97 98 99
5 c 5 5 0 83 93 10 16 21 9 11 12 13 14 23 30 36 37 39 42 44 45 46 47 48 55 65 70 74 75 76 78 81 82 91 95 100
6 c 37 47 0 50 60 10 6 1 8 13 16 20 21 22 24 26 31 34 37 40 41 44 45 46 47 49 50 51 53 54 55 56 57 58 65 66 69 71 77 82 83 84 86 87 88 89 94 97 100
7 c 24 58 0 58 68 10 19 14 9 15 19 21 22 29 30 31 33 34 37 45 48 54 55 56 63 66 71 74 77 79 82 84 88 89 90 96
8 c 55 5 0 68 78 10 29 27 11 13 15 21 22 23 25 26 32 35 36 39 42 45 46 47 49 50 51 54 55 59 60 64 66 67 68 73 77 82 84 86 92 95 100
9 c 57 48 0 92 102 10 23 30 11 14 18 19 23 24 26 27 32 35 37 41 42 45 47 51 56 59 60 61 62 71 73 74 79 80 82 84 91 94 96 97
10 c 30 5 0 61 71 10 8 1 11 15 19 22 25 27 30 34 42 45 48 52 53 56 58 62 63 64 65 72 73 79 80 81 82 85 87 93 96 97
11 c 49 42 0 73 83 10 13 3 12 16 19 23 30 31 32 34 35 42 44 48 54 59 60 61 69 71 80 86 87 89 90 91 93 94 95 99
12 c 22 22 0 18 28 10 2 1 13 16 17 26 27 29 32 40 41 47 49 54 55 61 62 64 70 71 72 75 79 82 84 89 95 97 99
13 c 55 60 0 97 107 10 16 8 20 22 27 29 30 32 33 35 37 42 49 50 51 55 59 66 71 75 79 82 84 87 91 93 97
14 c 28 18 0 93 103 10 26 32 21 32 38 42 43 46 50 55 56 57 61 64 69 73 88 95 96 98 100
15 c 10 43 0 95 105 10 9 4 21 27 29 30 31 32 36 38 39 41 45 48 49 53 54 55 66 68 71 77 85 87 90 91 94 95 96 98
16 c 20 65 0 67 77 10 12 3 17 18 32 34 35 38 53 55 56 57 60 62 65 72 73 74 79 82 86 90 96 100
17 c 11 31 0 101 111 10 7 13 23 24 26 28 29 30 48 50 53 57 61 68 71 72 74 80 83 84 87 96 99
18 c 63 23 44 136 146 10 2 1 19 24 25 28 42 44 47 52 53 55 63 65 66 68 72 75 76 78 81 93 99
19 c 55 20 44 149 159 10 19 15 20 21 22 26 27 31 33 37 48 55 56 57 58 60 64 67 71 75 79 83 88
20 c 46 13 44 149 159 10 8 12 22 24 27 30 34 36 37 44 45 47 51 52 53 54 56 61 63 65 66 67 70 73 74 76 80 89 90 91 92 93 96 99
21 c 30 25 55 159 169 10 23 22 23 25 39 41 42 43 44 46 47 49 50 61 62 63 71 74 76 77 78 81 87 88 91 97
22 c 62 77 55 0 170 10 20 17 24 26 28 29 31 34 35 36 39 40 45 49 54 58 59 60 61 64 66 67 70 71 72 73 76 77 80 97
23 c 15 77 58 0 173 10 9 14 26 28 34 46 47 48 49 57 59 60 64 68 70 76 78 81 89 95 99 100
24 c 6 68 61 0 176 10 30 36 26 27 32 34 35 37 39 42 52 54 57 67 68 70 75 76 78 79 83 84 85 86 88 93 95 96 99 100
25 c 2 60 63 0 178 10 5 6 27 30 31 32 34 37 40 41 42 53 60 73 74 82 85 86 88 89 91 92 99
26 c 63 65 65 0 178 10 8 8 27 30 33 34 35 36 37 38 39 44 50 54 55 57 58 69 72 74 76 80 85 90 93 95 97
27 c 49 73 65 0 179 10 25 27 30 31 34 36 43 46 50 52 65 68 70 71 76 80 84 89 91 94 98 100
28 c 57 68 65 0 180 10 15 25 29 30 33 36 37 44 51 52 56 59 62 66 72 73 79 89 94
29 c 65 20 67 172 182 10 6 1 31 34 41 45 49 51 53 55 56 61 65 72 78 82 84 85 87 91 93 94 99
30 c 65 55 68 0 183 10 14 10 31 32 42 44 46 53 54 55 56 57 58 59 63 69 70 73 76 79 80 82 92 93 98
31 c 4 18 69 0 184 10 35 44 32 34 36 37 39 43 45 47 54 56 57 58 60 61 63 65 71 75 76 79 85 88 90 93 98
32 c 2 48 69 0 184 10 1 1 33 35 36 37 38 43 47 51 52 53 59 61 62 64 70 74 77 85 90 91 92 93 96 99
33 c 8 56 70 0 185 10 27 23 37 38 42 44 45 47 48 58 60 63 65 68 71 72 77 79 80 81 83 84 85 88 90 93 98
34 c 27 69 70 0 185 10 10 19 39 40 43 44 56 57 60 63 78 79 80 86 87 88 90 92 93 98
35 c 23 3 70 0 185 10 7 6 39 40 41 43 45 46 48 51 59 63 67 74 77 78 80 83 84 86 89 92 93 95 96
36 c 60 12 71 0 186 10 31 39 38 43 45 48 53 57 59 60 65 66 69 73 75 76 77 81 86 87 92 99
37 c 35 69 71 0 186 10 23 26 38 47 52 53 54 55 56 57 66 68 69 71 73 76 80 86 87 91 92 95
38 c 15 10 72 0 187 10 20 29 42 45 47 51 57 60 62 67 68 72 73 79 80 86 88 90 91 94 95 97 98 100
39 c 15 60 72 0 187 10 17 22 45 47 52 54 63 66 72 73 75 76 80 81 86 88 93 98
40 c 31 67 72 0 187 10 3 4 41 43 44 45 47 50 54 59 60 61 67 77 81 84 86 88 89 94 95 98
41 c 61 52 73 0 188 10 3 1 47 48 56 57 58 59 61 62 65 67 68 75 87 95 96 97
42 c 45 65 73 0 188 10 9 14 43 44 45 47 50 54 55 59 65 70 73 74 79 88 89 93 95 99
43 c 53 43 74 179 189 10 14 4 45 47 48 50 58 59 61 66 68 71 73 75 76 82 83 85 90 93 96 99
44 c 5 30 74 0 189 10 2 1 48 51 64 65 72 76 79 82 87 88 92 93 95 99 100
45 c 10 20 75 0 190 10 19 29 50 53 64 71 75 79 80 81 82 85 86 89 92 94 99
46 c 64 42 75 0 190 10 9 17 48 50 54 59 63 65 66 69 71 79 80 95
47 c 53 12 75 0 190 10 6 15 48 49 54 62 66 68 69 77 83 85 90 91 96 97
48 c 65 35 75 0 190 10 3 6 51 61 67 71 80 83 84 85 97
49 c 6 38 75 0 190 10 16 24 64 65 69 73 77 78 82 83 87 89 91 92 96
50 c 42 7 76 0 191 10 5 5 54 56 57 58 60 62 66 68 69 78 79 80 82 84 87 89 90 95 96 97 100
51 c 13 52 77 0 192 10 36 36 52 54 57 61 69 70 72 76 82 84 87 99
52 c 49 11 77 0 192 10 18 10 53 55 56 59 61 64 67 70 72 74 75 77 79 80 81 83 87 93 99
53 c 55 54 77 0 192 10 26 36 64 68 70 71 74 80 87 91 95 96 97 100
54 c 49 58 78 0 193 10 10 13 55 61 67 69 72 76 79 80 83 85 90 91 92 93 94 100
55 c 45 10 78 0 193 10 18 14 61 64 67 68 69 74 76 82 83 84 85 93 96 98
56 c 40 60 79 0 194 10 21 27 60 64 69 70 71 72 73 75 76 92 98 99
57 c 30 60 79 0 194 10 16 21 63 64 66 67 68 69 71 74 79 80 89 95 96 97 99
58 c 15 19 79 0 194 10 1 10 60 62 63 64 65 67 71 73 74 75 76 78 79 80 81 87 91 93 95 96 99
59 c 24 12 79 0 194 10 5 13 62 65 69 70 71 74 77 83 86 87 88 89 92 96 97 98
60 c 12 24 79 0 194 10 13 20 64 69 70 72 73 77 81 82 88 95 97
61 c 18 18 80 185 195 10 17 23 65 71 72 73 75 76 77 80 81 82 85 89 93 95 96 97 99 100
62 c 53 52 80 0 195 10 11 16 64 66 67 69 71 72 77 78 85 86 88 90 91 92 95 97 99
63 c 16 22 81 0 196 10 41 50 65 68 69 76 77 79 84 90
64 c 32 12 81 0 196 10 7 15 77 80 86 87 89 91 92 93 95 96 98 99 100
65 c 15 47 81 0 196 10 16 20 70 75 76 79 80 84 89 91 95 96 98 100
66 c 57 29 82 0 197 10 18 27 67 71 73 74 82 84 85 92 94 98 99
67 c 47 16 82 0 197 10 25 30 68 70 72 75 78 81 97 98 99
68 c 55 45 82 0 197 10 13 8 70 72 73 74 79 84 88 95 99 100
69 c 19 21 83 0 198 10 10 8 72 73 74 81 84 86 94 95 99 100
70 c 14 37 83 0 198 10 11 17 71 72 73 76 78 83 84 86 89 90 91 92 94 100
71 c 56 39 83 0 198 10 36 35 72 73 77 81 85 94 98 99
72 c 20 20 83 0 198 10 8 16 74 75 76 79 80 81 85 87 91 93 94
73 c 37 56 83 0 198 10 5 7 76 78 81 84 86 89 92 93 94 97 98
74 c 20 50 83 0 198 10 5 14 78 86 89 91 94 98 99
75 c 56 37 83 0 198 10 6 13 76 83 84 85 86 94 95
76 c 15 30 84 0 199 10 26 24 81 82 83 84 85 86 88 89 90 92 94 97 98
77 c 44 17 84 0 199 10 9 7 82 84 86 90 95 97 98
78 c 18 24 84 0 199 10 22 21 81 83 84 91 97 99
79 c 26 52 85 0 200 10 9 1 80 81 83 85 91 95 96 99
80 c 45 20 86 0 201 10 11 20 82 85 89 94 95
81 c 17 34 86 0 201 10 3 1 87 90 91 96 97 100
82 c 35 17 87 0 202 10 7 11 83 84 85 87 90 98 100
83 c 31 52 87 0 202 10 27 31 84 91 95 96 100
84 c 25 21 87 0 202 10 12 13 85 86 91 92 94 95
85 c 21 24 87 0 202 10 28 25 88 90 91 92 97
86 c 47 47 88 0 203 10 13 19 88 90 91 92 93 94
87 c 20 40 89 0 204 10 12 16 91 94 96
88 c 41 49 89 0 204 10 10 6 89 90 96 99 100
89 c 22 27 89 0 204 10 11 16 90 92 93 94 95 98 100
90 c 25 24 90 0 205 10 20 20 91 92 93 94 96 99
91 c 50 35 90 0 205 10 19 29 94 98 99
92 c 26 27 92 0 207 10 27 21 96
93 c 45 30 93 0 208 10 17 19 96 98 100
94 c 40 25 93 0 208 10 9 12 95 100
95 c 27 43 93 0 208 10 9 1 99 100
96 c 25 30 93 0 208 10 3 13 98
97 c 36 26 95 200 210 10 18 11 99
98 c 26 35 96 0 211 10 15 16
99 c 41 37 98 0 213 10 16 6 100
100 c 35 40 100 0 215 10 16 14

