StringID Type x y release ReadyTime DueDate ServiceTime weight volume Item_Conflitante1 Item_Conflitante2 Item_Conflitante3 Item_Conflitante4 Item_Conflitante5 Item_Conflitante6 Item_Conflitante7 Item_Conflitante8 Item_Conflitante9 Item_Conflitante10 Item_Conflitante11 Item_Conflitante12 Item_Conflitante13 Item_Conflitante14 Item_Conflitante15 Item_Conflitante16 Item_Conflitante17 Item_Conflitante18 Item_Conflitante19 Item_Conflitante20 Item_Conflitante21 Item_Conflitante22 Item_Conflitante23 Item_Conflitante24 Item_Conflitante25 Item_Conflitante26 Item_Conflitante27 Item_Conflitante28 Item_Conflitante29 Item_Conflitante30 Item_Conflitante31 Item_Conflitante32 Item_Conflitante33 Item_Conflitante34 Item_Conflitante35 Item_Conflitante36 Item_Conflitante37 Item_Conflitante38 Item_Conflitante39 Item_Conflitante40 Item_Conflitante41 Peso_Total Volume_Total
0 d 40 50 0 0 960 0 0 0                                          1000 1000
1 c 64 42 5 268 388 10 9 1 5 6 8 10 14 15 17 18 19 20 23 30 35 37 40 41 48 49 58 59 61 64 67 73 75 76 80 81 84 85 86 87 97 99
2 c 37 31 5 105 225 10 14 24 4 6 7 11 12 14 15 16 17 22 23 28 29 33 37 46 47 51 53 55 59 61 64 65 66 68 69 72 75 81 82 88 89 90 93 96 97 100
3 c 65 85 5 43 163 10 40 34 4 5 6 12 14 28 29 32 38 41 43 47 48 51 52 58 59 60 64 71 74 82 85 92 93 96 97
4 c 27 43 5 152 272 10 9 16 5 9 11 14 22 24 27 36 43 44 45 48 49 53 54 55 58 60 63 64 65 67 71 73 79 83 87 88 91 92 95 96 99
5 c 62 80 5 278 398 10 30 22 7 10 11 14 15 18 20 22 23 29 33 35 40 45 51 52 54 55 60 62 65 79 81 88 89 91 92 95
6 c 60 80 5 64 184 10 10 1 8 13 14 15 17 22 23 24 31 32 36 41 46 48 51 52 55 59 61 64 67 70 77 78 83 87 93
7 c 60 85 5 329 449 10 30 24 8 11 14 15 16 17 20 23 29 31 32 34 35 36 38 41 45 47 49 52 56 61 65 70 72 77 83 84 87 94 97
8 c 55 80 5 33 153 10 10 17 9 10 13 15 17 18 19 21 31 35 37 40 42 44 50 54 55 56 59 60 75 76 80 87 89 91 98 100
9 c 49 58 5 355 475 10 10 8 10 14 19 20 22 24 25 26 30 33 36 38 39 40 49 50 55 56 58 59 61 63 64 65 70 71 73 75 76 77 79 81 83 84 88 90 92 93 95 99 100
10 c 55 82 5 217 337 10 10 7 11 16 19 21 23 24 32 35 45 50 58 59 63 65 66 67 69 75 76 77 78 81 84 86 90 93
11 c 20 82 5 37 157 10 10 11 12 21 22 27 31 32 36 44 46 50 51 53 55 56 57 58 59 60 61 67 68 69 80 85 88 91 93
12 c 2 45 5 105 225 10 10 10 16 21 22 29 32 35 41 46 53 54 55 63 64 66 68 70 73 79 80 81 85 86 88 89 90 93 95 97
13 c 6 68 5 352 472 10 30 24 24 25 27 28 29 30 31 34 37 39 42 46 49 52 54 65 66 69 70 72 73 74 75 76 86 87 91 95 96
14 c 26 35 5 308 428 10 15 8 16 18 25 27 32 34 35 38 39 41 43 48 49 51 53 58 60 64 65 70 75 78 80 82 83 90 92 97 98
15 c 55 20 5 326 446 10 19 17 17 18 22 31 33 35 36 37 38 40 43 44 49 51 55 59 60 64 66 67 71 74 77 82 93 96 98 100
16 c 25 30 5 175 295 10 3 6 17 18 22 23 26 30 38 41 44 49 55 57 58 59 62 64 65 70 78 81 84 88 89 92 93 94 99
17 c 60 12 5 268 388 10 31 32 25 26 37 40 42 52 57 59 67 70 71 74 76 78 87 90 96 97 100
18 c 5 5 5 232 352 10 16 25 21 22 23 29 33 35 37 39 40 46 51 54 56 57 58 59 66 68 75 77 85 87 91 96
19 c 2 60 5 286 406 10 5 1 20 26 27 29 30 32 40 42 48 49 54 58 59 62 65 71 72 80 83 84 87 90 91 92 94 96 97 98
20 c 10 20 5 42 162 10 19 26 21 27 31 32 37 39 42 44 50 54 55 57 72 74 76 79 81 83 84 87 96
21 c 63 65 5 60 180 10 8 1 22 25 26 28 29 32 34 37 38 39 44 45 47 49 50 54 58 61 62 68 71 72 73 75 76 78 80 82 83 85 87 90 94 95
22 c 45 65 5 258 378 10 9 13 23 24 25 26 27 30 31 34 35 45 47 55 57 67 82 84 90 93 94 96
23 c 65 35 5 167 287 10 3 1 25 26 27 28 29 35 39 40 41 42 44 49 52 56 63 65 67 69 70 78 82 87 91 95
24 c 65 20 5 39 159 10 6 16 28 30 32 35 37 39 42 43 47 50 52 60 62 72 73 76 82 84 85 89 91 92 94 95 96 97 100
25 c 45 30 5 191 311 10 17 17 26 28 29 31 34 37 40 50 53 56 58 64 65 67 72 73 74 81 82 84 90 99 100
26 c 35 40 5 11 131 10 16 15 27 30 31 35 37 41 44 46 48 49 50 51 53 54 59 66 70 76 77 80 81 85 87 88 93 96
27 c 65 55 5 241 361 10 14 13 28 30 31 32 37 42 46 52 53 61 62 65 72 73 74 77 79 80 82 96 97 98
28 c 85 25 5 80 200 10 10 12 29 32 35 42 43 45 53 54 57 59 61 62 68 72 73 75 77 89
29 c 88 35 5 165 285 10 20 19 30 31 35 38 40 45 50 51 53 57 58 66 69 78 81 84 86 95 98
30 c 31 52 5 157 277 10 27 29 33 37 38 39 41 53 56 57 60 62 63 64 65 66 69 72 74 82 83 90 92 93 94 98 100
31 c 90 35 5 194 314 10 10 15 33 39 40 41 44 45 46 47 48 50 51 52 53 57 58 61 62 71 75 76 82 87 90 91 99
32 c 20 85 5 73 193 10 20 19 35 37 38 42 43 45 46 47 48 51 54 56 57 58 63 65 69 70 74 77 78 79 80 82 90 93 94 96 99
33 c 15 75 5 300 420 10 20 13 35 38 39 42 45 46 49 50 52 53 54 55 58 62 66 67 68 69 71 74 75 79 80 82 84 86 88 100
34 c 8 40 5 195 315 10 40 48 35 39 41 49 52 53 60 62 63 64 65 71 72 78 80 83 84 85 91 93 95 97 100
35 c 8 45 5 223 343 10 20 30 38 39 40 45 47 48 50 52 53 63 69 70 75 84 86 88 89 90 94 95 99
36 c 53 43 5 14 134 10 14 4 37 40 47 51 53 60 61 63 66 72 74 76 79 82 86 88 90 92 96 97 99
37 c 5 45 5 35 155 10 10 3 39 40 41 42 47 52 53 66 71 74 76 79 80 88 89 92 93
38 c 88 30 5 246 366 10 10 13 41 42 50 51 52 57 58 62 63 67 69 70 72 75 78 84 88 89 92 93 100
39 c 2 40 5 174 294 10 20 12 40 41 42 51 56 57 60 62 63 65 66 69 78 80 82 90 92 93 98
40 c 56 37 5 100 220 10 6 2 43 47 53 57 62 65 70 72 73 74 76 77 83 89 91 94 95 96 97 98
41 c 26 52 5 172 292 10 9 2 48 49 53 58 63 64 66 69 70 71 72 73 78 79 80 84 90 91 92
42 c 37 47 5 359 479 10 6 16 44 45 50 51 52 55 56 58 59 64 65 67 73 74 79 80 81 82 85 87 89 90 91 95
43 c 44 5 5 335 455 10 20 10 44 46 48 49 53 55 56 58 60 61 65 66 68 74 77 83 87 88 91 92 93 95 96 98
44 c 0 40 5 255 375 10 20 17 45 46 48 56 57 60 66 68 69 70 73 74 82 88 92 94 96 97
45 c 24 58 5 260 380 10 19 24 46 49 50 51 55 61 62 64 69 72 75 79 82 83 92 100
46 c 92 30 5 149 269 10 10 2 47 48 49 51 53 55 60 61 65 68 69 70 73 77 79 86 95 97 99 100
47 c 95 35 5 146 266 10 20 16 50 52 55 60 63 72 76 77 85 89 92 93
48 c 42 10 5 254 374 10 40 40 50 57 58 60 63 64 66 81 82 85 90 91 98
49 c 63 23 5 344 464 10 2 1 50 53 56 57 60 65 71 72 74 79 82 91 94 96
50 c 21 24 5 349 469 10 28 27 51 52 61 67 68 74 77 80 84 86 88 89 93 95 98
51 c 22 75 5 152 272 10 30 29 56 73 86 89 91 92 94 97 99
52 c 38 5 5 201 321 10 30 34 53 61 63 69 72 75 79 81 82 87 91 92 96 98 99
53 c 40 5 5 215 335 10 10 14 55 56 62 65 66 67 69 71 79 81 84 85 87 88 89 91 98
54 c 12 24 5 359 479 10 13 20 59 60 63 67 68 76 77 81 82 84 88 91 93 97 98
55 c 8 56 5 365 485 10 27 35 59 63 68 83 91 97 99
56 c 15 80 197 367 487 10 10 16 62 67 69 71 72 76 77 81 87 91 96 97 98 99 100
57 c 10 35 197 371 491 10 20 16 61 62 64 68 69 82 87 89 94 95 97
58 c 20 50 197 375 495 10 5 9 59 60 61 65 66 69 70 75 77 81 83 86 88 92 93 95 96 97
59 c 40 15 197 375 495 10 40 42 64 65 67 69 74 79 80 81 85 87 88 91 92
60 c 58 75 197 376 496 10 20 12 63 65 67 69 70 73 76 87 92 94 95 96 97 99
61 c 18 75 197 388 508 10 20 10 62 65 71 72 73 76 80 82 83 88 89 90 92 95 96 98
62 c 57 48 197 392 512 10 23 15 65 66 69 73 78 79 86 87 90 99 100
63 c 57 29 197 395 515 10 18 17 67 70 71 74 76 78 80 91 97 99
64 c 30 25 197 397 517 10 23 32 68 75 76 77 79 87 89 96 98 99
65 c 42 12 197 440 560 10 10 14 70 71 81 85 88 90 95
66 c 22 85 197 471 591 10 10 6 94 96 97 98
67 c 85 35 197 487 607 10 30 29 69 73 74 75 78 79 86 87 88 89 90 91 99
68 c 18 80 197 489 609 10 10 13 76 84 85 89 90 94 95 98 100
69 c 72 35 197 507 627 10 30 25 74 79 85 91 92 93 94 98
70 c 10 40 197 519 639 10 30 40 75 76 78 79 84 90 95 97 100
71 c 95 30 197 529 649 10 30 39 76 77 81 87 89 94 98 99
72 c 42 15 197 537 657 10 10 12 80 83 85 86 89 90 91 100
73 c 4 18 197 547 667 10 35 37 75 82 92 100
74 c 50 35 197 557 677 10 19 23 76 80 81 82 86 87 88 89 91 93 94 96 100
75 c 65 82 197 557 677 10 10 7 82 83 84 85 87 88 89 92 93 95
76 c 55 54 293 562 682 10 26 23 79 81 84 89 91 92 93 95 96 100
77 c 41 37 293 566 686 10 16 21 78 80 81 86 87 93 95
78 c 55 85 293 574 694 10 20 10 90 91 98
79 c 30 60 293 599 719 10 16 15 83 89 90
80 c 55 60 293 601 721 10 16 14 83 84 88 93 96 97 100
81 c 40 60 293 612 732 10 21 26 83 84 85 88 97 99
82 c 87 30 293 621 741 10 10 15 85 90 92 94 100
83 c 20 80 293 644 764 10 40 41 90 91 92 93 94 96 98
84 c 20 20 293 645 765 10 8 1 85 87 92 99
85 c 5 35 293 653 773 10 10 18 86 87 90 93 94 95 96 97 98
86 c 67 85 353 657 777 10 20 13 88 92 93 94 96
87 c 25 85 353 673 793 10 20 16 90 95 100
88 c 38 15 353 681 801 10 10 14 89 90 91 94 98 100
89 c 15 60 353 694 814 10 17 19 93 95 99 100
90 c 0 45 353 703 823 10 20 16 92 94 97 99
91 c 67 5 353 713 833 10 25 28 94 95 97 99
92 c 49 42 404 719 839 10 13 4 93 95 96 97 98
93 c 42 5 404 732 852 10 10 5 94 96 97
94 c 23 3 404 764 884 10 7 9 97 98 99
95 c 15 10 424 782 902 10 20 23 96 97
96 c 35 5 424 784 904 10 20 21 100
97 c 61 52 448 808 928 10 3 9 100
98 c 35 69 450 810 930 10 23 17 100
99 c 31 67 450 810 930 10 3 1 100
100 c 47 47 462 822 942 10 13 19

