StringID Type x y release ReadyTime DueDate ServiceTime weight volume Item_Conflitante1 Item_Conflitante2 Item_Conflitante3 Item_Conflitante4 Item_Conflitante5 Item_Conflitante6 Item_Conflitante7 Item_Conflitante8 Item_Conflitante9 Item_Conflitante10 Item_Conflitante11 Item_Conflitante12 Item_Conflitante13 Item_Conflitante14 Item_Conflitante15 Item_Conflitante16 Item_Conflitante17 Item_Conflitante18 Item_Conflitante19 Item_Conflitante20 Item_Conflitante21 Item_Conflitante22 Item_Conflitante23 Item_Conflitante24 Item_Conflitante25 Item_Conflitante26 Item_Conflitante27 Item_Conflitante28 Item_Conflitante29 Item_Conflitante30 Item_Conflitante31 Item_Conflitante32 Item_Conflitante33 Item_Conflitante34 Item_Conflitante35 Item_Conflitante36 Item_Conflitante37 Item_Conflitante38 Peso_Total Volume_Total
0 d 40 50 0 0 3390 0 0 0                                       700 700
1 c 5 45 91 1173 1493 90 10 19 2 3 6 7 12 19 28 31 34 43 46 47 49 51 53 54 57 59 63 66 69 72 75 76 80 81 85 88 95 99
2 c 2 40 91 891 1211 90 20 26 4 5 11 20 22 24 34 38 41 51 52 54 56 60 62 63 64 67 71 72 74 77 78 79 84 87 89 91 93 94 96
3 c 0 40 91 983 1303 90 30 24 4 5 6 9 10 11 14 17 18 22 25 26 28 32 35 42 48 51 62 63 65 67 68 70 80 82 83 93 95 96 100
4 c 0 45 91 1078 1398 90 20 23 5 12 22 24 26 34 38 39 40 41 44 46 47 49 54 58 62 64 65 66 69 75 80 90 91 93 96 99
5 c 48 20 91 887 1207 90 10 8 11 15 18 21 23 26 30 39 41 44 52 61 66 69 75 79 82 84 87 90 97
6 c 55 80 91 327 647 90 10 8 13 14 16 17 20 21 23 24 26 29 30 31 38 39 40 49 50 52 54 58 60 66 70 72 73 74 81 82 83 90 92
7 c 44 5 91 1176 1496 90 20 25 8 10 13 18 21 24 26 29 30 33 35 38 39 50 53 54 59 68 69 70 75 76 79 82 83 85 88 97 99
8 c 42 10 91 1080 1400 90 40 39 13 25 27 33 35 39 41 43 50 54 56 57 61 62 66 70 71 72 74 78 82 84 85 91 100
9 c 42 15 91 985 1305 90 10 8 14 21 22 24 25 26 33 36 38 40 42 50 54 57 58 60 61 63 64 66 70 76 79 83 85 87 93 96 98
10 c 40 5 91 1270 1590 90 30 35 20 25 26 29 36 37 38 40 50 52 55 62 66 68 69 70 77 84 86 87 88 90 92 93 96
11 c 38 5 91 1362 1682 90 30 26 18 19 22 23 24 30 39 40 41 43 47 50 52 53 54 59 66 71 72 74 75 76 77 79 81 85 87 88 93 95 97 98 100
12 c 50 30 91 321 641 90 10 15 14 16 17 21 23 24 37 40 43 44 52 54 56 57 58 64 66 67 69 70 71 72 78 79 81 84 85 90 96 97 98 100
13 c 50 35 91 40 360 90 20 21 16 18 23 24 28 29 32 34 36 39 58 60 61 63 69 71 73 74 75 78 80 82 85 86 87 88 89 95 100
14 c 50 40 91 14 334 90 50 59 18 19 20 26 28 30 34 35 38 40 43 44 45 46 49 52 54 55 58 61 63 64 65 67 69 70 73 74 75 78 81 85 86 90 92 93 95 99
15 c 48 30 91 413 733 90 10 15 17 18 25 28 29 35 42 44 48 49 55 58 66 71 73 78 79 84 87 90 91 92 93 96 97 99
16 c 44 25 91 791 1111 90 10 7 18 20 22 23 26 28 30 32 33 34 35 36 37 38 41 45 46 49 55 65 69 70 72 75 76 79 83 84 90 94 95 100
17 c 47 35 91 508 828 90 10 10 18 20 21 26 29 30 34 36 38 43 50 51 52 54 63 65 66 69 74 88 89 90 91 92 93 94 95 96 98 100
18 c 58 75 91 898 1218 90 20 15 20 22 24 26 29 30 34 42 44 45 46 48 49 50 56 58 61 62 67 69 70 72 75 76 78 81 86 91 93 94
19 c 60 85 91 517 837 90 30 39 20 22 23 25 27 33 34 35 37 41 42 43 46 47 49 50 62 71 76 78 90 93 95
20 c 62 80 91 801 1121 90 30 25 24 26 29 34 36 47 53 54 57 69 74 79 81 83 84 89 91 92 94 95 97 98 100
21 c 65 82 91 708 1028 90 10 18 24 26 32 33 35 36 39 42 43 46 51 55 56 65 67 69 71 75 80 87 88 92 96
22 c 42 58 91 8 328 90 40 44 26 27 32 36 46 47 48 51 54 67 68 75 76 79 80 83 93 96 97 100
23 c 67 85 91 614 934 90 20 27 27 30 34 35 41 43 54 60 61 62 68 73 76 77 78 81 84 85 87 90 96
24 c 5 35 91 796 1116 90 10 4 25 26 30 40 41 44 48 51 57 62 66 70 72 75 81 86 88 92 96 97 98
25 c 60 60 91 1371 1691 90 10 1 31 32 34 35 36 40 43 44 50 51 52 53 55 56 58 60 62 64 66 69 70 74 90
26 c 45 65 91 38 358 90 20 26 33 39 40 41 42 46 47 48 50 51 53 56 59 60 62 69 76 77 80 84 85 95 96 97
27 c 53 35 91 133 453 90 50 50 40 41 42 45 50 57 58 63 64 67 73 75 80 81 86 91 94 95 99
28 c 53 30 91 228 548 90 10 16 30 31 36 37 38 41 43 46 47 48 49 51 53 54 55 61 62 65 68 69 70 73 74 76 78 82 83 84 90 98 100
29 c 45 35 91 600 920 90 10 4 30 31 34 41 49 55 62 63 65 67 69 70 73 76 78 82 83 86 90 94 98
30 c 42 30 91 696 1016 90 10 20 33 34 36 41 47 49 50 52 53 54 58 66 69 70 72 73 75 81 83 86 88 89 92 99 100
31 c 47 40 91 12 332 90 10 6 33 34 36 37 42 43 44 46 49 56 59 63 69 74 77 82 86 94 95 99
32 c 56 64 91 1275 1595 90 10 10 35 37 38 41 43 44 45 46 47 49 52 56 62 63 67 70 74 80 82 86 98 100
33 c 8 45 91 1266 1586 90 20 29 38 39 40 42 44 46 49 51 55 56 58 59 60 62 66 69 73 75 88 89 92 96 98 100
34 c 55 85 91 422 742 90 20 25 37 41 43 44 46 53 57 61 62 67 68 74 79 80 94 99
35 c 10 40 91 513 833 90 30 35 37 42 47 48 54 56 59 60 61 67 73 74 76 77 79 80 82 83 89 90 95 96
36 c 30 50 91 10 330 90 10 10 38 43 44 50 51 53 61 62 75 81 93 95 99
37 c 28 52 91 12 332 90 20 13 38 42 45 52 56 57 61 63 66 67 68 70 71 74 80 81 85 88 89 92 93 98
38 c 25 50 91 36 356 90 10 4 39 42 48 53 55 57 59 61 63 70 72 78 79 82 86 88 94 95 96 100
39 c 23 52 91 129 449 90 10 4 41 42 43 46 48 50 52 57 61 66 73 75 77 84 90 93 95
40 c 16 42 91 417 737 90 20 18 41 46 57 60 61 64 67 70 73 78 82 83 86 91
41 c 42 65 91 15 335 90 10 7 43 44 46 49 50 52 54 56 58 61 62 64 71 72 75 77 79 80 81 84 89 90 92 98 100
42 c 60 66 91 1181 1501 90 10 2 46 47 49 51 54 56 57 59 62 63 66 68 71 72 83 86 92 94 95 99
43 c 58 70 91 993 1313 90 20 30 44 49 52 53 54 59 60 70 71 75 76 79 83 84 88 91 92
44 c 8 40 91 605 925 90 40 47 45 48 50 52 54 56 58 64 66 68 69 70 73 83 84 94 96
45 c 45 70 91 133 453 90 30 21 46 47 50 51 53 57 58 60 61 62 64 76 79 82 83 85 86 91 92 93 97 99
46 c 10 35 91 701 1021 90 20 28 48 55 57 59 65 66 68 69 73 75 79 83 86 89 94 95
47 c 52 75 91 231 551 90 10 5 49 53 54 57 58 59 60 61 70 72 73 74 76 77 80 83 87 93 98 100
48 c 4 55 91 1367 1687 90 20 13 52 57 62 65 68 69 75 76 82 84 90 96
49 c 20 50 91 318 638 90 10 7 50 51 52 55 58 62 63 64 65 70 71 72 78 81 83 84 86 94 97
50 c 62 69 91 1087 1407 90 10 18 52 58 60 62 67 69 71 72 73 76 77 82 88 91 95 97
51 c 20 55 91 223 543 90 10 6 52 55 59 63 65 66 76 77 80 81 94 95 96 97
52 c 35 5 91 1455 1775 90 20 26 53 57 58 59 60 62 69 74 75 76 77 83 86 87 88 90 91 92 95 97 100
53 c 8 62 91 1465 1785 90 10 18 57 60 64 67 77 79 83 88 93 96
54 c 65 60 91 1466 1786 90 30 29 58 63 67 68 70 71 72 79 88 92 95 96 99 100
55 c 38 10 866 1550 1870 90 10 13 56 58 60 68 70 76 79 82 85 87 92 95 98 100
56 c 70 58 866 1561 1881 90 20 20 57 59 60 64 65 67 72 73 74 76 77 80 81 92 93 99
57 c 14 66 866 1563 1883 90 10 1 59 62 63 64 75 79 82 83 85 88 93 99
58 c 38 15 866 1645 1965 90 40 30 77 78 80 97
59 c 66 55 866 1656 1976 90 10 9 60 61 65 66 71 73 74 77 81 89 95 96
60 c 15 75 866 1662 1982 90 20 29 72 74 81 83 84 85 87 90 91 96 99 100
61 c 36 18 866 1739 2059 90 10 7 62 72 75 76 77 79 81 86 91 92 94 99
62 c 72 55 866 1752 2072 90 10 2 75 76 77 78 80 86
63 c 15 80 866 1757 2077 90 10 7 71 72 77 89 90 96 97 99
64 c 32 20 866 1833 2153 90 10 8 65 66 71 77 78 79 83 84 89 93 94 99
65 c 75 55 866 1845 2165 90 20 30 73 78 79 81 82 83 87 90 94 96 98
66 c 20 85 866 1854 2174 90 40 40 67 74 75 76 81 84 85 88 92 93 95
67 c 34 25 866 1929 2249 90 30 28 69 72 79 80 83 85 94 95 96 98
68 c 22 85 866 1946 2266 90 10 19 71 72 78 86 87 89 90 93 96
69 c 86 46 866 1949 2269 90 30 36 70 71 72 76 78 80 81 85 89 92 94 98
70 c 30 30 866 2025 2345 90 10 12 71 75 76 79 83 86 88 91 96 99 100
71 c 25 85 866 2039 2359 90 20 10 72 73 74 76 77 79 91 95 97 98
72 c 90 35 866 2051 2371 90 10 3 75 76 77 79 81 83 89 94 95 98
73 c 25 30 866 2120 2440 90 10 10 74 76 79 84 89 92 93 98
74 c 20 80 866 2136 2456 90 40 41 75 78 82 83 85 88 91 96 97
75 c 95 35 866 2146 2466 90 20 14 78 79 81 84 85 86 87 90 93 94 95 98 99 100
76 c 26 32 866 2212 2532 90 10 3 79 81 82 92
77 c 18 75 866 2231 2551 90 20 18 79 80 84 86 89 91 93 96
78 c 95 30 866 2241 2561 90 30 24 79 81 82 84 85 86 90 92 94 95 96 97 98 99 100
79 c 25 35 1248 2305 2625 90 10 18 80 87 88 92 94 95 96
80 c 22 75 1248 2325 2645 90 30 21 81 84 86 89 90 91 92 93 99
81 c 92 30 1248 2334 2654 90 10 11 83 85 90 98
82 c 30 35 1248 2400 2720 90 10 2 83 92 93 96 98 100
83 c 22 66 1248 2424 2744 90 40 32 85 86 89 90 93 97
84 c 85 25 1248 2433 2753 90 10 3 87 90 94 95 97 98 100
85 c 33 35 1248 2493 2813 90 10 9 86 88 89 94 97
86 c 28 70 1248 2521 2841 90 10 10 87 90 96 100
87 c 87 30 1248 2528 2848 90 10 7 88 90 93
88 c 33 32 1248 2586 2906 90 20 18 95 96 97
89 c 35 69 1248 2618 2938 90 10 16 100
90 c 85 35 1248 2623 2943 90 30 21 92 100
91 c 35 32 1445 2678 2998 90 10 11 93 94 96 98 99 100
92 c 35 66 1445 2711 3031 90 10 1 93 94 97 100
93 c 78 40 1445 2722 3042 90 20 12 95
94 c 36 40 1445 2776 3096 90 10 4 100
95 c 34 60 1445 2807 3127 90 20 22 96 99 100
96 c 72 45 1445 2820 3140 90 10 11 99 100
97 c 30 56 1546 2903 3223 90 20 30 100
98 c 62 40 1546 2921 3241 90 10 7
99 c 64 46 1580 2955 3275 90 20 13
100 c 60 55 1584 2959 3279 90 10 10

