StringID Type x y release ReadyTime DueDate ServiceTime weight volume Item_Conflitante1 Item_Conflitante2 Item_Conflitante3 Item_Conflitante4 Item_Conflitante5 Item_Conflitante6 Item_Conflitante7 Item_Conflitante8 Item_Conflitante9 Item_Conflitante10 Item_Conflitante11 Item_Conflitante12 Peso_Total Volume_Total
0 d 40 50 0 0 3390 0 0 0             700 700
1 c 5 35 90 666 1245 90 10 8 19 20 38 71 79 82 95
2 c 5 45 90 1076 1589 90 10 1 7 39 60 62 80 84 86
3 c 2 40 90 772 1329 90 20 26 16 17 69 71 84
4 c 0 40 90 890 1395 90 30 30 9 13 26 32 37 51 75 79 86 88
5 c 0 45 90 1036 1439 90 20 13 23 29 31 36 56 67
6 c 48 20 90 812 1281 90 10 11 9 68 77 85 86 95
7 c 55 80 90 272 701 90 10 20 24 34 40 49 50 54 98
8 c 44 5 90 1078 1593 90 20 14 26 39 50 52 53 58 81
9 c 42 10 90 998 1481 90 40 49 15 35 42 58 69 74 76 80 89 94
10 c 42 15 90 897 1392 90 10 8 14 20 51 93 98
11 c 40 5 90 1199 1660 90 30 32 39 40 67 74 77 92
12 c 50 30 90 223 738 90 10 2 36 44 56 59 86
13 c 50 35 90 18 474 90 20 28 33 39 41 61 67 81 99
14 c 50 40 90 14 360 90 50 59 42 66 67 88 96
15 c 48 30 90 246 899 90 10 16 27 30 37 39 41 49 56 70 82 92
16 c 44 25 90 704 1197 90 10 15 21 24 44 63 75 84 86 91 93
17 c 47 35 90 393 942 90 10 18 19 28 69 71 79 84 99
18 c 47 40 90 12 424 90 10 13 38 48 65 82 84 89 99
19 c 42 30 90 641 1070 90 10 17 23 24 31 43 48 58 65 67 72 81 97 99
20 c 45 35 90 534 985 90 10 12 33 34 39 42 47 67 86 88
21 c 53 30 90 131 644 90 10 9 40 54 59 83 97
22 c 53 35 90 87 498 90 50 47 26 27 29 41 45 66
23 c 45 65 90 15 607 90 20 30 38 75 80 97
24 c 67 85 90 518 1029 90 20 19 25 28 37 50 77 92
25 c 42 58 90 8 509 90 40 47 65 72 74 94 95
26 c 65 82 90 549 1186 90 10 4 70 72 77 89 96
27 c 62 80 90 744 1177 90 30 21 38 39 42 52 55 73 75 81 96
28 c 60 85 90 397 956 90 30 39 34 90 91 94
29 c 58 75 90 839 1276 90 20 26 30 36 40 67 83
30 c 8 45 90 1190 1661 90 20 13 36 49 63 70 86 88 100
31 c 8 40 90 499 1030 90 40 35 46 50 89 92
32 c 55 85 90 373 790 90 20 17 67 77 85 90
33 c 10 35 90 585 1136 90 20 16 41 46 48 58 70 80 81 86 99
34 c 20 55 90 170 595 90 10 13 54 73 89
35 c 20 50 90 168 787 90 10 8 37 40 41 64 75 99
36 c 10 40 90 448 897 90 30 37 41 46 49 50 66 70 83 85 98 99
37 c 23 52 90 93 484 90 10 1 63 76
38 c 30 50 90 10 645 90 10 8 43 45 64 66 74 85 86 96
39 c 52 75 90 213 568 90 10 17 58 67 77 83
40 c 58 70 90 965 1340 90 20 18 49 66 68 75 88 96
41 c 45 70 90 22 563 90 30 36 57 68 74 86 97
42 c 62 69 90 1030 1463 90 10 8 51 58 96 99
43 c 60 66 90 1154 1527 90 10 15 62 70 71 86 97
44 c 28 52 90 12 505 90 20 14 47 58 67 68 71 95
45 c 25 50 90 23 368 90 10 12 47 60 62 66 80 84
46 c 42 65 90 15 402 90 10 3 48 53
47 c 16 42 90 331 822 90 20 21 51 57 67 70 77 80 89
48 c 60 60 90 1349 1712 90 10 2 51 84
49 c 56 64 90 1116 1753 90 10 20 60 67 76 87
50 c 38 5 90 1263 1780 90 30 37 51 55 62 92
51 c 4 55 90 1268 1785 90 20 21 54 58 60 64 85 91
52 c 35 5 849 1325 1904 90 20 27 54 81 86 92
53 c 65 60 849 1338 1913 90 30 37 54 89 91 93 94
54 c 8 62 849 1330 1919 90 10 16 55 56 66 68 85 88 91
55 c 38 10 849 1498 1921 90 10 18 77 97
56 c 14 66 849 1519 1926 90 10 1 73
57 c 70 58 849 1513 1928 90 20 29 78
58 c 66 55 849 1604 2027 90 10 9 70 85 90
59 c 38 15 849 1552 2057 90 40 44 77
60 c 15 75 849 1560 2083 90 20 14 66 74 77
61 c 15 80 849 1689 2144 90 10 4 67 69 74 80
62 c 36 18 849 1612 2185 90 10 2 65 70 99 100
63 c 75 55 849 1783 2226 90 20 28 71 97
64 c 72 55 849 1591 2232 90 10 4 71 81 97
65 c 32 20 849 1745 2240 90 10 6 74 82
66 c 20 85 849 1763 2264 90 40 45 80 82
67 c 34 25 849 1884 2293 90 30 30 89 95
68 c 22 85 849 1846 2365 90 10 11 70 74 78 87 90
69 c 86 46 849 1829 2388 90 30 29 74 88
70 c 25 85 849 1985 2412 90 20 15 74 86 87
71 c 90 35 849 2002 2419 90 10 4 93
72 c 30 30 849 1932 2437 90 10 12 74 91 99
73 c 20 80 849 2077 2514 90 40 44 79 86
74 c 95 35 849 2079 2532 90 20 22 78 88 98
75 c 25 30 849 2015 2544 90 10 3 76 94
76 c 18 75 1257 2143 2638 90 20 29 79 86
77 c 22 75 1257 2310 2659 90 30 24
78 c 95 30 1257 2119 2682 90 30 28 82 99
79 c 26 32 1257 2018 2725 90 10 9 91 95
80 c 25 35 1257 2201 2728 90 10 20 89 93
81 c 30 35 1257 2348 2771 90 10 19 82 87 92 98
82 c 22 66 1257 2380 2787 90 40 30
83 c 85 25 1257 2369 2816 90 10 17 86 90 92 96 100
84 c 92 30 1257 2169 2818 90 10 1 86 87 98
85 c 33 35 1257 2463 2842 90 10 20 97
86 c 87 30 1257 2505 2870 90 10 4 90 95
87 c 35 69 1257 2603 2952 90 10 12 90
88 c 33 32 1418 2529 2962 90 20 27 91
89 c 28 70 1418 2385 2976 90 10 3 91 93
90 c 85 35 1418 2563 3002 90 30 34 98
91 c 35 32 1418 2599 3076 90 10 1 93
92 c 35 66 1418 2628 3113 90 10 13 95
93 c 36 40 1469 2715 3156 90 10 19 95 98
94 c 78 40 1469 2599 3164 90 20 23 97
95 c 72 45 1585 2701 3258 90 10 8 100
96 c 62 40 1585 2713 3275 90 10 11
97 c 64 46 1585 2976 3275 90 20 23 98
98 c 60 55 1585 2789 3279 90 10 12 99
99 c 34 60 1585 2653 3280 90 20 29
100 c 30 56 1593 2675 3288 90 20 24

