StringID Type x y release ReadyTime DueDate ServiceTime weight volume Item_Conflitante1 Item_Conflitante2 Item_Conflitante3 Item_Conflitante4 Item_Conflitante5 Item_Conflitante6 Item_Conflitante7 Item_Conflitante8 Item_Conflitante9 Item_Conflitante10 Item_Conflitante11 Item_Conflitante12 Item_Conflitante13 Peso_Total Volume_Total
0 d 40 50 0 0 3390 0 0 0              700 700
1 c 5 35 0 377 1534 90 10 1 16 19 33 34 41 58 63 71 76 90 91 100
2 c 2 40 0 494 1607 90 20 13 5 25 32 74 79 87
3 c 0 40 0 637 1648 90 30 35 8 10 27 95
4 c 0 45 0 834 1641 90 20 11 27 56 61 74 79 100
5 c 48 20 0 812 1281 90 10 20 6 8 18 23 26 45 46 64 81 84 100
6 c 55 80 0 379 594 90 10 1 34 43 68
7 c 44 5 0 1078 1593 90 20 11 12 28 39 49 52 83 99
8 c 42 10 0 998 1481 90 40 33 14 19 27 35 63 90
9 c 42 15 0 897 1392 90 10 18 56 57 58 85 100
10 c 50 30 0 223 738 90 10 4 14 38 55 76 82 87
11 c 50 35 0 18 474 90 20 26 46 52 53 72 74 81 82 92
12 c 50 40 0 14 360 90 50 56 15 25 41 91 97
13 c 48 30 0 246 899 90 10 11 24 32 37 50 61 68 73
14 c 44 25 0 704 1197 90 10 17 33 38 57 65 93
15 c 47 35 0 393 942 90 10 8 22 31 34 45 47 52 57 85 100
16 c 47 40 0 12 424 90 10 18 17 22 26 30 45 54 63 65 79 85 98
17 c 42 30 0 641 1070 90 10 20 24 34 38 58 67 78 81 95 97 98
18 c 45 35 0 534 985 90 10 11 19 21 23 34 37 40 44 48 54 57 66 67 68
19 c 53 30 0 131 644 90 10 15 28 30 35 39 77 83 90 99
20 c 53 35 0 87 498 90 50 47 39 40 42 45 60 62 69 74 84 86
21 c 45 65 0 49 346 90 20 29 23 24 42 48 95
22 c 56 64 0 1275 1594 90 10 7 23 38 42 49 55 65 96
23 c 60 60 0 1440 1621 90 10 3 28 33 45 68 76 79 81
24 c 67 85 0 646 901 90 20 27 26 37 42 52 60 66 94 97
25 c 42 58 0 8 258 90 40 41 46 48 49 58 61 78 82 83 89
26 c 65 82 0 708 1027 90 10 5 27 45 48 60 86 95
27 c 62 80 0 852 1069 90 30 23 43 57 70 79 80
28 c 60 85 0 537 816 90 30 21 45 55 74 81
29 c 58 75 0 948 1167 90 20 20 33 41 45 52 59 74 78 80
30 c 8 40 0 234 1295 90 40 43 42 46 49 50 54 59 61 75 88 90 96
31 c 10 40 0 336 1009 90 30 31 32 50 58 59 66 73 87 99
32 c 55 85 0 477 686 90 20 18 41 57 62 73 84 88 89 98
33 c 20 55 0 63 702 90 10 20 34 47 57 58 61
34 c 10 35 0 309 1412 90 20 11 35 41 48 75 78 79 90 93 97
35 c 30 50 0 10 963 90 10 19 55 60 65 71 83
36 c 58 70 0 1059 1246 90 20 23 83
37 c 25 50 0 15 532 90 10 13 44 68 70 90 92
38 c 16 42 0 209 944 90 20 22 45 60 71 84 86
39 c 42 65 0 15 208 90 10 11 40 53 81 85 98
40 c 60 66 0 1247 1434 90 10 9 42 51 60 64 70 89 92 96
41 c 62 69 0 1138 1355 90 10 10 63 66 73 96
42 c 28 52 0 12 752 90 20 24 79 95 98
43 c 52 75 0 302 479 90 10 7 72 73 78 98
44 c 20 50 0 20 948 90 10 20 56 72 78 85
45 c 45 70 0 157 428 90 30 39 51 61 62 78 92 94
46 c 23 52 0 17 602 90 10 16 58 63 68 89 97
47 c 65 60 820 1482 1769 90 30 24 60 62 63 72
48 c 40 5 820 1083 1776 90 30 21 68 77 83 87 95 99
49 c 70 58 820 1617 1824 90 20 20 68 69 74 75 90 97
50 c 5 45 820 819 1846 90 10 3 63 70 81 93 97
51 c 8 45 820 954 1897 90 20 26 56 64 90
52 c 38 5 820 1133 1910 90 30 25 59 63 66 69 79 85
53 c 66 55 820 1710 1921 90 10 17 70 85
54 c 38 10 820 1392 2027 90 10 20 81 89 90
55 c 4 55 820 1010 2043 90 20 30 64 67 72 92 96 99
56 c 35 5 820 1180 2049 90 20 25 59 67 92 100
57 c 72 55 820 1751 2072 90 10 10 78 81
58 c 75 55 820 1894 2115 90 20 13 60 64 76 79 82 87 93 100
59 c 14 66 820 1316 2129 90 10 18 83 84
60 c 38 15 820 1426 2183 90 40 30 80 90
61 c 8 62 820 1036 2213 90 10 15 72 76 82 89
62 c 86 46 820 1969 2248 90 30 26 63
63 c 90 35 820 2106 2315 90 10 12 70 91
64 c 36 18 820 1468 2329 90 10 20 69 72 75 81
65 c 15 75 820 1299 2344 90 20 15 80 81 91 92
66 c 32 20 820 1621 2364 90 10 12 69 92 96
67 c 15 80 820 1461 2372 90 10 7 84 94
68 c 34 25 820 1782 2395 90 30 23 81 82 85 92
69 c 95 35 820 2192 2419 90 20 17
70 c 20 85 820 1512 2515 90 40 40 77 86 91 97
71 c 30 30 1206 1805 2564 90 10 10 78 84 88 89 90 94
72 c 22 85 1206 1586 2625 90 10 7 75 86
73 c 25 85 1206 1772 2625 90 20 24 76 79 82
74 c 25 30 1206 1883 2676 90 10 15
75 c 95 30 1206 2119 2682 90 30 31 83
76 c 20 80 1206 1858 2733 90 40 45 83
77 c 85 25 1206 2369 2816 90 10 20 84 96 98
78 c 92 30 1206 2169 2818 90 10 6
79 c 22 75 1206 2135 2834 90 30 33 95
80 c 25 35 1206 2070 2859 90 10 14 88 98 99
81 c 87 30 1206 2505 2870 90 10 12 87
82 c 30 35 1206 2242 2877 90 10 17 84 90
83 c 18 75 1206 1895 2886 90 20 13 89 100
84 c 26 32 1206 1842 2901 90 10 18
85 c 33 35 1375 2368 2937 90 10 15 100
86 c 22 66 1375 2177 2990 90 40 38 95 100
87 c 85 35 1375 2563 3002 90 30 24 92 96 97 98 99
88 c 33 32 1375 2421 3070 90 20 14
89 c 35 69 1500 2428 3127 90 10 1 90
90 c 78 40 1500 2599 3164 90 20 22
91 c 35 32 1500 2480 3195 90 10 13
92 c 72 45 1584 2701 3258 90 10 3
93 c 36 40 1584 2605 3266 90 10 1 98
94 c 28 70 1584 2090 3271 90 10 20
95 c 62 40 1584 2713 3275 90 10 2
96 c 64 46 1584 2976 3275 90 20 15 97 98 99
97 c 60 55 1584 2789 3279 90 10 14
98 c 35 66 1588 2311 3283 90 10 12
99 c 34 60 1593 2035 3288 90 20 26
100 c 30 56 1593 2062 3288 90 20 19

