StringID Type x y release ReadyTime DueDate ServiceTime weight volume Item_Conflitante1 Item_Conflitante2 Item_Conflitante3 Item_Conflitante4 Item_Conflitante5 Item_Conflitante6 Item_Conflitante7 Item_Conflitante8 Item_Conflitante9 Item_Conflitante10 Peso_Total Volume_Total
0 d 40 50 0 0 3390 0 0 0           700 700
1 c 5 45 91 1173 1493 90 10 19 3 34 39 41 52 55 64 81 89 99
2 c 2 40 91 891 1211 90 20 26 13 24 29 33 39 60 69 76 98 99
3 c 0 40 91 983 1303 90 30 24 9 19 28 29 76 78 89 96
4 c 0 45 91 1078 1398 90 20 23 54 78 80 90
5 c 48 20 91 887 1207 90 10 8 42 46 53
6 c 55 80 91 327 647 90 10 8 10 13 37 59 66 69 71 76 89
7 c 44 5 91 1176 1496 90 20 25 11 19 20 88
8 c 42 10 91 1080 1400 90 40 39 10 21 22 24 32 39 48
9 c 42 15 91 985 1305 90 10 8 14 35 36 54 58 61 62 75 81 83
10 c 40 5 91 1270 1590 90 30 35 13 18 26 28 49 71
11 c 38 5 91 1362 1682 90 30 26 13 19 26 48 51 55 75 87 97
12 c 50 30 91 321 641 90 10 15 20 23 38 64 94
13 c 50 35 91 40 360 90 20 21 34 49 58
14 c 50 40 91 14 334 90 50 59 17 18 26 28 30 45 49 58 62
15 c 48 30 91 413 733 90 10 15 33 58
16 c 44 25 91 791 1111 90 10 7 17 26 52 62 77 96
17 c 47 35 91 508 828 90 10 10 30 40 51 66 71 79 83 84 86
18 c 58 75 91 898 1218 90 20 15 34 36 41 43 53 82 84
19 c 60 85 91 517 837 90 30 39 29 30 49 52 58 73 99
20 c 62 80 91 801 1121 90 30 25 28 43 45 52 92 100
21 c 65 82 91 708 1028 90 10 18 69 83 84 85 90 95
22 c 42 58 91 8 328 90 40 44 23 32 37 48 51
23 c 67 85 91 614 934 90 20 27 28 52
24 c 5 35 91 796 1116 90 10 4 42 45 59 71 81 93
25 c 60 60 91 1371 1691 90 10 1 26 45 53 59 88 92
26 c 45 65 91 38 358 90 20 26 49 65 86 93 100
27 c 53 35 91 133 453 90 50 50 48 59 61 76 79 80 94 97 99
28 c 53 30 91 228 548 90 10 16 54 59 68 77 86 88
29 c 45 35 91 600 920 90 10 4 30 34 42 48 57 84
30 c 42 30 91 696 1016 90 10 20 37 50 72
31 c 47 40 91 12 332 90 10 6 82 85
32 c 56 64 91 1275 1595 90 10 10 58 67 70 71 82 83 90
33 c 8 45 91 1266 1586 90 20 29 58 67 71 77 91
34 c 55 85 91 422 742 90 20 25 60 70 72 85 91
35 c 10 40 91 513 833 90 30 35 42 63 73
36 c 30 50 91 10 330 90 10 10 52 56 74 76 81 93
37 c 28 52 91 12 332 90 20 13 39 55 56 58 66 95 98 99
38 c 25 50 91 36 356 90 10 4 48 64 93 95 96 98
39 c 23 52 91 129 449 90 10 4 41 46 57 58 68 81 88 89 90 92
40 c 16 42 91 417 737 90 20 18 45 46 47 48 57 60 67 74
41 c 42 65 91 15 335 90 10 7 53 67 68 69 75 80 85
42 c 60 66 91 1181 1501 90 10 2 67 71 78 86
43 c 58 70 91 993 1313 90 20 30 49 63 70 84 93 100
44 c 8 40 91 605 925 90 40 47 51 60 89
45 c 45 70 91 133 453 90 30 21 47 57 85 86 87 88
46 c 10 35 91 701 1021 90 20 28 51 67 72 79 82 87
47 c 52 75 91 231 551 90 10 5 98
48 c 4 55 91 1367 1687 90 20 13 65 71 72 82 94
49 c 20 50 91 318 638 90 10 7 55 56 68 76 77 81
50 c 62 69 91 1087 1407 90 10 18 54 75 89
51 c 20 55 91 223 543 90 10 6 70 99
52 c 35 5 91 1455 1775 90 20 26 65 95
53 c 8 62 91 1465 1785 90 10 18 55 60 67 72 73 83 89
54 c 65 60 91 1466 1786 90 30 29 85 87 96
55 c 38 10 866 1550 1870 90 10 13 74 77 98
56 c 70 58 866 1561 1881 90 20 20 59 68 77 78 94 99
57 c 14 66 866 1563 1883 90 10 1 68 92
58 c 38 15 866 1645 1965 90 40 30 70 72 74 96
59 c 66 55 866 1656 1976 90 10 9 65 70 77 78 84 85 97
60 c 15 75 866 1662 1982 90 20 29 62 93
61 c 36 18 866 1739 2059 90 10 7 84 88
62 c 72 55 866 1752 2072 90 10 2 68
63 c 15 80 866 1757 2077 90 10 7 66 69
64 c 32 20 866 1833 2153 90 10 8 69 74
65 c 75 55 866 1845 2165 90 20 30 67 76 83
66 c 20 85 866 1854 2174 90 40 40 82 88 99
67 c 34 25 866 1929 2249 90 30 28 81 92
68 c 22 85 866 1946 2266 90 10 19 75 80 83 89 99
69 c 86 46 866 1949 2269 90 30 36 72
70 c 30 30 866 2025 2345 90 10 12 71 89 94
71 c 25 85 866 2039 2359 90 20 10 98
72 c 90 35 866 2051 2371 90 10 3 96
73 c 25 30 866 2120 2440 90 10 10 74 89 100
74 c 20 80 866 2136 2456 90 40 41 76 81 88
75 c 95 35 866 2146 2466 90 20 14 81 87 94
76 c 26 32 866 2212 2532 90 10 3 83
77 c 18 75 866 2231 2551 90 20 18 83 94
78 c 95 30 866 2241 2561 90 30 24 87
79 c 25 35 1248 2305 2625 90 10 18 82
80 c 22 75 1248 2325 2645 90 30 21 86 90 94 96 100
81 c 92 30 1248 2334 2654 90 10 11 92 100
82 c 30 35 1248 2400 2720 90 10 2 83 95
83 c 22 66 1248 2424 2744 90 40 32 84 100
84 c 85 25 1248 2433 2753 90 10 3 90
85 c 33 35 1248 2493 2813 90 10 9 96
86 c 28 70 1248 2521 2841 90 10 10
87 c 87 30 1248 2528 2848 90 10 7 89
88 c 33 32 1248 2586 2906 90 20 18
89 c 35 69 1248 2618 2938 90 10 16 97
90 c 85 35 1248 2623 2943 90 30 21
91 c 35 32 1445 2678 2998 90 10 11
92 c 35 66 1445 2711 3031 90 10 1
93 c 78 40 1445 2722 3042 90 20 12
94 c 36 40 1445 2776 3096 90 10 4
95 c 34 60 1445 2807 3127 90 20 22 98
96 c 72 45 1445 2820 3140 90 10 11 97
97 c 30 56 1546 2903 3223 90 20 30 100
98 c 62 40 1546 2921 3241 90 10 7
99 c 64 46 1580 2955 3275 90 20 13
100 c 60 55 1584 2959 3279 90 10 10

