StringID Type x y release ReadyTime DueDate ServiceTime weight volume Item_Conflitante1 Item_Conflitante2 Item_Conflitante3 Item_Conflitante4 Item_Conflitante5 Item_Conflitante6 Item_Conflitante7 Item_Conflitante8 Item_Conflitante9 Item_Conflitante10 Item_Conflitante11 Peso_Total Volume_Total
0 d 40 50 0 0 240 0 0 0            200 200
1 c 38 5 0 65 95 10 30 31 15 35 37 53 79 82 94
2 c 45 30 0 53 83 10 17 14 26 35 36 37 51 52 58 59 74 77 89
3 c 65 20 0 39 69 10 6 15 12 13 29 75 80 96
4 c 65 35 0 52 82 10 3 4 15 34 46 55 62 86
5 c 95 35 0 62 92 10 20 26 23 31 32 42 64 80 93
6 c 92 30 0 62 92 10 10 13 10 24 39 79 81 84
7 c 90 35 0 67 97 10 10 7 9 17 39 43 47 52 54 55 90 94
8 c 88 30 0 74 104 10 10 16 10 23 27 36 38 44 57 64 70 87
9 c 35 40 0 11 41 10 16 8 38 55 61 68 96 99
10 c 45 65 0 66 96 10 9 1 15 26 41 42 82 90 91
11 c 55 20 0 83 113 10 19 19 20 33 34 47 75 80
12 c 26 35 0 77 107 10 15 5 48 59 68 72
13 c 65 85 0 43 73 10 40 50 33 39 50 84
14 c 2 45 0 45 75 10 10 14 24 28 45 53 56 57 66 77 80 81
15 c 62 80 0 75 105 10 30 20 16 23 52 61 74 83 86
16 c 60 80 0 37 67 10 10 5 20 22 49 72
17 c 60 85 0 85 115 10 30 28 18 19 24 35 63 90
18 c 20 82 0 37 67 10 10 19 25 34 39 51 56 73 74 91 93
19 c 85 25 0 51 81 10 10 6 33 36 72 81
20 c 55 80 0 33 63 10 10 13 22 28 43 60 64 75
21 c 64 42 0 70 100 10 9 8 22 45 58 65 95
22 c 42 10 0 72 102 10 40 50 74 97
23 c 49 58 0 86 116 10 10 5 29 42 65 72 99
24 c 21 24 0 87 117 10 28 19 36 46 52 53 61 84 93 94 95 98
25 c 6 68 0 89 119 10 30 21 26 30 35 44 68 79
26 c 8 56 0 90 120 10 27 32 30 34 40 47 49 51 76 79 83 85 89
27 c 60 12 0 75 105 10 31 33 43 49 79 91 93 100
28 c 2 60 0 77 107 10 5 12 44 78 79 87 89 92 93
29 c 53 43 0 14 44 10 14 7 47 48 60 63 76 84
30 c 31 52 0 41 71 10 27 29 42 44 51 70 81 90
31 c 55 82 0 64 94 10 10 9 54 59 66 74 76 84
32 c 8 40 0 59 89 10 40 43 33 39 43 86 93
33 c 37 47 0 86 116 10 6 1 38 39 60 74 80 85 92
34 c 65 55 0 65 95 10 14 11 47 49 55 68
35 c 5 45 0 35 65 10 10 10 50 52 80 91
36 c 2 40 0 58 88 10 20 23 41 50 63 67 69 78 87 90
37 c 0 40 0 72 102 10 20 28 38 50 52 56 76
38 c 24 58 0 67 97 10 19 27 43 54 57 85 86
39 c 44 5 0 87 117 10 20 25 57 65 80
40 c 12 24 0 90 120 10 13 22 51 55 66
41 c 10 35 14 91 121 10 20 16 45 91 92
42 c 15 80 14 91 121 10 10 18 44 54 59 62 63 66 67 86 95
43 c 20 50 14 91 121 10 5 11 46 54 69 81
44 c 58 75 14 92 122 10 20 12 71
45 c 40 15 14 92 122 10 40 40 48
46 c 18 75 14 95 125 10 20 30 65 68 76 91
47 c 57 29 14 96 126 10 18 20 61 67 69 96
48 c 30 25 14 96 126 10 23 33 66 69 73 76 82 96
49 c 42 12 14 104 134 10 10 5 62 70
50 c 18 80 32 113 143 10 10 7 61 67 71 77 82 85 93 94
51 c 10 40 32 119 149 10 30 36 61 62 64 98
52 c 4 18 32 120 150 10 35 40 55 57 90 92 95
53 c 42 15 32 122 152 10 10 2 54 76 83
54 c 55 85 43 128 158 10 20 30 62 97
55 c 50 35 43 130 160 10 19 22 68
56 c 87 30 43 131 161 10 10 12 63 73 79 89 97
57 c 41 37 43 133 163 10 16 12 72 77 87 99 100
58 c 55 60 49 139 169 10 16 14 87 89 90 92
59 c 67 85 49 139 169 10 20 10
60 c 30 60 51 140 170 10 16 15 65 74 82
61 c 20 20 51 141 171 10 8 1 63 64 87
62 c 95 30 51 0 171 10 30 28 100
63 c 20 80 51 141 171 10 40 32 66 68 73
64 c 5 35 60 142 172 10 10 5 79 80 95
65 c 5 5 60 0 172 10 16 25 80 85 91 93
66 c 67 5 60 144 174 10 25 23
67 c 40 60 60 144 174 10 21 25 71 72 99
68 c 38 15 60 148 178 10 10 13 75 84
69 c 0 45 60 149 179 10 20 19 93 100
70 c 88 35 60 0 179 10 20 13 81 96
71 c 23 3 60 150 180 10 7 6 72 73 76 100
72 c 15 10 62 152 182 10 20 11 76 94
73 c 85 35 62 0 182 10 30 35 76
74 c 35 5 64 154 184 10 20 15 82 83 90
75 c 42 5 64 0 184 10 10 8 94
76 c 15 60 65 155 185 10 17 24 84
77 c 40 5 65 0 185 10 10 6 89
78 c 10 20 67 0 187 10 19 13 81 96
79 c 20 85 69 0 189 10 20 11 82 90
80 c 65 82 74 0 189 10 10 12 88 92
81 c 22 85 74 0 190 10 10 17 96
82 c 25 85 74 0 191 10 20 10 98 99
83 c 63 23 74 0 194 10 2 10
84 c 72 35 74 0 194 10 30 36 86
85 c 15 75 74 0 194 10 20 19 88 96
86 c 8 45 77 0 197 10 20 10
87 c 22 75 79 0 199 10 30 32
88 c 63 65 82 0 202 10 8 8 97
89 c 25 30 85 0 205 10 3 1 92
90 c 61 52 90 178 208 10 3 1 91
91 c 56 37 90 0 209 10 6 1 97 100
92 c 35 69 90 180 210 10 23 32
93 c 37 31 90 0 210 10 14 10
94 c 31 67 90 180 210 10 3 1
95 c 57 48 92 0 212 10 23 18
96 c 55 54 94 0 214 10 26 34
97 c 27 43 95 0 215 10 9 19
98 c 26 52 95 0 215 10 9 11 99
99 c 49 42 97 0 217 10 13 19
100 c 47 47 102 192 222 10 13 21

