StringID Type x y release ReadyTime DueDate ServiceTime weight volume Item_Conflitante1 Item_Conflitante2 Item_Conflitante3 Item_Conflitante4 Item_Conflitante5 Item_Conflitante6 Item_Conflitante7 Item_Conflitante8 Item_Conflitante9 Item_Conflitante10 Item_Conflitante11 Item_Conflitante12 Item_Conflitante13 Peso_Total Volume_Total
0 d 40 50 0 0 3390 0 0 0              700 700
1 c 2 40 11 971 1131 90 20 22 5 15 16 20 26 58 67 77
2 c 0 40 11 1063 1223 90 30 30 3 5 7 28 32 56 65 66 70 73 88 91 93
3 c 0 45 11 1158 1318 90 20 30 12 24 39 70
4 c 48 20 11 967 1127 90 10 8 8 37 56 76 82
5 c 55 80 11 407 567 90 10 8 13 84 90 99
6 c 44 5 11 1256 1416 90 20 30 21 39 69 78 82 84 92
7 c 42 10 11 1160 1320 90 40 50 12 20 28 29 36 66 74 82 84
8 c 42 15 11 1065 1225 90 10 7 23 26 33 40 57 60 76 87
9 c 40 5 11 1350 1510 90 30 27 25 37 48 50 52 56 59 68 77 87
10 c 38 5 11 1442 1602 90 30 21 11 40 56 78 82 84
11 c 35 5 11 1535 1695 90 20 28 16 30 79 90 95
12 c 50 30 11 401 561 90 10 18 16 20 47 60 62 63 67 77 81 85
13 c 50 35 11 120 280 90 20 15 40 41 53 86 89 94
14 c 50 40 11 25 185 90 50 51 20 25 27 28 34 42 45 67 96
15 c 48 30 11 493 653 90 10 13 38 44 63 85 99
16 c 44 25 11 871 1031 90 10 19 26 56
17 c 47 35 11 588 748 90 10 17 26 48 67 76 87
18 c 58 75 11 978 1138 90 20 30 39 43 47 61 76 83 84
19 c 60 85 11 597 757 90 30 36 34 65 72 98
20 c 62 80 11 881 1041 90 30 21 42 53 54 55 65 77 79 80 81
21 c 65 82 11 788 948 90 10 11 31 54 68 83 87
22 c 42 58 11 8 168 90 40 47 34 49 85 95
23 c 67 85 11 694 854 90 20 23 26 41 46 50 51 55 77 79 80 86 99
24 c 5 45 11 1253 1413 90 10 17 31 52 60 67 80 83 90
25 c 60 60 11 1451 1611 90 10 6 31 32 35 58 67 71 86
26 c 45 65 11 118 278 90 20 27 39 40 49 51 68 93
27 c 53 35 11 213 373 90 50 53 36 88 89
28 c 53 30 11 308 468 90 10 2 36 48 50 84 85 92
29 c 45 35 11 680 840 90 10 8 31 44 45 70 74 81 83
30 c 42 30 11 776 936 90 10 19 35 43 49 72 75
31 c 47 40 11 12 172 90 10 2 58 84 87 88 92 93 98
32 c 56 64 11 1355 1515 90 10 8 38 66 74 80 82 89
33 c 5 35 11 876 1036 90 10 5 35 44 90 92 94 99
34 c 55 85 11 502 662 90 20 13 46 71 80 91
35 c 8 40 11 685 845 90 40 34 36 44 53 65 70
36 c 30 50 11 10 170 90 10 1 37 41
37 c 28 52 11 22 182 90 20 16 41 59 69 72
38 c 25 50 11 116 276 90 10 13 45 48 66 70 75
39 c 23 52 11 209 369 90 10 1 41 57 64 79 82 90
40 c 4 55 11 1447 1607 90 20 11 47 54 67 83 90 92
41 c 16 42 11 497 657 90 20 30 47 60 78 92 95
42 c 42 65 11 25 185 90 10 2 58 73 75 86 98
43 c 60 66 11 1261 1421 90 10 16 44 54 68 86 87 91 92
44 c 58 70 11 1073 1233 90 20 25 57 77 80 86 94
45 c 62 69 11 1167 1327 90 10 16 77
46 c 10 40 11 593 753 90 30 31 65 66 73 87
47 c 10 35 11 781 941 90 20 13 54 58 63 69 76 91
48 c 20 55 11 303 463 90 10 10 66 83
49 c 20 50 11 398 558 90 10 1 58 80 88
50 c 8 45 11 1346 1506 90 20 14 51 77 81 83 90 93 95
51 c 52 75 11 311 471 90 10 17 52 70 72 74 87 99
52 c 45 70 11 213 373 90 30 21 64 73 78 82 90 91 98
53 c 8 62 11 1545 1705 90 10 14 59 65 68
54 c 65 60 11 1546 1706 90 30 24 61 66 71 72 77 85
55 c 38 10 850 1630 1790 90 10 12 63
56 c 70 58 850 1641 1801 90 20 24 57 64 77 85
57 c 14 66 850 1643 1803 90 10 1 60 79 82 85
58 c 38 15 850 1725 1885 90 40 46 79 85 91 99
59 c 66 55 850 1736 1896 90 10 8 60 72 84 88
60 c 15 75 850 1742 1902 90 20 12 70 76 78 89
61 c 36 18 850 1819 1979 90 10 8 64 76 90 91
62 c 72 55 850 1832 1992 90 10 10 85
63 c 15 80 850 1837 1997 90 10 2 76 82 95 97
64 c 32 20 850 1913 2073 90 10 9 89
65 c 75 55 850 1925 2085 90 20 11 73 82 88 94 95
66 c 20 85 850 1934 2094 90 40 42 74
67 c 34 25 850 2009 2169 90 30 21 86
68 c 22 85 850 2026 2186 90 10 8 78 88 90 98
69 c 86 46 850 2029 2189 90 30 30
70 c 30 30 850 2105 2265 90 10 4 95
71 c 25 85 850 2119 2279 90 20 18
72 c 90 35 850 2131 2291 90 10 12 73 78 93
73 c 25 30 850 2200 2360 90 10 3
74 c 20 80 850 2216 2376 90 40 39 82 85
75 c 95 35 850 2226 2386 90 20 13 83 89 95 99
76 c 26 32 850 2292 2452 90 10 13 78 95 99
77 c 18 75 850 2311 2471 90 20 17
78 c 95 30 850 2321 2481 90 30 36 90 92
79 c 25 35 850 2385 2545 90 10 17
80 c 22 75 1223 2405 2565 90 30 26 97
81 c 92 30 1223 2414 2574 90 10 10 84 88 95
82 c 30 35 1223 2480 2640 90 10 10 83 85 92
83 c 22 66 1223 2504 2664 90 40 46 86
84 c 85 25 1223 2513 2673 90 10 12 98
85 c 33 35 1223 2573 2733 90 10 18 92 93 100
86 c 28 70 1223 2601 2761 90 10 15 90
87 c 87 30 1223 2608 2768 90 10 3 88 96
88 c 33 32 1223 2666 2826 90 20 14 89 92
89 c 35 69 1223 2698 2858 90 10 20
90 c 85 35 1223 2703 2863 90 30 34 91
91 c 35 32 1223 2758 2918 90 10 16
92 c 35 66 1365 2791 2951 90 10 17
93 c 78 40 1365 2802 2962 90 20 28 100
94 c 36 40 1365 2856 3016 90 10 16
95 c 34 60 1365 2887 3047 90 20 27 97 98
96 c 72 45 1365 2900 3060 90 10 1
97 c 30 56 1466 2983 3143 90 20 19
98 c 62 40 1466 3001 3161 90 10 5
99 c 64 46 1562 3097 3257 90 20 16
100 c 60 55 1584 3119 3279 90 10 11

