StringID Type x y release ReadyTime DueDate ServiceTime weight volume Item_Conflitante1 Item_Conflitante2 Item_Conflitante3 Item_Conflitante4 Item_Conflitante5 Item_Conflitante6 Item_Conflitante7 Item_Conflitante8 Item_Conflitante9 Item_Conflitante10 Item_Conflitante11 Item_Conflitante12 Item_Conflitante13 Item_Conflitante14 Peso_Total Volume_Total
0 d 40 50 0 0 3390 0 0 0               700 700
1 c 5 35 251 636 1276 90 10 4 21 49 50 54 56 68 85 98 99
2 c 5 45 251 1013 1653 90 10 4 7 9 13 27 31 35 47 53 64 77 79 83 89 92
3 c 2 40 251 731 1371 90 20 26 7 19 25 31 33 45 74 75 82 83 94 99
4 c 0 40 251 823 1463 90 30 23 8 13 31 49 54 63 67 93 95
5 c 0 45 251 918 1558 90 20 18 11 17 21 36 37 53 82 84 99
6 c 48 20 251 727 1367 90 10 1 7 35 37 46 55 65 75 79
7 c 55 80 251 167 807 90 10 14 14 27 28 33 52 58 61 90 92
8 c 44 5 251 1016 1656 90 20 22 12 13 21 32 43 54 72
9 c 42 10 251 920 1560 90 40 50 21 26 68 88
10 c 42 15 251 825 1465 90 10 7 22 23 26 35 39 49 56 73 76 78 81 82 98
11 c 50 30 251 161 801 90 10 17 23 24 28 50 78 86
12 c 50 35 251 18 658 90 20 22 30 35 95
13 c 50 40 251 14 654 90 50 40 17 24 26 44 62 65 79 90 96 99
14 c 8 40 251 445 1085 90 40 47 35 40 41 50 64 67 72 75 96
15 c 48 30 251 253 893 90 10 7 24 46 53 67 69
16 c 47 35 251 348 988 90 10 13 37 44 46 63 82 95
17 c 47 40 251 12 652 90 10 5 23 27 34 53 62 80
18 c 42 30 251 536 1176 90 10 5 21 24 30 50 60 94
19 c 45 35 251 440 1080 90 10 10 38 44 55 57 67 74 76 91
20 c 53 30 251 68 708 90 10 7 30 58 72 76 95
21 c 53 35 251 19 659 90 50 42 23 33 73 86 89 90 91 92
22 c 45 65 251 15 655 90 20 27 37 64 74 81 84 96
23 c 67 85 251 454 1094 90 20 27 33 42 72
24 c 42 58 251 8 648 90 40 35 39 40 68
25 c 65 82 251 548 1188 90 10 5 29 31 36 54 59 65 82 83 85
26 c 62 80 251 641 1281 90 30 32 29 44 62 68 88 91 95 99
27 c 60 85 251 357 997 90 30 38 29 33 35 77 78 92
28 c 58 75 251 738 1378 90 20 10 41 51 53 58 68 70 74
29 c 44 25 251 631 1271 90 10 16 32 61 64 69 70 72 80
30 c 10 40 251 353 993 90 30 26 68 77 87 98 99
31 c 55 85 251 262 902 90 20 23 39 53 54 63 71 72 98
32 c 20 55 251 63 703 90 10 7 33 56 68
33 c 10 35 251 541 1181 90 20 11 81 83
34 c 30 50 251 10 650 90 10 16 60 86
35 c 28 52 251 12 652 90 20 16 53 56 82 83 100
36 c 16 42 251 257 897 90 20 26 38 61 65 74 84
37 c 42 65 251 15 655 90 10 19 57 71 86
38 c 60 66 251 1021 1661 90 10 20 60 69 70 85
39 c 62 69 251 927 1567 90 10 17 51 56 60
40 c 45 70 251 20 660 90 30 22 52 60 71 80 87 98
41 c 58 70 251 833 1473 90 20 17 55 59 64 74 98
42 c 25 50 251 15 655 90 10 12 58 61 66 87 94
43 c 52 75 251 71 711 90 10 14 73 90 93 94
44 c 20 50 251 158 798 90 10 3 45 47 49 51 71 75
45 c 23 52 251 17 657 90 10 18 52 55
46 c 8 45 251 1106 1746 90 20 30 73 76
47 c 40 5 251 1110 1750 90 30 21 50 53 67 76 80 85
48 c 56 64 251 1115 1755 90 10 12 52 60 67 74 84 87 94 99
49 c 38 5 251 1202 1842 90 30 22 87 99
50 c 4 55 251 1207 1847 90 20 27 52 72 87 88 98
51 c 60 60 251 1211 1851 90 10 3 64 71 72 78 84 88 91 96
52 c 35 5 251 1295 1935 90 20 30 69 80 81 82 86 92
53 c 8 62 251 1305 1945 90 10 15 87 88
54 c 65 60 251 1306 1946 90 30 21 81 100
55 c 38 10 931 1390 2030 90 10 16 63 65 73 83 87 96
56 c 70 58 931 1401 2041 90 20 17 69 74 76 97
57 c 14 66 931 1403 2043 90 10 1 61 68 77 78 87 92 95
58 c 38 15 931 1485 2125 90 40 30 61 67
59 c 66 55 931 1496 2136 90 10 9 66 68 90 92
60 c 15 75 931 1502 2142 90 20 24 61 72 84 94 96 100
61 c 36 18 931 1579 2219 90 10 8 62 66 89 100
62 c 72 55 931 1592 2232 90 10 13 70 71 100
63 c 15 80 931 1597 2237 90 10 5 67 74 96
64 c 32 20 931 1673 2313 90 10 19 67 72 82
65 c 75 55 931 1685 2325 90 20 14 78 85
66 c 20 85 931 1694 2334 90 40 47 70
67 c 34 25 931 1769 2409 90 30 30 71 80 86 88
68 c 22 85 931 1786 2426 90 10 17 70 85
69 c 86 46 931 1789 2429 90 30 40 71 82
70 c 30 30 931 1865 2505 90 10 14 72 79 81 82 91 93
71 c 25 85 931 1879 2519 90 20 26 90
72 c 90 35 931 1891 2531 90 10 13 73 75 87 88
73 c 25 30 931 1960 2600 90 10 17 85
74 c 20 80 931 1976 2616 90 40 35 86 97
75 c 95 35 931 1986 2626 90 20 22 83 86 96
76 c 26 32 1278 2052 2692 90 10 12 88 93
77 c 18 75 1278 2071 2711 90 20 16 90
78 c 95 30 1278 2081 2721 90 30 35 80 90 93
79 c 25 35 1278 2145 2785 90 10 8 81 92
80 c 22 75 1278 2165 2805 90 30 31 95
81 c 92 30 1278 2174 2814 90 10 4 87 89
82 c 30 35 1278 2240 2880 90 10 8 91 99
83 c 22 66 1278 2264 2904 90 40 48
84 c 85 25 1278 2273 2913 90 10 8 88
85 c 33 35 1278 2333 2973 90 10 5 87 91 97
86 c 28 70 1463 2361 3001 90 10 19 91
87 c 87 30 1463 2368 3008 90 10 2 89 91 92 100
88 c 33 32 1463 2426 3066 90 20 21 99
89 c 35 69 1463 2458 3098 90 10 10 94 98
90 c 85 35 1463 2463 3103 90 30 24
91 c 35 32 1463 2518 3158 90 10 8 92 100
92 c 35 66 1507 2551 3191 90 10 8
93 c 78 40 1507 2562 3202 90 20 18 94 95
94 c 36 40 1584 2616 3256 90 10 11 100
95 c 72 45 1584 2627 3267 90 10 12
96 c 62 40 1584 2635 3275 90 10 8
97 c 64 46 1584 2635 3275 90 20 28
98 c 60 55 1584 2639 3279 90 10 14
99 c 34 60 1592 2647 3287 90 20 10 100
100 c 30 56 1593 2648 3288 90 20 14

