StringID Type x y release ReadyTime DueDate ServiceTime weight volume Item_Conflitante1 Item_Conflitante2 Item_Conflitante3 Item_Conflitante4 Item_Conflitante5 Item_Conflitante6 Item_Conflitante7 Item_Conflitante8 Item_Conflitante9 Item_Conflitante10 Item_Conflitante11 Item_Conflitante12 Item_Conflitante13 Item_Conflitante14 Peso_Total Volume_Total
0 d 35 35 0 0 1000 0 0 0               1000 1000
1 c 57 48 40 388 465 10 23 22 2 5 8 22 37 44 46 56 62 70 74 80 92
2 c 35 40 40 104 255 10 16 21 12 14 15 16 19 28 36 39 59 63 78 81 85 92
3 c 61 52 40 384 499 10 3 6 18 37 77 79 91
4 c 40 60 40 259 354 10 21 24 5 11 44 47 66 72 84 99
5 c 62 77 40 49 188 10 20 12 6 9 22 41 42 44 50 62 66 96
6 c 2 60 40 41 208 10 5 1 7 11 19 48 55 62 72 86 87
7 c 49 42 40 290 373 10 13 9 21 27 31 36 38 39 40 45 50 53 84 97
8 c 5 5 40 302 405 10 16 7 21 24 27 50 85 89
9 c 60 12 40 33 224 10 31 41 13 16 23 28 33 42 46 83
10 c 40 25 40 360 437 10 9 12 15 21 22 42 43 54 55 78
11 c 24 12 40 25 172 10 5 8 27 40 59 65 78 92 96
12 c 11 14 40 233 340 10 18 19 37 48 64 71 85 88
13 c 6 38 40 29 189 10 16 17 21 39 45 66 72 75
14 c 20 26 40 333 432 10 9 15 17 38 41 42 64 76 77 85 86 92 94 98
15 c 37 31 40 414 489 10 14 8 20 32 35 54
16 c 37 47 40 162 293 10 6 1 28 56 57 89 92 95 97
17 c 67 5 40 294 401 10 25 22 30 40 44 54 81
18 c 24 58 40 163 302 10 19 16 19 37 40 47 52 60 89 91
19 c 15 77 40 214 333 10 9 1 20 32 44 69
20 c 55 5 40 206 325 10 29 30 24 48 52 91
21 c 45 10 40 409 494 10 18 10 32 34 35 62 99
22 c 53 52 40 45 200 10 11 15 34 48 51 76 77 91 95
23 c 10 43 40 404 481 10 9 9 48 60 64 87 89 92 93 94
24 c 22 22 40 18 181 10 2 1 30 35 67 74 75 91
25 c 26 52 40 279 388 10 9 6 47 48 49 61 76 81 88 90
26 c 28 18 40 420 447 10 26 24 35 89 91
27 c 55 60 40 400 497 10 16 10 34 58 65 72 89 100
28 c 30 5 40 175 300 10 8 14 35 40 67 73 91
29 c 20 65 40 206 325 10 12 14 32 43 64 75 77 79
30 c 11 31 40 436 511 10 7 1 50 85 91 93
31 c 42 7 40 396 511 10 5 10 43 52 64 78 83 88 91
32 c 25 30 40 415 514 10 3 12 57 60 68 69 94
33 c 6 68 40 501 540 10 30 20 61 63 72 80 83
34 c 30 60 252 577 632 10 16 21 37 89
35 c 53 12 252 585 692 10 6 5 65 80 98 99
36 c 49 73 252 592 693 10 25 23 49 60 69 88 100
37 c 63 23 252 620 739 10 2 1 45 50 56 65 75
38 c 56 39 252 637 752 10 36 32 40 64 65 71 82 96
39 c 55 20 327 678 801 10 19 13 40 44 63 70 74 90 100
40 c 46 13 327 681 802 10 8 18 47 60 94 98
41 c 63 65 327 686 813 10 8 10 75 89
42 c 30 25 327 690 827 10 23 14 80 91
43 c 5 30 370 733 870 10 2 4 50 63 77 79 99
44 c 57 68 450 0 950 10 15 19 72 92 93
45 c 53 43 452 817 952 10 14 21 52 62 68
46 c 65 55 453 0 953 10 14 4 49 57 70 75 84 91 92 96
47 c 2 48 454 0 954 10 1 1 77 95
48 c 4 18 454 0 954 10 35 32 50 57 61 62 72 94 95
49 c 27 69 455 0 955 10 10 15 50
50 c 23 3 455 0 955 10 7 17 58 80 81
51 c 8 56 455 0 955 10 27 20 54 61 71 100
52 c 35 69 456 0 956 10 23 22 82
53 c 65 20 456 817 956 10 6 15 58 68 72 85 86
54 c 31 67 457 0 957 10 3 6 70 75 88 97
55 c 15 10 457 0 957 10 20 16 79 95
56 c 15 60 457 0 957 10 17 23 61 69 84 88
57 c 45 65 458 0 958 10 9 9 59 69 94 95
58 c 64 42 460 0 960 10 9 2 81 89 99
59 c 10 20 460 0 960 10 19 16 75 89 99
60 c 65 35 460 0 960 10 3 1 62 70 73 77 91
61 c 13 52 462 0 962 10 36 41 66 72 76 91
62 c 55 54 462 0 962 10 26 34 64 71
63 c 49 11 462 0 962 10 18 11 94
64 c 49 58 463 0 963 10 10 5 68 69 75 82 85 91 95
65 c 12 24 464 0 964 10 13 18 66 79 85 96
66 c 15 19 464 0 964 10 1 2 67 84 95
67 c 18 18 465 798 965 10 17 27
68 c 32 12 466 0 966 10 7 16 69 74 93 97
69 c 16 22 466 0 966 10 41 51 99 100
70 c 15 47 466 0 966 10 16 25 81 93 98
71 c 47 16 467 0 967 10 25 28 86 92
72 c 55 45 467 0 967 10 13 15 89 93
73 c 57 29 467 0 967 10 18 25 91 94 100
74 c 19 21 468 0 968 10 10 13 94
75 c 37 56 468 788 968 10 5 1 95 99
76 c 20 20 468 0 968 10 8 18 96 100
77 c 14 37 468 0 968 10 11 13
78 c 20 50 468 0 968 10 5 1
79 c 56 37 468 839 968 10 6 9 82 95
80 c 18 24 469 811 969 10 22 16
81 c 15 30 469 0 969 10 26 17 83
82 c 44 17 469 0 969 10 9 8
83 c 17 34 471 0 971 10 3 5
84 c 45 20 471 0 971 10 11 20 88
85 c 35 17 472 0 972 10 7 10 94
86 c 31 52 472 0 972 10 27 37 89 90
87 c 25 21 472 0 972 10 12 5 89
88 c 21 24 472 0 972 10 28 24 92 94
89 c 47 47 473 0 973 10 13 22 99
90 c 41 49 474 0 974 10 10 8 93 94
91 c 22 27 474 0 974 10 11 16 95
92 c 20 40 474 0 974 10 12 21 99
93 c 50 35 475 0 975 10 19 22 94
94 c 25 24 475 0 975 10 20 18
95 c 26 27 477 0 977 10 27 33 98 99
96 c 45 30 478 0 978 10 17 10
97 c 27 43 478 0 978 10 9 9
98 c 36 26 480 849 980 10 18 12 100
99 c 26 35 481 0 981 10 15 22
100 c 41 37 483 0 983 10 16 23

