StringID Type x y release ReadyTime DueDate ServiceTime weight volume Item_Conflitante1 Item_Conflitante2 Item_Conflitante3 Item_Conflitante4 Item_Conflitante5 Item_Conflitante6 Item_Conflitante7 Item_Conflitante8 Item_Conflitante9 Item_Conflitante10 Item_Conflitante11 Item_Conflitante12 Item_Conflitante13 Peso_Total Volume_Total
0 d 40 50 0 0 1236 0 0 0              200 200
1 c 5 35 43 224 404 90 10 16 5 18 28 64 69 81 93 98
2 c 53 35 43 293 473 90 50 54 7 24 32 49 54 74 86 88 93
3 c 0 40 43 411 591 90 30 38 4 14 51 58
4 c 35 30 43 203 383 90 10 1 19 20 39 48 57 62
5 c 35 32 43 111 291 90 10 1 20 30 50 53 65 70 92
6 c 33 32 43 19 199 90 20 30 16 23 38 52 93
7 c 33 35 43 16 196 90 10 19 13 17 18 33 37 45 59 69 96
8 c 32 30 43 296 476 90 10 7 20 22 28 29 38 46 47 53 62 75 76 77 78
9 c 30 32 43 389 569 90 30 28 13 24 48 53 54 56 81 100
10 c 65 55 43 25 205 90 20 16 20 22 25 37 55 58
11 c 66 55 43 116 296 90 10 5 22 62 79 95
12 c 70 58 43 401 581 90 20 19 52 57 70 71 76 79 85
13 c 72 55 43 212 392 90 10 4 32 33 46 76 77 81 82 98
14 c 44 5 43 227 407 90 20 27 32 38 44 61 62 84
15 c 60 55 43 20 200 90 10 6 32 33 38 46 69 94 97 100
16 c 42 10 43 132 312 90 40 38 26 30 48 63 66 78
17 c 40 5 43 321 501 90 30 29 62 85
18 c 40 15 43 35 215 90 40 48 21 26 32 67 68 94
19 c 38 5 43 413 593 90 30 28 42 56 64 89
20 c 75 55 43 305 485 90 20 24 66 98
21 c 50 35 43 200 380 90 20 15 28 38 53 55 56 82 83 85 90 93
22 c 50 40 43 105 285 90 50 57 49 53 57 67 74 90
23 c 48 40 43 13 193 90 10 11 28 35 41 62 66 96
24 c 85 35 43 47 227 90 30 35 44 68 90 92
25 c 47 40 43 12 192 90 10 13 30 44 53 64 66 94
26 c 88 35 43 50 230 90 20 13 35 63 83 87 95
27 c 95 30 43 332 512 90 30 26 45 62 63 78
28 c 95 35 43 237 417 90 20 28 32 59 63 94 95 97
29 c 53 30 43 388 568 90 10 12 32 47 56 73 85
30 c 92 30 43 425 605 90 10 6 61 65 75
31 c 42 15 43 37 217 90 10 9 43 68 69 86 100
32 c 8 40 43 33 213 90 40 33 35 43 44 51 61 65 75
33 c 2 40 43 319 499 90 20 10 76 96
34 c 10 35 43 129 309 90 20 13 37 48 88 91
35 c 58 75 43 30 210 90 20 28 48 55 62 63 64 72 88 94 100
36 c 42 66 43 16 196 90 10 1 48 50 63 69
37 c 60 80 43 36 216 90 10 17 52 58 99
38 c 42 65 43 15 195 90 10 9 66 82 86 89 94 96
39 c 40 66 43 108 288 90 20 30 41 70 75 81 100
40 c 38 68 43 200 380 90 20 14 46 48 59 74
41 c 35 66 43 294 474 90 10 2 50 53 56 61 80 82 91 95
42 c 35 69 43 387 567 90 10 16 43 61 79 84 93 95 100
43 c 62 80 43 128 308 90 30 31 54 68 70 93 99
44 c 22 75 43 30 210 90 30 38 47 72 84 99
45 c 20 80 43 317 497 90 40 39 47 50 56 92 96
46 c 10 40 43 31 211 90 30 33 66 75 95 100
47 c 18 75 43 34 214 90 20 26 55 64
48 c 15 75 43 127 307 90 20 21 54 56 58 74 83 85
49 c 15 80 43 222 402 90 10 16 60 86
50 c 20 85 43 412 592 90 40 40 55 67 68 82 83 93 95 98 99 100
51 c 30 50 43 10 190 90 10 1 81 84 92
52 c 20 55 43 387 567 90 10 3 89
53 c 20 50 43 292 472 90 10 14 55 60 63 73 77 87
54 c 23 52 43 199 379 90 10 14 70 80 81
55 c 25 52 43 107 287 90 40 41 61 77 82
56 c 25 50 43 15 195 90 10 9 81
57 c 90 35 43 142 322 90 10 17 67 69 79 90
58 c 65 82 43 221 401 90 10 12 64 81 87 93 99
59 c 65 85 43 407 587 90 40 40 85 87
60 c 67 85 43 315 495 90 20 28 72
61 c 38 70 43 480 660 90 10 15 90 94
62 c 23 55 43 480 660 90 20 13 76 77
63 c 30 30 43 481 661 90 10 20 70 77 83
64 c 50 30 43 481 661 90 10 12 97 98
65 c 68 60 267 494 674 90 30 32 67 73 91 99
66 c 60 85 267 502 682 90 30 26 72 77 78 84 99
67 c 22 85 267 504 684 90 10 17 73 75 93
68 c 35 5 267 506 686 90 20 10 69 79 84 96
69 c 0 45 267 506 686 90 20 18 82 87 90
70 c 88 30 267 519 699 90 10 20 84 88 90 94
71 c 25 55 267 572 752 90 10 19 79 93
72 c 40 69 267 572 752 90 20 26 79 81 97
73 c 48 30 267 573 753 90 10 6 76 79 81
74 c 28 30 267 573 753 90 10 14 87 88
75 c 65 60 267 587 767 90 30 39 84
76 c 55 85 267 597 777 90 20 26 86 88 94 96 99
77 c 25 85 267 597 777 90 20 23 87
78 c 5 45 267 601 781 90 10 9 79 82 93 96
79 c 38 15 267 606 786 90 10 5 86
80 c 87 30 267 610 790 90 10 14 83 88 90 98
81 c 42 68 267 665 845 90 10 19 89
82 c 28 55 267 665 845 90 10 16 90 96
83 c 45 30 267 666 846 90 10 6 95
84 c 25 30 267 666 846 90 10 11 91
85 c 63 58 267 680 860 90 10 16
86 c 55 80 267 692 872 90 10 1
87 c 8 45 267 694 874 90 20 22 99
88 c 85 25 267 705 885 90 10 18 89
89 c 45 70 415 758 938 90 30 33 91 93
90 c 28 52 415 758 938 90 20 22
91 c 26 32 415 758 938 90 10 10 100
92 c 47 35 415 761 941 90 10 19
93 c 60 60 415 773 953 90 10 18
94 c 30 52 415 850 1030 90 20 12 95
95 c 45 68 415 850 1030 90 10 15
96 c 25 35 415 851 1031 90 10 7
97 c 45 35 415 853 1033 90 10 20 99
98 c 45 65 505 943 1123 90 20 30
99 c 28 35 506 944 1124 90 10 9
100 c 30 35 509 947 1127 90 10 20

