StringID Type x y release ReadyTime DueDate ServiceTime weight volume Item_Conflitante1 Item_Conflitante2 Item_Conflitante3 Item_Conflitante4 Item_Conflitante5 Item_Conflitante6 Item_Conflitante7 Item_Conflitante8 Item_Conflitante9 Item_Conflitante10 Item_Conflitante11 Item_Conflitante12 Peso_Total Volume_Total
0 d 40 50 0 0 3390 0 0 0             700 700
1 c 8 40 11 685 845 90 40 42 2 5 9 23 32 52 88
2 c 5 35 11 876 1036 90 10 16 6 9 11 12 24 42 45 60 92 95
3 c 5 45 11 1253 1413 90 10 10 5 24 30 48 52 54 60 82 95
4 c 0 40 11 1063 1223 90 30 23 11 20 25 29 37 53 78 95
5 c 0 45 11 1158 1318 90 20 23 7 26 44 83 89 92
6 c 48 20 11 967 1127 90 10 11 14 36 38 56 72 87 88 97
7 c 55 80 11 407 567 90 10 4 17 24 46 54 55 72 79 85 86
8 c 44 5 11 1256 1416 90 20 28 23 28 42 45 47 56 59 63 75 93
9 c 42 10 11 1160 1320 90 40 32 32 36 59 74 89 94 95
10 c 42 15 11 1065 1225 90 10 1 21 47 65 66 77 86 92 97 100
11 c 40 5 11 1350 1510 90 30 29 35 53 55 64 92 93
12 c 38 5 11 1442 1602 90 30 40 24 62 72 90 97
13 c 35 5 11 1535 1695 90 20 27 19 25 48 54 56 59 75 76 80
14 c 50 30 11 401 561 90 10 10 27 29 31 32 40 41 52 63 64 86 92 97
15 c 50 35 11 120 280 90 20 23 37 60 81 90
16 c 50 40 11 25 185 90 50 49 35 47 51 53 56 77 78 84 85 94
17 c 48 30 11 493 653 90 10 10 37 52 56 73 75 83 98
18 c 44 25 11 871 1031 90 10 11 52 67 83
19 c 47 35 11 588 748 90 10 8 26 44 66 72 74 82 83 89 94
20 c 47 40 11 12 172 90 10 10 37 49 50 52 56 94
21 c 42 30 11 776 936 90 10 16 41 45 52 62 64 82
22 c 45 35 11 680 840 90 10 16 26 46 47 58 90
23 c 53 35 11 213 373 90 50 40 40 48 57 62 63 67 72 74 81 87
24 c 56 64 11 1355 1515 90 10 16 42 45 51 66 74 87
25 c 67 85 11 694 854 90 20 13 35 38 48 68 85 86 88 90
26 c 42 58 11 8 168 90 40 34 33 36 40 60 66 73 80 93
27 c 60 85 11 597 757 90 30 30 52 56 76 98
28 c 10 40 11 593 753 90 30 30 35 42 47 61 89 90
29 c 20 55 11 303 463 90 10 10 31 36 56 65 71 97
30 c 55 85 11 502 662 90 20 28 34 70 81
31 c 60 66 11 1261 1421 90 10 2 41 45 77 90 91
32 c 20 50 11 398 558 90 10 14 47 56 61 84 93
33 c 30 50 11 10 170 90 10 8 38 59 72 80 95 96
34 c 28 52 11 22 182 90 20 25 44
35 c 25 50 11 116 276 90 10 14 40 55 71 73 80 98
36 c 16 42 11 497 657 90 20 21 51 56 95
37 c 23 52 11 209 369 90 10 12 69 70 87 91 98
38 c 4 55 11 1447 1607 90 20 12 50 54 58 70 72 94 97 100
39 c 65 60 11 1546 1706 90 30 38 52 99
40 c 70 58 786 1641 1801 90 20 11 51 64 67 84
41 c 14 66 786 1643 1803 90 10 4 65 93 97
42 c 38 15 786 1725 1885 90 40 31 66 71 79 80 82 94 99
43 c 66 55 786 1736 1896 90 10 16 46 54 55 56 57 82 83 96 100
44 c 15 75 786 1742 1902 90 20 25 53 56 63 64 70 73 75 84 85
45 c 36 18 786 1819 1979 90 10 18 48 70 73 74
46 c 15 80 786 1837 1997 90 10 8 57 67 77 86
47 c 32 20 786 1913 2073 90 10 7 99 100
48 c 20 85 786 1934 2094 90 40 48 52 55 63 81 95 99
49 c 34 25 786 2009 2169 90 30 30 65 68 85
50 c 22 85 786 2026 2186 90 10 11 54 83 97 98
51 c 30 30 786 2105 2265 90 10 20 97
52 c 90 35 786 2131 2291 90 10 11 58 78 79 97 99
53 c 25 30 786 2200 2360 90 10 12 58 75 76 85 89 90 92 99
54 c 20 80 786 2216 2376 90 40 39 59 88
55 c 95 35 786 2226 2386 90 20 24 61 70 93 97 99
56 c 18 75 786 2311 2471 90 20 29 59 60 69 88 94
57 c 95 30 786 2321 2481 90 30 30 79 90
58 c 22 75 1223 2405 2565 90 30 37 69 76 79 87
59 c 92 30 1223 2414 2574 90 10 16 69 71 75 87
60 c 30 35 1223 2480 2640 90 10 5 81 96 99
61 c 22 66 1223 2504 2664 90 40 30 63 68 82 86 88
62 c 85 25 1223 2513 2673 90 10 4 69 79 95
63 c 33 35 1223 2573 2733 90 10 8 90 91 94
64 c 28 70 1223 2601 2761 90 10 7 66 89
65 c 87 30 1223 2608 2768 90 10 18 93
66 c 33 32 1223 2666 2826 90 20 14 67 76
67 c 35 69 1223 2698 2858 90 10 3 68 95
68 c 85 35 1223 2703 2863 90 30 25 70 74 77
69 c 35 32 1223 2758 2918 90 10 13 76 86
70 c 35 66 1365 2791 2951 90 10 19 96 99
71 c 78 40 1365 2802 2962 90 20 11 81 83 86 100
72 c 34 60 1365 2887 3047 90 20 13 78 82 86
73 c 72 45 1365 2900 3060 90 10 17 74 81 83 84
74 c 86 46 1577 0 3253 90 30 28 75 77 95
75 c 64 46 1577 3097 3257 90 20 13 89
76 c 38 10 1577 0 3259 90 10 6 86 94
77 c 65 82 1577 0 3259 90 10 8 82 86 90 94 100
78 c 2 40 1577 0 3260 90 20 12
79 c 25 85 1577 0 3261 90 20 30 82
80 c 62 80 1577 0 3262 90 30 38 83 94
81 c 75 55 1577 0 3264 90 20 26 82 85 88 90 96 97 100
82 c 8 62 1577 0 3265 90 10 20
83 c 10 35 1577 0 3266 90 20 12 84 89
84 c 8 45 1577 0 3267 90 20 12 92 94 99
85 c 72 55 1577 0 3267 90 10 6 94
86 c 58 75 1577 0 3269 90 20 30
87 c 62 69 1577 0 3270 90 10 5
88 c 52 75 1577 0 3272 90 10 16 95
89 c 58 70 1578 0 3273 90 20 23 90
90 c 62 40 1580 0 3275 90 10 1
91 c 53 30 1581 0 3276 90 10 18
92 c 26 32 1582 0 3277 90 10 11 99
93 c 60 60 1582 0 3277 90 10 15
94 c 25 35 1583 0 3278 90 10 9
95 c 45 70 1584 0 3279 90 30 27 100
96 c 60 55 1584 3119 3279 90 10 6
97 c 42 65 1589 0 3284 90 10 19
98 c 45 65 1589 0 3284 90 20 25
99 c 30 56 1593 0 3288 90 20 17
100 c 36 40 1594 0 3289 90 10 13

