StringID Type x y release ReadyTime DueDate ServiceTime weight volume Item_Conflitante1 Item_Conflitante2 Item_Conflitante3 Item_Conflitante4 Item_Conflitante5 Item_Conflitante6 Item_Conflitante7 Item_Conflitante8 Item_Conflitante9 Item_Conflitante10 Item_Conflitante11 Item_Conflitante12 Item_Conflitante13 Peso_Total Volume_Total
0 d 40 50 0 0 3390 0 0 0              700 700
1 c 67 85 0 694 854 90 20 23 14 15 16 19 26 27 31 33 54 55 87 88 90
2 c 53 35 0 213 373 90 50 50 38 53 57 60 79 88
3 c 45 35 0 680 840 90 10 15 6 24 27 35 38 47 50
4 c 47 40 0 12 172 90 10 6 8 23 24 30 43 61 64 83 94 98
5 c 50 35 0 120 280 90 20 25 13 15 28 31 33 74 77
6 c 38 5 0 1442 1602 90 30 32 12 17 37 41 54 56 63 72 89 94
7 c 42 15 0 1065 1225 90 10 13 22 28 37 81 95 96
8 c 44 5 0 1256 1416 90 20 12 9 26 52 57 94
9 c 55 80 0 407 567 90 10 2 12 34 37 43 60 69
10 c 0 40 0 1063 1223 90 30 24 21 24 26 27 43 45 72
11 c 55 85 0 502 662 90 20 16 17 26 47 48 57 60 63 77
12 c 60 66 0 1261 1421 90 10 4 41 59 77
13 c 70 58 681 1641 1801 90 20 17 35 36 47 59 86 89
14 c 14 66 681 1643 1803 90 10 1 16 32 52 66 71 87 100
15 c 32 20 681 1913 2073 90 10 3 41 46 79 85
16 c 90 35 681 2131 2291 90 10 8 38 42 44 91
17 c 20 80 681 2216 2376 90 40 34 23 24 30 44 48 53 64 80 91 97
18 c 22 75 1163 2405 2565 90 30 35 19 20 32 47 48 49 53 65 68 74 75
19 c 22 66 1163 2504 2664 90 40 33 23 32 51 57 66 71 74 87 97
20 c 28 70 1163 2601 2761 90 10 12 28 66 67 78 81 87 96 99
21 c 87 30 1163 2608 2768 90 10 20 34 35 60 63 78
22 c 35 69 1163 2698 2858 90 10 5 47 57 70
23 c 34 60 1365 2887 3047 90 20 10 36 38 79 98
24 c 72 45 1365 2900 3060 90 10 2 38 39 49 54 66 81
25 c 95 30 1579 0 3241 90 30 33 30 32 72 88 98
26 c 95 35 1579 0 3242 90 20 29 28 32 33 68 82 84 93
27 c 92 30 1579 0 3244 90 10 1 41 42 44 46 53 55
28 c 85 25 1579 0 3248 90 10 17 36 44 46 72 93
29 c 85 35 1579 0 3252 90 30 26 43 71
30 c 86 46 1579 0 3253 90 30 37 35 63 80 87 93 94
31 c 35 5 1579 0 3254 90 20 23 34 35 43 83 93
32 c 40 5 1579 0 3255 90 30 31 42 44 46 66 72 89 97
33 c 64 46 1579 3097 3257 90 20 11 80 91
34 c 60 85 1579 0 3259 90 30 40 56 61 74 88 94 95
35 c 38 10 1579 0 3259 90 10 3 62
36 c 65 82 1579 0 3259 90 10 17 39 44 46 59 66 67 79
37 c 0 45 1579 0 3259 90 20 23 41 53 67 77 85 100
38 c 42 10 1579 0 3259 90 40 33 55 65 72 76 93
39 c 20 85 1579 0 3259 90 40 38 41 55 58 71 96
40 c 78 40 1579 0 3260 90 20 18 70 81 98
41 c 22 85 1579 0 3260 90 10 5 49 62 84 85 88 91
42 c 2 40 1579 0 3260 90 20 25 48 69 76 83 89 97
43 c 15 80 1579 0 3260 90 10 1 63 73 76 82 97
44 c 25 85 1579 0 3261 90 20 16 58 64 74 76 78 86 96 100
45 c 5 35 1579 0 3261 90 10 20 61 86 88
46 c 62 80 1579 0 3262 90 30 22 53 63 79 89
47 c 4 55 1579 0 3263 90 20 22 62 77 82 94 96
48 c 5 45 1579 0 3264 90 10 3 50 70 78 80 84 85 89 90 96 98
49 c 75 55 1579 0 3264 90 20 24 52 62 66 67 68 71 77 96 99
50 c 38 15 1579 0 3264 90 40 39 65 71 91 96
51 c 15 75 1579 0 3264 90 20 26 56 62 71 73
52 c 8 62 1579 0 3265 90 10 15 70 76 79 82 91 96
53 c 8 40 1579 0 3266 90 40 42 69 93
54 c 10 35 1579 0 3266 90 20 13 56 61 63 79 85 86 87 91
55 c 18 75 1579 0 3266 90 20 29 56 59 77
56 c 72 55 1579 0 3267 90 10 15 69
57 c 8 45 1579 0 3267 90 20 13 90
58 c 36 18 1579 0 3267 90 10 4 68 70 75 76 78 86
59 c 10 40 1579 0 3268 90 30 32 64 69 70
60 c 48 20 1579 0 3268 90 10 19 66 74 86 87
61 c 58 75 1579 0 3269 90 20 16 64 71 86
62 c 62 69 1579 0 3270 90 10 5 82 84
63 c 52 75 1579 0 3272 90 10 16 71 78 93
64 c 58 70 1579 0 3273 90 20 18 76 87 89 96 98
65 c 65 60 1579 0 3273 90 30 33 66 72 74 77 87 89
66 c 66 55 1579 0 3273 90 10 17 95
67 c 44 25 1579 0 3274 90 10 9 82 89 91
68 c 16 42 1579 0 3274 90 20 25 74 95
69 c 34 25 1579 0 3274 90 30 40 72
70 c 62 40 1580 0 3275 90 10 17 95
71 c 25 30 1580 0 3275 90 10 6
72 c 53 30 1582 0 3276 90 10 19 82 83 89 99
73 c 60 60 1582 0 3277 90 10 10 75 81 85 100
74 c 30 30 1582 0 3277 90 10 15 98
75 c 26 32 1582 0 3277 90 10 3 87 95
76 c 50 30 1582 0 3277 90 10 1 83
77 c 25 35 1587 0 3278 90 10 11 83 84 99
78 c 56 64 1587 0 3278 90 10 8 80 82
79 c 48 30 1587 0 3278 90 10 1 86 95
80 c 42 30 1587 0 3279 90 10 17 91
81 c 60 55 1587 0 3279 90 10 20 93 95
82 c 45 70 1587 0 3279 90 30 34 89 93
83 c 20 55 1587 0 3279 90 10 9
84 c 20 50 1587 0 3280 90 10 3 87 96
85 c 33 32 1587 0 3280 90 20 17
86 c 30 35 1587 0 3281 90 10 16 90 95
87 c 35 32 1587 0 3281 90 10 8 91 93
88 c 23 52 1587 0 3282 90 10 8 90 92
89 c 33 35 1588 0 3283 90 10 7
90 c 47 35 1588 0 3283 90 10 13
91 c 35 66 1588 0 3283 90 10 4 100
92 c 45 65 1589 0 3284 90 20 14
93 c 42 65 1589 0 3284 90 10 8
94 c 50 40 1590 0 3285 90 50 46
95 c 25 50 1590 0 3285 90 10 13 98 99
96 c 28 52 1592 0 3287 90 20 27 97
97 c 30 56 1593 0 3288 90 20 30
98 c 36 40 1594 0 3289 90 10 19
99 c 30 50 1595 0 3290 90 10 1
100 c 42 58 1596 0 3291 90 40 47

