StringID Type x y release ReadyTime DueDate ServiceTime weight volume Item_Conflitante1 Item_Conflitante2 Item_Conflitante3 Item_Conflitante4 Item_Conflitante5 Item_Conflitante6 Item_Conflitante7 Item_Conflitante8 Item_Conflitante9 Item_Conflitante10 Item_Conflitante11 Peso_Total Volume_Total
0 d 35 35 0 0 1000 0 0 0            1000 1000
1 c 37 31 11 414 489 10 14 12 4 8 16 30 57 77 86 87 92 100
2 c 20 26 11 333 432 10 9 1 5 15 85 87
3 c 11 14 11 233 340 10 18 25 64 72 80
4 c 67 5 11 294 401 10 25 18 12 16 21 46 67 79
5 c 5 5 11 302 405 10 16 17 9 30 67 80 84 86 98
6 c 37 47 11 162 293 10 6 10 24 25 26 36 44 51
7 c 24 58 11 163 302 10 19 17 22 36 49 58 66 82 90
8 c 55 5 11 206 325 10 29 22 18 28 30 38 47 55 73 74 83
9 c 57 48 11 388 465 10 23 22 16 35 68 98
10 c 30 5 11 175 300 10 8 2 17 24 30 44 63 66 77 78 99
11 c 49 42 11 290 373 10 13 5 29 32 33 35 39
12 c 22 22 11 18 181 10 2 5 23 34 44 47 58 65 68 70 78 89 98
13 c 55 60 11 400 497 10 16 18 71 72 79 100
14 c 28 18 11 420 447 10 26 16 43 59 62 77 99
15 c 10 43 11 404 481 10 9 14 27 37 45 61 71
16 c 20 65 11 206 325 10 12 20 20 23 24 40 44 74 79 84
17 c 11 31 11 436 511 10 7 1 50 54
18 c 63 23 327 620 739 10 2 9 21 39 42 64 68 77
19 c 55 20 327 678 801 10 19 21 29 51 53 73 98
20 c 46 13 327 681 802 10 8 13 21 33 70 72 95
21 c 30 25 327 690 827 10 23 20 25 32 66 95
22 c 62 77 440 0 940 10 20 26 24 25 28 31 45 52 74
23 c 15 77 443 0 943 10 9 1 24 26 29 34 80 85 97
24 c 6 68 446 0 946 10 30 32 31 45 49 66 91 97
25 c 2 60 448 0 948 10 5 1 31 38 69 97
26 c 63 65 450 0 948 10 8 11 39 45 57 68 80 81 86 90 100
27 c 49 73 450 0 949 10 25 34 57 59 63 79 87 90
28 c 57 68 450 0 950 10 15 7 31 33 36 48 52 75 86
29 c 53 43 452 817 952 10 14 11 30 33 51 65 72 75 84 93 96 98
30 c 65 55 453 0 953 10 14 5 31 32 39 42 58 62 66 72 83 87 95
31 c 4 18 454 0 954 10 35 39 60 71 80 82 90 95 99
32 c 2 48 454 0 954 10 1 1 46 51 52 62 65 69 80 97
33 c 8 56 455 0 955 10 27 26 38 50 55 57 61 69 77 84 94
34 c 27 69 455 0 955 10 10 19 42 53 76
35 c 23 3 455 0 955 10 7 1 36 46 50 51 75 79
36 c 65 20 456 817 956 10 6 7 39 47 64 70 78 82 87
37 c 60 12 456 0 956 10 31 22 63 64 67 72 78 80 83
38 c 35 69 456 0 956 10 23 15 45 46 56 58 65 81
39 c 15 10 457 0 957 10 20 12 68 78 95
40 c 15 60 457 0 957 10 17 8 51
41 c 31 67 457 0 957 10 3 11 62 63 64 71 73 75
42 c 61 52 458 0 958 10 3 2 75 82 90
43 c 45 65 458 0 958 10 9 10 44 46 50 89 90
44 c 5 30 459 0 959 10 2 1 52 56 65 77 79 95 97
45 c 10 20 460 0 960 10 19 11 49 68 86 90
46 c 64 42 460 0 960 10 9 16 68 78 79 97
47 c 53 12 460 0 960 10 6 11 57 71 78 87
48 c 65 35 460 0 960 10 3 12
49 c 6 38 460 0 960 10 16 17 63 82
50 c 42 7 461 0 961 10 5 5 70 74 77 82 94
51 c 13 52 462 0 962 10 36 31 77 86 90
52 c 49 11 462 0 962 10 18 28 80 100
53 c 55 54 462 0 962 10 26 27 58 59 97
54 c 49 58 463 0 963 10 10 16 67 70 75 92 98
55 c 45 10 463 0 963 10 18 15 56 93 96
56 c 40 60 464 0 964 10 21 21 59 63 87
57 c 30 60 464 0 964 10 16 25 58 85 87 95 96 97
58 c 15 19 464 0 964 10 1 1 76 99
59 c 24 12 464 0 964 10 5 2 78 82 94
60 c 12 24 464 0 964 10 13 23 67 79 84
61 c 18 18 465 798 965 10 17 13 72 76 87
62 c 53 52 465 0 965 10 11 10 67 88
63 c 16 22 466 0 966 10 41 40 93 98 100
64 c 32 12 466 0 966 10 7 14 71 75 89 93
65 c 15 47 466 0 966 10 16 16 93
66 c 57 29 467 0 967 10 18 17 71 78 88
67 c 47 16 467 0 967 10 25 33 74 91
68 c 55 45 467 0 967 10 13 3
69 c 19 21 468 0 968 10 10 15 73 78 82
70 c 14 37 468 0 968 10 11 9 80
71 c 56 39 468 0 968 10 36 33 76 79 82 93 100
72 c 20 20 468 0 968 10 8 2 85
73 c 37 56 468 0 968 10 5 2 86
74 c 20 50 468 0 968 10 5 1 77 90 95
75 c 56 37 468 0 968 10 6 1 89 97
76 c 15 30 469 0 969 10 26 24 89 90 94
77 c 44 17 469 0 969 10 9 11 91
78 c 18 24 469 0 969 10 22 18 99
79 c 26 52 470 0 970 10 9 3
80 c 45 20 471 0 971 10 11 6
81 c 17 34 471 0 971 10 3 10 83 90 91
82 c 35 17 472 0 972 10 7 16 89 100
83 c 31 52 472 0 972 10 27 19
84 c 25 21 472 0 972 10 12 12 97
85 c 21 24 472 0 972 10 28 30
86 c 47 47 473 0 973 10 13 9 95
87 c 20 40 474 0 974 10 12 7 91 94
88 c 41 49 474 0 974 10 10 1 98
89 c 22 27 474 0 974 10 11 15
90 c 25 24 475 0 975 10 20 16 95 98
91 c 50 35 475 0 975 10 19 21 98
92 c 26 27 477 0 977 10 27 20 98
93 c 45 30 478 0 978 10 17 16
94 c 40 25 478 0 978 10 9 6
95 c 27 43 478 0 978 10 9 19
96 c 25 30 478 0 978 10 3 2 97
97 c 36 26 480 849 980 10 18 24 98
98 c 26 35 481 0 981 10 15 25
99 c 41 37 483 0 983 10 16 20
100 c 35 40 485 0 985 10 16 16

