StringID Type x y release ReadyTime DueDate ServiceTime weight volume Item_Conflitante1 Item_Conflitante2 Item_Conflitante3 Item_Conflitante4 Item_Conflitante5 Item_Conflitante6 Item_Conflitante7 Item_Conflitante8 Item_Conflitante9 Item_Conflitante10 Item_Conflitante11 Peso_Total Volume_Total
0 d 40 50 0 0 960 0 0 0            1000 1000
1 c 60 80 16 64 184 10 10 2 24 31 41 46 57 63 75
2 c 62 80 16 278 398 10 30 21 4 6 16 28 30 42 46 51 76 91 95
3 c 55 80 16 33 153 10 10 4 15 31 55 70 74 98
4 c 65 85 16 43 163 10 40 34 21 42 81 98
5 c 55 82 16 217 337 10 10 12 9 11 14 27 35 53 63 69 76 95 99
6 c 85 25 16 80 200 10 10 10 8 34 37 40 47 59 64 81 82 89 97
7 c 20 82 16 37 157 10 10 10 27 28 77 80
8 c 88 30 16 246 366 10 10 15 9 24 44 49 68 75 80 90 94
9 c 26 35 16 308 428 10 15 10 22 33 46 50 54 71 76 81 94
10 c 95 35 16 146 266 10 20 19 24 31 62 63 82 86
11 c 6 68 16 352 472 10 30 20 12 22 26 28 43 44 47 82 88
12 c 38 5 16 201 321 10 30 28 20 61 87
13 c 60 85 16 329 449 10 30 20 20 34 52 81 82 83 100
14 c 60 12 16 268 388 10 31 38 15 17 34 67 78
15 c 65 35 16 167 287 10 3 13 40 44 58 62 91
16 c 12 24 16 359 479 10 13 22 19 37 44 46 80 85 92 95
17 c 2 40 16 174 294 10 20 28 21 28 43 59 69 73 77
18 c 24 58 16 260 380 10 19 9 20 32 36 43 62 67 69 76
19 c 31 52 16 157 277 10 27 30 23 36 42 50 51 85 95 97
20 c 64 42 16 268 388 10 9 16 26 39 53 73
21 c 53 43 16 14 134 10 14 18 35 39 61 68 87 98 99
22 c 35 40 16 11 131 10 16 6 23 55 80 99
23 c 45 30 16 191 311 10 17 26 54 65 66 74 78 89 97
24 c 8 40 16 195 315 10 40 46 27 37 50 74 75 77 86 91
25 c 8 56 16 365 485 10 27 29 38 41 47 52 60 89
26 c 15 80 16 367 487 10 10 3 33 34 38 43 48 55 57 60 100
27 c 10 35 16 371 491 10 20 13 43 44 50 76 95
28 c 20 50 16 375 495 10 5 13 31 59 76
29 c 40 15 16 375 495 10 40 48 31 69 76 93
30 c 58 75 16 376 496 10 20 10 39 40 57 59
31 c 18 75 197 388 508 10 20 22 62 71 82 89 90 92
32 c 57 29 197 395 515 10 18 10 39 49 54 60 63 68 72
33 c 42 12 197 440 560 10 10 15 41 48 55 90 97
34 c 10 40 197 519 639 10 30 26 43 52 53 73 92 94
35 c 50 35 197 557 677 10 19 20 52 59 91 95
36 c 41 37 297 566 686 10 16 24 52 56 61 66 88 95 98
37 c 30 60 297 599 719 10 16 7 43 63 65 73 74
38 c 40 60 297 612 732 10 21 24 46 51 58 61 78 92 96 98 100
39 c 20 80 297 644 764 10 40 45 54 66 70 71 79 89 92 93 97
40 c 20 20 297 645 765 10 8 15 46 62 64 94
41 c 5 35 297 653 773 10 10 10 45 59 70 89 93 99
42 c 67 85 297 657 777 10 20 16 48
43 c 0 45 343 703 823 10 20 10 44 49 58 69 92 100
44 c 23 3 404 764 884 10 7 1 68 69 78 79 87 95
45 c 95 30 411 0 891 10 30 35 50 81
46 c 5 5 412 0 892 10 16 21 56 61 91
47 c 92 30 414 0 894 10 10 8 77 91
48 c 90 35 417 0 897 10 10 13 61 68 78 98
49 c 67 5 417 0 897 10 25 35 84 100
50 c 87 30 418 0 898 10 10 16 57 67 73 74 75
51 c 88 35 419 0 899 10 20 13 52 57
52 c 4 18 424 0 901 10 35 38 61 79 91
53 c 85 35 424 0 902 10 30 34 69 76 77 88 97
54 c 15 10 424 782 902 10 20 27 81
55 c 44 5 424 0 904 10 20 26 83 89 97
56 c 35 5 424 784 904 10 20 19 71 72 78 82 94 98
57 c 42 5 424 0 904 10 10 2 67 86
58 c 40 5 425 0 905 10 10 1 65 70
59 c 10 20 427 0 907 10 19 22 60 94 97
60 c 0 40 428 0 908 10 20 14 66 77 78 82 84 85 86 89
61 c 65 82 429 0 909 10 10 11 63 85
62 c 20 85 429 0 909 10 20 16 81 93
63 c 42 10 429 0 909 10 40 32 84 86 91 94
64 c 22 85 430 0 910 10 10 14 67 78
65 c 2 60 430 0 910 10 5 6 70 87 96
66 c 65 20 430 0 910 10 6 1 72 84 94
67 c 2 45 431 0 911 10 10 18 68
68 c 25 85 432 0 911 10 20 29 87
69 c 55 85 432 0 911 10 20 20 76 94 97
70 c 18 80 432 0 912 10 10 3 96 99
71 c 63 23 434 0 914 10 2 1 73
72 c 72 35 434 0 914 10 30 39 88
73 c 15 75 434 0 914 10 20 20 78
74 c 5 45 434 0 914 10 10 5 93
75 c 42 15 434 0 914 10 10 5 83
76 c 38 15 434 0 914 10 10 10 83 97 98
77 c 55 20 436 0 916 10 19 11
78 c 21 24 437 0 917 10 28 24 80 82 84 87 90 93 98
79 c 8 45 437 0 917 10 20 19
80 c 22 75 443 0 919 10 30 37 91
81 c 63 65 443 0 922 10 8 16 89 97
82 c 15 60 443 0 923 10 17 9 91
83 c 30 25 443 0 923 10 23 28 86
84 c 65 55 444 0 924 10 14 22 96
85 c 25 30 445 0 925 10 3 7 93
86 c 61 52 448 808 928 10 3 9
87 c 56 37 449 0 929 10 6 10 100
88 c 35 69 450 810 930 10 23 25
89 c 37 31 450 0 930 10 14 15
90 c 31 67 451 810 930 10 3 9
91 c 55 60 451 0 931 10 16 26 99
92 c 57 48 452 0 932 10 23 29
93 c 45 65 454 0 934 10 9 14 97
94 c 55 54 454 0 934 10 26 21 98
95 c 27 43 455 0 935 10 9 3
96 c 26 52 455 0 935 10 9 1 99
97 c 49 58 457 0 937 10 10 5
98 c 49 42 457 0 937 10 13 12
99 c 47 47 462 822 942 10 13 8
100 c 37 47 465 0 945 10 6 16

