StringID Type x y release ReadyTime DueDate ServiceTime weight volume Item_Conflitante1 Item_Conflitante2 Item_Conflitante3 Item_Conflitante4 Item_Conflitante5 Item_Conflitante6 Item_Conflitante7 Item_Conflitante8 Item_Conflitante9 Item_Conflitante10 Item_Conflitante11 Item_Conflitante12 Item_Conflitante13 Peso_Total Volume_Total
0 d 35 35 0 0 1000 0 0 0              1000 1000
1 c 40 60 85 187 427 10 21 13 2 8 11 14 21 27 39 82
2 c 31 52 85 94 334 10 27 19 4 13 42 47 48 60 82 100
3 c 53 52 85 24 264 10 11 3 10 34 56 64 69 73 81 86 87
4 c 67 5 85 228 468 10 25 22 7 34 48 59 67 69 71 79 86 92
5 c 14 37 85 53 293 10 11 4 16 19 39 56 62 94
6 c 2 60 85 41 281 10 5 11 13 17 27 73 78 86 100
7 c 15 47 85 106 346 10 16 20 10 17 55 94
8 c 5 5 85 234 474 10 16 23 17 29 31 35 43 45 50 52 77 94 97 98
9 c 60 12 85 33 273 10 31 35 44 57 61 64 65 79 92 99
10 c 24 12 85 25 265 10 5 1 60 88
11 c 11 14 85 167 407 10 18 27 19 27 34 35 51 72 78 84
12 c 6 38 85 29 269 10 16 11 48 52 58 65 76 85 88 95
13 c 8 56 85 48 288 10 27 31 21 35 37 50 51 61
14 c 27 43 85 117 357 10 9 12 15 26 56 57 60 68 86 90
15 c 49 42 85 212 452 10 13 20 26 27 32 45 50 53 64 85 95
16 c 49 11 85 171 411 10 18 11 30 33 35 44 48 50 70 82 99
17 c 44 17 85 234 474 10 9 5 18 21 41 44 53 58 63 67 82 83
18 c 21 24 85 17 257 10 28 18 27 66 83 90 92 97 98
19 c 47 16 85 22 262 10 25 22 29 35 77
20 c 12 24 85 214 454 10 13 12 32 35 40 60 66 78 79
21 c 24 58 85 113 353 10 19 15 28 37 39 42 52 59 61 62 66 68 74 75 95
22 c 27 69 85 34 274 10 10 16 27 42 74 81 95
23 c 15 77 85 154 394 10 9 18 40 47 51 56 67 80 93
24 c 62 77 85 49 289 10 20 19 26 42 65 75 80 95 98 100
25 c 57 68 85 198 438 10 15 14 59 64 68 83 89
26 c 64 42 85 132 372 10 9 7 36 39 50 65
27 c 41 37 85 65 305 10 16 17 32 44 47 59 87 91
28 c 37 47 85 108 348 10 6 4 29 33 46 79
29 c 20 50 85 251 491 10 5 4 31 39 40 52 54 65 75
30 c 19 21 85 125 365 10 10 1 47 52 58 72 77 83
31 c 35 17 85 93 333 10 7 1 34 38 65 66 79 82 91
32 c 25 24 85 42 282 10 20 10 40 46 63 68
33 c 55 5 85 146 386 10 29 39 69 80 83 89 90 92 96
34 c 15 30 85 20 260 10 26 30 40 41 68 73 78 90
35 c 45 20 85 153 393 10 11 2 67 82 95
36 c 26 52 85 214 454 10 9 5 47 65 78 87 93 97
37 c 15 60 85 204 444 10 17 9 67 73 75
38 c 22 22 85 18 258 10 2 2 60 68 80 89 95
39 c 35 40 85 60 300 10 16 20 55 91 96
40 c 15 10 85 32 272 10 20 19 41 42 58 69
41 c 20 65 85 146 386 10 12 5 48 63 84 87
42 c 10 20 85 203 443 10 19 16 49 55 61 90 95 96
43 c 50 35 85 167 407 10 19 12 95
44 c 30 5 85 118 358 10 8 4 49 54 59 66 71 83
45 c 20 26 85 263 503 10 9 1 47 49 51 53 58 59 80 84 89 92
46 c 40 25 85 279 519 10 9 5 68 81
47 c 49 58 85 281 521 10 10 20 52 54 63 66 82
48 c 20 40 85 286 526 10 12 6 54 57 71 73 100
49 c 16 22 85 299 539 10 41 50 53 69 80
50 c 57 48 85 307 547 10 23 32 58 62 80 96 100
51 c 4 18 85 307 547 10 35 25 54 75 86
52 c 55 54 85 314 554 10 26 30 62 66 71 75 94 95
53 c 28 18 85 314 554 10 26 16 66 93 98
54 c 31 67 85 320 560 10 3 10 65 88
55 c 61 52 85 322 562 10 3 1 58 66 70 82 84 89
56 c 10 43 85 323 563 10 9 14 61 62 63 79
57 c 55 60 85 329 569 10 16 11 77
58 c 37 31 85 332 572 10 14 21 59 60 62 92
59 c 45 10 85 332 572 10 18 8 96
60 c 42 7 85 334 574 10 5 2 69 87
61 c 25 30 85 345 585 10 3 1 65 77 99
62 c 26 27 248 350 590 10 27 19 78
63 c 11 31 248 354 594 10 7 1 70 74 83 87
64 c 32 12 248 356 596 10 7 1 85 97
65 c 6 68 248 401 641 10 30 30 82
66 c 55 45 248 436 676 10 13 21 71 90 94 97 98
67 c 2 48 248 452 692 10 1 1 83 86 95
68 c 65 55 248 452 692 10 14 20 76
69 c 47 47 248 475 715 10 13 20 81 86
70 c 30 60 248 485 725 10 16 14 83 98 99
71 c 45 65 248 504 744 10 9 5 85 89 96
72 c 45 30 248 508 748 10 17 19 93 100
73 c 53 12 339 519 759 10 6 1 78 82 96 98
74 c 25 21 339 523 763 10 12 19 86 96
75 c 49 73 339 523 763 10 25 23 79 88 91
76 c 22 27 339 529 769 10 11 12 92 96 97
77 c 20 20 339 530 770 10 8 6 80 86
78 c 23 3 339 543 783 10 7 14 82 85 86 88
79 c 63 23 339 560 800 10 2 4 83 85 96 100
80 c 57 29 339 568 808 10 18 20 99
81 c 56 39 339 575 815 10 36 42 89 97 98
82 c 35 69 339 599 839 10 23 29 100
83 c 55 20 398 620 860 10 19 26 93 97
84 c 46 13 398 622 862 10 8 12
85 c 63 65 398 630 870 10 8 6 93
86 c 30 25 398 639 879 10 23 15 88 90 91 95 97
87 c 65 35 398 656 896 10 3 1 92 98
88 c 41 49 398 658 898 10 10 15
89 c 17 34 423 672 912 10 3 11
90 c 5 30 423 682 922 10 2 4
91 c 15 19 423 683 923 10 1 1 97 100
92 c 65 20 458 716 956 10 6 15 93
93 c 26 35 458 718 958 10 15 11 99
94 c 13 52 465 720 960 10 36 42 98
95 c 18 18 465 725 965 10 17 7
96 c 56 37 468 728 968 10 6 12
97 c 37 56 468 728 968 10 5 1 99
98 c 18 24 469 729 969 10 22 22
99 c 53 43 470 730 970 10 14 8
100 c 36 26 480 740 980 10 18 15

