StringID Type x y release ReadyTime DueDate ServiceTime weight volume Item_Conflitante1 Item_Conflitante2 Item_Conflitante3 Item_Conflitante4 Item_Conflitante5 Item_Conflitante6 Item_Conflitante7 Item_Conflitante8 Item_Conflitante9 Item_Conflitante10 Item_Conflitante11 Peso_Total Volume_Total
0 d 40 50 0 0 240 0 0 0            200 200
1 c 88 30 0 59 119 10 10 8 2 6 9 15 40 47 70 78
2 c 88 35 0 50 110 10 20 26 24 44 67 75 81 83
3 c 85 25 0 51 111 10 10 12 26 38 69 71 74 83
4 c 65 55 0 50 110 10 14 6 21 23 27 30 40 77
5 c 65 85 0 43 103 10 40 46 26 41 71
6 c 37 31 0 20 80 10 14 7 7 16 24 29 43 90 94
7 c 62 80 0 60 120 10 30 22 18 21 38 87 100
8 c 60 80 0 36 96 10 10 12 20 42 44 47 49 84 100
9 c 55 80 0 33 93 10 10 15 10 19 25 62 69 79 81 93
10 c 27 43 0 27 87 10 9 10 12 14 16 19 52 58 69 97 99
11 c 55 82 0 49 109 10 10 6 19 24 38 49 57 66 84 97 98
12 c 90 35 0 52 112 10 10 1 14 16 42 45 46 47 60 82 83 86 97
13 c 20 82 0 37 97 10 10 16 36 43 48 60 65 81 96
14 c 25 30 0 37 97 10 3 6 17 29 30 54 69 77 100
15 c 60 12 0 60 120 10 31 28 22 28 42
16 c 5 5 0 59 119 10 16 21 17 31 32 40 48 57 87
17 c 10 20 0 42 102 10 19 15 34 37 45 77 82 92
18 c 45 65 0 51 111 10 9 4 24 35 40 44 84 97
19 c 65 35 0 37 97 10 3 1 43 60 61 76 85
20 c 65 20 0 39 99 10 6 2 32 59 72 76
21 c 45 30 0 38 98 10 17 23 35 48 71 82 94
22 c 35 40 0 11 71 10 16 16 38 51 59 68 98
23 c 63 65 0 27 87 10 8 18 31 41 78 84 90
24 c 64 42 0 55 115 10 9 8 29 46 47 88 95
25 c 2 45 0 38 98 10 10 15 29 30 34 51 52 64 91
26 c 92 30 0 55 115 10 10 19 35 36 51 93 94 96
27 c 31 52 0 26 86 10 27 35 37 40 42 58 66 75 77 79 83
28 c 8 45 0 49 109 10 20 26 30 32 35 39 53 57 75 77 89 93
29 c 56 37 0 20 80 10 6 3 32 53 55 62 84
30 c 20 85 0 40 100 10 20 16 33 37 86 89 92
31 c 8 40 0 44 104 10 40 39 42 55 58 75 79 96
32 c 95 35 0 57 117 10 20 13 41 47 49 51 56 69 82
33 c 26 52 0 31 91 10 9 17 58 81 86 90
34 c 53 43 0 14 74 10 14 4 38 47 49 59 64 79 81
35 c 5 45 2 35 95 10 10 1 37 51 86 90 94
36 c 2 40 2 43 103 10 20 29 43 63
37 c 0 40 2 57 117 10 20 20 42 46 72 85 94 96
38 c 22 75 2 35 95 10 30 22 57 69 78 85
39 c 38 5 2 50 110 10 30 36 40 52 87
40 c 42 10 2 57 117 10 40 50 55 66 70 71 77 79 81 95 96
41 c 24 58 2 52 112 10 19 14 45 55 67 85
42 c 40 5 2 52 112 10 10 14 53 54 69 85 95
43 c 2 60 2 62 122 10 5 12 55 60 61 72 93
44 c 26 35 2 62 122 10 15 7 45 49 51 67 82 94 97 100
45 c 15 75 20 64 124 10 20 23 48 59 63 75 86
46 c 55 20 20 68 128 10 19 13 48 66 82 83 88 94 95 100
47 c 60 85 20 70 130 10 30 37 67 74 80 84 88 97
48 c 37 47 20 71 131 10 6 1 86 92 96
49 c 49 58 20 71 131 10 10 4 51 57 85
50 c 21 24 20 72 132 10 28 28 74 84
51 c 44 5 20 72 132 10 20 21 57 78 90 92
52 c 63 23 20 72 132 10 2 6 53 71 73 83 93
53 c 6 68 20 74 134 10 30 26 79 98
54 c 8 56 20 75 135 10 27 29 69 78 84 85
55 c 12 24 20 75 135 10 13 17 58 61 84 86
56 c 20 50 20 76 136 10 5 1 76 81 93
57 c 10 35 20 76 136 10 20 22 61 98
58 c 15 80 20 76 136 10 10 11 67 68 70 72 83 84
59 c 40 15 20 77 137 10 40 30 91 92 93 97
60 c 58 75 20 77 137 10 20 19 71 88 92
61 c 57 48 20 80 140 10 23 19 62 64 71 77 88 96
62 c 18 75 20 80 140 10 20 28 67 81 96
63 c 30 25 29 81 141 10 23 24 90
64 c 57 29 29 81 141 10 18 19 75 97
65 c 42 12 29 89 149 10 10 20 72 77 87 90 92 100
66 c 22 85 45 94 154 10 10 1 81
67 c 85 35 45 96 156 10 30 23 73 75 92 94
68 c 18 80 45 98 158 10 10 14 87 88 89 93
69 c 95 30 45 100 160 10 30 32
70 c 72 35 45 101 161 10 30 29 96
71 c 10 40 45 104 164 10 30 25 77 82 84 85 88 92
72 c 4 18 45 105 165 10 35 34 74 80 82 88 89
73 c 42 15 47 107 167 10 10 20 78 80 89 96
74 c 65 82 49 109 169 10 10 7 87 89 90 96
75 c 55 85 53 113 173 10 20 20 82 83 89
76 c 50 35 55 115 175 10 19 19 84 87 90
77 c 87 30 56 116 176 10 10 6 87 88
78 c 67 5 57 117 177 10 25 16
79 c 55 54 57 117 177 10 26 17 80 98
80 c 41 37 64 118 178 10 16 6 91 99
81 c 23 3 64 120 180 10 7 2 93
82 c 15 10 64 122 182 10 20 29 88 95
83 c 42 5 64 124 184 10 10 14
84 c 67 85 64 124 184 10 20 20
85 c 35 5 64 124 184 10 20 11 100
86 c 55 60 64 124 184 10 16 14
87 c 30 60 65 125 185 10 16 24 91
88 c 20 80 66 126 186 10 40 46 89
89 c 20 20 66 126 186 10 8 6 100
90 c 5 35 73 127 187 10 10 2 92 94
91 c 40 60 73 129 189 10 21 31 97
92 c 0 45 73 129 189 10 20 17 96
93 c 25 85 73 130 190 10 20 10
94 c 38 15 73 133 193 10 10 4 99
95 c 15 60 80 140 200 10 17 20
96 c 61 52 88 148 208 10 3 4 97
97 c 35 69 90 150 210 10 23 21
98 c 31 67 90 150 210 10 3 8
99 c 49 42 92 152 212 10 13 4
100 c 47 47 102 162 222 10 13 15

