StringID Type x y release ReadyTime DueDate ServiceTime weight volume Item_Conflitante1 Item_Conflitante2 Item_Conflitante3 Item_Conflitante4 Item_Conflitante5 Item_Conflitante6 Item_Conflitante7 Item_Conflitante8 Item_Conflitante9 Item_Conflitante10 Item_Conflitante11 Item_Conflitante12 Item_Conflitante13 Item_Conflitante14 Peso_Total Volume_Total
0 d 35 35 0 0 230 0 0 0               200 200
1 c 64 42 0 53 83 10 9 5 31 38 45 55 64 69 70 77 81 88
2 c 40 60 0 61 91 10 21 11 10 13 17 20 44 61 71 78 98
3 c 55 54 0 84 114 10 26 17 9 11 20 27 28 29 35 51 52 54 76 81 95 98
4 c 53 52 0 27 57 10 11 14 25 38 42 51 62 71 92 96
5 c 57 68 0 67 97 10 15 5 18 22 42 50 57 58 68
6 c 57 48 0 82 112 10 23 15 23 33 48 59 66 68 75 100
7 c 5 5 0 73 103 10 16 7 12 13 30 52 54 64 85 91 95
8 c 60 12 0 34 64 10 31 21 18 29 34 37 62 66 84 88
9 c 40 25 0 75 105 10 9 1 20 28 33 43 45 46 50 89 93
10 c 24 12 0 25 55 10 5 12 23 35 38 60 61 71 84 85 91 94 99
11 c 11 14 0 59 89 10 18 18 12 20 45 82 93
12 c 41 37 0 29 59 10 16 16 23 27 29 32 36 40 43 90
13 c 6 38 0 29 59 10 16 6 28 48 53 73 90 96
14 c 20 26 0 73 103 10 9 18 20 28 45 50 54 55 95 97
15 c 49 58 0 78 108 10 10 1 59 81 92 93 100
16 c 37 31 0 85 115 10 14 21 21 28 42 46 63 70 76 85 93
17 c 49 42 0 63 93 10 13 9 41 49 56 77 78 90 93
18 c 12 24 0 66 96 10 13 18 35 43 53 61 68 79 81 99
19 c 24 58 0 48 78 10 19 15 25 30 44 60 88
20 c 27 69 0 34 64 10 10 8 25 62 66 99
21 c 15 77 0 63 93 10 9 8 36 53 59 69 79 99
22 c 62 77 0 49 79 10 20 28 56 79 85 87 88
23 c 67 5 0 73 103 10 25 32 25 36 37 42 46
24 c 37 47 0 40 70 10 6 12 37 43 48 52 60 66 73 82 87 90
25 c 8 56 0 41 71 10 27 25 26 29 36 58 60 64 69 73 81 84 87 94 96
26 c 35 40 0 27 57 10 16 13 30 31 42 47 83 91
27 c 2 60 0 41 71 10 5 1 36 38 52 84 93 95
28 c 20 65 0 57 87 10 12 8 29 41 42 52 69 73 75 76 92 94
29 c 22 22 0 18 48 10 2 4 35 38 40 49 57 58 67 76 80 87 91
30 c 31 67 0 85 115 10 3 1 35 48 74 80 89 96
31 c 26 52 0 64 94 10 9 6 46 47 62 63 73
32 c 10 43 0 85 115 10 9 16 36 44 49 57 61 68 69 71 87 94 100
33 c 28 18 0 83 113 10 26 30 38 49 68 81 83 89
34 c 15 10 0 32 62 10 20 11 35 39 46 77 93
35 c 30 5 0 51 81 10 8 8 38 39 55 65 75
36 c 10 20 6 65 95 10 19 19 44 53 55 57 76 99
37 c 20 40 6 77 107 10 12 15 41 46 60 78 87 97
38 c 44 17 6 68 98 10 9 2 42 48 51 61 62 74 90 92
39 c 4 18 6 84 114 10 35 25 57 79 84 88
40 c 15 60 6 66 96 10 17 25 76
41 c 55 5 6 58 88 10 29 24 52 73 76
42 c 61 52 6 86 116 10 3 9 58 62 88 95 100
43 c 42 7 6 87 117 10 5 15 44 52 54 60 67 71 86 89
44 c 55 60 6 87 117 10 16 8 60 66 69 80 100
45 c 45 10 6 87 117 10 18 13 51 52 54 61
46 c 25 30 6 89 119 10 3 1 56 64 74
47 c 32 12 6 91 121 10 7 4 53 61 63 68 89
48 c 11 31 6 91 121 10 7 2 49 53 55 59 86 92 97
49 c 6 68 13 98 128 10 30 29 76 79 80
50 c 2 48 45 107 137 10 1 1 55 72 79 86 87
51 c 30 60 45 114 144 10 16 7 61 65 86 95
52 c 45 65 45 116 146 10 9 9 98
53 c 49 73 45 117 147 10 25 19 89
54 c 53 12 45 120 150 10 6 1 57 58 85 86 92
55 c 23 3 45 122 152 10 7 11 88 96
56 c 25 21 45 123 153 10 12 6 62 65 77 83 89
57 c 63 23 45 126 156 10 2 1 64 65 92
58 c 57 29 45 130 160 10 18 9 59 77 86 91 100
59 c 35 69 54 131 161 10 23 22 72 79 89
60 c 56 39 54 132 162 10 36 37 74 83 86 95
61 c 63 65 54 133 163 10 8 1 89 93
62 c 46 13 54 139 169 10 8 16 68 71 84 89 94
63 c 55 20 54 139 169 10 19 11 64 71 79 97
64 c 65 35 58 143 173 10 3 7 71 77 98 100
65 c 5 30 62 147 177 10 2 1 79 82 83 84 87 96
66 c 30 25 64 149 179 10 23 20 77 87
67 c 17 34 67 152 182 10 3 1 72 74 85
68 c 65 55 68 0 183 10 14 7 80 93 100
69 c 65 20 71 156 186 10 6 1 77 97
70 c 49 11 77 0 192 10 18 14 73 84 97
71 c 13 52 77 0 192 10 36 27 90
72 c 15 19 79 0 194 10 1 1 75 78 85 97
73 c 18 18 80 165 195 10 17 9 76 82
74 c 15 47 81 0 196 10 16 13 81 85 100
75 c 26 35 81 166 196 10 15 14 76 80 87
76 c 16 22 81 0 196 10 41 39 80 82
77 c 47 16 82 0 197 10 25 31 84
78 c 55 45 82 0 197 10 13 16 80 86
79 c 20 20 83 0 198 10 8 5 83
80 c 56 37 83 168 198 10 6 1 93 94 96
81 c 14 37 83 0 198 10 11 9 89
82 c 19 21 83 0 198 10 10 6 84
83 c 20 50 83 0 198 10 5 5 89 91
84 c 37 56 83 168 198 10 5 6
85 c 15 30 84 0 199 10 26 27 91
86 c 53 43 84 169 199 10 14 18 97
87 c 18 24 84 169 199 10 22 31 94
88 c 45 20 86 0 201 10 11 13 91 96
89 c 31 52 87 0 202 10 27 29 100
90 c 35 17 87 0 202 10 7 1
91 c 21 24 87 0 202 10 28 31 95
92 c 47 47 88 0 203 10 13 10
93 c 22 27 89 0 204 10 11 16
94 c 41 49 89 0 204 10 10 10 96 100
95 c 25 24 90 0 205 10 20 15
96 c 50 35 90 0 205 10 19 28
97 c 26 27 92 0 207 10 27 37
98 c 27 43 93 0 208 10 9 2
99 c 45 30 93 0 208 10 17 14
100 c 36 26 95 180 210 10 18 10

