StringID Type x y release ReadyTime DueDate ServiceTime weight volume Item_Conflitante1 Item_Conflitante2 Item_Conflitante3 Item_Conflitante4 Item_Conflitante5 Item_Conflitante6 Item_Conflitante7 Item_Conflitante8 Item_Conflitante9 Item_Conflitante10 Item_Conflitante11 Item_Conflitante12 Item_Conflitante13 Item_Conflitante14 Item_Conflitante15 Item_Conflitante16 Peso_Total Volume_Total
0 d 40 50 0 0 240 0 0 0                 200 200
1 c 38 5 0 65 95 10 30 33 2 16 51 76
2 c 6 68 0 89 119 10 30 31 16 25 30 63 75 88 90 99
3 c 62 80 0 75 105 10 30 39 9 12 53 92
4 c 55 82 0 64 94 10 10 15 7 34 35 61 62 80 90
5 c 2 40 0 58 88 10 20 16 12 15 24 60 66 67 77
6 c 60 12 0 75 105 10 31 34 9 10 24 38 41 50 96
7 c 8 40 0 59 89 10 40 42 25 43 50 72 96
8 c 12 24 0 90 120 10 13 12 15 19 23 37 42 63 96
9 c 26 35 0 77 107 10 15 8 15 25 34 41 51 52 83 89
10 c 31 52 0 41 71 10 27 19 11 37 41 46 54 58 75
11 c 53 43 0 14 44 10 14 9 29 30 31 56 60 79 86 94
12 c 64 42 1 70 100 10 9 9 13 37 41 42 54 63 79 99
13 c 65 35 1 52 82 10 3 4 30 67 80 84
14 c 15 80 1 91 121 10 10 18 16 18 25 31 34 40 48 63 64 74 77 78 93 96 97 100
15 c 20 50 1 91 121 10 5 8 27 30 38 58 59 78 85
16 c 10 35 1 91 121 10 20 22 61 73 82 87
17 c 57 29 6 96 126 10 18 11 33 43 50 64 72 76
18 c 30 60 50 140 170 10 16 18 62 69 72 84
19 c 20 80 51 141 171 10 40 31 23 26 34 68 84 88 94 95
20 c 20 20 51 141 171 10 8 11 28 43 49 53 57 78 82 83 100
21 c 95 30 51 0 171 10 30 39 37 38 51 53 70 88 94 98
22 c 5 35 52 142 172 10 10 6 27 29 67 69 72 76 88 94
23 c 5 5 52 0 172 10 16 9 48 54 62 63 71 74 92
24 c 95 35 52 0 172 10 20 17 28 42 48 54 68 80 83 84
25 c 92 30 54 0 174 10 10 15 30 34 36 44 52 62 71 76 90
26 c 90 35 57 0 177 10 10 12 29 35 36 42 53 62 69 77 90 99
27 c 67 5 57 0 177 10 25 20 31 39 59 69
28 c 88 30 58 0 178 10 10 4 32 44 50 59 69 71 79 88 95 97
29 c 87 30 58 0 178 10 10 7 36 44 46 47 49 58 69 71 86 90 100
30 c 85 25 58 0 178 10 10 19 53 78
31 c 88 35 59 0 179 10 20 13 32 41 45 47 53 55 58 70 75 88 89 94 95
32 c 23 3 60 150 180 10 7 8 35 82 86 92 94
33 c 4 18 61 0 181 10 35 35 56 67 81 82 84 95
34 c 15 10 62 152 182 10 20 26 62 89 100
35 c 85 35 62 0 182 10 30 34 44 45 48 55 60 74 75 77 83
36 c 42 5 64 0 184 10 10 5 55 73 87
37 c 35 5 64 154 184 10 20 22 64 88
38 c 44 5 64 0 184 10 20 30 41 45 48 58 71 72 75
39 c 40 5 65 0 185 10 10 15 43 76 93 97
40 c 67 85 65 0 185 10 20 28 42 51 73 85 87
41 c 65 85 66 0 186 10 40 35 53 66 68
42 c 10 20 67 0 187 10 19 10 43 44 47 72 76 85
43 c 0 40 68 0 188 10 20 26 44 53 71 87
44 c 60 85 69 0 189 10 30 26 54 61 68 92 100
45 c 65 82 69 0 189 10 10 7 53 55 59 60 83 91
46 c 20 85 69 0 189 10 20 14 54 57 66 74 77
47 c 42 10 69 0 189 10 40 33 59 72 78 96 99
48 c 0 45 69 0 189 10 20 18 49 65 75 76 79
49 c 65 20 70 0 190 10 6 13 57 76 89 92
50 c 22 85 70 0 190 10 10 1 72 86 97
51 c 2 60 70 0 190 10 5 1 52 66 69 92
52 c 42 12 71 0 191 10 10 11 54 62 88 90
53 c 2 45 72 0 191 10 10 9 60 62 70 87 90
54 c 25 85 72 0 191 10 20 16 80 83
55 c 55 85 72 0 191 10 20 11
56 c 18 80 72 0 192 10 10 9 62 69 83
57 c 20 82 72 0 192 10 10 4 62 66 83 97
58 c 60 80 73 0 193 10 10 4 60 70 94
59 c 63 23 74 0 194 10 2 1 83 85 92 97 100
60 c 72 35 74 0 194 10 30 25 61 87
61 c 5 45 74 0 194 10 10 18 69 74
62 c 42 15 74 0 194 10 10 13 66 70 86 98
63 c 38 15 74 0 194 10 10 8 75 87 93 97
64 c 15 75 76 0 194 10 20 14 93 100
65 c 40 15 76 0 195 10 40 32 91 92 100
66 c 18 75 76 0 196 10 20 16 76 80
67 c 55 80 76 0 196 10 10 5 83 94
68 c 55 20 77 0 196 10 19 28 75 77
69 c 21 24 77 0 197 10 28 31 84 91
70 c 8 45 77 0 197 10 20 16 93 99
71 c 8 56 77 0 197 10 27 29 72 76
72 c 10 40 78 0 198 10 30 37 89 91 93 98 100
73 c 58 75 79 0 199 10 20 25 82 91 99
74 c 22 75 79 0 199 10 30 25 85 89 99
75 c 63 65 82 0 202 10 8 17 76 82 94
76 c 30 25 83 0 203 10 23 15 81 98
77 c 15 60 83 0 203 10 17 22 91
78 c 65 55 84 0 204 10 14 11 95
79 c 25 30 85 0 205 10 3 1 88
80 c 61 52 89 0 208 10 3 1 87 96 100
81 c 56 37 89 0 209 10 6 1
82 c 45 30 89 0 209 10 17 14 95
83 c 37 31 90 0 210 10 14 10
84 c 35 69 90 0 210 10 23 32 85 86 93 98
85 c 31 67 90 180 210 10 3 12
86 c 55 60 91 0 211 10 16 10 88
87 c 50 35 91 0 211 10 19 26 96 98
88 c 57 48 92 0 212 10 23 21 94 98 99
89 c 24 58 92 0 212 10 19 11 90 96 100
90 c 55 54 94 0 214 10 26 34 96
91 c 45 65 94 0 214 10 9 10 96
92 c 27 43 95 0 215 10 9 1
93 c 26 52 95 0 215 10 9 10
94 c 41 37 96 0 216 10 16 22 98 99
95 c 49 58 97 0 217 10 10 8 98
96 c 49 42 97 0 217 10 13 8
97 c 35 40 98 0 218 10 16 24
98 c 40 60 100 0 220 10 21 26
99 c 47 47 102 0 222 10 13 16
100 c 37 47 105 0 225 10 6 13

