StringID Type x y release ReadyTime DueDate ServiceTime weight volume Item_Conflitante1 Item_Conflitante2 Item_Conflitante3 Item_Conflitante4 Item_Conflitante5 Item_Conflitante6 Item_Conflitante7 Item_Conflitante8 Item_Conflitante9 Item_Conflitante10 Item_Conflitante11 Item_Conflitante12 Peso_Total Volume_Total
0 d 35 35 0 0 230 0 0 0             200 200
1 c 5 5 6 73 103 10 16 24 18 33 60 64 79 87 98
2 c 67 5 6 73 103 10 25 31 7 11 23 28 31 65 66 95
3 c 37 47 6 40 70 10 6 12 9 15 19 23 26 40 42 54 61 82 85 97
4 c 24 58 6 48 78 10 19 26 28 47 52 60 68 86
5 c 20 26 6 73 103 10 9 18 10 21 33 38 59 75 81 90 92
6 c 49 42 6 63 93 10 13 20 7 16 18 23 25 46 66 72 79 81
7 c 55 5 6 58 88 10 29 32 10 13 15 21 27 47 59 76 82 90 98 100
8 c 57 48 6 82 112 10 23 27 24 53 71
9 c 30 5 6 51 81 10 8 16 13 17 36 53 78
10 c 20 65 6 57 87 10 12 18 12 49 69 74 82 94
11 c 37 31 6 85 115 10 14 19 23 41 44 60
12 c 11 14 6 59 89 10 18 13 22 23 29 30 31 41 71 78
13 c 22 22 6 18 48 10 2 8 22 38 49 50 59 62 78 82 86 87
14 c 28 18 6 83 113 10 26 27 19 44 49 51 69 75 83 84
15 c 10 43 6 85 115 10 9 5 39 74 80 93
16 c 55 60 6 87 117 10 16 19 22 40 51 56 89
17 c 11 31 6 91 121 10 7 1 30 32 35 64 71 75 81 90 98
18 c 63 23 41 126 156 10 2 1 20 30 33 66 67 80 85 98
19 c 46 13 54 139 169 10 8 4 45 73 77 93
20 c 55 20 54 139 169 10 19 16 35 73 78 90 92 93 94 95
21 c 62 77 58 0 170 10 20 14 28 30 37 43 47 82 100
22 c 15 77 58 0 173 10 9 3 33 40 41 78 87 98 99
23 c 6 68 61 0 176 10 30 26 48 53 62 73 82
24 c 2 60 63 0 178 10 5 1 30 35 37 49 56 68
25 c 63 65 63 0 178 10 8 3 45 47 81 94
26 c 49 73 65 0 179 10 25 30 38 42 44 48 82 86
27 c 30 25 65 149 179 10 23 24 30 32 52 58 61 66 75 80 85 86 96
28 c 57 68 65 0 180 10 15 10 31 62
29 c 65 55 68 0 183 10 14 5 32 54 56 66 74 92
30 c 4 18 69 0 184 10 35 36 37 91 93 95 99
31 c 2 48 69 0 184 10 1 1 35 62 71 97
32 c 23 3 70 0 185 10 7 16 50 57 58 81 98
33 c 27 69 70 0 185 10 10 7 37 86 95
34 c 8 56 70 0 185 10 27 23 40 42 43 48 55 58 64 86 99
35 c 35 69 71 0 186 10 23 15 52 56 58 59 66 74
36 c 65 20 71 156 186 10 6 10 39 58 70 76 84 89
37 c 60 12 71 0 186 10 31 41 51 57 62 80 85 90
38 c 15 10 72 0 187 10 20 30 48 50 53 57 60 64 66 70 92 94
39 c 31 67 72 0 187 10 3 1 43 49 62 88
40 c 15 60 72 0 187 10 17 26 71 77
41 c 61 52 73 0 188 10 3 3 60 64 82 90
42 c 45 65 73 0 188 10 9 4 47 55 58 59 74 85 94
43 c 5 30 74 0 189 10 2 10 50 52 61
44 c 53 12 75 0 190 10 6 1 45 58 73 75 89 96
45 c 64 42 75 0 190 10 9 5 55 60 74
46 c 65 35 75 0 190 10 3 3 52 67 91
47 c 10 20 75 0 190 10 19 24 56 76 80 85
48 c 6 38 75 0 190 10 16 23 54 55 58 65 75 78 99
49 c 42 7 76 0 191 10 5 1 55 56 60 75 96
50 c 13 52 77 0 192 10 36 27 61 76
51 c 49 11 77 0 192 10 18 19 68 71 76 78 84 97
52 c 55 54 78 0 192 10 26 31 63 87 89 90 100
53 c 49 58 78 0 193 10 10 17 57 84
54 c 45 10 78 0 193 10 18 19 64 67 71 78 88 92 96 97
55 c 24 12 79 0 194 10 5 1 64 69 73 78 79 80
56 c 40 60 79 0 194 10 21 26 63 72 75 85 88
57 c 30 60 79 0 194 10 16 8 75
58 c 15 19 79 0 194 10 1 7 80 81 91 98
59 c 12 24 79 0 194 10 13 13 84
60 c 18 18 80 165 195 10 17 25 64 68 71 86 89 96
61 c 53 52 80 0 195 10 11 10 65 83 84 91
62 c 32 12 81 0 196 10 7 16 69 77 89
63 c 16 22 81 0 196 10 41 41 88
64 c 15 47 81 0 196 10 16 24 82 87
65 c 47 16 82 0 197 10 25 17 69 79 83 90 92 93
66 c 57 29 82 0 197 10 18 23 71 73 77
67 c 55 45 82 0 197 10 13 13 74 78 79 81 94 99
68 c 20 50 83 0 198 10 5 8 79 86 87 96
69 c 37 56 83 0 198 10 5 1 76 79 80 91
70 c 56 37 83 0 198 10 6 4 79 98
71 c 20 20 83 0 198 10 8 1 80 81 84 85 88
72 c 19 21 83 0 198 10 10 20 75
73 c 56 39 83 0 198 10 36 36 98
74 c 14 37 83 0 198 10 11 1 77 99
75 c 44 17 84 0 199 10 9 4 83
76 c 18 24 84 0 199 10 22 22 79 100
77 c 15 30 84 0 199 10 26 23
78 c 53 43 84 169 199 10 14 14 84 88 92 100
79 c 26 52 85 0 200 10 9 7 84 99
80 c 45 20 86 0 201 10 11 9 89 92 95 100
81 c 17 34 86 0 201 10 3 2 100
82 c 35 17 87 0 202 10 7 12
83 c 25 21 87 0 202 10 12 15 85
84 c 21 24 87 0 202 10 28 18 86 87 96
85 c 31 52 87 0 202 10 27 26 94 98
86 c 47 47 88 0 203 10 13 8 93
87 c 20 40 89 0 204 10 12 22
88 c 41 49 89 0 204 10 10 9 95 97
89 c 22 27 89 0 204 10 11 2 90 91
90 c 25 24 90 0 205 10 20 13 93
91 c 50 35 90 0 205 10 19 22 95 97
92 c 26 27 92 0 207 10 27 30
93 c 25 30 93 0 208 10 3 12
94 c 45 30 93 0 208 10 17 13 98
95 c 40 25 93 0 208 10 9 7
96 c 27 43 93 0 208 10 9 10
97 c 36 26 95 180 210 10 18 28
98 c 26 35 96 0 211 10 15 23
99 c 41 37 98 0 213 10 16 21
100 c 35 40 100 0 215 10 16 24

