StringID Type x y release ReadyTime DueDate ServiceTime weight volume Item_Conflitante1 Item_Conflitante2 Item_Conflitante3 Item_Conflitante4 Item_Conflitante5 Item_Conflitante6 Item_Conflitante7 Item_Conflitante8 Item_Conflitante9 Item_Conflitante10 Item_Conflitante11 Peso_Total Volume_Total
0 d 35 35 0 0 230 0 0 0            200 200
1 c 37 31 0 95 105 10 14 11 14 28 39 59 64 71 74 80 100
2 c 20 26 0 83 93 10 9 19 9 10 25 26 66 79 89 95
3 c 11 14 0 69 79 10 18 8 6 26 83
4 c 67 5 0 83 93 10 25 15 10 20 27 35 36 41 59 64 65 91
5 c 5 5 0 83 93 10 16 21 8 19 49 50 80 82 93 100
6 c 37 47 0 50 60 10 6 1 25 47 63 79 98
7 c 24 58 0 58 68 10 19 14 9 39 46 70 82 95 100
8 c 55 5 0 68 78 10 29 27 30 46 49 66 68 79
9 c 57 48 0 92 102 10 23 30 27 33 41 48 54 62 66 72 91 100
10 c 30 5 0 61 71 10 8 1 20 53 60 64 71 76 81
11 c 49 42 0 73 83 10 13 3 33 35 37 41 43 55 71 84
12 c 22 22 0 18 28 10 2 1 36 37 55 67 77 96
13 c 55 60 0 97 107 10 16 8 23 27 33 41 63 67
14 c 28 18 0 93 103 10 26 32 16 24 26 27 53 54 59 70 100
15 c 10 43 0 95 105 10 9 4 21 23 43 90 96
16 c 20 65 0 67 77 10 12 3 25 33 39 55 61 64 66 76 77 78 80
17 c 11 31 0 101 111 10 7 13 63 69 73 94
18 c 63 23 44 136 146 10 2 1 45 72 78 82 99
19 c 55 20 44 149 159 10 19 15 36 40 48 57 66 78 88 94
20 c 46 13 44 149 159 10 8 12 22 32 42 44 72 77 96
21 c 30 25 55 159 169 10 23 22 41 54 56 67 69 80
22 c 62 77 55 0 170 10 20 17 23 44
23 c 15 77 58 0 173 10 9 14 29 43 57 59 63 82 88
24 c 6 68 61 0 176 10 30 36 29 31 61 68 70 73 75 86 87 91
25 c 2 60 63 0 178 10 5 6 30 46 69 78 79 87 88
26 c 63 65 65 0 178 10 8 8 29 31 58 92
27 c 49 73 65 0 179 10 25 27 30 61 79 80
28 c 57 68 65 0 180 10 15 25 45 48 54 67
29 c 65 20 67 172 182 10 6 1 39 45 47 75 87 89 96 97 99
30 c 65 55 68 0 183 10 14 10 31 32 48 56 84 97
31 c 4 18 69 0 184 10 35 44 84 88 96
32 c 2 48 69 0 184 10 1 1 34 57 63 69 71
33 c 8 56 70 0 185 10 27 23 34 48 85 88 100
34 c 27 69 70 0 185 10 10 19 37 54 56 61 83 96 98
35 c 23 3 70 0 185 10 7 6 50 67 76 79 84 88 96 98
36 c 60 12 71 0 186 10 31 39 41 42 79 84 93 96
37 c 35 69 71 0 186 10 23 26 45 56 63 69 79
38 c 15 10 72 0 187 10 20 29 76 81 88
39 c 15 60 72 0 187 10 17 22 50 55 62 64 78 88
40 c 31 67 72 0 187 10 3 4 57 66 100
41 c 61 52 73 0 188 10 3 1 68 98 99 100
42 c 45 65 73 0 188 10 9 14 49 58 67 68 70 74 75 86
43 c 53 43 74 179 189 10 14 4 68 94 96 99
44 c 5 30 74 0 189 10 2 1 49 58 73 76 98
45 c 10 20 75 0 190 10 19 29 46 50 68 99
46 c 64 42 75 0 190 10 9 17 48 49 64 92 97 98
47 c 53 12 75 0 190 10 6 15 59 67 90 92
48 c 65 35 75 0 190 10 3 6 58 80 85
49 c 6 38 75 0 190 10 16 24 50 69 91 100
50 c 42 7 76 0 191 10 5 5 61 71 79 83 84 92
51 c 13 52 77 0 192 10 36 36 54 61 83
52 c 49 11 77 0 192 10 18 10 65 90 97
53 c 55 54 77 0 192 10 26 36 70 71
54 c 49 58 78 0 193 10 10 13 57
55 c 45 10 78 0 193 10 18 14 61 79
56 c 40 60 79 0 194 10 21 27 66 85 87 93 100
57 c 30 60 79 0 194 10 16 21
58 c 15 19 79 0 194 10 1 10 70 92 96 98 100
59 c 24 12 79 0 194 10 5 13 60 73 76 77 91
60 c 12 24 79 0 194 10 13 20 85 93 96 97 98 100
61 c 18 18 80 185 195 10 17 23 74 75 94 96 98
62 c 53 52 80 0 195 10 11 16 68 77 84 86 100
63 c 16 22 81 0 196 10 41 50 87 88 95
64 c 32 12 81 0 196 10 7 15
65 c 15 47 81 0 196 10 16 20
66 c 57 29 82 0 197 10 18 27 73 87
67 c 47 16 82 0 197 10 25 30 90 95 96 100
68 c 55 45 82 0 197 10 13 8 80 96
69 c 19 21 83 0 198 10 10 8 85 86 90 93 96
70 c 14 37 83 0 198 10 11 17 81 82 89
71 c 56 39 83 0 198 10 36 35 88
72 c 20 20 83 0 198 10 8 16
73 c 37 56 83 0 198 10 5 7 93 98
74 c 20 50 83 0 198 10 5 14 75 84 90
75 c 56 37 83 0 198 10 6 13 78 83 87 88 96 98 99 100
76 c 15 30 84 0 199 10 26 24 78 79
77 c 44 17 84 0 199 10 9 7 78 87
78 c 18 24 84 0 199 10 22 21 79 85
79 c 26 52 85 0 200 10 9 1 87 90 95 96
80 c 45 20 86 0 201 10 11 20 86 97
81 c 17 34 86 0 201 10 3 1 92 98 100
82 c 35 17 87 0 202 10 7 11 84 93
83 c 31 52 87 0 202 10 27 31
84 c 25 21 87 0 202 10 12 13 93 95 100
85 c 21 24 87 0 202 10 28 25 97
86 c 47 47 88 0 203 10 13 19
87 c 20 40 89 0 204 10 12 16
88 c 41 49 89 0 204 10 10 6 94
89 c 22 27 89 0 204 10 11 16
90 c 25 24 90 0 205 10 20 20
91 c 50 35 90 0 205 10 19 29
92 c 26 27 92 0 207 10 27 21 98 99
93 c 45 30 93 0 208 10 17 19 100
94 c 40 25 93 0 208 10 9 12 99
95 c 27 43 93 0 208 10 9 1
96 c 25 30 93 0 208 10 3 13
97 c 36 26 95 200 210 10 18 11 98
98 c 26 35 96 0 211 10 15 16
99 c 41 37 98 0 213 10 16 6
100 c 35 40 100 0 215 10 16 14

