StringID Type x y release ReadyTime DueDate ServiceTime weight volume Item_Conflitante1 Item_Conflitante2 Item_Conflitante3 Item_Conflitante4 Item_Conflitante5 Item_Conflitante6 Item_Conflitante7 Item_Conflitante8 Item_Conflitante9 Item_Conflitante10 Item_Conflitante11 Item_Conflitante12 Peso_Total Volume_Total
0 d 40 50 0 0 240 0 0 0             200 200
1 c 85 25 0 51 85 10 10 18 11 16 21 36 38 66 80 83 86 88 97 99
2 c 65 85 0 43 78 10 40 47 21 24 26 43 44 54 64 75 78
3 c 62 80 0 85 95 10 30 27 46 48 56 59 64 85 89
4 c 60 80 0 36 74 10 10 4 5 55 62 75 77 95 98
5 c 60 85 0 87 112 10 30 37 6 17 37 47 49 51 58 71 73 82
6 c 55 80 0 33 66 10 10 18 32 43 82 99
7 c 55 82 0 74 84 10 10 3 25 71 72 74 93
8 c 2 45 0 38 109 10 10 13 45 57 79
9 c 26 35 0 87 97 10 15 18 13 45 51 55 62 73 88 95 96 100
10 c 20 50 0 101 111 10 5 6 18 22 26 50 52 61 76 92 94 95
11 c 45 65 0 55 106 10 9 6 20 32 35 38 62 64 89 92 94
12 c 65 35 0 62 72 10 3 7 14 33 38 40 59 81 84 88 100
13 c 88 30 0 75 102 10 10 17 26 33 93 98
14 c 65 20 0 39 108 10 6 8 27 55 81 88
15 c 35 40 0 11 43 10 16 16 17 26 33 52 55 62 63 73 93 94
16 c 64 42 0 80 90 10 9 17 28 36 37 51 52 89
17 c 31 52 0 51 61 10 27 22 24 51 83 91
18 c 65 55 0 52 107 10 14 5 30 37 47 57 91 95 96 100
19 c 2 60 0 65 118 10 5 1 24 63 84 90 94
20 c 60 12 0 85 95 10 31 32 40 41 71
21 c 8 56 0 90 119 10 27 36 33 50 56 92
22 c 6 68 0 99 109 10 30 34 27 38
23 c 53 43 0 15 25 10 14 9 27 32 46 51 75 84
24 c 57 29 0 106 116 10 18 22 63 91 93
25 c 12 24 0 100 110 10 13 21 33 67 99
26 c 24 58 0 67 96 10 19 20 47 48 54 78 88 94
27 c 45 30 0 53 82 10 17 18 40 41 57 63 84 90 91 97
28 c 90 35 0 52 112 10 10 4 36 63 66 91
29 c 20 82 0 37 72 10 10 14 47 54 72 76 79 81
30 c 95 35 0 60 93 10 20 16 40 53 69 71
31 c 92 30 0 55 120 10 10 17 35 43 56 59 60 62 76 80 84 94
32 c 0 40 0 59 114 10 20 25 34 47 56 61 69 78
33 c 40 15 0 94 119 10 40 47 38 42 47 99
34 c 38 5 0 75 85 10 30 29 35 41 57 64 75 82 88 98 100
35 c 5 45 0 35 117 10 10 19 37 43 66 70 99
36 c 2 40 0 68 78 10 20 16 42 47 91
37 c 10 35 3 101 111 10 20 14 69 88
38 c 15 80 3 101 111 10 10 19 40 64 72 77 82 83
39 c 8 40 3 69 79 10 40 37 61 67 83
40 c 42 10 3 58 115 10 40 39 44 57 60 69 92 94
41 c 58 75 3 92 121 10 20 13 46 83 84
42 c 49 58 3 80 121 10 10 2 44 45 56 59 62 78 82
43 c 18 75 3 96 123 10 20 30 63 72 82
44 c 44 5 14 79 124 10 20 17 47 72
45 c 21 24 14 77 126 10 28 31 47 62 77 79 87 90
46 c 55 20 14 69 126 10 19 25 50 56
47 c 37 47 14 74 127 10 6 2 49 65
48 c 42 12 14 109 128 10 10 9 58 62 92
49 c 26 52 14 14 134 10 9 14 69 72
50 c 27 43 14 14 134 10 9 1 89
51 c 37 31 30 19 139 10 14 16 64 90
52 c 30 25 30 82 139 10 23 19 59 70 71 77 82 100
53 c 56 37 30 20 140 10 6 16 68 69 79 80 94 100
54 c 10 40 30 123 144 10 30 21 64 69 92 95
55 c 25 30 30 25 145 10 3 2 56 95
56 c 63 65 30 27 147 10 8 7 59 67 68 74 77
57 c 22 75 30 30 150 10 30 39 61 67 87 99
58 c 8 45 32 32 152 10 20 16 61 79 95 98
59 c 15 75 35 35 155 10 20 23 65 85 92 99
60 c 18 80 40 98 157 10 10 1 67 79 80 93
61 c 4 18 40 112 157 10 35 39 79 81 93
62 c 50 35 40 130 159 10 19 19 69 77 81
63 c 20 85 40 40 160 10 20 23 67 88 89
64 c 30 60 40 150 160 10 16 13 67 78 85
65 c 41 37 45 134 161 10 16 26 67 70 75 82 92 94
66 c 20 80 45 151 161 10 40 33 81 84
67 c 20 20 45 151 161 10 8 3 78 87 90
68 c 63 23 45 42 162 10 2 8 83 87 88 94
69 c 42 15 45 111 162 10 10 1 76 98
70 c 10 20 45 42 162 10 19 21 84 86
71 c 5 35 45 152 162 10 10 5
72 c 40 5 45 45 165 10 10 1
73 c 55 85 48 117 168 10 20 26 77 78 84
74 c 67 85 49 138 169 10 20 25 84 92 96
75 c 57 48 50 50 170 10 23 28
76 c 88 35 50 50 170 10 20 21 77
77 c 95 30 51 58 171 10 30 37
78 c 5 5 52 57 172 10 16 19 95
79 c 23 3 53 163 173 10 7 1 81 94 100
80 c 40 60 60 144 173 10 21 31 95
81 c 87 30 60 116 175 10 10 19 96
82 c 67 5 60 105 177 10 25 28 83
83 c 55 60 60 127 180 10 16 18 86 91 97 98
84 c 0 45 60 147 180 10 20 17 93
85 c 35 5 61 171 181 10 20 26 95
86 c 15 10 62 172 182 10 20 10 98 100
87 c 85 35 62 62 182 10 30 37
88 c 42 5 64 64 184 10 10 20
89 c 22 85 64 64 184 10 10 1
90 c 65 82 74 69 189 10 10 20
91 c 72 35 74 71 191 10 30 26
92 c 25 85 74 71 191 10 20 30 99 100
93 c 38 15 74 128 194 10 10 10
94 c 15 60 82 137 202 10 17 8 96
95 c 55 54 87 87 207 10 26 20
96 c 61 52 88 173 208 10 3 7
97 c 35 69 90 172 210 10 23 18
98 c 31 67 90 200 210 10 3 7
99 c 49 42 97 97 217 10 13 7 100
100 c 47 47 102 190 222 10 13 7

