StringID Type x y release ReadyTime DueDate ServiceTime weight volume Item_Conflitante1 Item_Conflitante2 Item_Conflitante3 Item_Conflitante4 Item_Conflitante5 Item_Conflitante6 Item_Conflitante7 Item_Conflitante8 Item_Conflitante9 Item_Conflitante10 Peso_Total Volume_Total
0 d 40 50 0 0 240 0 0 0           200 200
1 c 2 45 1 38 109 10 10 3 8 30 51 55 69 92
2 c 45 65 1 55 106 10 9 8 5 8 33 36 37 61 66 95
3 c 65 20 1 39 108 10 6 9 16 23 24 46 70 75 86 90
4 c 65 55 1 52 107 10 14 11 7 48 65 70 93
5 c 63 65 1 27 101 10 8 5 23 26 34 57 87 88 91
6 c 2 60 1 65 118 10 5 11 14 31 62 78 83 92 96
7 c 5 5 1 60 117 10 16 24 8 17 30 42 45 80 85 95 99
8 c 88 35 1 50 110 10 20 23 12 13 28 31 46 53 65 96
9 c 90 35 1 52 112 10 10 18 16 17 28 70 72 74
10 c 92 30 1 55 120 10 10 8 19 28 34 50 72 74 80 91
11 c 27 43 1 26 87 10 9 1 18 20 54 69 78 90 94
12 c 37 31 1 19 87 10 14 4 19 25 66 81 82
13 c 40 5 1 52 111 10 10 4 23 34 37 50 55
14 c 42 10 1 58 115 10 40 45 24 35 50 51 58 89
15 c 0 40 1 59 114 10 20 14 22 27 44 49 64 89
16 c 25 30 1 36 97 10 3 4 19 59 64 96 98
17 c 22 75 1 32 97 10 30 22 29 70 72 85
18 c 5 45 1 35 117 10 10 19 48 56 70 73 89 93 95
19 c 56 37 1 20 84 10 6 3 46 70 78 79 96
20 c 15 75 1 69 118 10 20 27 36 54 55 56 77 78 82 99
21 c 8 45 1 49 108 10 20 30 25 29 50 51 66 87 88 92 93 97
22 c 26 52 1 30 91 10 9 16 48 68 70 98
23 c 20 85 1 40 113 10 20 14 35 58 70 72 81
24 c 49 58 1 80 121 10 10 4 45 86
25 c 44 5 4 79 124 10 20 22 26 51 55 63 78 94
26 c 10 20 5 42 125 10 19 13 36 41 65 89 97
27 c 55 20 6 69 126 10 19 28 35 40 45 57 67 72 93 100
28 c 21 24 7 77 126 10 28 28 47 65 71 74 87 91
29 c 63 23 7 76 127 10 2 1 50 54 56 66
30 c 37 47 7 74 127 10 6 1 35 65
31 c 57 48 14 86 133 10 23 17 64 66 90
32 c 31 52 14 9 134 10 27 36 35 51 52 74 91 92 94 99
33 c 45 30 19 20 139 10 17 10 39 75 94
34 c 24 58 21 24 139 10 19 13 61 68 73 90 98
35 c 30 25 21 82 139 10 23 14 70
36 c 35 40 21 11 140 10 16 25 39 76 95 99
37 c 12 24 21 68 141 10 13 11 43 62 71 82 99
38 c 64 42 21 28 141 10 9 7 52 87 90 100
39 c 60 12 32 42 143 10 31 32 43 66 69 77 91
40 c 22 85 32 101 146 10 10 1 44 49 53 62 64 73 88 95
41 c 26 35 32 37 146 10 15 9 66 67 69 72 84 99
42 c 62 80 32 37 148 10 30 20 47 57 64 66 78 87 93 100
43 c 55 82 32 35 148 10 10 2 54 88 91 92 93 97 98
44 c 60 85 32 50 149 10 30 34 55
45 c 85 35 32 100 151 10 30 33 46 80
46 c 8 40 32 33 152 10 40 42 71 82 87 95
47 c 6 68 33 54 153 10 30 29 57 66 68 72 83
48 c 20 50 34 57 154 10 5 1 57 86
49 c 95 30 38 105 154 10 30 32 52 56 68 74 76 84 87 92
50 c 15 80 38 56 155 10 10 13 54 56 63 65 69 78 87 98
51 c 53 43 38 14 155 10 14 15 68 72 76 95
52 c 4 18 38 112 157 10 35 39 53 66 70 100
53 c 72 35 38 104 157 10 30 31 58 78 80
54 c 18 80 38 98 157 10 10 9 56 79 98
55 c 42 12 38 79 158 10 10 15 64 80 82 92 98
56 c 65 35 38 29 158 10 3 1 60 71 72 73 76
57 c 40 15 38 55 158 10 40 38 75
58 c 57 29 39 62 159 10 18 8 59 94 98
59 c 88 30 39 52 159 10 10 9 66 98 99
60 c 10 35 42 51 160 10 20 17 64 69 80 85
61 c 2 40 42 39 161 10 20 11 90 95
62 c 42 15 42 111 162 10 10 15 65 69 86 88 90
63 c 8 56 43 46 163 10 27 18 78 86 96
64 c 18 75 55 55 164 10 20 10 70 86
65 c 38 5 55 45 164 10 30 22 69 91
66 c 65 82 55 113 164 10 10 19 82 86 94 98
67 c 58 75 55 48 165 10 20 24 90
68 c 55 80 55 33 166 10 10 1 83
69 c 55 85 55 117 168 10 20 30 76 88 91 98
70 c 95 35 55 57 172 10 20 17 82 83 99
71 c 55 54 55 121 172 10 26 20 80 90
72 c 87 30 55 116 175 10 10 12 85
73 c 20 82 57 37 177 10 10 19 82 99
74 c 67 5 57 105 177 10 25 27 75 87 88
75 c 10 40 57 90 177 10 30 27 90
76 c 85 25 58 51 178 10 10 18 84 86
77 c 55 60 60 127 180 10 16 25 80 86 89 90 94
78 c 23 3 60 52 180 10 7 5 79 92 93 95
79 c 15 10 62 56 182 10 20 15
80 c 35 5 66 54 184 10 20 16 92
81 c 42 5 66 120 184 10 10 5 84 92
82 c 67 85 66 61 185 10 20 12
83 c 65 85 66 43 186 10 40 40 84 89
84 c 0 45 69 60 189 10 20 21 96
85 c 25 85 71 125 191 10 20 12 86 88 99
86 c 60 80 71 36 191 10 10 3
87 c 5 35 71 62 191 10 10 17 94 99
88 c 20 80 73 71 193 10 40 37 97
89 c 20 20 73 72 193 10 8 4 92 93 96 97
90 c 38 15 82 128 194 10 10 10 94 100
91 c 50 35 82 88 201 10 19 26 94
92 c 15 60 82 137 202 10 17 24 99
93 c 41 37 83 92 203 10 16 20
94 c 61 52 88 69 208 10 3 1
95 c 35 69 90 60 210 10 23 26
96 c 31 67 90 66 210 10 3 11 98
97 c 49 42 92 151 212 10 13 14
98 c 30 60 94 95 214 10 16 11
99 c 40 60 97 100 217 10 21 16
100 c 47 47 102 97 222 10 13 22

