StringID Type x y release ReadyTime DueDate ServiceTime weight volume Item_Conflitante1 Item_Conflitante2 Item_Conflitante3 Item_Conflitante4 Item_Conflitante5 Item_Conflitante6 Item_Conflitante7 Item_Conflitante8 Item_Conflitante9 Item_Conflitante10 Item_Conflitante11 Item_Conflitante12 Peso_Total Volume_Total
0 d 35 35 0 0 230 0 0 0             200 200
1 c 20 26 0 83 93 10 9 10 5 10 12 17 19 27 48 65 76
2 c 45 10 0 97 107 10 18 26 5 31 34 55 58 61 63 70 84 85 94 96
3 c 55 5 0 68 78 10 29 21 5 34 52 57 58 73 87 94
4 c 6 38 0 32 42 10 16 21 6 33 72 74 75 77 78 82 87 92 94
5 c 11 14 0 69 79 10 18 28 7 23 24 33 73 78 93
6 c 24 12 0 31 41 10 5 1 54 60 68 82 88
7 c 35 40 0 37 47 10 16 23 48 80 88 95 98
8 c 57 48 0 92 102 10 23 27 11 36 43 51 54 73 87 88 96
9 c 42 7 0 97 107 10 5 5 10 11 50 52 57 64 67 69 93
10 c 40 60 0 71 81 10 21 27 18 29 30 34 41 58 76 90 91 95
11 c 61 52 0 96 106 10 3 10 18 52 61 66 95
12 c 40 25 0 85 95 10 9 1 14 34 41 48 60 69 75 83 92 96
13 c 53 52 0 37 47 10 11 6 20 29 34 38 45 90 91
14 c 67 5 0 83 93 10 25 25 30 35 57 69 71 75 76 77 96 100
15 c 60 12 0 44 54 10 31 32 17 18 21 50 61 64
16 c 49 42 0 73 83 10 13 9 20 33 37 48 53 61 62 79 89 93 99
17 c 2 60 0 41 51 10 5 1 30 35 40 48 51 60 68 71 72 80
18 c 11 31 0 101 111 10 7 15 28 45 57 65 73 81 96 97
19 c 10 43 0 95 105 10 9 3 37 47 50 55 78 79 94
20 c 22 22 0 18 28 10 2 10 28 31 38 48 61 70 78 79 90
21 c 62 77 3 51 61 10 20 13 34 53 54 68 78 98
22 c 15 77 3 73 83 10 9 11 31 40 49 61 73 93 100
23 c 26 52 3 74 84 10 9 9 53 55
24 c 25 30 3 99 109 10 3 9 30 33 51 62 71 77 78 91 98 100
25 c 28 18 3 93 103 10 26 29 33 41 42 50
26 c 37 31 3 95 105 10 14 15 36 46 75 81 96
27 c 5 5 3 83 93 10 16 16 31 36 63 67 79 91
28 c 20 65 3 67 77 10 12 10 56 64 69 72
29 c 24 58 3 58 68 10 19 28 38 42 43 57 76 84 92
30 c 37 47 3 50 60 10 6 7 57 69 81
31 c 30 5 3 61 71 10 8 1 37 46 50 77 83 91 95
32 c 55 60 3 97 107 10 16 8 33 39 48 49 53 57 64 78
33 c 6 68 3 108 118 10 30 40 41 46 47 64 71 72 83
34 c 30 60 25 124 134 10 16 13 37 43 66 86 87 93
35 c 49 73 25 127 137 10 25 23 37 47 63 84 93
36 c 53 12 25 130 140 10 6 8 47 62 77 87 96 97
37 c 63 23 31 136 146 10 2 9 39 40 69 76 83
38 c 56 39 37 142 152 10 36 35 79 86 96
39 c 63 65 38 143 153 10 8 16 70 82 83 92 94 100
40 c 55 20 44 149 159 10 19 28 41 48 65 69 81
41 c 46 13 44 149 159 10 8 1 52 71 83 88 92
42 c 5 30 52 157 167 10 2 1 53 60 64 67 89 90 98
43 c 30 25 54 159 169 10 23 18 46 48 49 65 69 78 83 94
44 c 57 68 65 0 180 10 15 13 45 62 77 100
45 c 65 20 67 172 182 10 6 9 92
46 c 65 55 68 0 183 10 14 6 48 58 65 67 68 76 95 99
47 c 2 48 69 0 184 10 1 1 59 79
48 c 4 18 69 0 184 10 35 34 49 52 60 77 82 86
49 c 27 69 70 0 185 10 10 17 87 90
50 c 23 3 70 0 185 10 7 17 52 55 80 100
51 c 8 56 70 0 185 10 27 25 53 72 80 92
52 c 35 69 72 0 186 10 23 20 65 72 84 90
53 c 15 60 72 0 187 10 17 13 63 76 88 91
54 c 31 67 72 0 187 10 3 1 65 67 92
55 c 15 10 72 0 187 10 20 18 87
56 c 45 65 73 0 188 10 9 14 66 83
57 c 53 43 74 179 189 10 14 5 58 66 80 85 95
58 c 10 20 75 0 190 10 19 25 77 78
59 c 64 42 75 0 190 10 9 8 63 73 87 99
60 c 65 35 75 0 190 10 3 1 63 78 96
61 c 37 56 77 182 192 10 5 12 73
62 c 13 52 77 0 192 10 36 28 79 82
63 c 55 54 77 0 192 10 26 33 68 72 76 96
64 c 56 37 77 182 192 10 6 6 67 88
65 c 49 11 77 0 192 10 18 18 66 68 87 96
66 c 49 58 78 0 193 10 10 9 86 87 96 98 99
67 c 15 19 79 0 194 10 1 7 70 75 80
68 c 12 24 79 0 194 10 13 7 90 100
69 c 18 18 80 185 195 10 17 8
70 c 16 22 81 0 196 10 41 45 73 77
71 c 15 47 81 0 196 10 16 17 78 92
72 c 32 12 81 0 196 10 7 1
73 c 47 16 82 0 197 10 25 15 92 97
74 c 57 29 82 0 197 10 18 18 76 81
75 c 55 45 82 0 197 10 13 16 79 89 94 96
76 c 14 37 83 0 198 10 11 6 92
77 c 18 24 83 188 198 10 22 29 84 92
78 c 19 21 83 0 198 10 10 1 98
79 c 20 20 83 0 198 10 8 16 90
80 c 20 50 83 0 198 10 5 15
81 c 44 17 84 0 199 10 9 15 82
82 c 15 30 84 0 199 10 26 29 94 96
83 c 17 34 86 0 201 10 3 1 90 100
84 c 45 20 86 0 201 10 11 7 97 98 99
85 c 35 17 87 0 202 10 7 4
86 c 25 21 87 0 202 10 12 5 93 97 99
87 c 21 24 87 0 202 10 28 36 90 96 98 100
88 c 31 52 87 0 202 10 27 21 93
89 c 47 47 88 0 203 10 13 21 92
90 c 20 40 89 0 204 10 12 18 91
91 c 41 49 89 0 204 10 10 3
92 c 22 27 89 0 204 10 11 9 95
93 c 25 24 90 0 205 10 20 24
94 c 50 35 90 0 205 10 19 15 98
95 c 26 27 92 0 207 10 27 18 99
96 c 45 30 93 0 208 10 17 18
97 c 27 43 93 0 208 10 9 13 100
98 c 36 26 95 200 210 10 18 18
99 c 26 35 96 0 211 10 15 24
100 c 41 37 98 0 213 10 16 17

