StringID Type x y release ReadyTime DueDate ServiceTime weight volume Item_Conflitante1 Item_Conflitante2 Item_Conflitante3 Item_Conflitante4 Item_Conflitante5 Item_Conflitante6 Item_Conflitante7 Item_Conflitante8 Item_Conflitante9 Item_Conflitante10 Item_Conflitante11 Peso_Total Volume_Total
0 d 40 50 0 0 1236 0 0 0            200 200
1 c 32 30 0 359 412 90 10 18 19 56 66 71 77 87 98
2 c 44 5 0 286 347 90 20 27 11 16 26 66 75 77 95 96 97
3 c 20 80 0 384 429 90 40 33 14 31
4 c 42 15 0 95 158 90 10 10 14 21 47 71 73 74 76
5 c 22 75 0 30 92 90 30 21 6 10 12 14 17 19 44 60 65 91
6 c 38 5 0 471 534 90 30 33 9 10 37 49 58 61 67 83 91
7 c 35 69 0 448 505 90 10 2 10 42 54 65 67 68 69 70 75 80 85
8 c 50 35 0 262 317 90 20 22 19 56 81 82 84
9 c 38 70 0 534 605 90 10 4 16 30 32 81 94
10 c 38 68 0 255 324 90 20 14 15 17 25 30 50 70
11 c 47 40 0 12 77 90 10 10 14 20 22 26 33 34 38 53 59 66
12 c 53 35 0 353 412 90 50 43 16 38 78
13 c 90 35 0 203 260 90 10 19 15 16 41 48 49 50 69 89 92
14 c 70 58 0 458 523 90 20 28 20 24 46 57 63 71 83
15 c 65 55 0 85 144 90 20 22 47 48 63 74 96 97
16 c 67 85 0 368 441 90 20 12 26 34 36 42 58 69
17 c 0 40 0 479 522 90 30 38 75
18 c 25 52 0 169 224 90 40 47 24 33 62 78 89 94
19 c 88 30 202 574 643 90 10 7 49
20 c 55 85 202 647 726 90 20 28 28 46 52 55 56 65 71 84 90
21 c 87 30 202 668 731 90 10 2 67 70 72 73
22 c 28 55 202 732 777 90 10 8 40 41 44 52 63 70
23 c 42 68 202 727 782 90 10 11 50 79 84 86 99
24 c 55 80 202 743 820 90 10 9 25 35 51 70 78 92
25 c 45 35 469 916 969 90 10 18 32 78 82 94 96
26 c 95 30 469 0 1087 90 30 37 40 57 59 79 88 93 95
27 c 95 35 505 0 1088 90 20 13 29 34 42 47 54 58 93
28 c 92 30 505 0 1090 90 10 14 47 69 91 98
29 c 85 25 505 0 1094 90 10 8 40 62 74 80 94 98
30 c 88 35 505 0 1095 90 20 13 52 57 65
31 c 85 35 505 0 1098 90 30 21 37 69 85 99
32 c 35 5 505 0 1100 90 20 19 37 44 55 63 78 84 89 98 100
33 c 40 5 505 0 1101 90 30 20 52 84
34 c 65 85 505 0 1102 90 40 49 39 43 56 71 97
35 c 60 85 505 0 1105 90 30 20 40 50 56 58 60 89
36 c 20 85 505 0 1105 90 40 32 49 80 85 100
37 c 42 10 505 0 1105 90 40 43 48 50 52 77 79
38 c 0 45 505 0 1105 90 20 13 41 52
39 c 65 82 505 0 1105 90 10 1 49 51 75 87
40 c 2 40 505 0 1106 90 20 16 47 49 51 52 64 84
41 c 15 80 505 0 1106 90 10 7 47 63 66 99
42 c 22 85 505 0 1106 90 10 18 45 47 57 73 78 87 100
43 c 5 35 505 0 1107 90 10 13 57 74
44 c 25 85 505 0 1107 90 20 15 46 55 67 72 80 88 93
45 c 62 80 505 0 1108 90 30 23 65 66 76 85
46 c 60 80 505 0 1109 90 10 14 49 52 64 69
47 c 75 55 505 0 1110 90 20 15 61 68 69
48 c 15 75 505 0 1110 90 20 17 76 77 85 88 96
49 c 5 45 505 0 1110 90 10 5 52 79 82 90 93 99
50 c 38 15 505 0 1110 90 10 3 60 86 93
51 c 40 15 505 0 1111 90 40 43 68 82
52 c 8 40 505 0 1112 90 40 42 59 72
53 c 18 75 505 0 1112 90 20 27 79 97
54 c 10 35 505 0 1112 90 20 19 57 70 86 92
55 c 72 55 505 0 1113 90 10 17 68 90 92
56 c 8 45 505 0 1113 90 20 18 60
57 c 10 40 505 0 1114 90 30 35 66 83 85 97
58 c 58 75 505 0 1115 90 20 20 60 64 70 74 90 91 97
59 c 68 60 505 0 1116 90 30 23 78 97
60 c 66 55 505 0 1119 90 10 6 66 86 89
61 c 65 60 505 0 1119 90 30 40 86 99
62 c 63 58 505 0 1121 90 10 10 72
63 c 25 30 505 0 1121 90 10 1 68 75 79
64 c 28 30 505 0 1122 90 10 1 76 94
65 c 53 30 505 0 1122 90 10 1 77 83 100
66 c 60 60 505 0 1123 90 10 9 69 71
67 c 26 32 505 0 1123 90 10 19 69 89
68 c 50 30 505 0 1123 90 10 10 74 75 77 84 91
69 c 30 30 505 0 1123 90 10 14 75 78
70 c 48 30 506 0 1124 90 10 12 72 85 87
71 c 25 35 506 0 1124 90 10 10 72 90
72 c 30 32 507 0 1125 90 30 32 75 84 91 97
73 c 35 30 507 0 1125 90 10 2
74 c 45 70 510 0 1125 90 30 22 89
75 c 60 55 510 0 1125 90 10 10 76 97
76 c 45 30 510 0 1125 90 10 19
77 c 20 55 510 0 1125 90 10 14
78 c 20 50 510 0 1126 90 10 3 80 90
79 c 28 35 510 0 1126 90 10 8 83 90
80 c 33 32 510 0 1126 90 20 16 84 92
81 c 40 69 510 0 1127 90 20 29 98
82 c 45 68 510 0 1127 90 10 17 95 97
83 c 30 35 510 0 1127 90 10 15 94 95
84 c 35 32 510 0 1127 90 10 11 98 100
85 c 23 55 510 0 1128 90 20 18
86 c 23 52 510 0 1128 90 10 5 87
87 c 42 66 511 0 1129 90 10 17 90 91
88 c 35 66 511 0 1129 90 10 6 96
89 c 47 35 511 0 1129 90 10 9 90 97
90 c 33 35 511 0 1129 90 10 6 93 97 100
91 c 40 66 512 0 1130 90 20 17 97
92 c 42 65 512 0 1130 90 10 11 93 99
93 c 45 65 512 0 1130 90 20 12 100
94 c 25 55 512 0 1130 90 10 8 97
95 c 50 40 513 0 1131 90 50 42
96 c 25 50 513 0 1131 90 10 14 100
97 c 48 40 515 0 1133 90 10 2
98 c 28 52 515 0 1133 90 20 30 99
99 c 30 52 517 0 1135 90 20 28
100 c 30 50 518 0 1136 90 10 20

