StringID Type x y release ReadyTime DueDate ServiceTime weight volume Item_Conflitante1 Item_Conflitante2 Item_Conflitante3 Item_Conflitante4 Item_Conflitante5 Item_Conflitante6 Item_Conflitante7 Item_Conflitante8 Item_Conflitante9 Item_Conflitante10 Item_Conflitante11 Item_Conflitante12 Item_Conflitante13 Item_Conflitante14 Peso_Total Volume_Total
0 d 40 50 0 0 960 0 0 0               1000 1000
1 c 64 42 5 268 388 10 9 1 17 23 29 48 56 62 90
2 c 37 31 5 105 225 10 14 24 12 15 23 40 41 42 79 91 92
3 c 65 85 5 43 163 10 40 34 4 23 25 27 35 39 49 50 51 53 58 75 78 87
4 c 27 43 5 152 272 10 9 16 25 55 59 73
5 c 62 80 5 278 398 10 30 22 6 19 47 50 53 63 71 79 84 86
6 c 60 80 5 64 184 10 10 1 9 23 36 42 43 67 86
7 c 60 85 5 329 449 10 30 24 19 22 46 59 83 87 91
8 c 55 80 5 33 153 10 10 17 27 28 52 57 59 60 63 69 78 79 93
9 c 49 58 5 355 475 10 10 8 10 14 28 36 58 62 74 85 92 94 97 100
10 c 55 82 5 217 337 10 10 7 18 27 28 53 63 65 72 82 83 85 95
11 c 20 82 5 37 157 10 10 11 19 28 38 44 52 60 63 69 82 86
12 c 2 45 5 105 225 10 10 10 13 30 35 91
13 c 6 68 5 352 472 10 30 24 15 21 50 54 63 77 97
14 c 26 35 5 308 428 10 15 8 26 29 31 35 36 50 61 83 92
15 c 55 20 5 326 446 10 19 17 24 25 29 49 78 81 91
16 c 25 30 5 175 295 10 3 6 30 36 52 67 68 83 100
17 c 60 12 5 268 388 10 31 32 21 44
18 c 5 5 5 232 352 10 16 25 19 31 36 57 68 90 96 97
19 c 2 60 5 286 406 10 5 1 30 55 64 66 68 73 75 77 78
20 c 10 20 5 42 162 10 19 26 61 65 79 86
21 c 63 65 5 60 180 10 8 1 35 47 52 82
22 c 45 65 5 258 378 10 9 13 28 42 45 49 53 62 66 74 80 85
23 c 65 35 5 167 287 10 3 1 58 60 69 70 72 74 76 92
24 c 65 20 5 39 159 10 6 16 35 41 42 50 89 92 94 99
25 c 45 30 5 191 311 10 17 17 36 42 56 76 81 82 97
26 c 35 40 5 11 131 10 16 15 27 37 55 81
27 c 65 55 5 241 361 10 14 13 32 65 74 86 87
28 c 85 25 5 80 200 10 10 12 44 52 81
29 c 88 35 5 165 285 10 20 19 37 38 47 48 56 59 60
30 c 31 52 5 157 277 10 27 29 63 79 83 94 98
31 c 90 35 5 194 314 10 10 15 40 42 48 55 70 78
32 c 20 85 5 73 193 10 20 19 35 43 45 53 60 62 67 80 83 95 99
33 c 15 75 5 300 420 10 20 13 67
34 c 8 40 5 195 315 10 40 48 35 39 54 63
35 c 8 45 5 223 343 10 20 30 36 50 60 67 82
36 c 53 43 5 14 134 10 14 4 37 43 64 65 74 81 99
37 c 5 45 5 35 155 10 10 3 47 51 60 63 68 69 75 78 82 88
38 c 88 30 5 246 366 10 10 13 50 68 75
39 c 2 40 5 174 294 10 20 12 70 82
40 c 56 37 5 100 220 10 6 2 41 61 63 82 95
41 c 26 52 5 172 292 10 9 2 67
42 c 37 47 5 359 479 10 6 16 51 55 61 63 79 82
43 c 44 5 5 335 455 10 20 10 49 81
44 c 0 40 5 255 375 10 20 17 63 93 95
45 c 24 58 5 260 380 10 19 24 67 89
46 c 92 30 5 149 269 10 10 2 73 80 82 90 98
47 c 95 35 5 146 266 10 20 16 56 67 71 72 84
48 c 42 10 5 254 374 10 40 40 81 89 100
49 c 63 23 5 344 464 10 2 1 58 60 97 98
50 c 21 24 5 349 469 10 28 27 67 84
51 c 22 75 5 152 272 10 30 29 53 78 86 94
52 c 38 5 5 201 321 10 30 34 54 56 67 87 93
53 c 40 5 5 215 335 10 10 14 59 71 81 91 92
54 c 12 24 5 359 479 10 13 20 74 83 99 100
55 c 8 56 5 365 485 10 27 35 74 92 94 95
56 c 15 80 197 367 487 10 10 16 86 97
57 c 10 35 197 371 491 10 20 16 76 77 93
58 c 20 50 197 375 495 10 5 9 66 70 71 92
59 c 40 15 197 375 495 10 40 42 75
60 c 58 75 197 376 496 10 20 12 68 88 91 92
61 c 18 75 197 388 508 10 20 10 82 85 100
62 c 57 48 197 392 512 10 23 15 69 99
63 c 57 29 197 395 515 10 18 17 83 91 92
64 c 30 25 197 397 517 10 23 32
65 c 42 12 197 440 560 10 10 14 69 91
66 c 22 85 197 471 591 10 10 6 73 91 94 96
67 c 85 35 197 487 607 10 30 29 71 89
68 c 18 80 197 489 609 10 10 13 99
69 c 72 35 197 507 627 10 30 25
70 c 10 40 197 519 639 10 30 40 71 72 78 94
71 c 95 30 197 529 649 10 30 39 74 87
72 c 42 15 197 537 657 10 10 12 73
73 c 4 18 197 547 667 10 35 37 82
74 c 50 35 197 557 677 10 19 23 80 99
75 c 65 82 197 557 677 10 10 7 89
76 c 55 54 293 562 682 10 26 23 95
77 c 41 37 293 566 686 10 16 21 78 83 88 90
78 c 55 85 293 574 694 10 20 10
79 c 30 60 293 599 719 10 16 15 80 81 90
80 c 55 60 293 601 721 10 16 14 83 87
81 c 40 60 293 612 732 10 21 26 85
82 c 87 30 293 621 741 10 10 15
83 c 20 80 293 644 764 10 40 41 94
84 c 20 20 293 645 765 10 8 1 86
85 c 5 35 293 653 773 10 10 18 91
86 c 67 85 353 657 777 10 20 13 89 96
87 c 25 85 353 673 793 10 20 16
88 c 38 15 353 681 801 10 10 14 90
89 c 15 60 353 694 814 10 17 19 98
90 c 0 45 353 703 823 10 20 16
91 c 67 5 353 713 833 10 25 28 94
92 c 49 42 404 719 839 10 13 4
93 c 42 5 404 732 852 10 10 5 100
94 c 23 3 404 764 884 10 7 9
95 c 15 10 424 782 902 10 20 23
96 c 35 5 424 784 904 10 20 21 99
97 c 61 52 448 808 928 10 3 9
98 c 35 69 450 810 930 10 23 17 99
99 c 31 67 450 810 930 10 3 1
100 c 47 47 462 822 942 10 13 19

