StringID Type x y release ReadyTime DueDate ServiceTime weight volume Item_Conflitante1 Item_Conflitante2 Item_Conflitante3 Item_Conflitante4 Item_Conflitante5 Item_Conflitante6 Item_Conflitante7 Item_Conflitante8 Item_Conflitante9 Item_Conflitante10 Item_Conflitante11 Peso_Total Volume_Total
0 d 35 35 0 0 230 0 0 0            200 200
1 c 67 5 0 73 103 10 25 32 6 14 16 25 73
2 c 14 37 0 34 64 10 11 2 5 7 16 22 23 39 45 63 81
3 c 2 60 0 41 71 10 5 4 15 20 22 41 57 58 83 93 97
4 c 15 47 0 45 75 10 16 18 12 20 31 36 41 46 52 60 64 98
5 c 5 5 0 73 103 10 16 6 45 59 61 90 94
6 c 60 12 0 34 64 10 31 31 7 8 13 24 50 56 64 72 78 88 91
7 c 40 25 0 75 105 10 9 9 15 25 53 56 65 77
8 c 24 12 0 25 55 10 5 4 13 67 75
9 c 55 54 0 84 114 10 26 34 12 18 29 67 74 97
10 c 11 14 0 59 89 10 18 9 67 73 86 93
11 c 6 38 0 29 59 10 16 12 12 37 48 60 79 80 93 98
12 c 8 56 0 41 71 10 27 19 16 21 24 26 43 47 52 94 100
13 c 57 48 0 82 112 10 23 23 27 46 63 64 97 98
14 c 53 52 0 27 57 10 11 4 28 30 61 66 71 81
15 c 20 26 0 73 103 10 9 19 19 32 35 36 70 77 82 98
16 c 27 43 0 42 72 10 9 1 29 32 35 49 68 82
17 c 37 31 0 85 115 10 14 8 20 74 82 90 99
18 c 49 42 0 63 93 10 13 12 30 35 49 58 70 87 89
19 c 49 11 0 59 89 10 18 21 54 75 79 83 91
20 c 44 17 0 68 98 10 9 18 68 83 93
21 c 21 24 0 17 47 10 28 28 52 66 68 73 81
22 c 47 16 0 25 55 10 25 22 27 31 36 38 41 46 62 70 76 87 89
23 c 12 24 0 66 96 10 13 3 31 32 85 86 94
24 c 24 58 0 48 78 10 19 29 28 29 41 44 47 76 88
25 c 27 69 0 34 64 10 10 5 48 57
26 c 15 77 0 63 93 10 9 15 33 50 53 66 70 74 86
27 c 62 77 0 49 79 10 20 28 34 71 74 80 91 94
28 c 57 68 0 67 97 10 15 25 40 43 74 84 98 100
29 c 49 58 0 78 108 10 10 11 48 64 98
30 c 31 52 0 40 70 10 27 26 34 39 53 87 94 95
31 c 37 47 0 40 70 10 6 5 32 36 43 67 68 87
32 c 30 5 0 51 81 10 8 10 39 43 72 93
33 c 20 50 0 71 101 10 5 8 66 74 93 94 98
34 c 10 43 0 85 115 10 9 15 40 46 55 89
35 c 25 24 0 29 59 10 20 24 58 66 77 80
36 c 20 65 0 57 87 10 12 4 39 41 58 60 76 77 83 91 97 100
37 c 50 35 0 53 83 10 19 15 47 58 82
38 c 22 22 0 18 48 10 2 5 42 53 68 88 93 94
39 c 15 10 0 32 62 10 20 17 44 45 66 71 77 82 85
40 c 40 60 0 61 91 10 21 30 55 73 79 92
41 c 35 17 0 40 70 10 7 1 48 85 96
42 c 10 20 0 65 95 10 19 28 45 51 80 93
43 c 19 21 0 48 78 10 10 7 44 56 63 76 99
44 c 20 40 0 77 107 10 12 22 62 77 91 99
45 c 31 67 0 85 115 10 3 1 47 53 68 74 84
46 c 26 52 0 64 94 10 9 6 59 71
47 c 64 42 0 53 83 10 9 11 52 73 79 99
48 c 41 37 0 29 59 10 16 18 51 60 66 76 96
49 c 35 40 0 27 57 10 16 12 51 71 73 80 81 83 86 87
50 c 16 22 6 81 111 10 41 50 89 93
51 c 15 60 6 66 96 10 17 11 63 83 87 96
52 c 4 18 6 84 114 10 35 34 53 69 73 79 95
53 c 15 30 6 24 54 10 26 27 56 95
54 c 55 5 6 58 88 10 29 19 61 65 70 81
55 c 45 20 6 52 82 10 11 10 98
56 c 28 18 6 83 113 10 26 30 62 75 91
57 c 61 52 6 86 116 10 3 8 61 72 79 96
58 c 45 10 6 87 117 10 18 13 68 86 93
59 c 42 7 6 87 117 10 5 1 64 67 84 93 98
60 c 55 60 6 87 117 10 16 6
61 c 25 30 6 89 119 10 3 4 65 67 70 74 75
62 c 26 27 6 90 120 10 27 30
63 c 11 31 6 91 121 10 7 14 77 78
64 c 32 12 6 91 121 10 7 7 75 83 98
65 c 6 68 13 98 128 10 30 36 70 71 83
66 c 55 45 22 106 136 10 13 18 77 84 98 99
67 c 2 48 22 107 137 10 1 1 77
68 c 65 55 22 107 137 10 14 23 83 92 97 98 99
69 c 47 47 32 114 144 10 13 6 74 91
70 c 30 60 32 114 144 10 16 24 80 82 93 100
71 c 45 65 32 116 146 10 9 19 76
72 c 49 73 32 117 147 10 25 24 76
73 c 53 12 46 120 150 10 6 13 98
74 c 45 30 46 122 152 10 17 15
75 c 23 3 46 122 152 10 7 10 89 95 98
76 c 25 21 46 123 153 10 12 2
77 c 20 20 46 124 154 10 8 7 88 96
78 c 22 27 46 125 155 10 11 3 86 88 90 91
79 c 63 23 46 126 156 10 2 12 84 91 99
80 c 57 29 46 130 160 10 18 23 82 96
81 c 35 69 46 131 161 10 23 16 99
82 c 56 39 54 132 162 10 36 42 100
83 c 63 65 54 133 163 10 8 5 87 89 99
84 c 46 13 54 139 169 10 8 17 89 92
85 c 55 20 54 139 169 10 19 29
86 c 65 35 58 143 173 10 3 1 88 95
87 c 5 30 65 147 177 10 2 5
88 c 30 25 65 149 179 10 23 24 89 90 98
89 c 15 19 65 150 180 10 1 1 95
90 c 41 49 66 151 181 10 10 1 98
91 c 17 34 67 152 182 10 3 1
92 c 13 52 71 155 185 10 36 45 95 98
93 c 65 20 71 156 186 10 6 12 95 98 100
94 c 18 18 83 165 195 10 17 23
95 c 26 35 83 166 196 10 15 21 99
96 c 56 37 83 168 198 10 6 1
97 c 37 56 83 168 198 10 5 1
98 c 53 43 84 169 199 10 14 13
99 c 18 24 84 169 199 10 22 13
100 c 36 26 95 180 210 10 18 10

