StringID Type x y release ReadyTime DueDate ServiceTime weight volume Item_Conflitante1 Item_Conflitante2 Item_Conflitante3 Item_Conflitante4 Item_Conflitante5 Item_Conflitante6 Item_Conflitante7 Item_Conflitante8 Item_Conflitante9 Item_Conflitante10 Item_Conflitante11 Item_Conflitante12 Item_Conflitante13 Item_Conflitante14 Peso_Total Volume_Total
0 d 35 35 0 0 1000 0 0 0               1000 1000
1 c 5 5 94 234 474 10 16 11 9 35 52 62 64 67 78 87 93
2 c 67 5 94 228 468 10 25 32 19 35 37 38 44 58 73 93
3 c 37 47 94 108 348 10 6 12 4 12 14 15 21 22 39 58 73 77 82 85 91 93
4 c 24 58 94 113 353 10 19 25 7 8 10 11 17 23 43 45 55 67
5 c 49 42 94 212 452 10 13 19 37 39 60 71 83 84 85
6 c 55 5 94 146 386 10 29 38 9 14 19 25 62 65 72 83 90 100
7 c 30 5 94 118 358 10 8 3 22 35 50 60 75 78
8 c 20 65 94 146 386 10 12 10 17 29 43 49 66 68 72 80 83 86 99
9 c 11 14 94 167 407 10 18 21 20 49 67 97
10 c 22 22 94 18 258 10 2 7 16 29 39 46 69
11 c 20 26 94 263 503 10 9 8 31 32 39 41 43 64 75 82 85 93
12 c 57 48 94 307 547 10 23 24 20 33 46 67 96 100
13 c 28 18 94 314 554 10 26 30 35 39 43 52 65 98
14 c 10 43 94 323 563 10 9 11 40 42 44 45 48 53 54 58 66 80 94
15 c 55 60 94 329 569 10 16 23 44 75 79 85 86
16 c 37 31 94 332 572 10 14 16 20 26 27 36 40 68 73 86 98 100
17 c 11 31 94 354 594 10 7 6 18 32 43 53 59 72 91
18 c 63 23 379 560 800 10 2 1 34 48 51 64
19 c 55 20 379 620 860 10 19 20 28 36 45 68 69 73 77 80 96 99
20 c 46 13 379 622 862 10 8 15 22 27 28 37 91
21 c 30 25 379 639 879 10 23 30 25 35 39 51 54 62 63
22 c 62 77 440 0 940 10 20 26 25 48 63 65 88
23 c 15 77 443 0 943 10 9 6 29 50 52 86 87 88 92 94
24 c 6 68 446 0 946 10 30 28 26 27 46 71 82 93
25 c 2 60 448 0 948 10 5 1 41 64 77 90
26 c 63 65 450 0 948 10 8 1 34 38 45 74 76 82
27 c 49 73 450 0 949 10 25 23 35 36 39 75 99
28 c 57 68 450 0 950 10 15 17 29 34 70 82 85 94
29 c 65 55 453 0 953 10 14 9 33 37 38 51 83 96
30 c 2 48 454 0 954 10 1 1 32 36 40 49 58 67 84 86
31 c 4 18 454 0 954 10 35 43 32 37 86
32 c 23 3 455 0 955 10 7 5 40 42 45 51 55 73 79 93
33 c 8 56 455 0 955 10 27 32 54 58 64 81 85 97
34 c 27 69 455 0 955 10 10 1 42 53 56 77 98 100
35 c 60 12 456 0 956 10 31 26 42 72 74
36 c 65 20 456 716 956 10 6 11 60
37 c 35 69 456 0 956 10 23 16 47 68 88 92 98
38 c 15 60 457 0 957 10 17 14 49 54 75 89 93
39 c 15 10 457 0 957 10 20 14 44 49 62 83 100
40 c 31 67 457 0 957 10 3 1 44
41 c 45 65 458 0 958 10 9 11 52 68 72 73 87
42 c 61 52 458 0 958 10 3 1 56 66 78 79 94 95
43 c 5 30 459 0 959 10 2 1 51 56 65 70 73 75
44 c 53 12 460 0 960 10 6 1 72 80 86
45 c 64 42 460 0 960 10 9 2 55 57 58 66 67 74 86 97
46 c 65 35 460 0 960 10 3 7 54 98
47 c 10 20 460 0 960 10 19 26 59
48 c 6 38 460 0 960 10 16 26 84 98 100
49 c 42 7 461 0 961 10 5 9 56 93 94 96
50 c 13 52 462 0 962 10 36 26 70 96 100
51 c 49 11 462 0 962 10 18 9 65 75 76 83 92 95
52 c 55 54 463 0 962 10 26 24 56 97 100
53 c 49 58 463 0 963 10 10 1 65 89 95 96
54 c 45 10 463 0 963 10 18 24 71 76 84 95
55 c 24 12 464 0 964 10 5 10 60 70 90
56 c 40 60 464 0 964 10 21 31 69 71 74 82 97
57 c 30 60 464 0 964 10 16 12 61 67 76 78 80 82 95
58 c 15 19 464 0 964 10 1 2 65 70 78 80
59 c 12 24 464 0 964 10 13 22 74 96 98
60 c 18 18 465 725 965 10 17 21 81 88
61 c 53 52 465 0 965 10 11 4 62 64 85 89 94
62 c 32 12 466 0 966 10 7 7
63 c 16 22 466 0 966 10 41 41 64 77 87 88 95
64 c 15 47 466 0 966 10 16 18 67 93
65 c 47 16 467 0 967 10 25 35 80 89 92
66 c 57 29 467 0 967 10 18 20 67 77
67 c 55 45 467 0 967 10 13 12 76 90 94
68 c 20 50 468 0 968 10 5 1 75 93
69 c 37 56 468 0 968 10 5 2 82 93 95 96
70 c 56 37 468 0 968 10 6 10 74 86 94 100
71 c 20 20 468 0 968 10 8 15 72 74 86
72 c 19 21 468 0 968 10 10 11 75 96
73 c 56 39 468 0 968 10 36 39 81 86 100
74 c 14 37 468 0 968 10 11 14 80 86 87 94
75 c 44 17 469 0 969 10 9 12 78 89 92 93 97
76 c 18 24 469 0 969 10 22 30 94 100
77 c 15 30 469 0 969 10 26 24 98 100
78 c 26 52 470 0 970 10 9 4 84 85
79 c 53 43 470 730 970 10 14 8 91 95
80 c 45 20 471 0 971 10 11 2 90
81 c 17 34 471 0 971 10 3 3
82 c 35 17 472 0 972 10 7 8
83 c 25 21 472 0 972 10 12 14 90 91 95 99
84 c 21 24 472 0 972 10 28 20
85 c 31 52 472 0 972 10 27 37 86 88 92
86 c 47 47 473 0 973 10 13 21 96
87 c 20 40 474 0 974 10 12 12 93
88 c 41 49 474 0 974 10 10 18 100
89 c 22 27 474 0 974 10 11 6
90 c 25 24 475 0 975 10 20 14
91 c 50 35 475 0 975 10 19 29 92 94 95 100
92 c 26 27 477 0 977 10 27 20
93 c 25 30 478 0 978 10 3 10
94 c 45 30 478 0 978 10 17 13 96
95 c 40 25 478 0 978 10 9 14
96 c 27 43 478 0 978 10 9 6 97
97 c 36 26 480 740 980 10 18 19
98 c 26 35 481 0 981 10 15 24
99 c 41 37 483 0 983 10 16 22
100 c 35 40 485 0 985 10 16 26

