StringID Type x y release ReadyTime DueDate ServiceTime weight volume Item_Conflitante1 Item_Conflitante2 Item_Conflitante3 Item_Conflitante4 Item_Conflitante5 Item_Conflitante6 Item_Conflitante7 Item_Conflitante8 Item_Conflitante9 Item_Conflitante10 Item_Conflitante11 Item_Conflitante12 Item_Conflitante13 Item_Conflitante14 Peso_Total Volume_Total
0 d 40 50 0 0 1236 0 0 0               200 200
1 c 50 35 0 262 317 90 20 27 11 20 33 42 44 59 67 71 93
2 c 38 5 0 471 534 90 30 27 15 37 47 48 77
3 c 40 5 0 385 436 90 30 40 6 14 21 25 31 54 55 72 78 88 97
4 c 25 52 0 169 224 90 40 46 12 16 17 30 35 50 52 61 73 98
5 c 42 15 0 95 158 90 10 14 21 29 73 91 92 93
6 c 23 52 0 261 316 90 10 7 15 26 28 29 76 85 86 92
7 c 44 5 0 286 347 90 20 26 9 20 28 49 57 60 66 71 93 97
8 c 30 30 0 541 600 90 10 20 13 38 47 62 70 73 95
9 c 20 55 0 449 504 90 10 1 19 56 69 75
10 c 32 30 0 359 412 90 10 12 11 12 17 22 33 35 63 81 96
11 c 33 32 0 68 149 90 20 28 23 44 48 81
12 c 8 40 0 87 158 90 40 40 19 40 65 67 76 85 91
13 c 35 32 0 166 235 90 10 20 14 20 22 28 34 38 44 52 56 64 75 84 85 93
14 c 5 35 0 283 344 90 10 13 17 29 36 67 75 80 92
15 c 35 30 0 264 321 90 10 1 17 27 29 37 41 49 53 80 82
16 c 48 40 0 76 129 90 10 9 35 42 81 82 89 97 98
17 c 0 40 0 479 522 90 30 24 18 36 42 45 59 63 69 93 95 97 99
18 c 47 40 0 12 77 90 10 6 32 41 47 49 52 66 68 73 95
19 c 18 75 0 99 148 90 20 11 34 38 78 87 89
20 c 65 85 0 475 518 90 40 39 25 44 49 51 60 66 74 75 92
21 c 67 85 0 368 441 90 20 12 32 38 46 51 57 89 98
22 c 65 55 0 85 144 90 20 12 25 50 61 64 73 95
23 c 70 58 0 458 523 90 20 19 65 84 89
24 c 88 35 0 109 170 90 20 19 29 96 97
25 c 95 30 0 387 456 90 30 25 29 37 41 42 46 48 54 69 94 95 97
26 c 38 70 0 534 605 90 10 13 31 35 43 48 53 67 80
27 c 38 68 0 255 324 90 20 28 41 66 71 75 81 82 90
28 c 35 69 0 448 505 90 10 8 35 38 39 41 59 69 74
29 c 22 75 0 30 92 90 30 24 32 42 49 83 90
30 c 90 35 0 203 260 90 10 1 43 56 64 76
31 c 20 80 0 384 429 90 40 47 64 66 83
32 c 53 35 0 353 412 90 50 41 46 50 55 81 85
33 c 35 66 0 357 410 90 10 18 40 53 67 69 73 77 98
34 c 0 45 265 567 624 90 20 16 35 39 48 54 68 84
35 c 88 30 265 574 643 90 10 18 41 59 64 65 85 98
36 c 48 30 265 632 693 90 10 14 51 65 72 89
37 c 40 69 265 621 702 90 20 15 50 52 56 82 84 89 91
38 c 65 60 265 645 708 90 30 39 44 53 55 63 66 88 97 98
39 c 5 45 265 665 716 90 10 16 45 51 52 53 68 74 93 97
40 c 55 85 265 647 726 90 20 11 55 63 79 90 91 94 97
41 c 87 30 265 668 731 90 10 12 58 61 86 87
42 c 28 55 265 732 777 90 10 6 44 51 65 67 83 84
43 c 45 30 265 734 777 90 10 11 48 66 75 77 80
44 c 42 68 265 727 782 90 10 3 50 55 58 59 64 74 82 87 91
45 c 85 25 265 769 820 90 10 6 48 51 62 91
46 c 55 80 265 743 820 90 10 18 68 87
47 c 47 35 265 826 875 90 10 13 57 77 82 85 88 91 98
48 c 28 52 265 812 883 90 20 28 75
49 c 45 35 448 916 969 90 10 6 67 71 91
50 c 28 35 448 1001 1066 90 10 15 54 63 74 75 91 100
51 c 95 35 497 0 1088 90 20 13 56 76 81 82 87 90 91 92 93
52 c 92 30 497 0 1090 90 10 12 75 76 77 88 91
53 c 85 35 497 0 1098 90 30 29 58 73 98
54 c 35 5 497 0 1100 90 20 26 59 68 89 95 98
55 c 42 10 497 0 1105 90 40 45 67 77 98 99
56 c 20 85 497 0 1105 90 40 30 64 77
57 c 60 85 497 0 1105 90 30 30 79 88 98
58 c 65 82 497 0 1105 90 10 19 61 68 83 85 88 98 99
59 c 22 85 497 0 1106 90 10 12 66 82 85 92
60 c 15 80 497 0 1106 90 10 9
61 c 2 40 497 0 1106 90 20 10 93
62 c 25 85 497 0 1107 90 20 15 84
63 c 62 80 497 0 1108 90 30 26 64 69 90
64 c 60 80 497 0 1109 90 10 10 77 88
65 c 75 55 497 0 1110 90 20 28 73 85 100
66 c 38 15 497 0 1110 90 10 4 72 95
67 c 15 75 497 0 1110 90 20 20 76 78 93 99
68 c 40 15 497 0 1111 90 40 43 83
69 c 10 35 497 0 1112 90 20 16 71 85
70 c 72 55 497 0 1113 90 10 8 81
71 c 8 45 497 0 1113 90 20 13 72 79 92 95
72 c 10 40 497 0 1114 90 30 32 88 95
73 c 58 75 497 0 1115 90 20 27 81 89 97
74 c 68 60 508 0 1116 90 30 31 75
75 c 66 55 508 0 1119 90 10 17 77 85
76 c 63 58 508 0 1121 90 10 15 78 92 97
77 c 25 30 508 0 1121 90 10 17 90 99
78 c 28 30 508 0 1122 90 10 7 79 86 92 98
79 c 53 30 508 0 1122 90 10 2 89 92
80 c 26 32 508 0 1123 90 10 1 81 92 100
81 c 60 60 508 0 1123 90 10 2
82 c 50 30 508 0 1123 90 10 4 84 87 94 95
83 c 25 35 508 0 1124 90 10 5 96
84 c 30 32 508 0 1125 90 30 25 88
85 c 45 70 508 0 1125 90 30 37 88 89 93 96 98
86 c 60 55 508 0 1125 90 10 6 100
87 c 20 50 508 0 1126 90 10 8 92
88 c 30 35 509 0 1127 90 10 10 91 95
89 c 45 68 509 0 1127 90 10 19 99 100
90 c 23 55 510 0 1128 90 20 26 92
91 c 42 66 511 0 1129 90 10 8 94
92 c 33 35 511 0 1129 90 10 11 96
93 c 45 65 512 0 1130 90 20 20 97
94 c 25 55 512 0 1130 90 10 10 96
95 c 42 65 512 0 1130 90 10 3
96 c 40 66 512 0 1130 90 20 19
97 c 25 50 513 0 1131 90 10 7
98 c 50 40 513 0 1131 90 50 59
99 c 30 52 517 0 1135 90 20 25
100 c 30 50 518 0 1136 90 10 4

