StringID Type x y release ReadyTime DueDate ServiceTime weight volume Item_Conflitante1 Item_Conflitante2 Item_Conflitante3 Item_Conflitante4 Item_Conflitante5 Item_Conflitante6 Item_Conflitante7 Item_Conflitante8 Item_Conflitante9 Item_Conflitante10 Item_Conflitante11 Item_Conflitante12 Peso_Total Volume_Total
0 d 35 35 0 0 230 0 0 0             200 200
1 c 31 52 0 24 85 10 27 26 5 6 18 20 32 43 50 76 81 82 85 91
2 c 53 52 0 24 92 10 11 20 17 18 24 28 76 93
3 c 57 68 0 54 109 10 15 13 5 9 20 43 55 71 79
4 c 2 60 0 41 112 10 5 1 15 28 30 33 72 94 100
5 c 14 37 0 21 89 10 11 11 17 42 47 87 100
6 c 5 5 0 60 115 10 16 10 11 27 56 96 97 98 99 100
7 c 60 12 0 33 110 10 31 32 16 31 41 52 71 73 85 92
8 c 40 25 0 65 114 10 9 2 16 17 19 26 52 59 64 72
9 c 24 12 0 25 91 10 5 7 11 23 34 35 40 63 84 92
10 c 15 47 0 29 90 10 16 17 14 24 53 56 86 91
11 c 11 14 0 45 102 10 18 24 19 30 34 40 44 59 61 71
12 c 6 38 0 29 99 10 16 24 13 17 25 26 35 47 55 70 76 78 82
13 c 8 56 0 34 105 10 27 23 21 25 29 62 75 81
14 c 20 26 0 60 115 10 9 11 22 32 45
15 c 27 43 0 26 87 10 9 13 40 43 95
16 c 49 42 0 52 103 10 13 7 17 18 44 47 63 75 80 81 83 89
17 c 49 11 0 45 102 10 18 23 23 65 70 71 80 98
18 c 21 24 0 17 100 10 28 25 24 60 70 73
19 c 44 17 0 56 109 10 9 1 25 69 84 85 95
20 c 12 24 0 55 106 10 13 23 42 56 60
21 c 24 58 0 30 95 10 19 16 45 70
22 c 27 69 0 34 103 10 10 2 37 78
23 c 15 77 0 48 107 10 9 1 35 43 48 85
24 c 62 77 0 49 113 10 20 11 25 37 44 45 51 61 83 93 94 97 100
25 c 47 16 0 22 96 10 25 31 41 58 75 80 92
26 c 40 60 0 49 102 10 21 27 40 49 88 89
27 c 64 42 0 37 98 10 9 14 33 48 58 60 61 75 87 90 93
28 c 37 47 0 23 86 10 6 14 32 53 71 78 83 93 95
29 c 35 40 0 8 75 10 16 21 40 41 49 51 72 99
30 c 20 50 0 61 110 10 5 5 41 46 53 56 73 85 86 90
31 c 35 17 0 22 87 10 7 13 44 51 52 86 99
32 c 19 21 0 32 93 10 10 5 37 42 58 81 96
33 c 20 65 0 42 101 10 12 20 46 70 71 90
34 c 50 35 0 38 97 10 19 24 39 40 49 67 73 98
35 c 41 37 0 11 76 10 16 18 38 42 76 85 96
36 c 15 30 4 20 93 10 26 16 46 79 86
37 c 15 10 4 32 114 10 20 22 53 62 77 82
38 c 30 5 4 35 96 10 8 15 42 43 44 60 85 88 92 98
39 c 10 20 4 52 107 10 19 26 46 50 53 57 70 74 86 88
40 c 22 22 4 18 88 10 2 6 71 75 76 91 95
41 c 25 24 4 14 78 10 20 15 48 53 60 61 85 87
42 c 20 40 4 69 114 10 12 20 48 75 95
43 c 55 5 4 43 102 10 29 37 45 60 73 74 75
44 c 45 20 4 37 96 10 11 12 71 97
45 c 26 52 4 50 107 10 9 1 62 96
46 c 15 60 4 52 109 10 17 18 55 57 63 92
47 c 67 5 4 59 116 10 25 26 51 54 96
48 c 28 18 4 79 116 10 26 30 55 65 68 72 74 80 85 100
49 c 55 54 4 78 119 10 26 23 74 84 96
50 c 16 22 17 70 121 10 41 51 57 60 66 83 96
51 c 57 48 17 72 121 10 23 30 55
52 c 49 58 17 64 121 10 10 9 73 78 88 99
53 c 4 18 17 74 123 10 35 27 81 99
54 c 37 31 17 75 124 10 14 18 63 76 81
55 c 10 43 17 75 124 10 9 10 74 96 97
56 c 31 67 17 73 126 10 3 1 57 59 82 86 87 98 100
57 c 45 10 17 76 127 10 18 13 71 74 75
58 c 26 27 17 81 128 10 27 21 62 82 84 97
59 c 55 60 17 74 129 10 16 20 67 68 88 94
60 c 61 52 17 71 130 10 3 1 65 71
61 c 11 31 17 81 130 10 7 8 85
62 c 42 7 17 72 131 10 5 13 63 65 75
63 c 25 30 17 76 131 10 3 3 64 72 79 84
64 c 6 68 17 93 132 10 30 25 68 73 75 93
65 c 32 12 19 77 134 10 7 15 72 80
66 c 55 45 28 98 143 10 13 18 69 80
67 c 65 55 32 96 147 10 14 19 79 80 90 93
68 c 30 60 40 107 150 10 16 6 73 88 91 97
69 c 2 48 40 92 151 10 1 9 74 83 86
70 c 47 47 40 102 155 10 13 10 72 81 85 87 94
71 c 45 65 41 105 156 10 9 18 81 99
72 c 49 73 50 104 159 10 25 16 74 77 88 93
73 c 25 21 50 115 160 10 12 16 74 79 80 84
74 c 45 30 50 112 161 10 17 27 93 97 99
75 c 23 3 50 111 162 10 7 2 79 81
76 c 53 12 50 106 163 10 6 12 78
77 c 20 20 50 113 164 10 8 4 85 94 97
78 c 22 27 50 114 165 10 11 13 79 98
79 c 63 23 56 111 170 10 2 6 80 97
80 c 57 29 56 118 171 10 18 11 82
81 c 35 69 60 116 175 10 23 23 91 94
82 c 56 39 63 117 176 10 36 34 86
83 c 63 65 63 116 178 10 8 2 88
84 c 46 13 69 123 184 10 8 3
85 c 55 20 69 123 184 10 19 19 94 95
86 c 65 20 71 121 186 10 6 1 87
87 c 5 30 75 124 189 10 2 1 93
88 c 65 35 75 124 190 10 3 12 89
89 c 13 52 77 128 192 10 36 42
90 c 15 19 79 132 194 10 1 1 98 99
91 c 18 18 80 123 195 10 17 14
92 c 30 25 81 131 196 10 23 30 97
93 c 37 56 83 123 198 10 5 8 94 95
94 c 41 49 84 133 198 10 10 14 96 98
95 c 56 37 84 135 198 10 6 10
96 c 18 24 84 129 199 10 22 28
97 c 17 34 84 134 199 10 3 10
98 c 53 43 85 136 200 10 14 13 99
99 c 36 26 95 147 210 10 18 13
100 c 26 35 96 139 211 10 15 21

