StringID Type x y release ReadyTime DueDate ServiceTime weight volume Item_Conflitante1 Item_Conflitante2 Item_Conflitante3 Item_Conflitante4 Item_Conflitante5 Item_Conflitante6 Item_Conflitante7 Item_Conflitante8 Item_Conflitante9 Item_Conflitante10 Item_Conflitante11 Item_Conflitante12 Item_Conflitante13 Item_Conflitante14 Item_Conflitante15 Item_Conflitante16 Peso_Total Volume_Total
0 d 35 35 0 0 1000 0 0 0                 1000 1000
1 c 40 60 40 259 354 10 21 29 2 24 26 27 39 47 49 52 57 58 63 69 77 80 94 95
2 c 53 52 40 45 200 10 11 6 4 16 18 19 76 85 97
3 c 2 60 40 41 208 10 5 5 6 13 20 52 62 63 64 70 80 93
4 c 44 17 40 308 399 10 9 15 32 37 57 58 67 70 78 94 95 98 100
5 c 5 5 40 302 405 10 16 18 56 95
6 c 60 12 40 33 224 10 31 34 8 12 22 28 45 53 56 57 62 92 97
7 c 40 25 40 360 437 10 9 16 11 12 23 27 55 74 85 100
8 c 24 12 40 25 172 10 5 14 10 25 30 62 70 75 81 86
9 c 11 14 40 233 340 10 18 20 12 28 34 63 74 81
10 c 6 38 40 29 189 10 16 21 68 75 76 77 96 98 100
11 c 8 56 40 85 250 10 27 37 24 31 60 62 66 71 74 85 90 97
12 c 20 26 40 333 432 10 9 6 16 48 68 75
13 c 49 58 40 348 453 10 10 9 20 29 37 56 66 69 79 84 100
14 c 57 48 40 388 465 10 23 13 35 44 75 80 82 89
15 c 37 31 40 414 489 10 14 6 34 62 79 81 98
16 c 61 52 40 384 499 10 3 1 62 71 77 94 97
17 c 12 24 40 290 377 10 13 18 19 28 81 89
18 c 24 58 40 163 302 10 19 12 25 32 41 47 63 74 99
19 c 27 69 40 34 191 10 10 11 21 27 28 46 59
20 c 15 77 40 214 333 10 9 7 25 30 65 72 89 98
21 c 62 77 40 49 188 10 20 19 27 28 31 37 39 42 55 83 86 89 91 93
22 c 67 5 40 294 401 10 25 32 50 51 57 83
23 c 37 47 40 162 293 10 6 5 24 52 55 58 72 78 81 98
24 c 49 42 40 290 373 10 13 7 29 48 77 86 90 92 96
25 c 57 68 40 268 367 10 15 8 29 46 52 69 83 87 91
26 c 64 42 40 190 313 10 9 15 34 58 59 72 81 97
27 c 41 37 40 114 255 10 16 10 45 57 81 94
28 c 55 54 40 411 456 10 26 30 32 48 72 75 86 92
29 c 4 18 40 388 465 10 35 26 42 43 66
30 c 20 65 40 206 325 10 12 16 31 53 65 71 72 86
31 c 26 52 40 279 388 10 9 14 39 43 45 52 62 95 98
32 c 35 40 40 104 255 10 16 24 41 45 69 72 81 89
33 c 15 10 40 32 243 10 20 20 36 37 45 62 66 71
34 c 31 67 40 392 487 10 3 10 41 62 80 82
35 c 30 5 40 175 300 10 8 9 38 47 51 59 65 69 75 90
36 c 10 43 40 404 481 10 9 3 42 51 52 94
37 c 20 40 40 377 434 10 12 2 44 46 72
38 c 15 60 40 269 378 10 17 24 40 75 88
39 c 10 20 40 272 373 10 19 15 56 96
40 c 28 18 40 420 447 10 26 24 50 58 64 69 75 84 88
41 c 55 5 40 206 325 10 29 38 61 65 75 95 96
42 c 22 22 40 18 181 10 2 1 43 47 84
43 c 55 60 40 400 497 10 16 20 46 48 72 87 96
44 c 45 10 40 409 494 10 18 17 55 97
45 c 11 31 40 436 511 10 7 1 49 64 65 71 91 100
46 c 42 7 40 396 511 10 5 15 64 66 73 80 87 93 100
47 c 25 30 40 415 514 10 3 1 51 53 56 77
48 c 32 12 40 421 530 10 7 13 52 54 63 70 79
49 c 6 68 40 501 540 10 30 20 61 65 67 73 78 88 93 98
50 c 2 48 277 515 628 10 1 9 76 79 93 95
51 c 30 60 277 577 632 10 16 18 61 71 95
52 c 45 65 277 581 666 10 9 2 58 61 79 80 99
53 c 25 21 277 612 673 10 12 5 59 64 77 82 88 90
54 c 53 12 277 585 692 10 6 6 59 66 77
55 c 49 73 277 592 693 10 25 34 76 77 97
56 c 23 3 277 620 705 10 7 16 61 64 78 80 82 93 99
57 c 57 29 277 641 734 10 18 28 78
58 c 63 23 277 620 739 10 2 10 59 80 93
59 c 56 39 277 637 752 10 36 40 61 78 87
60 c 35 69 277 660 777 10 23 15 74 76 77 82 95
61 c 55 20 362 678 801 10 19 28 72 78
62 c 46 13 362 681 802 10 8 13 64 65 73 92
63 c 63 65 362 686 813 10 8 14 86 99
64 c 30 25 362 690 827 10 23 23 88
65 c 65 35 362 704 847 10 3 11 71 95
66 c 17 34 362 721 862 10 3 1 67 96
67 c 5 30 370 733 870 10 2 1 71 94 96 97
68 c 26 35 420 755 920 10 15 10 72
69 c 53 43 453 817 952 10 14 5 71 73 77 78 83 91 93 97
70 c 65 55 453 0 953 10 14 23 71 90
71 c 65 20 456 817 956 10 6 1 79 87 97 99
72 c 13 52 462 0 962 10 36 27 97
73 c 49 11 462 0 962 10 18 11 92 95
74 c 15 19 464 0 964 10 1 8 84 95 99 100
75 c 18 18 465 798 965 10 17 23 87 93
76 c 15 47 466 0 966 10 16 15
77 c 16 22 466 0 966 10 41 37 94
78 c 47 16 467 0 967 10 25 20 80 86 91
79 c 55 45 467 0 967 10 13 20 92 96
80 c 37 56 468 788 968 10 5 1 81 82 87 90
81 c 19 21 468 0 968 10 10 7 83 84 86 89 93 95
82 c 56 37 468 839 968 10 6 2 88 90
83 c 20 20 468 0 968 10 8 1 98 99 100
84 c 14 37 468 0 968 10 11 17 89
85 c 20 50 468 0 968 10 5 6 89
86 c 18 24 469 811 969 10 22 30
87 c 15 30 469 0 969 10 26 29 88 99
88 c 45 20 471 0 971 10 11 9 89 91
89 c 21 24 472 0 972 10 28 37 96
90 c 31 52 472 0 972 10 27 21 94
91 c 35 17 472 0 972 10 7 6
92 c 47 47 473 0 973 10 13 21
93 c 22 27 474 0 974 10 11 8 99
94 c 41 49 474 0 974 10 10 2
95 c 25 24 475 0 975 10 20 29
96 c 50 35 475 0 975 10 19 17 97
97 c 26 27 477 0 977 10 27 18
98 c 27 43 478 0 978 10 9 1
99 c 45 30 478 0 978 10 17 20
100 c 36 26 480 849 980 10 18 27

