StringID Type x y release ReadyTime DueDate ServiceTime weight volume Item_Conflitante1 Item_Conflitante2 Item_Conflitante3 Item_Conflitante4 Item_Conflitante5 Item_Conflitante6 Item_Conflitante7 Item_Conflitante8 Item_Conflitante9 Item_Conflitante10 Item_Conflitante11 Item_Conflitante12 Item_Conflitante13 Peso_Total Volume_Total
0 d 40 50 0 0 1236 0 0 0              200 200
1 c 50 40 70 100 289 90 50 40 9 16 18 45 61 77 89 93
2 c 8 40 70 33 313 90 40 43 10 12 31 33 47 80 87 90 94
3 c 67 85 70 257 552 90 20 30 18 43 44 56 66 69 80
4 c 5 35 70 191 436 90 10 4 56 57 63 70 97
5 c 95 35 70 194 459 90 20 30 15 22 44 59 62 71 78 80 87
6 c 2 40 70 305 512 90 20 22 40 42 45 70
7 c 0 40 70 414 587 90 30 28 11 23 26 37 40 56 68
8 c 88 35 70 50 295 90 20 15 14 15 30 32 75 89 93 97
9 c 35 30 70 180 405 90 10 2 18 28 30 67 93
10 c 35 32 70 63 338 90 10 19 19 23 65 86 97
11 c 33 32 70 19 345 90 20 10 12 25 57 70 71 74
12 c 33 35 70 16 273 90 10 11 24 57 59 65 92
13 c 32 30 70 278 493 90 10 8 16 27 42 47 48 76 83 94 97
14 c 30 32 70 355 602 90 30 33 20 41 45 47 53 57 59 82 84 100
15 c 60 55 70 20 276 90 10 17 62 71 79
16 c 95 30 70 284 559 90 30 29 22 28 36 68 82 85 94
17 c 75 55 70 293 496 90 20 14 18 20 22 65 70 88
18 c 65 55 70 25 260 90 20 24 55 61 75 82 88 100
19 c 66 55 70 76 335 90 10 8 20 24 26 35 40 44 52 56 77 82 90 94 98
20 c 44 5 70 193 440 90 20 25 27 38 91
21 c 42 10 70 78 365 90 40 35 31 34 50 56 58 78 93
22 c 42 15 70 35 287 90 10 14 23 41 85 95 100
23 c 40 5 70 308 513 90 30 36 32 39 50 56 60 67 74 76 82 86 97 99
24 c 40 15 70 35 246 90 40 31 32 33 37 52 64 76 83
25 c 47 40 70 12 275 90 10 8 30 42 94
26 c 72 55 70 154 449 90 10 16 27 32 56 59 63 64 86 89 91
27 c 50 35 70 181 398 90 20 13 31 33 39 41 44 45 49 53 75 79 89
28 c 10 35 70 144 293 90 20 28 32 40 53 77 88
29 c 20 55 70 368 585 90 10 13 89 93 97
30 c 10 40 70 31 309 90 30 22 31 34 35 43 48 54 63 68
31 c 22 75 70 30 280 90 30 31 33 34 36 49 58 61 66 92
32 c 58 75 70 30 248 90 20 12 44 92
33 c 90 35 70 119 344 90 10 14 36 50 54 55 76
34 c 42 66 70 16 336 90 10 1 39 56 65 70 71 84
35 c 60 80 70 36 283 90 10 5 56 70 96
36 c 42 65 70 15 226 90 10 16 39 41 59
37 c 85 35 70 47 356 90 30 25 56 82 87
38 c 40 66 70 87 308 90 20 12 52 94 99
39 c 38 68 70 150 429 90 20 22 40 44 54 85 95
40 c 53 35 70 263 502 90 50 60 43 73 76 83 90
41 c 35 66 70 279 488 90 10 8 51 61 86 93
42 c 35 69 70 363 590 90 10 19 45 47 51 57 62 71 75 77 84 90
43 c 20 50 70 288 475 90 10 9 45 51 71 80
44 c 48 40 70 12 223 90 10 6 51 60 67 93 99
45 c 62 80 70 130 305 90 30 36 69 85 86 89
46 c 23 52 70 179 398 90 10 6 57 58
47 c 20 85 70 394 609 90 40 37 61 62 69 89 100
48 c 18 75 70 33 226 90 20 20 69 76 79 82 84 92 96
49 c 15 75 70 68 365 90 20 18 74 84 85 92
50 c 15 80 70 176 447 90 10 2 65 67 82 92 94
51 c 53 30 70 367 588 90 10 2 60 78
52 c 30 50 70 10 265 90 10 16 78 81 86 95
53 c 20 80 70 318 495 90 40 41 62 65 68 73 88 97
54 c 65 82 70 209 412 90 10 14 55 59 72 79 82 85
55 c 65 85 70 409 584 90 40 46 83 96
56 c 25 50 70 15 333 90 10 17 58 80 90 93 97
57 c 25 52 70 88 305 90 40 31 61 63 70 71 74 91
58 c 70 58 70 360 621 90 20 15 76 87 97 99
59 c 38 5 70 376 629 90 30 29 68 70 88 93
60 c 92 30 70 370 659 90 10 20 62 70 73 81 82
61 c 23 55 70 476 663 90 20 27 73 75 83 85
62 c 30 30 70 453 688 90 10 8 64 70 81
63 c 68 60 294 470 697 90 30 31 64 65 72 75 77 90
64 c 22 85 294 489 698 90 10 19 72 76 93 99
65 c 0 45 294 481 710 90 20 17 68 86 88 96
66 c 38 70 294 429 710 90 10 12 67 74
67 c 60 85 294 470 713 90 30 37 69 77 91
68 c 35 5 294 463 728 90 20 22 69 70 79 88 97
69 c 50 30 294 412 729 90 10 5 70 79
70 c 88 30 294 469 748 90 10 15 100
71 c 28 30 294 539 786 90 10 8 79 80 84
72 c 48 30 294 539 786 90 10 19
73 c 5 45 294 588 793 90 10 10 76 86 94 96
74 c 65 60 294 551 802 90 30 27 79 82
75 c 25 55 294 502 821 90 10 8 84 86
76 c 40 69 294 499 824 90 20 29 88 91 99
77 c 25 85 294 547 826 90 20 17 96
78 c 87 30 294 573 826 90 10 1
79 c 45 30 294 669 842 90 10 19
80 c 55 85 294 530 843 90 20 22 84 94 97
81 c 28 55 294 664 845 90 10 10 85 97 98
82 c 42 68 294 643 866 90 10 13 84 87 90 91 98
83 c 38 15 294 519 872 90 10 7
84 c 25 30 294 635 876 90 10 8
85 c 85 25 294 694 895 90 10 6
86 c 63 58 294 640 899 90 10 2
87 c 8 45 294 655 912 90 20 30 95
88 c 55 80 438 628 935 90 10 5 90 94 99
89 c 45 70 438 756 939 90 30 38 92 97
90 c 47 35 438 753 948 90 10 14 95 96
91 c 60 60 438 756 969 90 10 18 96
92 c 26 32 438 719 976 90 10 4
93 c 28 52 438 704 991 90 20 29
94 c 30 52 438 836 1043 90 20 18
95 c 45 35 438 836 1049 90 10 14
96 c 45 68 438 830 1049 90 10 16
97 c 25 35 438 825 1056 90 10 5 100
98 c 28 35 508 867 1126 90 10 4
99 c 30 35 509 837 1127 90 10 4
100 c 45 65 512 847 1130 90 20 24

