StringID Type x y release ReadyTime DueDate ServiceTime weight volume Item_Conflitante1 Item_Conflitante2 Item_Conflitante3 Item_Conflitante4 Item_Conflitante5 Item_Conflitante6 Item_Conflitante7 Item_Conflitante8 Item_Conflitante9 Item_Conflitante10 Item_Conflitante11 Item_Conflitante12 Item_Conflitante13 Peso_Total Volume_Total
0 d 40 50 0 0 960 0 0 0              1000 1000
1 c 38 5 35 201 321 10 30 40 51 53 62 72 86 100
2 c 55 82 35 217 337 10 10 4 5 7 9 24 89
3 c 2 40 35 174 294 10 20 16 22 26 38 52 60 63 67 73 82 85 93 97 100
4 c 60 12 35 268 388 10 31 25 14 28 61 62 100
5 c 26 35 35 308 428 10 15 12 16 18 29 30 43 50 55 65 68 90
6 c 8 40 35 195 315 10 40 44 43 60 77 83 88
7 c 62 80 35 278 398 10 30 24 9 20 61 67 70
8 c 12 24 35 359 479 10 13 5 35 43 56 59 64 79
9 c 31 52 35 157 277 10 27 32 12 21 29 39 88 100
10 c 53 43 35 14 134 10 14 20 21 28 68 80 82 99
11 c 64 42 35 268 388 10 9 16 22 28 30 37 44 45 61 68 83 89 95
12 c 65 35 35 167 287 10 3 5 17 41 43 53 62 83 93 97
13 c 6 68 35 352 472 10 30 32 23 30 32 33 49 59 67 95
14 c 15 80 35 367 487 10 10 19 26 35 39 71 73 75 78 81 83 84
15 c 10 35 35 371 491 10 20 30 37 38 48 60 84
16 c 20 50 35 375 495 10 5 8 33 46 48 65 77 91 95
17 c 57 29 35 395 515 10 18 25 20 24 27 30 60
18 c 30 60 293 599 719 10 16 26 23 24 40 49 54 84 87 90
19 c 20 80 293 644 764 10 40 46 20 26 51 58 62 70 82 93 94
20 c 20 20 293 645 765 10 8 11 34 53 62 68 75 87
21 c 5 35 293 653 773 10 10 15 22 59 64 69 93 96
22 c 23 3 404 764 884 10 7 5 35 57 62 78 79
23 c 95 30 411 0 891 10 30 35 36 41 71 88 93 94 96
24 c 5 5 412 0 892 10 16 10 25 38 62 68 85
25 c 95 35 412 0 892 10 20 16 60 68 73
26 c 92 30 414 0 894 10 10 12 28 49 66 79 88 94
27 c 90 35 417 0 897 10 10 1 33 34 49 50 51 66 79 88 92
28 c 67 5 417 0 897 10 25 23 42 59 63 92 96
29 c 88 30 418 0 898 10 10 19 55 59 60 67 71 74
30 c 87 30 418 0 898 10 10 4 39 46 54 55 56 58 60 77 78 86 99 100
31 c 85 25 418 0 898 10 10 14 43 51 58 69 73 76 93 97
32 c 88 35 419 0 899 10 20 16 39 41 44 54
33 c 4 18 421 0 901 10 35 29 37 44 45 51 53 60 64 66 69 70 97
34 c 15 10 422 782 902 10 20 22 39 40 51 62 81
35 c 85 35 422 0 902 10 30 34 38 42 67 94 98
36 c 42 5 424 0 904 10 10 20 41 48 75 77 95
37 c 35 5 424 784 904 10 20 11 51 55 61 79
38 c 44 5 424 0 904 10 20 21 74 82 99
39 c 40 5 425 0 905 10 10 7 41 43 49 52 60 61
40 c 67 85 425 0 905 10 20 14 43 64 67 68 71 75 79 84 97
41 c 65 85 426 0 906 10 40 39 48 55 71 73 91 92
42 c 10 20 427 0 907 10 19 27 54 71 72 73 82
43 c 0 40 428 0 908 10 20 28 46 52 56 77 96
44 c 60 85 429 0 909 10 30 35 45 47 64 68 73 95
45 c 65 82 429 0 909 10 10 10 63 74 89
46 c 20 85 429 0 909 10 20 14 51 82 83 94 99
47 c 42 10 429 0 909 10 40 49 58 69 76 84 88
48 c 0 45 429 0 909 10 20 30 55 75 78 98 99
49 c 65 20 430 0 910 10 6 1 77 91 93
50 c 22 85 430 0 910 10 10 19 60 66 74 82 83 86 87 98
51 c 2 60 430 0 910 10 5 7 66 67
52 c 42 12 431 0 911 10 10 2 65 76 79 86 93 99
53 c 2 45 432 0 911 10 10 2 54 97
54 c 25 85 432 0 911 10 20 10 65 90
55 c 55 85 432 0 911 10 20 10
56 c 18 80 432 0 912 10 10 2 85 87 92 93
57 c 20 82 432 0 912 10 10 2 76
58 c 60 80 433 0 913 10 10 4 79 81 100
59 c 63 23 434 0 914 10 2 9 64 73 81 97
60 c 72 35 434 0 914 10 30 28 75 85 93 99
61 c 5 45 434 0 914 10 10 1 84 98
62 c 42 15 434 0 914 10 10 6 63 66 72 80 88 90 94 100
63 c 38 15 434 0 914 10 10 13 80 84 85 90
64 c 15 75 436 0 914 10 20 20 79 100
65 c 40 15 436 0 915 10 40 38 81 94 100
66 c 18 75 436 0 916 10 20 21 67 82 88 93 100
67 c 55 80 436 0 916 10 10 6 79
68 c 55 20 437 0 916 10 19 14 74 90 100
69 c 21 24 437 0 917 10 28 31 89 94 97
70 c 8 45 437 0 917 10 20 12
71 c 8 56 437 0 917 10 27 28 81 93 100
72 c 10 40 438 0 918 10 30 23 86
73 c 58 75 439 0 919 10 20 23 75 76 85
74 c 22 75 439 0 919 10 30 34 87
75 c 63 65 442 0 922 10 8 8 76 99
76 c 30 25 443 0 923 10 23 29 77 78 87 93
77 c 15 60 443 0 923 10 17 10 81 83
78 c 65 55 444 0 924 10 14 4
79 c 25 30 445 0 925 10 3 1 87
80 c 61 52 449 0 928 10 3 1 89
81 c 56 37 449 0 929 10 6 9
82 c 45 30 449 0 929 10 17 26 85 93
83 c 37 31 450 0 930 10 14 10 91
84 c 35 69 450 0 930 10 23 19 85 93 99
85 c 31 67 450 810 930 10 3 1 99
86 c 55 60 451 0 931 10 16 11
87 c 50 35 451 0 931 10 19 23 92
88 c 57 48 452 0 932 10 23 29
89 c 24 58 452 0 932 10 19 9
90 c 55 54 454 0 934 10 26 26
91 c 45 65 454 0 934 10 9 18 92
92 c 27 43 455 0 935 10 9 8 93
93 c 26 52 455 0 935 10 9 8 97
94 c 41 37 456 0 936 10 16 10 97
95 c 49 58 457 0 937 10 10 14 99
96 c 49 42 457 0 937 10 13 4 100
97 c 35 40 458 0 938 10 16 7
98 c 40 60 460 0 940 10 21 20
99 c 47 47 462 0 942 10 13 8
100 c 37 47 465 0 945 10 6 1

