StringID Type x y release ReadyTime DueDate ServiceTime weight volume Item_Conflitante1 Item_Conflitante2 Item_Conflitante3 Item_Conflitante4 Item_Conflitante5 Item_Conflitante6 Item_Conflitante7 Item_Conflitante8 Item_Conflitante9 Item_Conflitante10 Item_Conflitante11 Item_Conflitante12 Item_Conflitante13 Item_Conflitante14 Peso_Total Volume_Total
0 d 35 35 0 0 230 0 0 0               200 200
1 c 40 60 0 49 102 10 21 23 22 29 35 56 58 65 66 99
2 c 26 52 0 50 107 10 9 14 49 60 70 80 83
3 c 53 52 0 24 92 10 11 15 15 40 59 75 87
4 c 2 60 0 41 112 10 5 4 8 20 66 74 85 87 92 97
5 c 5 5 0 74 101 10 16 15 28 31 58 73 74
6 c 60 12 0 33 110 10 31 41 23 38 57 60 87
7 c 40 25 0 65 114 10 9 17 11 15 16 17 19 24 44 53 55 90
8 c 24 12 0 25 91 10 5 7 22 35 58 60 92
9 c 11 14 0 59 88 10 18 18 53 79 82 93
10 c 6 38 0 29 99 10 16 15 14 30 33 34 83 93
11 c 20 26 0 74 101 10 9 4 12 36 47 76 83 84
12 c 37 31 0 87 112 10 14 7 35 42 46 64 92
13 c 57 48 0 84 109 10 23 28 29 34 56 60 69 76 85 89
14 c 24 58 0 46 79 10 19 14 19 35 44 52 61 64 98
15 c 15 77 0 48 107 10 9 13 35 41 56 58 80 97
16 c 62 77 0 49 113 10 20 14 37 40 54 62 63 89 90 94 96 99
17 c 67 5 0 73 102 10 25 29 31 93
18 c 37 47 0 39 70 10 6 1 22 41 47 61 65 74 78 85 88
19 c 49 42 0 65 90 10 13 20 20 23 24 45 49 88
20 c 35 40 0 8 75 10 16 9 24 31 41 46 48 58 73
21 c 55 5 0 58 87 10 29 36 35 40 43 77 80 84 97
22 c 28 18 0 88 107 10 26 26 32 44 46 75 83 98
23 c 10 43 0 87 112 10 9 9 36 74 77 92
24 c 22 22 0 18 53 10 2 7 38 58 76 92
25 c 20 65 3 57 86 10 12 19 26 36 43 59 67 69 78 79
26 c 30 5 3 50 81 10 8 18 35 40 50 52 64 65 73 76 84 85 86 90 95 99
27 c 55 60 3 88 115 10 16 16 40 46 53 75 91 95 96
28 c 11 31 3 93 118 10 7 15 39 99
29 c 45 10 25 76 127 10 18 18 48 68 100
30 c 61 52 25 71 130 10 3 10 32 45 55 61
31 c 42 7 25 72 131 10 5 13 37 46 72 83 87
32 c 25 30 25 76 131 10 3 7 43 52 54 65
33 c 12 24 25 29 132 10 13 13 77 86 100
34 c 6 68 25 93 132 10 30 35 58 70 94
35 c 44 17 25 30 135 10 9 11 46 74 75 78 99
36 c 41 37 25 6 136 10 16 23 46 48 54 81 100
37 c 20 40 25 47 136 10 12 8 39 40 44 72 75
38 c 10 20 25 29 139 10 19 14 63 75 93
39 c 55 54 25 57 140 10 26 23 51 53 58 87 100
40 c 15 60 40 32 146 10 17 24 56 69 72 81 86
41 c 4 18 40 49 148 10 35 31 64 84
42 c 57 68 40 39 148 10 15 24 69 76 80 87 93 97
43 c 49 58 40 36 149 10 10 7 61 65 74 92 93
44 c 30 60 40 107 150 10 16 7 61 67 80 82 87 98
45 c 64 42 40 29 150 10 9 9 63 84
46 c 31 67 40 46 153 10 3 12 72 88 91 98
47 c 63 23 40 126 155 10 2 1 52 70 91 97
48 c 49 73 44 104 159 10 25 25 59 83 93
49 c 32 12 48 48 163 10 7 10 58 64 75 78 81 94
50 c 53 12 57 106 163 10 6 1 64 70 75 76 80 85 88 98
51 c 46 13 57 138 169 10 8 9 66 69 81 85 94
52 c 55 20 57 138 169 10 19 20 75 93 96
53 c 20 50 57 21 170 10 5 6 61 66
54 c 27 69 57 34 172 10 10 19 58 62 65 75
55 c 26 27 59 35 174 10 27 36 79
56 c 56 39 61 117 176 10 36 39 62 70 73 93
57 c 8 56 63 34 176 10 27 23 61 63 64 70 72
58 c 16 22 63 23 177 10 41 40 64 71 84 86
59 c 63 65 63 116 178 10 8 5 68 80
60 c 2 48 65 63 180 10 1 1 61 64 68 72 73 79
61 c 30 25 65 147 180 10 23 25 90 92
62 c 45 65 67 79 182 10 9 11 73 77 86 92 94
63 c 65 55 68 36 183 10 14 9 74 80
64 c 25 21 68 92 183 10 12 2 66 71 75 84 94 100
65 c 23 3 70 82 185 10 7 9 83
66 c 35 69 71 67 186 10 23 33 71 73
67 c 65 20 71 153 186 10 6 7 85 90
68 c 55 45 72 54 187 10 13 22 70 80 95
69 c 15 10 72 32 187 10 20 29 82 94
70 c 5 30 74 124 189 10 2 1 79 85 89
71 c 65 35 75 58 190 10 3 1 91
72 c 49 11 77 27 192 10 18 10 75 77 92 95
73 c 50 35 77 15 192 10 19 28 76 80 90
74 c 13 52 77 27 192 10 36 36 87 91 95
75 c 15 19 79 25 194 10 1 3
76 c 18 18 80 159 195 10 17 13 83 93 94
77 c 27 43 80 11 195 10 9 8
78 c 45 20 80 18 195 10 11 4 79 88 90
79 c 15 47 81 23 196 10 16 19 80 99
80 c 57 29 82 90 197 10 18 8 87 99
81 c 47 16 82 22 197 10 25 26 89
82 c 31 52 83 17 198 10 27 19
83 c 37 56 83 123 198 10 5 8
84 c 19 21 83 21 198 10 10 4
85 c 56 37 83 135 198 10 6 1 93 99
86 c 14 37 83 21 198 10 11 18 90
87 c 20 20 83 42 198 10 8 3 97
88 c 18 24 84 129 199 10 22 22
89 c 15 30 84 20 199 10 26 20 91
90 c 53 43 84 168 199 10 14 16
91 c 17 34 86 70 201 10 3 6 92
92 c 21 24 87 17 202 10 28 28
93 c 35 17 87 18 202 10 7 14
94 c 47 47 88 41 203 10 13 23
95 c 22 27 89 51 204 10 11 17
96 c 41 49 89 15 204 10 10 8 99
97 c 25 24 90 14 205 10 20 16
98 c 45 30 93 58 208 10 17 13 100
99 c 36 26 95 178 210 10 18 13
100 c 26 35 96 68 211 10 15 10

