StringID Type x y release ReadyTime DueDate ServiceTime weight volume Item_Conflitante1 Item_Conflitante2 Item_Conflitante3 Item_Conflitante4 Item_Conflitante5 Peso_Total Volume_Total
0 d 40 50 0 0 960 0 0 0      1000 1000
1 c 64 42 5 268 388 10 9 1 30 44 95
2 c 37 31 5 105 225 10 14 24 9 33 72 73 74
3 c 65 85 5 43 163 10 40 34
4 c 27 43 5 152 272 10 9 16 78
5 c 62 80 5 278 398 10 30 22 22 49
6 c 60 80 5 64 184 10 10 1 46 67 74 80
7 c 60 85 5 329 449 10 30 24 53
8 c 55 80 5 33 153 10 10 17 19
9 c 49 58 5 355 475 10 10 8
10 c 55 82 5 217 337 10 10 7 28 56 64
11 c 20 82 5 37 157 10 10 11 56 63
12 c 2 45 5 105 225 10 10 10 73
13 c 6 68 5 352 472 10 30 24 27 75 100
14 c 26 35 5 308 428 10 15 8 22 32 36 79 96
15 c 55 20 5 326 446 10 19 17 16 44
16 c 25 30 5 175 295 10 3 6 50
17 c 60 12 5 268 388 10 31 32 66
18 c 5 5 5 232 352 10 16 25
19 c 2 60 5 286 406 10 5 1 21 41
20 c 10 20 5 42 162 10 19 26 21
21 c 63 65 5 60 180 10 8 1 71
22 c 45 65 5 258 378 10 9 13
23 c 65 35 5 167 287 10 3 1
24 c 65 20 5 39 159 10 6 16 80
25 c 45 30 5 191 311 10 17 17 26
26 c 35 40 5 11 131 10 16 15 36 37 39
27 c 65 55 5 241 361 10 14 13 78
28 c 85 25 5 80 200 10 10 12 70
29 c 88 35 5 165 285 10 20 19 50
30 c 31 52 5 157 277 10 27 29
31 c 90 35 5 194 314 10 10 15 92
32 c 20 85 5 73 193 10 20 19
33 c 15 75 5 300 420 10 20 13 84
34 c 8 40 5 195 315 10 40 48 64
35 c 8 45 5 223 343 10 20 30 38 57
36 c 53 43 5 14 134 10 14 4
37 c 5 45 5 35 155 10 10 3 55 85
38 c 88 30 5 246 366 10 10 13 74
39 c 2 40 5 174 294 10 20 12 60 79
40 c 56 37 5 100 220 10 6 2
41 c 26 52 5 172 292 10 9 2
42 c 37 47 5 359 479 10 6 16 53
43 c 44 5 5 335 455 10 20 10
44 c 0 40 5 255 375 10 20 17 73 78
45 c 24 58 5 260 380 10 19 24 94 95 98
46 c 92 30 5 149 269 10 10 2 60
47 c 95 35 5 146 266 10 20 16 56 75
48 c 42 10 5 254 374 10 40 40 67
49 c 63 23 5 344 464 10 2 1 58 86
50 c 21 24 5 349 469 10 28 27
51 c 22 75 5 152 272 10 30 29 52 100
52 c 38 5 5 201 321 10 30 34 81
53 c 40 5 5 215 335 10 10 14 99
54 c 12 24 5 359 479 10 13 20
55 c 8 56 5 365 485 10 27 35 58 61
56 c 15 80 197 367 487 10 10 16 95
57 c 10 35 197 371 491 10 20 16 61
58 c 20 50 197 375 495 10 5 9 71
59 c 40 15 197 375 495 10 40 42 61
60 c 58 75 197 376 496 10 20 12 87
61 c 18 75 197 388 508 10 20 10 74
62 c 57 48 197 392 512 10 23 15
63 c 57 29 197 395 515 10 18 17
64 c 30 25 197 397 517 10 23 32 71
65 c 42 12 197 440 560 10 10 14
66 c 22 85 197 471 591 10 10 6
67 c 85 35 197 487 607 10 30 29 100
68 c 18 80 197 489 609 10 10 13
69 c 72 35 197 507 627 10 30 25
70 c 10 40 197 519 639 10 30 40
71 c 95 30 197 529 649 10 30 39 87
72 c 42 15 197 537 657 10 10 12 76
73 c 4 18 197 547 667 10 35 37 90
74 c 50 35 197 557 677 10 19 23
75 c 65 82 197 557 677 10 10 7
76 c 55 54 293 562 682 10 26 23
77 c 41 37 293 566 686 10 16 21
78 c 55 85 293 574 694 10 20 10 93
79 c 30 60 293 599 719 10 16 15
80 c 55 60 293 601 721 10 16 14 82
81 c 40 60 293 612 732 10 21 26
82 c 87 30 293 621 741 10 10 15
83 c 20 80 293 644 764 10 40 41
84 c 20 20 293 645 765 10 8 1
85 c 5 35 293 653 773 10 10 18 93
86 c 67 85 353 657 777 10 20 13
87 c 25 85 353 673 793 10 20 16
88 c 38 15 353 681 801 10 10 14
89 c 15 60 353 694 814 10 17 19
90 c 0 45 353 703 823 10 20 16
91 c 67 5 353 713 833 10 25 28 92
92 c 49 42 404 719 839 10 13 4
93 c 42 5 404 732 852 10 10 5
94 c 23 3 404 764 884 10 7 9
95 c 15 10 424 782 902 10 20 23
96 c 35 5 424 784 904 10 20 21
97 c 61 52 448 808 928 10 3 9
98 c 35 69 450 810 930 10 23 17
99 c 31 67 450 810 930 10 3 1
100 c 47 47 462 822 942 10 13 19

