StringID Type x y release ReadyTime DueDate ServiceTime weight volume Item_Conflitante1 Item_Conflitante2 Item_Conflitante3 Peso_Total Volume_Total
0 d 35 35 0 0 230 0 0 0    200 200
1 c 35 40 2 27 57 10 16 19 14 36 41
2 c 40 60 2 61 91 10 21 19
3 c 49 42 2 63 93 10 13 20 38 61
4 c 15 77 2 63 93 10 9 8 94
5 c 53 52 2 27 57 10 11 11 79 83
6 c 2 60 2 41 71 10 5 6 27 98
7 c 5 5 2 73 103 10 16 19
8 c 60 12 2 34 64 10 31 35 74
9 c 40 25 2 75 105 10 9 10
10 c 24 12 2 25 55 10 5 6
11 c 11 14 2 59 89 10 18 18 28
12 c 6 38 2 29 59 10 16 18 35 95
13 c 20 26 2 73 103 10 9 14
14 c 37 31 2 85 115 10 14 20 33
15 c 37 47 2 40 70 10 6 1 24
16 c 67 5 2 73 103 10 25 26 18
17 c 24 58 2 48 78 10 19 13 61 72
18 c 57 48 2 82 112 10 23 22
19 c 55 5 2 58 88 10 29 24
20 c 62 77 2 49 79 10 20 19 69 97
21 c 26 52 2 64 94 10 9 17
22 c 10 43 2 85 115 10 9 3 37 91
23 c 30 5 2 51 81 10 8 15 82
24 c 28 18 2 83 113 10 26 20 88 100
25 c 20 65 2 57 87 10 12 7
26 c 22 22 2 18 48 10 2 6 66 73 91
27 c 61 52 2 86 116 10 3 13 38 58
28 c 45 10 2 87 117 10 18 28 77
29 c 42 7 2 87 117 10 5 1 61 91
30 c 55 60 2 87 117 10 16 10 64
31 c 25 30 13 89 119 10 3 1
32 c 11 31 13 91 121 10 7 1
33 c 6 68 13 98 128 10 30 39
34 c 30 60 32 114 144 10 16 14 83 95
35 c 49 73 32 117 147 10 25 22 50 83 96
36 c 53 12 35 120 150 10 6 7
37 c 63 23 41 126 156 10 2 12
38 c 56 39 47 132 162 10 36 36 81
39 c 63 65 48 133 163 10 8 3 42 44
40 c 55 20 54 139 169 10 19 17 60
41 c 46 13 54 139 169 10 8 13
42 c 5 30 62 147 177 10 2 1
43 c 30 25 64 149 179 10 23 15 63
44 c 57 68 65 0 180 10 15 18 83 86
45 c 65 55 68 0 183 10 14 8
46 c 4 18 69 0 184 10 35 42 85
47 c 2 48 69 0 184 10 1 2
48 c 27 69 70 0 185 10 10 14
49 c 8 56 70 0 185 10 27 20 51
50 c 23 3 70 0 185 10 7 1 52
51 c 35 69 71 0 186 10 23 23 64
52 c 65 20 72 156 186 10 6 1 53
53 c 15 10 72 0 187 10 20 15 81
54 c 31 67 72 0 187 10 3 8
55 c 15 60 72 0 187 10 17 24
56 c 45 65 73 0 188 10 9 1 78
57 c 10 20 75 0 190 10 19 10
58 c 64 42 77 0 190 10 9 5 67 97
59 c 65 35 77 0 190 10 3 13 63 86
60 c 13 52 77 0 192 10 36 37
61 c 49 11 77 0 192 10 18 19
62 c 55 54 77 0 192 10 26 32
63 c 49 58 78 0 193 10 10 11 66 76
64 c 15 19 79 0 194 10 1 7 65
65 c 12 24 79 0 194 10 13 23
66 c 18 18 80 165 195 10 17 18
67 c 15 47 81 0 196 10 16 16
68 c 32 12 81 0 196 10 7 17
69 c 16 22 81 0 196 10 41 34
70 c 57 29 82 0 197 10 18 13
71 c 47 16 82 0 197 10 25 27
72 c 55 45 82 0 197 10 13 4
73 c 14 37 83 0 198 10 11 9 100
74 c 56 37 83 168 198 10 6 15 95
75 c 20 50 83 0 198 10 5 1 82
76 c 37 56 83 168 198 10 5 1 77
77 c 19 21 83 0 198 10 10 7 79
78 c 20 20 83 0 198 10 8 7
79 c 53 43 84 169 199 10 14 14
80 c 44 17 84 0 199 10 9 17 82
81 c 15 30 84 0 199 10 26 28
82 c 18 24 84 169 199 10 22 19
83 c 45 20 86 0 201 10 11 12 88
84 c 17 34 86 0 201 10 3 1
85 c 25 21 87 0 202 10 12 9
86 c 35 17 87 0 202 10 7 6 94
87 c 21 24 87 0 202 10 28 36
88 c 31 52 87 0 202 10 27 17
89 c 47 47 88 0 203 10 13 9
90 c 20 40 89 0 204 10 12 5
91 c 41 49 89 0 204 10 10 4
92 c 22 27 89 0 204 10 11 8
93 c 25 24 90 0 205 10 20 21
94 c 50 35 90 0 205 10 19 25
95 c 26 27 92 0 207 10 27 25
96 c 45 30 93 0 208 10 17 11
97 c 27 43 93 0 208 10 9 4
98 c 36 26 95 180 210 10 18 15
99 c 26 35 96 0 211 10 15 7
100 c 41 37 98 0 213 10 16 15

