StringID Type x y release ReadyTime DueDate ServiceTime weight volume Item_Conflitante1 Item_Conflitante2 Item_Conflitante3 Item_Conflitante4 Item_Conflitante5 Peso_Total Volume_Total
0 d 40 50 0 0 960 0 0 0      1000 1000
1 c 88 30 76 186 426 10 10 8 3 41 61 67 86
2 c 88 35 76 105 345 10 20 14 77
3 c 85 25 76 51 291 10 10 16 11
4 c 64 42 76 208 448 10 9 2
5 c 37 31 76 45 285 10 14 17 93
6 c 65 85 76 43 283 10 40 36 12
7 c 27 43 76 92 332 10 9 9 11 12 18 84
8 c 62 80 76 218 458 10 30 23
9 c 60 80 76 36 276 10 10 1 22 30 34 91
10 c 55 80 76 33 273 10 10 20 63 82
11 c 55 82 76 157 397 10 10 7 82 85
12 c 20 82 76 37 277 10 10 6 21 28 56
13 c 2 45 76 45 285 10 10 12
14 c 25 30 76 115 355 10 3 1 57 68
15 c 60 12 76 208 448 10 31 30 24 64
16 c 5 5 76 172 412 10 16 15 55
17 c 2 60 76 226 466 10 5 6 41 84
18 c 10 20 76 42 282 10 19 16 73
19 c 63 65 76 27 267 10 8 1 77 80 85
20 c 45 65 76 198 438 10 9 6 83 85 100
21 c 65 35 76 107 347 10 3 12 73
22 c 65 20 76 39 279 10 6 4 92
23 c 45 30 76 131 371 10 17 16
24 c 35 40 76 11 251 10 16 11 43 75 83
25 c 65 55 76 181 421 10 14 7
26 c 90 35 76 134 374 10 10 1 54
27 c 92 30 76 89 329 10 10 11 66 96 97
28 c 31 52 76 97 337 10 27 21 68 71 91
29 c 20 85 76 40 280 10 20 28 40 56 65 71
30 c 95 35 76 86 326 10 20 22
31 c 26 52 76 112 352 10 9 14
32 c 22 75 76 92 332 10 30 34 84 89
33 c 38 5 76 141 381 10 30 23 90
34 c 56 37 76 40 280 10 6 3 35
35 c 40 5 76 155 395 10 10 19 38 96
36 c 24 58 76 200 440 10 19 20 42 65
37 c 42 10 76 194 434 10 40 31
38 c 53 43 76 14 254 10 14 6
39 c 8 45 76 163 403 10 20 17
40 c 5 45 76 35 275 10 10 5 72
41 c 15 75 76 240 480 10 20 16 60 99
42 c 0 40 76 195 435 10 20 23 43 53
43 c 8 40 76 135 375 10 40 34 98
44 c 2 40 76 114 354 10 20 22 79
45 c 26 35 76 248 488 10 15 17
46 c 55 20 76 266 506 10 19 27 64 86
47 c 60 85 76 269 509 10 30 31 55 73
48 c 44 5 76 275 515 10 20 12 53 67 89
49 c 63 23 76 284 524 10 2 1
50 c 21 24 76 289 529 10 28 35
51 c 6 68 76 292 532 10 30 34 82
52 c 49 58 76 295 535 10 10 18 80
53 c 37 47 76 299 539 10 6 7 98
54 c 12 24 76 299 539 10 13 12
55 c 8 56 76 305 545 10 27 28
56 c 15 80 76 307 547 10 10 10 64 66 85
57 c 10 35 76 311 551 10 20 21
58 c 20 50 76 315 555 10 5 1
59 c 40 15 76 315 555 10 40 33
60 c 58 75 76 316 556 10 20 22 90
61 c 18 75 247 328 568 10 20 19
62 c 57 48 247 332 572 10 23 21 76
63 c 57 29 247 335 575 10 18 9 95
64 c 30 25 247 337 577 10 23 29 77
65 c 42 12 247 380 620 10 10 15 69 90
66 c 22 85 247 411 651 10 10 8
67 c 85 35 247 427 667 10 30 21
68 c 18 80 247 429 669 10 10 15
69 c 72 35 247 447 687 10 30 30
70 c 10 40 247 459 699 10 30 33
71 c 95 30 247 469 709 10 30 34
72 c 42 15 247 477 717 10 10 18
73 c 4 18 247 487 727 10 35 42
74 c 50 35 301 497 737 10 19 25
75 c 65 82 301 497 737 10 10 7 99
76 c 55 54 301 502 742 10 26 21
77 c 41 37 301 506 746 10 16 22 79
78 c 55 85 301 514 754 10 20 11
79 c 30 60 301 539 779 10 16 18 88
80 c 55 60 301 541 781 10 16 14 83
81 c 40 60 381 552 792 10 21 17 84
82 c 87 30 381 561 801 10 10 10 88
83 c 20 80 381 584 824 10 40 36
84 c 20 20 381 585 825 10 8 1
85 c 5 35 381 593 833 10 10 19
86 c 67 85 381 597 837 10 20 15
87 c 25 85 381 613 853 10 20 23
88 c 38 15 381 621 861 10 10 13
89 c 15 60 394 634 874 10 17 25 99
90 c 0 45 424 643 883 10 20 18
91 c 67 5 424 653 893 10 25 34
92 c 49 42 424 659 899 10 13 7
93 c 23 3 424 660 900 10 7 1
94 c 15 10 424 662 902 10 20 18
95 c 35 5 424 664 904 10 20 17
96 c 42 5 424 664 904 10 10 8
97 c 61 52 448 688 928 10 3 11
98 c 35 69 450 690 930 10 23 18
99 c 31 67 450 690 930 10 3 7
100 c 47 47 462 702 942 10 13 16

