StringID Type x y release ReadyTime DueDate ServiceTime weight volume Item_Conflitante1 Item_Conflitante2 Item_Conflitante3 Item_Conflitante4 Item_Conflitante5 Item_Conflitante6 Peso_Total Volume_Total
0 d 40 50 0 0 3390 0 0 0       700 700
1 c 8 40 11 685 845 90 40 42 7 15 32 34 40 74
2 c 5 35 11 876 1036 90 10 16 54 80
3 c 5 45 11 1253 1413 90 10 10 29
4 c 0 40 11 1063 1223 90 30 23
5 c 0 45 11 1158 1318 90 20 23 15
6 c 48 20 11 967 1127 90 10 11 33 52 56
7 c 55 80 11 407 567 90 10 4
8 c 44 5 11 1256 1416 90 20 28 20 32
9 c 42 10 11 1160 1320 90 40 32 26 41
10 c 42 15 11 1065 1225 90 10 1 98
11 c 40 5 11 1350 1510 90 30 29 18
12 c 38 5 11 1442 1602 90 30 40 19 21 89
13 c 35 5 11 1535 1695 90 20 27 48 49 70
14 c 50 30 11 401 561 90 10 10
15 c 50 35 11 120 280 90 20 23 61 63 82
16 c 50 40 11 25 185 90 50 49 25
17 c 48 30 11 493 653 90 10 10 72
18 c 44 25 11 871 1031 90 10 11 35 60
19 c 47 35 11 588 748 90 10 8 70
20 c 47 40 11 12 172 90 10 10 25 28 70
21 c 42 30 11 776 936 90 10 16 79
22 c 45 35 11 680 840 90 10 16 87 94
23 c 53 35 11 213 373 90 50 40 71
24 c 56 64 11 1355 1515 90 10 16 34 69
25 c 67 85 11 694 854 90 20 13
26 c 42 58 11 8 168 90 40 34 29 43 68
27 c 60 85 11 597 757 90 30 30
28 c 10 40 11 593 753 90 30 30 62 84
29 c 20 55 11 303 463 90 10 10 71 92
30 c 55 85 11 502 662 90 20 28
31 c 60 66 11 1261 1421 90 10 2 34 36
32 c 20 50 11 398 558 90 10 14 82 89
33 c 30 50 11 10 170 90 10 8 89
34 c 28 52 11 22 182 90 20 25
35 c 25 50 11 116 276 90 10 14
36 c 16 42 11 497 657 90 20 21 43
37 c 23 52 11 209 369 90 10 12 70
38 c 4 55 11 1447 1607 90 20 12
39 c 65 60 11 1546 1706 90 30 38 84 85 94
40 c 70 58 786 1641 1801 90 20 11 47 57 65
41 c 14 66 786 1643 1803 90 10 4 63
42 c 38 15 786 1725 1885 90 40 31
43 c 66 55 786 1736 1896 90 10 16 95
44 c 15 75 786 1742 1902 90 20 25
45 c 36 18 786 1819 1979 90 10 18 47
46 c 15 80 786 1837 1997 90 10 8
47 c 32 20 786 1913 2073 90 10 7 65
48 c 20 85 786 1934 2094 90 40 48 78 90 96 97
49 c 34 25 786 2009 2169 90 30 30
50 c 22 85 786 2026 2186 90 10 11 57
51 c 30 30 786 2105 2265 90 10 20
52 c 90 35 786 2131 2291 90 10 11
53 c 25 30 786 2200 2360 90 10 12
54 c 20 80 786 2216 2376 90 40 39 69
55 c 95 35 786 2226 2386 90 20 24 59 64
56 c 18 75 786 2311 2471 90 20 29 92
57 c 95 30 786 2321 2481 90 30 30 86
58 c 22 75 1223 2405 2565 90 30 37 59
59 c 92 30 1223 2414 2574 90 10 16 89
60 c 30 35 1223 2480 2640 90 10 5
61 c 22 66 1223 2504 2664 90 40 30
62 c 85 25 1223 2513 2673 90 10 4 93
63 c 33 35 1223 2573 2733 90 10 8
64 c 28 70 1223 2601 2761 90 10 7 100
65 c 87 30 1223 2608 2768 90 10 18 95
66 c 33 32 1223 2666 2826 90 20 14 100
67 c 35 69 1223 2698 2858 90 10 3 89
68 c 85 35 1223 2703 2863 90 30 25 92 94 98
69 c 35 32 1223 2758 2918 90 10 13 100
70 c 35 66 1365 2791 2951 90 10 19
71 c 78 40 1365 2802 2962 90 20 11 81
72 c 34 60 1365 2887 3047 90 20 13
73 c 72 45 1365 2900 3060 90 10 17
74 c 86 46 1577 0 3253 90 30 28
75 c 64 46 1577 3097 3257 90 20 13
76 c 38 10 1577 0 3259 90 10 6
77 c 65 82 1577 0 3259 90 10 8
78 c 2 40 1577 0 3260 90 20 12 99
79 c 25 85 1577 0 3261 90 20 30
80 c 62 80 1577 0 3262 90 30 38
81 c 75 55 1577 0 3264 90 20 26
82 c 8 62 1577 0 3265 90 10 20
83 c 10 35 1577 0 3266 90 20 12
84 c 8 45 1577 0 3267 90 20 12
85 c 72 55 1577 0 3267 90 10 6
86 c 58 75 1577 0 3269 90 20 30
87 c 62 69 1577 0 3270 90 10 5 94
88 c 52 75 1577 0 3272 90 10 16
89 c 58 70 1578 0 3273 90 20 23
90 c 62 40 1580 0 3275 90 10 1
91 c 53 30 1581 0 3276 90 10 18 98
92 c 26 32 1582 0 3277 90 10 11
93 c 60 60 1582 0 3277 90 10 15
94 c 25 35 1583 0 3278 90 10 9
95 c 45 70 1584 0 3279 90 30 27
96 c 60 55 1584 3119 3279 90 10 6
97 c 42 65 1589 0 3284 90 10 19
98 c 45 65 1589 0 3284 90 20 25
99 c 30 56 1593 0 3288 90 20 17
100 c 36 40 1594 0 3289 90 10 13

