StringID Type x y release ReadyTime DueDate ServiceTime weight volume Item_Conflitante1 Item_Conflitante2 Item_Conflitante3 Item_Conflitante4 Item_Conflitante5 Peso_Total Volume_Total
0 d 40 50 0 0 3390 0 0 0      700 700
1 c 2 40 11 971 1131 90 20 22 37 64
2 c 0 40 11 1063 1223 90 30 30 32 63 80 82 90
3 c 0 45 11 1158 1318 90 20 30 17 61
4 c 48 20 11 967 1127 90 10 8 10 48
5 c 55 80 11 407 567 90 10 8 81
6 c 44 5 11 1256 1416 90 20 30 8 28 76
7 c 42 10 11 1160 1320 90 40 50 10 18 58 78
8 c 42 15 11 1065 1225 90 10 7 89
9 c 40 5 11 1350 1510 90 30 27 20 83
10 c 38 5 11 1442 1602 90 30 21 39 50 67
11 c 35 5 11 1535 1695 90 20 28 61 82 99
12 c 50 30 11 401 561 90 10 18 87
13 c 50 35 11 120 280 90 20 15 63
14 c 50 40 11 25 185 90 50 51 40 92
15 c 48 30 11 493 653 90 10 13 28 51
16 c 44 25 11 871 1031 90 10 19 38 53
17 c 47 35 11 588 748 90 10 17 26 35
18 c 58 75 11 978 1138 90 20 30 70 91
19 c 60 85 11 597 757 90 30 36 80 89
20 c 62 80 11 881 1041 90 30 21 98
21 c 65 82 11 788 948 90 10 11 77
22 c 42 58 11 8 168 90 40 47 39 92 94
23 c 67 85 11 694 854 90 20 23
24 c 5 45 11 1253 1413 90 10 17 94
25 c 60 60 11 1451 1611 90 10 6 38
26 c 45 65 11 118 278 90 20 27
27 c 53 35 11 213 373 90 50 53 49
28 c 53 30 11 308 468 90 10 2 65 94
29 c 45 35 11 680 840 90 10 8
30 c 42 30 11 776 936 90 10 19 37
31 c 47 40 11 12 172 90 10 2 49 85
32 c 56 64 11 1355 1515 90 10 8
33 c 5 35 11 876 1036 90 10 5
34 c 55 85 11 502 662 90 20 13
35 c 8 40 11 685 845 90 40 34 59
36 c 30 50 11 10 170 90 10 1
37 c 28 52 11 22 182 90 20 16 86 91
38 c 25 50 11 116 276 90 10 13 66
39 c 23 52 11 209 369 90 10 1 62
40 c 4 55 11 1447 1607 90 20 11
41 c 16 42 11 497 657 90 20 30 42 43
42 c 42 65 11 25 185 90 10 2 44 48 96
43 c 60 66 11 1261 1421 90 10 16
44 c 58 70 11 1073 1233 90 20 25
45 c 62 69 11 1167 1327 90 10 16
46 c 10 40 11 593 753 90 30 31 85
47 c 10 35 11 781 941 90 20 13
48 c 20 55 11 303 463 90 10 10 52
49 c 20 50 11 398 558 90 10 1 60
50 c 8 45 11 1346 1506 90 20 14 78 84
51 c 52 75 11 311 471 90 10 17 61
52 c 45 70 11 213 373 90 30 21 82
53 c 8 62 11 1545 1705 90 10 14 71
54 c 65 60 11 1546 1706 90 30 24 62
55 c 38 10 850 1630 1790 90 10 12
56 c 70 58 850 1641 1801 90 20 24
57 c 14 66 850 1643 1803 90 10 1
58 c 38 15 850 1725 1885 90 40 46
59 c 66 55 850 1736 1896 90 10 8 88
60 c 15 75 850 1742 1902 90 20 12 100
61 c 36 18 850 1819 1979 90 10 8 93
62 c 72 55 850 1832 1992 90 10 10 82
63 c 15 80 850 1837 1997 90 10 2 64 95
64 c 32 20 850 1913 2073 90 10 9 69
65 c 75 55 850 1925 2085 90 20 11 73
66 c 20 85 850 1934 2094 90 40 42
67 c 34 25 850 2009 2169 90 30 21 71
68 c 22 85 850 2026 2186 90 10 8 94 100
69 c 86 46 850 2029 2189 90 30 30 80
70 c 30 30 850 2105 2265 90 10 4
71 c 25 85 850 2119 2279 90 20 18
72 c 90 35 850 2131 2291 90 10 12
73 c 25 30 850 2200 2360 90 10 3 82 98
74 c 20 80 850 2216 2376 90 40 39 80
75 c 95 35 850 2226 2386 90 20 13
76 c 26 32 850 2292 2452 90 10 13
77 c 18 75 850 2311 2471 90 20 17 88
78 c 95 30 850 2321 2481 90 30 36 95 96
79 c 25 35 850 2385 2545 90 10 17
80 c 22 75 1223 2405 2565 90 30 26
81 c 92 30 1223 2414 2574 90 10 10 91
82 c 30 35 1223 2480 2640 90 10 10
83 c 22 66 1223 2504 2664 90 40 46
84 c 85 25 1223 2513 2673 90 10 12
85 c 33 35 1223 2573 2733 90 10 18
86 c 28 70 1223 2601 2761 90 10 15 91
87 c 87 30 1223 2608 2768 90 10 3 91
88 c 33 32 1223 2666 2826 90 20 14
89 c 35 69 1223 2698 2858 90 10 20
90 c 85 35 1223 2703 2863 90 30 34
91 c 35 32 1223 2758 2918 90 10 16
92 c 35 66 1365 2791 2951 90 10 17
93 c 78 40 1365 2802 2962 90 20 28
94 c 36 40 1365 2856 3016 90 10 16
95 c 34 60 1365 2887 3047 90 20 27 100
96 c 72 45 1365 2900 3060 90 10 1
97 c 30 56 1466 2983 3143 90 20 19
98 c 62 40 1466 3001 3161 90 10 5
99 c 64 46 1562 3097 3257 90 20 16
100 c 60 55 1584 3119 3279 90 10 11

