StringID Type x y release ReadyTime DueDate ServiceTime weight volume Item_Conflitante1 Item_Conflitante2 Item_Conflitante3 Item_Conflitante4 Peso_Total Volume_Total
0 d 40 50 0 0 960 0 0 0     1000 1000
1 c 45 30 206 20 498 10 17 22 39 62
2 c 26 52 206 14 499 10 9 18 6 50 54
3 c 55 82 206 49 504 10 10 1 27 29 60
4 c 27 43 206 14 506 10 9 8 79 99
5 c 31 52 206 9 510 10 27 33
6 c 8 40 206 33 511 10 40 45 19 38 86
7 c 25 30 206 25 516 10 3 4 12 22 49 84
8 c 40 5 206 45 517 10 10 15 18
9 c 8 45 206 46 519 10 20 14 84
10 c 5 5 206 63 520 10 16 20 56
11 c 65 55 206 81 520 10 14 8
12 c 88 30 206 90 521 10 10 20 89
13 c 38 5 206 45 523 10 30 35 43 75
14 c 45 65 206 110 525 10 9 3 93
15 c 2 40 206 39 528 10 20 17
16 c 60 12 206 125 530 10 31 31 18 92
17 c 35 40 206 11 530 10 16 8 44
18 c 88 35 206 50 534 10 20 27 25
19 c 0 40 206 94 535 10 20 28
20 c 90 35 206 52 536 10 10 18 59 76
21 c 56 37 206 20 539 10 6 7
22 c 42 10 206 85 542 10 40 35 42
23 c 22 75 206 30 546 10 30 33 91 96
24 c 65 35 206 29 548 10 3 13
25 c 24 58 206 90 549 10 19 22 56 96
26 c 64 42 206 100 555 10 9 8 96
27 c 2 60 206 135 556 10 5 3 46 65
28 c 15 75 206 161 558 10 20 17 58
29 c 62 80 206 114 561 10 30 39
30 c 12 24 206 272 565 10 13 3 57
31 c 37 31 206 19 566 10 14 24
32 c 55 80 206 33 568 10 10 15 41 60
33 c 44 5 206 218 571 10 20 21 45 85
34 c 92 30 206 55 575 10 10 2 76 78 99
35 c 49 58 206 249 580 10 10 8 50
36 c 53 43 206 14 581 10 14 19
37 c 60 85 206 191 586 10 30 32 73
38 c 26 35 206 149 586 10 15 19 63
39 c 65 20 206 39 593 10 6 1 73
40 c 20 82 206 37 597 10 10 13 59
41 c 95 35 206 57 600 10 20 18 54
42 c 85 25 206 51 602 10 10 15 70 77 81 86
43 c 21 24 206 212 605 10 28 34 65
44 c 2 45 206 38 606 10 10 4 48 54
45 c 6 68 206 215 608 10 30 30
46 c 63 23 206 198 609 10 2 1
47 c 55 20 206 161 610 10 19 15 51
48 c 65 85 206 43 617 10 40 42
49 c 63 65 206 27 622 10 8 1 70 75
50 c 15 80 206 229 624 10 10 3 88
51 c 20 50 206 239 630 10 5 5 98
52 c 20 85 206 40 630 10 20 14 54 73 74
53 c 37 47 206 204 633 10 6 11 63 76 87
54 c 57 48 206 265 638 10 23 33 72
55 c 40 15 206 229 640 10 40 46 66 85
56 c 10 35 206 213 648 10 20 24
57 c 57 29 206 259 650 10 18 24 58 89
58 c 60 80 206 36 658 10 10 4 69 91
59 c 42 12 206 341 658 10 10 15 60 78 96
60 c 8 56 206 190 659 10 27 21
61 c 18 75 206 228 667 10 20 11 63
62 c 58 75 206 201 670 10 20 16 63
63 c 30 25 206 227 686 10 23 25 70 86
64 c 5 45 322 35 697 10 10 10
65 c 10 20 322 42 706 10 19 29 80
66 c 22 85 322 353 708 10 10 8 70 90 99
67 c 85 35 322 342 751 10 30 35 80 91
68 c 10 40 322 404 753 10 30 29 82
69 c 72 35 322 351 782 10 30 21 85
70 c 18 80 322 315 782 10 10 13 79 92
71 c 4 18 322 426 787 10 35 27
72 c 95 30 322 389 788 10 30 26
73 c 42 15 322 391 802 10 10 1
74 c 65 82 345 410 823 10 10 18
75 c 55 54 345 418 825 10 26 26
76 c 55 85 367 429 838 10 20 22
77 c 50 35 367 390 843 10 19 18
78 c 41 37 367 404 847 10 16 13
79 c 55 60 393 448 873 10 16 15
80 c 30 60 422 420 897 10 16 19
81 c 67 5 422 325 897 10 25 26
82 c 87 30 422 425 898 10 10 14
83 c 23 3 422 390 900 10 7 7
84 c 15 10 422 401 902 10 20 18
85 c 35 5 424 386 904 10 20 13
86 c 42 5 424 396 904 10 10 11
87 c 67 85 425 410 905 10 20 11
88 c 40 60 427 436 907 10 21 20
89 c 0 45 429 394 909 10 20 16 91
90 c 25 85 434 388 911 10 20 28
91 c 5 35 434 395 911 10 10 3 97
92 c 20 80 434 425 913 10 40 49 94
93 c 20 20 434 430 913 10 8 6
94 c 38 15 434 389 914 10 10 1 96
95 c 15 60 443 401 923 10 17 15
96 c 61 52 448 373 928 10 3 3
97 c 35 69 450 330 930 10 23 16
98 c 31 67 450 356 930 10 3 5
99 c 49 42 457 442 937 10 13 17
100 c 47 47 462 444 942 10 13 12

