StringID Type x y release ReadyTime DueDate ServiceTime weight volume Item_Conflitante1 Item_Conflitante2 Item_Conflitante3 Item_Conflitante4 Item_Conflitante5 Item_Conflitante6 Peso_Total Volume_Total
0 d 35 35 0 0 1000 0 0 0       1000 1000
1 c 41 37 96 65 305 10 16 16 26 27 40 56 63 73
2 c 64 42 96 132 372 10 9 11 11 54 87
3 c 40 60 96 187 427 10 21 12
4 c 53 52 96 24 264 10 11 14 61
5 c 5 5 96 234 474 10 16 24 28
6 c 60 12 96 33 273 10 31 36 37 44
7 c 24 12 96 25 265 10 5 11 25 35 54 57 66
8 c 11 14 96 167 407 10 18 10 34 36 48 64
9 c 6 38 96 29 269 10 16 7 68 73 82
10 c 8 56 96 48 288 10 27 21 98
11 c 49 42 96 212 452 10 13 20 25 30
12 c 12 24 96 214 454 10 13 16 34
13 c 24 58 96 113 353 10 19 26 83
14 c 27 69 96 34 274 10 10 12 89
15 c 15 77 96 154 394 10 9 16 32 67 96
16 c 62 77 96 49 289 10 20 18 54
17 c 67 5 96 228 468 10 25 33
18 c 37 47 96 108 348 10 6 1 50 70
19 c 57 68 96 198 438 10 15 11 64 78
20 c 35 40 96 60 300 10 16 12
21 c 55 5 96 146 386 10 29 28 24 48 76 94
22 c 2 60 96 41 281 10 5 7 61
23 c 44 17 96 234 474 10 9 8
24 c 22 22 96 18 258 10 2 8 46 84 88
25 c 15 60 96 204 444 10 17 7
26 c 20 65 96 146 386 10 12 20 36
27 c 26 52 96 214 454 10 9 7
28 c 10 20 96 203 443 10 19 15 40
29 c 15 10 96 32 272 10 20 27 45 72 99
30 c 30 5 96 118 358 10 8 14 52 77
31 c 20 26 96 263 503 10 9 16 52 68
32 c 40 25 96 279 519 10 9 4 78
33 c 49 58 96 281 521 10 10 7 38 54 56 75 97
34 c 20 40 96 286 526 10 12 4
35 c 57 48 96 307 547 10 23 19 92
36 c 4 18 96 307 547 10 35 40 51 79
37 c 28 18 96 314 554 10 26 21
38 c 55 54 96 314 554 10 26 17 49 64 80
39 c 31 67 96 320 560 10 3 5 46
40 c 61 52 96 322 562 10 3 2 63
41 c 10 43 96 323 563 10 9 1 46 97
42 c 55 60 96 329 569 10 16 10
43 c 37 31 96 332 572 10 14 7
44 c 45 10 96 332 572 10 18 9 56 58
45 c 42 7 96 334 574 10 5 13 93
46 c 25 30 96 345 585 10 3 6
47 c 11 31 96 354 594 10 7 12
48 c 32 12 96 356 596 10 7 2 63
49 c 6 68 263 401 641 10 30 26
50 c 2 48 263 452 692 10 1 9
51 c 30 60 263 485 725 10 16 20 59 60
52 c 45 65 263 504 744 10 9 2 56
53 c 53 12 263 519 759 10 6 8 61 80
54 c 49 73 263 523 763 10 25 22 89 99
55 c 25 21 263 523 763 10 12 4 98 99
56 c 23 3 362 543 783 10 7 1 71
57 c 63 23 362 560 800 10 2 2 66 82
58 c 57 29 362 568 808 10 18 24 87
59 c 56 39 362 575 815 10 36 41
60 c 35 69 362 599 839 10 23 28
61 c 55 20 362 620 860 10 19 25
62 c 46 13 362 622 862 10 8 9 70
63 c 63 65 379 630 870 10 8 11 73
64 c 30 25 379 639 879 10 23 31 85
65 c 65 35 396 656 896 10 3 1
66 c 17 34 412 672 912 10 3 7 96
67 c 5 30 422 682 922 10 2 1
68 c 65 55 453 0 953 10 14 16
69 c 65 20 456 716 956 10 6 7
70 c 26 35 458 718 958 10 15 17
71 c 49 11 462 0 962 10 18 26 74
72 c 13 52 462 0 962 10 36 33 78
73 c 15 19 464 0 964 10 1 3 86
74 c 18 18 465 725 965 10 17 26
75 c 15 47 466 0 966 10 16 9 100
76 c 16 22 466 0 966 10 41 36 94
77 c 55 45 467 0 967 10 13 22
78 c 47 16 467 0 967 10 25 35
79 c 37 56 468 728 968 10 5 6 94
80 c 19 21 468 0 968 10 10 2
81 c 56 37 468 728 968 10 6 1
82 c 20 20 468 0 968 10 8 11
83 c 14 37 468 0 968 10 11 19 84
84 c 20 50 468 0 968 10 5 10
85 c 18 24 469 729 969 10 22 13
86 c 15 30 469 0 969 10 26 30
87 c 53 43 470 730 970 10 14 7
88 c 45 20 471 0 971 10 11 21
89 c 31 52 472 0 972 10 27 37
90 c 35 17 472 0 972 10 7 4
91 c 21 24 472 0 972 10 28 32
92 c 47 47 473 0 973 10 13 14
93 c 22 27 474 0 974 10 11 17
94 c 41 49 474 0 974 10 10 2
95 c 25 24 475 0 975 10 20 20 96 99
96 c 50 35 475 0 975 10 19 10
97 c 26 27 477 0 977 10 27 25
98 c 45 30 478 0 978 10 17 25
99 c 27 43 478 0 978 10 9 15
100 c 36 26 480 740 980 10 18 27

