StringID Type x y release ReadyTime DueDate ServiceTime weight volume Item_Conflitante1 Item_Conflitante2 Item_Conflitante3 Item_Conflitante4 Item_Conflitante5 Peso_Total Volume_Total
0 d 35 35 0 0 230 0 0 0      200 200
1 c 37 31 0 95 105 10 14 11 92
2 c 20 26 0 83 93 10 9 19 9 21 66
3 c 11 14 0 69 79 10 18 8 41 84 92
4 c 67 5 0 83 93 10 25 15 33
5 c 5 5 0 83 93 10 16 21 14 22 24 91
6 c 37 47 0 50 60 10 6 1 10 17 39
7 c 24 58 0 58 68 10 19 14 38 39 49
8 c 55 5 0 68 78 10 29 27 76
9 c 57 48 0 92 102 10 23 30
10 c 30 5 0 61 71 10 8 1 52 81
11 c 49 42 0 73 83 10 13 3 18 28 52 75 83
12 c 22 22 0 18 28 10 2 1 14 81 84
13 c 55 60 0 97 107 10 16 8 66
14 c 28 18 0 93 103 10 26 32 45 66 80
15 c 10 43 0 95 105 10 9 4 31 33 46 54
16 c 20 65 0 67 77 10 12 3 47 54 99
17 c 11 31 0 101 111 10 7 13 24 62
18 c 63 23 44 136 146 10 2 1 95
19 c 55 20 44 149 159 10 19 15
20 c 46 13 44 149 159 10 8 12 27
21 c 30 25 55 159 169 10 23 22 28 38 52
22 c 62 77 55 0 170 10 20 17
23 c 15 77 58 0 173 10 9 14 74 91
24 c 6 68 61 0 176 10 30 36 36
25 c 2 60 63 0 178 10 5 6
26 c 63 65 65 0 178 10 8 8 50 97
27 c 49 73 65 0 179 10 25 27
28 c 57 68 65 0 180 10 15 25
29 c 65 20 67 172 182 10 6 1 46
30 c 65 55 68 0 183 10 14 10
31 c 4 18 69 0 184 10 35 44 66
32 c 2 48 69 0 184 10 1 1
33 c 8 56 70 0 185 10 27 23 60
34 c 27 69 70 0 185 10 10 19 63
35 c 23 3 70 0 185 10 7 6
36 c 60 12 71 0 186 10 31 39 37 43
37 c 35 69 71 0 186 10 23 26 50 66
38 c 15 10 72 0 187 10 20 29 41 96
39 c 15 60 72 0 187 10 17 22 89
40 c 31 67 72 0 187 10 3 4 50
41 c 61 52 73 0 188 10 3 1 64
42 c 45 65 73 0 188 10 9 14 52 53
43 c 53 43 74 179 189 10 14 4 58 87
44 c 5 30 74 0 189 10 2 1 59
45 c 10 20 75 0 190 10 19 29 93
46 c 64 42 75 0 190 10 9 17
47 c 53 12 75 0 190 10 6 15
48 c 65 35 75 0 190 10 3 6
49 c 6 38 75 0 190 10 16 24 60
50 c 42 7 76 0 191 10 5 5 83 99
51 c 13 52 77 0 192 10 36 36
52 c 49 11 77 0 192 10 18 10 57 82
53 c 55 54 77 0 192 10 26 36 79
54 c 49 58 78 0 193 10 10 13
55 c 45 10 78 0 193 10 18 14 99
56 c 40 60 79 0 194 10 21 27
57 c 30 60 79 0 194 10 16 21 83
58 c 15 19 79 0 194 10 1 10 82 87
59 c 24 12 79 0 194 10 5 13
60 c 12 24 79 0 194 10 13 20 76 87
61 c 18 18 80 185 195 10 17 23
62 c 53 52 80 0 195 10 11 16 95
63 c 16 22 81 0 196 10 41 50
64 c 32 12 81 0 196 10 7 15 96
65 c 15 47 81 0 196 10 16 20
66 c 57 29 82 0 197 10 18 27 95
67 c 47 16 82 0 197 10 25 30 79 84
68 c 55 45 82 0 197 10 13 8 95
69 c 19 21 83 0 198 10 10 8
70 c 14 37 83 0 198 10 11 17 96
71 c 56 39 83 0 198 10 36 35 80
72 c 20 20 83 0 198 10 8 16 73
73 c 37 56 83 0 198 10 5 7 91
74 c 20 50 83 0 198 10 5 14
75 c 56 37 83 0 198 10 6 13
76 c 15 30 84 0 199 10 26 24 95
77 c 44 17 84 0 199 10 9 7 83
78 c 18 24 84 0 199 10 22 21
79 c 26 52 85 0 200 10 9 1 90
80 c 45 20 86 0 201 10 11 20
81 c 17 34 86 0 201 10 3 1
82 c 35 17 87 0 202 10 7 11 87 95
83 c 31 52 87 0 202 10 27 31
84 c 25 21 87 0 202 10 12 13
85 c 21 24 87 0 202 10 28 25 93
86 c 47 47 88 0 203 10 13 19
87 c 20 40 89 0 204 10 12 16 100
88 c 41 49 89 0 204 10 10 6
89 c 22 27 89 0 204 10 11 16
90 c 25 24 90 0 205 10 20 20 100
91 c 50 35 90 0 205 10 19 29
92 c 26 27 92 0 207 10 27 21
93 c 45 30 93 0 208 10 17 19
94 c 40 25 93 0 208 10 9 12
95 c 27 43 93 0 208 10 9 1
96 c 25 30 93 0 208 10 3 13
97 c 36 26 95 200 210 10 18 11
98 c 26 35 96 0 211 10 15 16
99 c 41 37 98 0 213 10 16 6
100 c 35 40 100 0 215 10 16 14

