StringID Type x y release ReadyTime DueDate ServiceTime weight volume Item_Conflitante1 Item_Conflitante2 Item_Conflitante3 Item_Conflitante4 Item_Conflitante5 Item_Conflitante6 Peso_Total Volume_Total
0 d 35 35 0 0 230 0 0 0       200 200
1 c 64 42 0 53 83 10 9 5 12 21 74 81
2 c 40 60 0 61 91 10 21 11 83
3 c 55 54 0 84 114 10 26 17 52 87 93
4 c 53 52 0 27 57 10 11 14 20 26 49 55 66 81
5 c 57 68 0 67 97 10 15 5 54
6 c 57 48 0 82 112 10 23 15 13 18 56
7 c 5 5 0 73 103 10 16 7 37
8 c 60 12 0 34 64 10 31 21 37
9 c 40 25 0 75 105 10 9 1
10 c 24 12 0 25 55 10 5 12
11 c 11 14 0 59 89 10 18 18 26 37
12 c 41 37 0 29 59 10 16 16
13 c 6 38 0 29 59 10 16 6 20 22
14 c 20 26 0 73 103 10 9 18 17 44 56 62
15 c 49 58 0 78 108 10 10 1 20 52 58 67
16 c 37 31 0 85 115 10 14 21 26 34 72
17 c 49 42 0 63 93 10 13 9 37 45 92
18 c 12 24 0 66 96 10 13 18 37 56 99
19 c 24 58 0 48 78 10 19 15 36 86
20 c 27 69 0 34 64 10 10 8 24 61 62 72
21 c 15 77 0 63 93 10 9 8 38 67
22 c 62 77 0 49 79 10 20 28 23 73
23 c 67 5 0 73 103 10 25 32 26 89 97
24 c 37 47 0 40 70 10 6 12 42
25 c 8 56 0 41 71 10 27 25 28 62 67 78
26 c 35 40 0 27 57 10 16 13 38 46
27 c 2 60 0 41 71 10 5 1
28 c 20 65 0 57 87 10 12 8
29 c 22 22 0 18 48 10 2 4
30 c 31 67 0 85 115 10 3 1 65
31 c 26 52 0 64 94 10 9 6 99
32 c 10 43 0 85 115 10 9 16
33 c 28 18 0 83 113 10 26 30 41
34 c 15 10 0 32 62 10 20 11 48 92
35 c 30 5 0 51 81 10 8 8
36 c 10 20 6 65 95 10 19 19 43
37 c 20 40 6 77 107 10 12 15 49 90
38 c 44 17 6 68 98 10 9 2
39 c 4 18 6 84 114 10 35 25 41
40 c 15 60 6 66 96 10 17 25
41 c 55 5 6 58 88 10 29 24 57
42 c 61 52 6 86 116 10 3 9 76
43 c 42 7 6 87 117 10 5 15
44 c 55 60 6 87 117 10 16 8 64
45 c 45 10 6 87 117 10 18 13 78 99
46 c 25 30 6 89 119 10 3 1 58 72 93 100
47 c 32 12 6 91 121 10 7 4 77
48 c 11 31 6 91 121 10 7 2
49 c 6 68 13 98 128 10 30 29 61
50 c 2 48 45 107 137 10 1 1 69 96
51 c 30 60 45 114 144 10 16 7 57
52 c 45 65 45 116 146 10 9 9 58 81 82
53 c 49 73 45 117 147 10 25 19 59 78
54 c 53 12 45 120 150 10 6 1
55 c 23 3 45 122 152 10 7 11
56 c 25 21 45 123 153 10 12 6
57 c 63 23 45 126 156 10 2 1 74
58 c 57 29 45 130 160 10 18 9 80
59 c 35 69 54 131 161 10 23 22 73
60 c 56 39 54 132 162 10 36 37
61 c 63 65 54 133 163 10 8 1
62 c 46 13 54 139 169 10 8 16
63 c 55 20 54 139 169 10 19 11 74
64 c 65 35 58 143 173 10 3 7
65 c 5 30 62 147 177 10 2 1
66 c 30 25 64 149 179 10 23 20
67 c 17 34 67 152 182 10 3 1
68 c 65 55 68 0 183 10 14 7 87 92 97
69 c 65 20 71 156 186 10 6 1 99
70 c 49 11 77 0 192 10 18 14
71 c 13 52 77 0 192 10 36 27 92
72 c 15 19 79 0 194 10 1 1
73 c 18 18 80 165 195 10 17 9
74 c 15 47 81 0 196 10 16 13 77
75 c 26 35 81 166 196 10 15 14
76 c 16 22 81 0 196 10 41 39
77 c 47 16 82 0 197 10 25 31 80 81 93 98
78 c 55 45 82 0 197 10 13 16
79 c 20 20 83 0 198 10 8 5
80 c 56 37 83 168 198 10 6 1
81 c 14 37 83 0 198 10 11 9 86
82 c 19 21 83 0 198 10 10 6
83 c 20 50 83 0 198 10 5 5
84 c 37 56 83 168 198 10 5 6 89
85 c 15 30 84 0 199 10 26 27
86 c 53 43 84 169 199 10 14 18
87 c 18 24 84 169 199 10 22 31
88 c 45 20 86 0 201 10 11 13
89 c 31 52 87 0 202 10 27 29 97
90 c 35 17 87 0 202 10 7 1
91 c 21 24 87 0 202 10 28 31
92 c 47 47 88 0 203 10 13 10
93 c 22 27 89 0 204 10 11 16
94 c 41 49 89 0 204 10 10 10
95 c 25 24 90 0 205 10 20 15
96 c 50 35 90 0 205 10 19 28
97 c 26 27 92 0 207 10 27 37
98 c 27 43 93 0 208 10 9 2
99 c 45 30 93 0 208 10 17 14
100 c 36 26 95 180 210 10 18 10

