StringID Type x y release ReadyTime DueDate ServiceTime weight volume Item_Conflitante1 Item_Conflitante2 Item_Conflitante3 Item_Conflitante4 Peso_Total Volume_Total
0 d 40 50 0 0 1236 0 0 0     200 200
1 c 50 40 70 100 289 90 50 40 24 26
2 c 8 40 70 33 313 90 40 43 98
3 c 67 85 70 257 552 90 20 30 45 58
4 c 5 35 70 191 436 90 10 4 47 100
5 c 95 35 70 194 459 90 20 30 21 51
6 c 2 40 70 305 512 90 20 22 32
7 c 0 40 70 414 587 90 30 28
8 c 88 35 70 50 295 90 20 15 99
9 c 35 30 70 180 405 90 10 2 26
10 c 35 32 70 63 338 90 10 19 38
11 c 33 32 70 19 345 90 20 10 49 84
12 c 33 35 70 16 273 90 10 11
13 c 32 30 70 278 493 90 10 8 18 51
14 c 30 32 70 355 602 90 30 33 88
15 c 60 55 70 20 276 90 10 17 28 61 62 73
16 c 95 30 70 284 559 90 30 29 24 45 84
17 c 75 55 70 293 496 90 20 14 65
18 c 65 55 70 25 260 90 20 24 51
19 c 66 55 70 76 335 90 10 8 80
20 c 44 5 70 193 440 90 20 25 21 52 56
21 c 42 10 70 78 365 90 40 35 79
22 c 42 15 70 35 287 90 10 14
23 c 40 5 70 308 513 90 30 36 41 97
24 c 40 15 70 35 246 90 40 31 69
25 c 47 40 70 12 275 90 10 8 75
26 c 72 55 70 154 449 90 10 16 55
27 c 50 35 70 181 398 90 20 13 87
28 c 10 35 70 144 293 90 20 28
29 c 20 55 70 368 585 90 10 13 36
30 c 10 40 70 31 309 90 30 22
31 c 22 75 70 30 280 90 30 31 49 62
32 c 58 75 70 30 248 90 20 12 90
33 c 90 35 70 119 344 90 10 14
34 c 42 66 70 16 336 90 10 1 91
35 c 60 80 70 36 283 90 10 5 39 62
36 c 42 65 70 15 226 90 10 16 43 51 87
37 c 85 35 70 47 356 90 30 25 48 53 83
38 c 40 66 70 87 308 90 20 12 49 70 96
39 c 38 68 70 150 429 90 20 22 85
40 c 53 35 70 263 502 90 50 60 71
41 c 35 66 70 279 488 90 10 8 50 83
42 c 35 69 70 363 590 90 10 19 70
43 c 20 50 70 288 475 90 10 9 49 62 91
44 c 48 40 70 12 223 90 10 6 63
45 c 62 80 70 130 305 90 30 36
46 c 23 52 70 179 398 90 10 6
47 c 20 85 70 394 609 90 40 37 55 60
48 c 18 75 70 33 226 90 20 20
49 c 15 75 70 68 365 90 20 18 73
50 c 15 80 70 176 447 90 10 2
51 c 53 30 70 367 588 90 10 2
52 c 30 50 70 10 265 90 10 16 59 72 82
53 c 20 80 70 318 495 90 40 41
54 c 65 82 70 209 412 90 10 14 75
55 c 65 85 70 409 584 90 40 46
56 c 25 50 70 15 333 90 10 17 97
57 c 25 52 70 88 305 90 40 31 59 90 92
58 c 70 58 70 360 621 90 20 15 80
59 c 38 5 70 376 629 90 30 29
60 c 92 30 70 370 659 90 10 20 95
61 c 23 55 70 476 663 90 20 27
62 c 30 30 70 453 688 90 10 8 63 87
63 c 68 60 294 470 697 90 30 31 82
64 c 22 85 294 489 698 90 10 19 100
65 c 0 45 294 481 710 90 20 17
66 c 38 70 294 429 710 90 10 12 100
67 c 60 85 294 470 713 90 30 37 86
68 c 35 5 294 463 728 90 20 22 70
69 c 50 30 294 412 729 90 10 5 96
70 c 88 30 294 469 748 90 10 15 78
71 c 28 30 294 539 786 90 10 8 76
72 c 48 30 294 539 786 90 10 19
73 c 5 45 294 588 793 90 10 10
74 c 65 60 294 551 802 90 30 27 85 94 95 99
75 c 25 55 294 502 821 90 10 8
76 c 40 69 294 499 824 90 20 29 82
77 c 25 85 294 547 826 90 20 17
78 c 87 30 294 573 826 90 10 1 85
79 c 45 30 294 669 842 90 10 19
80 c 55 85 294 530 843 90 20 22
81 c 28 55 294 664 845 90 10 10
82 c 42 68 294 643 866 90 10 13 91 98
83 c 38 15 294 519 872 90 10 7
84 c 25 30 294 635 876 90 10 8
85 c 85 25 294 694 895 90 10 6
86 c 63 58 294 640 899 90 10 2
87 c 8 45 294 655 912 90 20 30
88 c 55 80 438 628 935 90 10 5
89 c 45 70 438 756 939 90 30 38
90 c 47 35 438 753 948 90 10 14
91 c 60 60 438 756 969 90 10 18
92 c 26 32 438 719 976 90 10 4
93 c 28 52 438 704 991 90 20 29
94 c 30 52 438 836 1043 90 20 18
95 c 45 35 438 836 1049 90 10 14
96 c 45 68 438 830 1049 90 10 16
97 c 25 35 438 825 1056 90 10 5
98 c 28 35 508 867 1126 90 10 4
99 c 30 35 509 837 1127 90 10 4
100 c 45 65 512 847 1130 90 20 24

