StringID Type x y release ReadyTime DueDate ServiceTime weight volume Item_Conflitante1 Item_Conflitante2 Item_Conflitante3 Item_Conflitante4 Item_Conflitante5 Item_Conflitante6 Item_Conflitante7 Item_Conflitante8 Item_Conflitante9 Item_Conflitante10 Item_Conflitante11 Item_Conflitante12 Item_Conflitante13 Item_Conflitante14 Item_Conflitante15 Peso_Total Volume_Total
0 d 35 35 0 0 1000 0 0 0                1000 1000
1 c 45 20 233 36 509 10 11 3 2 3 4 5 6 9 12 13 14 16 19 22 23 24 25
2 c 20 65 233 33 511 10 12 19 4 6 8 10 11 13 14 15 16 17 20 21 22 23 24
3 c 55 5 233 36 514 10 29 36 4 5 6 7 9 10 13 14 15 17 20 21 22 23 25
4 c 30 5 233 30 519 10 8 4 6 8 10 11 13 14 15 18 19 20 21 22 23 24
5 c 50 35 233 50 523 10 19 21 6 7 8 9 10 11 15 16 19 20 21 22 23
6 c 35 17 233 18 534 10 7 6 7 8 9 12 15 17 18 22 23 24 25
7 c 10 20 233 102 543 10 19 26 9 10 11 12 13 15 16 17 18 19 21 23
8 c 15 60 233 95 552 10 17 17 11 12 13 15 17 18 20 22 24 25
9 c 20 50 233 172 569 10 5 1 10 12 13 14 15 17 19 20 21 22 23 24 25
10 c 20 40 233 229 582 10 12 15 11 12 14 17 18 20 21 23 25
11 c 15 30 233 20 610 10 26 17 13 15 17 18 19 20 22 23 24 25
12 c 10 43 233 245 640 10 9 1 13 14 15 16 18 19 20 22 23 24 25
13 c 45 10 233 246 657 10 18 27 14 18 19 21 22 24 25
14 c 55 60 233 231 666 10 16 21 15 17 18 19 21 22 24 25
15 c 25 30 233 245 684 10 3 1 16 17 19 20 24
16 c 15 10 233 32 694 10 20 16 18 19 21 22 23 25
17 c 55 45 233 378 733 10 13 19 18 19 21 23 25
18 c 30 60 329 430 779 10 16 14 19 20 22 24 25
19 c 45 65 329 418 829 10 9 13 20 21 22 24 25
20 c 65 20 456 438 956 10 6 16 21 24 25
21 c 5 30 459 444 959 10 2 5 22 23 24
22 c 65 35 460 435 960 10 3 1 24 25
23 c 55 20 465 477 965 10 19 15 24
24 c 41 49 474 451 974 10 10 7
25 c 30 25 478 462 978 10 23 20

