StringID Type x y release ReadyTime DueDate ServiceTime weight volume Item_Conflitante1 Item_Conflitante2 Item_Conflitante3 Item_Conflitante4 Item_Conflitante5 Item_Conflitante6 Item_Conflitante7 Item_Conflitante8 Item_Conflitante9 Item_Conflitante10 Item_Conflitante11 Item_Conflitante12 Item_Conflitante13 Item_Conflitante14 Item_Conflitante15 Item_Conflitante16 Item_Conflitante17 Peso_Total Volume_Total
0 d 40 50 0 0 240 0 0 0                  200 200
1 c 38 5 0 65 95 10 30 26 4 5 6 8 9 10 12 16 17 18 21 22 23 25
2 c 40 5 0 67 97 10 10 3 3 4 5 6 7 8 10 11 12 13 16 19 20 21 23 24 25
3 c 42 10 0 72 102 10 40 46 5 9 12 13 14 15 16 17 19 20 21 22 23 24
4 c 44 5 0 87 117 10 20 30 5 6 7 8 9 10 13 15 16 18 20 21 23
5 c 0 40 0 72 102 10 20 11 6 7 8 10 11 12 14 16 17 18 20 21 24 25
6 c 2 40 0 58 88 10 20 22 7 9 12 13 14 16 18 19 20 21 23 24
7 c 5 45 0 35 65 10 10 18 8 9 10 11 12 13 14 15 16 17 18 22 25
8 c 8 40 1 59 89 10 40 31 9 10 11 14 15 16 18 19 21 22
9 c 8 45 1 64 94 10 20 24 12 13 14 15 16 17 18 19 20 21 25
10 c 15 75 1 79 109 10 20 18 11 12 15 16 17 19 20 21 22 23 24 25
11 c 20 85 1 41 71 10 20 21 15 17 18 19 20 21 22 25
12 c 22 75 1 50 80 10 30 30 13 14 18 19 20 21 22 23 24 25
13 c 15 80 1 91 121 10 10 6 14 15 16 20 22 24
14 c 10 35 1 91 121 10 20 24 15 16 17 18 19 21 22 23
15 c 40 15 19 92 122 10 40 36 16 17 18 19 20 22 23 24 25
16 c 18 75 19 95 125 10 20 20 19 20 21 23 24
17 c 22 85 19 109 139 10 10 20 20 21 22 23 24 25
18 c 10 40 29 119 149 10 30 39 19 21 22 23 25
19 c 42 15 32 122 152 10 10 12 20 23 24 25
20 c 20 80 51 141 171 10 40 47 21 23 25
21 c 5 35 52 142 172 10 10 1 22 23 24 25
22 c 25 85 55 145 175 10 20 23 23 24
23 c 38 15 58 148 178 10 10 7 24 25
24 c 0 45 59 149 179 10 20 25 25
25 c 35 5 64 154 184 10 20 12

