StringID Type x y release ReadyTime DueDate ServiceTime weight volume Item_Conflitante1 Item_Conflitante2 Item_Conflitante3 Item_Conflitante4 Item_Conflitante5 Item_Conflitante6 Item_Conflitante7 Item_Conflitante8 Item_Conflitante9 Item_Conflitante10 Item_Conflitante11 Item_Conflitante12 Item_Conflitante13 Item_Conflitante14 Item_Conflitante15 Item_Conflitante16 Item_Conflitante17 Item_Conflitante18 Peso_Total Volume_Total
0 d 40 50 0 0 1236 0 0 0                   200 200
1 c 30 50 28 10 137 90 10 5 2 3 4 5 8 10 11 12 13 14 16 17 18 20 21 23 24 25
2 c 15 80 28 244 379 90 10 7 3 4 5 6 8 9 11 12 13 14 15 16 18 19 20 23 24 25
3 c 15 75 28 142 291 90 20 28 4 6 9 11 12 13 14 17 19 20 21 22 23 24
4 c 18 75 28 75 172 90 20 10 5 6 7 14 15 18 20 21 22 23 24 25
5 c 20 85 28 448 555 90 40 36 6 9 11 14 15 16 17 18 20 22 23 24
6 c 20 80 28 362 451 90 40 41 7 8 9 11 13 14 16 17 18 19 20 21 22 23
7 c 22 75 28 30 155 90 30 33 8 9 10 11 12 15 16 18 19 20 21 22 23 24 25
8 c 25 50 28 25 184 90 10 9 9 10 11 14 15 17 18 20 21 24 25
9 c 35 69 28 420 533 90 10 16 11 12 13 15 16 17 19 21 23 24 25
10 c 25 52 28 142 251 90 40 45 12 13 14 16 17 19 21 23 24 25
11 c 38 68 28 220 359 90 20 27 13 14 16 17 18 19 20 21 22 24
12 c 40 66 28 142 253 90 20 26 13 15 16 17 19 20 21 22 24 25
13 c 42 65 28 15 120 90 10 9 14 15 18 19 22 23 24 25
14 c 42 66 28 25 186 90 10 3 15 17 19 20 22 23 25
15 c 35 66 28 331 436 90 10 13 16 17 18 19 21 22 24 25
16 c 38 70 28 499 640 90 10 20 17 18 19 22 23 24 25
17 c 22 85 28 541 646 90 10 1 18 19 22 23 24 25
18 c 40 69 301 580 743 90 20 13 21 22
19 c 25 85 301 617 756 90 20 21 20 21 22 23 24 25
20 c 28 55 301 709 800 90 10 3 21 23 25
21 c 42 68 301 699 810 90 10 7 22
22 c 45 70 301 802 893 90 30 21 23 25
23 c 28 52 301 776 919 90 20 24 24 25
24 c 30 52 373 888 991 90 20 23
25 c 45 68 376 885 994 90 10 2

