StringID Type x y release ReadyTime DueDate ServiceTime weight volume Item_Conflitante1 Item_Conflitante2 Item_Conflitante3 Item_Conflitante4 Item_Conflitante5 Item_Conflitante6 Item_Conflitante7 Item_Conflitante8 Item_Conflitante9 Item_Conflitante10 Item_Conflitante11 Item_Conflitante12 Item_Conflitante13 Item_Conflitante14 Item_Conflitante15 Item_Conflitante16 Item_Conflitante17 Peso_Total Volume_Total
0 d 40 50 0 0 1236 0 0 0                  200 200
1 c 18 75 0 99 148 90 20 19 2 4 5 6 8 10 11 14 15 17 18 19 20 23 25
2 c 20 80 0 384 429 90 40 32 4 8 11 12 13 14 18 19 20 21 22 23 24 25
3 c 22 75 0 30 92 90 30 36 4 5 6 9 10 11 12 13 15 16 17 18 19 20 21 22 23
4 c 35 69 0 448 505 90 10 10 6 7 9 12 13 15 16 17 18 19 20 21 24 25
5 c 35 66 0 357 410 90 10 4 6 10 11 14 16 18 19 20 22 23 24 25
6 c 38 70 0 534 605 90 10 7 8 9 12 13 14 16 17 18 19 20 21 22 23 24 25
7 c 38 68 0 255 324 90 20 21 8 9 10 11 12 13 14 15 18 19 20 21 22 24 25
8 c 25 52 0 169 224 90 40 32 9 10 11 12 13 14 15 17 19 21 23 25
9 c 40 69 265 621 702 90 20 27 11 12 14 16 17 18 19 21 23
10 c 28 55 265 732 777 90 10 5 11 12 13 14 15 16 17 18 19 20 21 23 24 25
11 c 42 68 265 727 782 90 10 2 13 14 16 17 18 19 20 21 22 23 25
12 c 28 52 265 812 883 90 20 28 13 15 16 17 18 19 20 21 23 24 25
13 c 20 85 513 0 1105 90 40 38 14 16 17 19 20 22 23 24 25
14 c 15 80 513 0 1106 90 10 15 15 16 21 22 23 24 25
15 c 22 85 513 0 1106 90 10 18 18 20 21 22 23 24 25
16 c 25 85 513 0 1107 90 20 16 20 21 22 25
17 c 15 75 513 0 1110 90 20 26 18 19 20 21 22 23 24
18 c 45 70 513 0 1125 90 30 28 19 20 21 23
19 c 45 68 513 0 1127 90 10 11 20 23 24
20 c 42 66 513 0 1129 90 10 12 22 24 25
21 c 40 66 513 0 1130 90 20 28 22 23 24
22 c 42 65 513 0 1130 90 10 17 23 24 25
23 c 25 50 513 0 1131 90 10 19 25
24 c 30 52 517 0 1135 90 20 16 25
25 c 30 50 518 0 1136 90 10 4

