StringID Type x y release ReadyTime DueDate ServiceTime weight volume Item_Conflitante1 Item_Conflitante2 Item_Conflitante3 Item_Conflitante4 Item_Conflitante5 Item_Conflitante6 Item_Conflitante7 Item_Conflitante8 Item_Conflitante9 Item_Conflitante10 Item_Conflitante11 Item_Conflitante12 Item_Conflitante13 Item_Conflitante14 Item_Conflitante15 Item_Conflitante16 Item_Conflitante17 Item_Conflitante18 Peso_Total Volume_Total
0 d 35 35 0 0 1000 0 0 0                   1000 1000
1 c 30 5 14 175 300 10 8 15 2 6 9 13 16 17 18 21 22 23 25
2 c 15 10 14 32 243 10 20 28 4 5 6 8 9 10 14 15 16 17 18 21 22 23 24 25
3 c 20 65 14 206 325 10 12 7 5 6 7 8 9 10 11 12 14 15 17 18 19 20 21 23 24 25
4 c 55 60 14 400 497 10 16 19 5 6 7 8 9 10 12 13 14 15 17 18 19 20 21 22 23 25
5 c 10 20 14 272 373 10 19 22 7 8 10 11 12 13 14 16 17 18 22 25
6 c 20 40 14 377 434 10 12 7 7 8 9 10 11 12 14 15 17 18 20 23 25
7 c 10 43 14 404 481 10 9 1 9 11 12 15 17 20 22 23 25
8 c 15 60 14 269 378 10 17 14 9 10 12 13 14 15 17 18 21 22 23 24
9 c 45 10 14 409 494 10 18 16 10 11 14 15 16 17 18 20 21 22
10 c 55 5 14 206 325 10 29 34 11 13 14 20 25
11 c 25 30 14 415 514 10 3 12 15 16 18 19 20 21 22 23 24
12 c 30 60 301 577 632 10 16 22 13 14 17 20 21 23 25
13 c 45 65 301 581 666 10 9 1 15 17 18 20 21 23
14 c 55 20 301 678 801 10 19 11 15 17 19 20 21 22 23 24 25
15 c 30 25 370 690 827 10 23 15 16 20 21 23 24
16 c 65 35 370 704 847 10 3 9 19
17 c 5 30 370 733 870 10 2 8 18 19 20
18 c 65 20 456 817 956 10 6 1 19 20 21 23 24 25
19 c 55 45 467 0 967 10 13 5 20 21 22 23 24 25
20 c 20 50 468 0 968 10 5 1 21 22 23
21 c 15 30 469 0 969 10 26 33 22 24 25
22 c 45 20 471 0 971 10 11 4 23 24 25
23 c 35 17 472 0 972 10 7 5 24 25
24 c 41 49 474 0 974 10 10 16
25 c 50 35 475 0 975 10 19 10

