StringID Type x y release ReadyTime DueDate ServiceTime weight volume Item_Conflitante1 Item_Conflitante2 Item_Conflitante3 Item_Conflitante4 Item_Conflitante5 Item_Conflitante6 Item_Conflitante7 Item_Conflitante8 Item_Conflitante9 Item_Conflitante10 Item_Conflitante11 Item_Conflitante12 Item_Conflitante13 Item_Conflitante14 Item_Conflitante15 Item_Conflitante16 Item_Conflitante17 Item_Conflitante18 Item_Conflitante19 Peso_Total Volume_Total
0 d 40 50 0 0 960 0 0 0                    1000 1000
1 c 38 5 11 201 321 10 30 31 2 3 4 5 6 8 9 10 11 12 14 15 16 17 18 19 21
2 c 2 40 11 174 294 10 20 16 3 4 5 6 7 8 9 10 12 13 14 15 16 18 19 20 22 24 25
3 c 8 40 11 195 315 10 40 38 4 5 6 7 8 10 13 17 19 21 22 24 25
4 c 15 80 11 367 487 10 10 1 6 7 8 9 10 14 15 18 19 20 21 22 24 25
5 c 10 35 11 371 491 10 20 11 6 7 8 9 10 11 13 17 18 20 21
6 c 20 80 293 644 764 10 40 31 7 8 9 10 13 15 18 20 21 22 23 24 25
7 c 5 35 293 653 773 10 10 16 8 10 11 13 15 16 18 19 21 22 24 25
8 c 44 5 424 0 904 10 20 21 9 11 12 13 14 15 16 19 20 22 23 24 25
9 c 35 5 424 784 904 10 20 18 10 11 12 14 18 19 21 23
10 c 40 5 425 0 905 10 10 2 11 12 15 16 17 19 22 25
11 c 0 40 428 0 908 10 20 24 13 14 15 16 17 20 23 24 25
12 c 20 85 429 0 909 10 20 23 13 14 17 20 21 22 23 25
13 c 0 45 429 0 909 10 20 26 14 15 16 17 18 21 22 23 24
14 c 42 10 429 0 909 10 40 45 15 17 18 19 20 21 22 23
15 c 22 85 430 0 910 10 10 1 17 18 21 22 23 24 25
16 c 25 85 431 0 911 10 20 25 17 18 20 23 25
17 c 38 15 434 0 914 10 10 14 19 20 21 23 24 25
18 c 5 45 434 0 914 10 10 14 19 21 23 24
19 c 42 15 434 0 914 10 10 18 20 22 24
20 c 15 75 434 0 914 10 20 13 21 24
21 c 40 15 435 0 915 10 40 33 24 25
22 c 18 75 436 0 916 10 20 10
23 c 8 45 437 0 917 10 20 25 24 25
24 c 10 40 438 0 918 10 30 28 25
25 c 22 75 439 0 919 10 30 34

