StringID Type x y release ReadyTime DueDate ServiceTime weight volume Item_Conflitante1 Item_Conflitante2 Item_Conflitante3 Item_Conflitante4 Item_Conflitante5 Item_Conflitante6 Item_Conflitante7 Item_Conflitante8 Item_Conflitante9 Item_Conflitante10 Item_Conflitante11 Item_Conflitante12 Item_Conflitante13 Item_Conflitante14 Item_Conflitante15 Item_Conflitante16 Item_Conflitante17 Item_Conflitante18 Item_Conflitante19 Peso_Total Volume_Total
0 d 40 50 0 0 240 0 0 0                    200 200
1 c 38 5 1 65 95 10 30 27 2 4 5 7 8 9 11 13 14 15 16 18 20 22 23
2 c 2 40 1 58 88 10 20 17 3 4 5 6 7 8 9 12 13 14 15 16 17 18 19 21 23 24 25
3 c 8 40 1 59 89 10 40 48 4 5 6 7 9 10 11 12 13 14 15 16 18 19 21 22 23 24 25
4 c 10 35 1 91 121 10 20 21 5 6 7 9 10 11 13 16 17 19 20 21 22 23 24
5 c 15 80 1 91 121 10 10 15 6 8 9 10 11 12 14 15 16 18 19 20 21 22 24 25
6 c 20 80 51 141 171 10 40 49 7 10 11 14 16 18 19 21 22 23 24 25
7 c 5 35 52 142 172 10 10 20 8 9 10 11 12 13 14 18 20 21 22 25
8 c 44 5 64 0 184 10 20 26 9 11 12 13 14 15 16 17 20 21 22 23 24
9 c 35 5 64 154 184 10 20 28 14 17 18 20 21 22 23 25
10 c 40 5 65 0 185 10 10 16 11 12 13 14 15 17 20 22 24 25
11 c 0 40 68 0 188 10 20 21 12 13 14 15 16 18 19 23 25
12 c 20 85 69 0 189 10 20 28 14 15 17 18 19 20 21 22 24 25
13 c 0 45 69 0 189 10 20 28 14 16 18 20 21 22 23 24
14 c 42 10 69 0 189 10 40 39 18 19 21 23 24
15 c 22 85 70 0 190 10 10 5 16 19 22 23 25
16 c 25 85 71 0 191 10 20 23 17 19 20 21 22 25
17 c 38 15 74 0 194 10 10 13 19 20 21 22 23 24
18 c 5 45 74 0 194 10 10 13 19 21 22 23 24 25
19 c 42 15 74 0 194 10 10 11 20 21 22 23 24 25
20 c 15 75 74 0 194 10 20 29 22 24
21 c 40 15 75 0 195 10 40 30 22 23 24
22 c 18 75 76 0 196 10 20 25 24 25
23 c 8 45 77 0 197 10 20 29 24 25
24 c 10 40 78 0 198 10 30 23 25
25 c 22 75 79 0 199 10 30 22

