StringID Type x y release ReadyTime DueDate ServiceTime weight volume Item_Conflitante1 Item_Conflitante2 Item_Conflitante3 Item_Conflitante4 Item_Conflitante5 Item_Conflitante6 Item_Conflitante7 Item_Conflitante8 Item_Conflitante9 Item_Conflitante10 Item_Conflitante11 Item_Conflitante12 Item_Conflitante13 Item_Conflitante14 Item_Conflitante15 Item_Conflitante16 Item_Conflitante17 Item_Conflitante18 Item_Conflitante19 Item_Conflitante20 Item_Conflitante21 Item_Conflitante22 Item_Conflitante23 Peso_Total Volume_Total
0 d 40 50 0 0 1236 0 0 0                        200 200
1 c 30 50 2 10 73 90 10 1 2 3 4 5 6 7 8 10 11 12 13 16 18 19 20 22 24
2 c 15 80 2 278 345 90 10 6 3 4 5 6 7 8 9 10 11 12 13 14 15 16 17 18 19 20 21 22 23 24 25
3 c 15 75 2 179 254 90 20 26 4 5 6 7 8 11 12 13 15 17 18 19 20 21 22 23 24 25
4 c 18 75 2 99 148 90 20 27 5 6 7 8 9 10 13 14 15 16 17 18 19 20 21 22 23 24 25
5 c 20 85 2 475 528 90 40 42 6 7 8 9 10 11 12 13 14 15 16 17 18 20 21 24 25
6 c 20 80 2 384 429 90 40 36 9 10 11 12 13 14 16 17 18 19 20 21 22 23 24 25
7 c 22 75 2 30 92 90 30 35 8 9 10 12 13 15 16 17 18 19 21 22 23 25
8 c 25 50 2 65 144 90 10 13 9 10 12 14 15 16 17 18 19 24
9 c 35 69 2 448 505 90 10 1 10 11 12 13 14 15 17 19 20 21 22 23 24 25
10 c 25 52 2 169 224 90 40 39 11 12 13 15 16 17 18 20 21 23 24 25
11 c 38 70 2 534 605 90 10 9 12 13 15 17 18 19 20 21 22 24
12 c 38 68 2 255 324 90 20 19 13 15 16 17 18 21 22 23 24 25
13 c 35 66 2 357 410 90 10 4 14 15 16 17 18 20 22 23 24
14 c 22 85 2 567 620 90 10 10 15 16 17 18 19 21 23 24 25
15 c 40 69 265 621 702 90 20 17 16 17 18 19 20 21 22 23 24 25
16 c 28 55 265 732 777 90 10 7 18 19 20 21 22 23 24 25
17 c 42 68 265 727 782 90 10 19 18 19 20 21 22 23 25
18 c 28 52 265 812 883 90 20 24 20 21 22 23 24 25
19 c 25 85 512 0 1107 90 20 19 20 22 23 24 25
20 c 45 70 512 0 1125 90 30 23 21 22 23 24 25
21 c 45 68 512 0 1127 90 10 12 22 23 24 25
22 c 42 66 512 0 1129 90 10 2 23 24 25
23 c 40 66 512 0 1130 90 20 23 25
24 c 42 65 512 0 1130 90 10 16
25 c 30 52 517 0 1135 90 20 27

