StringID Type x y release ReadyTime DueDate ServiceTime weight volume Item_Conflitante1 Item_Conflitante2 Item_Conflitante3 Item_Conflitante4 Item_Conflitante5 Item_Conflitante6 Item_Conflitante7 Item_Conflitante8 Item_Conflitante9 Item_Conflitante10 Item_Conflitante11 Item_Conflitante12 Item_Conflitante13 Item_Conflitante14 Item_Conflitante15 Item_Conflitante16 Item_Conflitante17 Item_Conflitante18 Item_Conflitante19 Item_Conflitante20 Item_Conflitante21 Peso_Total Volume_Total
0 d 40 50 0 0 1236 0 0 0                      200 200
1 c 30 50 80 10 265 90 10 8 2 3 4 5 6 7 8 9 10 11 13 15 16 17 19 20 21 22 23 24 25
2 c 15 80 80 176 447 90 10 10 3 4 5 6 7 8 9 10 12 13 14 15 18 19 20 21 22 23 25
3 c 15 75 80 68 365 90 20 13 4 7 8 10 11 13 14 15 16 17 18 19 23 24 25
4 c 18 75 80 33 226 90 20 21 5 6 7 8 10 11 12 15 16 18 19 20 21 22 23 25
5 c 20 85 80 394 609 90 40 49 6 7 9 10 11 13 14 15 16 17 18 19 20 21 22 23 24
6 c 20 80 80 318 495 90 40 46 7 9 12 13 14 15 16 17 18 19 20 21 23 25
7 c 22 75 80 30 280 90 30 27 8 10 11 12 13 15 16 18 19 20 21 22 23 25
8 c 25 50 80 15 333 90 10 7 9 10 11 12 13 14 16 17 18 19 21 22 23 24 25
9 c 35 69 80 363 590 90 10 19 10 11 12 14 15 16 17 18 19 20 22 24 25
10 c 25 52 80 88 305 90 40 36 11 12 13 14 17 18 19 20 21 22 23 24 25
11 c 38 68 80 150 429 90 20 22 12 14 15 16 17 18 19 20 21 22 23 24 25
12 c 40 66 80 87 308 90 20 15 13 14 15 16 17 18 19 20 21 23 25
13 c 42 65 80 15 226 90 10 7 14 16 17 18 19 20 21 22 23 24 25
14 c 42 66 80 16 336 90 10 9 15 17 18 19 22 23 24
15 c 35 66 80 279 488 90 10 13 16 18 19 20 21 22 23 24 25
16 c 22 85 80 489 698 90 10 4 18 19 20 21 22 23 24 25
17 c 38 70 321 429 710 90 10 10 18 19 21 23 24 25
18 c 40 69 321 499 824 90 20 15 21 22 23 24 25
19 c 25 85 321 547 826 90 20 17 20 23
20 c 28 55 321 664 845 90 10 12 21 22 24
21 c 42 68 321 643 866 90 10 8 22 23 24
22 c 45 70 321 756 939 90 30 25 25
23 c 28 52 373 704 991 90 20 10 24 25
24 c 30 52 425 836 1043 90 20 25 25
25 c 45 68 431 830 1049 90 10 15

