StringID Type x y release ReadyTime DueDate ServiceTime weight volume Item_Conflitante1 Peso_Total Volume_Total
0 d 40 50 0 0 1236 0 0 0  200 200
1 c 30 50 2 10 73 90 10 1 7
2 c 15 80 2 278 345 90 10 6
3 c 15 75 2 179 254 90 20 26
4 c 18 75 2 99 148 90 20 27
5 c 20 85 2 475 528 90 40 42 18
6 c 20 80 2 384 429 90 40 36
7 c 22 75 2 30 92 90 30 35 13
8 c 25 50 2 65 144 90 10 13 10
9 c 35 69 2 448 505 90 10 1
10 c 25 52 2 169 224 90 40 39 25
11 c 38 70 2 534 605 90 10 9 13
12 c 38 68 2 255 324 90 20 19
13 c 35 66 2 357 410 90 10 4
14 c 22 85 2 567 620 90 10 10 19
15 c 40 69 265 621 702 90 20 17
16 c 28 55 265 732 777 90 10 7
17 c 42 68 265 727 782 90 10 19
18 c 28 52 265 812 883 90 20 24
19 c 25 85 512 0 1107 90 20 19
20 c 45 70 512 0 1125 90 30 23
21 c 45 68 512 0 1127 90 10 12
22 c 42 66 512 0 1129 90 10 2
23 c 40 66 512 0 1130 90 20 23
24 c 42 65 512 0 1130 90 10 16
25 c 30 52 517 0 1135 90 20 27

