StringID Type x y release ReadyTime DueDate ServiceTime weight volume Item_Conflitante1 Item_Conflitante2 Peso_Total Volume_Total
0 d 40 50 0 0 240 0 0 0   200 200
1 c 44 5 24 73 130 10 20 30 18
2 c 15 75 24 54 133 10 20 25 11
3 c 0 40 24 41 141 10 20 21 18 23
4 c 15 80 24 67 144 10 10 5
5 c 42 10 32 40 148 10 40 30 20
6 c 8 45 32 32 148 10 20 17
7 c 40 15 32 64 149 10 40 37 10
8 c 22 85 32 95 152 10 10 10 21
9 c 8 40 32 33 152 10 40 42 19
10 c 10 35 41 57 154 10 20 29
11 c 18 75 41 60 159 10 20 20
12 c 10 40 41 106 161 10 30 37
13 c 40 5 41 45 161 10 10 11
14 c 2 40 43 39 163 10 20 12
15 c 38 5 44 45 164 10 30 25
16 c 22 75 48 30 168 10 30 39
17 c 42 15 59 94 179 10 10 18
18 c 35 5 63 45 183 10 20 16
19 c 0 45 69 51 189 10 20 26
20 c 20 85 69 40 189 10 20 27
21 c 25 85 71 49 191 10 20 11
22 c 5 35 71 53 191 10 10 13
23 c 20 80 73 69 193 10 40 36
24 c 5 45 74 35 194 10 10 7
25 c 38 15 74 51 194 10 10 17

