StringID Type x y release ReadyTime DueDate ServiceTime weight volume Item_Conflitante1 Peso_Total Volume_Total
0 d 35 35 0 0 1000 0 0 0  1000 1000
1 c 55 5 85 146 386 10 29 29
2 c 45 20 85 153 393 10 11 13 6
3 c 15 60 85 204 444 10 17 20 6
4 c 10 20 85 203 443 10 19 14 22
5 c 30 5 85 118 358 10 8 1 20
6 c 15 10 85 32 272 10 20 18
7 c 20 65 85 146 386 10 12 15
8 c 50 35 85 167 407 10 19 26 11
9 c 20 50 85 251 491 10 5 1 22
10 c 15 30 85 20 260 10 26 27
11 c 35 17 85 93 333 10 7 5
12 c 20 40 85 286 526 10 12 9
13 c 10 43 85 323 563 10 9 5
14 c 55 60 85 329 569 10 16 17 21
15 c 45 10 85 332 572 10 18 21
16 c 25 30 85 345 585 10 3 1
17 c 55 45 244 436 676 10 13 5
18 c 30 60 244 485 725 10 16 8
19 c 45 65 244 504 744 10 9 17
20 c 55 20 398 620 860 10 19 29
21 c 30 25 398 639 879 10 23 31 25
22 c 65 35 398 656 896 10 3 2
23 c 41 49 398 658 898 10 10 2
24 c 5 30 422 682 922 10 2 1
25 c 65 20 456 716 956 10 6 1

