StringID Type x y release ReadyTime DueDate ServiceTime weight volume Item_Conflitante1 Peso_Total Volume_Total
0 d 35 35 0 0 230 0 0 0  200 200
1 c 55 5 12 43 102 10 29 29
2 c 45 20 12 37 96 10 11 4
3 c 15 60 12 52 109 10 17 14
4 c 20 40 12 69 114 10 12 22
5 c 10 20 12 52 107 10 19 23
6 c 30 5 12 35 96 10 8 13 10
7 c 15 10 12 32 114 10 20 15
8 c 20 65 12 42 101 10 12 2
9 c 50 35 12 38 97 10 19 21
10 c 20 50 12 61 110 10 5 13
11 c 15 30 12 20 93 10 26 36
12 c 35 17 12 22 87 10 7 1 23
13 c 10 43 12 75 124 10 9 7
14 c 45 10 12 76 127 10 18 8
15 c 55 60 28 74 129 10 16 25
16 c 25 30 28 76 131 10 3 1 23
17 c 55 45 28 98 143 10 13 15
18 c 30 60 41 107 150 10 16 15
19 c 45 65 41 105 156 10 9 1
20 c 55 20 69 123 184 10 19 27 21
21 c 65 20 71 121 186 10 6 15
22 c 5 30 74 124 189 10 2 8
23 c 65 35 75 124 190 10 3 8
24 c 30 25 81 131 196 10 23 26
25 c 41 49 83 133 198 10 10 20

