StringID Type x y release ReadyTime DueDate ServiceTime weight volume Item_Conflitante1 Item_Conflitante2 Peso_Total Volume_Total
0 d 35 35 0 0 230 0 0 0   200 200
1 c 55 5 4 58 88 10 29 24
2 c 30 5 4 51 81 10 8 1 16
3 c 10 43 4 85 115 10 9 6
4 c 20 65 4 57 87 10 12 13
5 c 45 10 4 87 117 10 18 8
6 c 55 60 4 87 117 10 16 11
7 c 25 30 4 89 119 10 3 1
8 c 30 60 29 114 144 10 16 14
9 c 55 20 54 139 169 10 19 22 11 19
10 c 5 30 62 147 177 10 2 1
11 c 30 25 64 149 179 10 23 17 25
12 c 65 20 72 156 186 10 6 9 15
13 c 15 10 72 0 187 10 20 12
14 c 15 60 72 0 187 10 17 12
15 c 45 65 73 0 188 10 9 2
16 c 10 20 75 0 190 10 19 13
17 c 65 35 75 0 190 10 3 1
18 c 55 45 82 0 197 10 13 14
19 c 20 50 83 0 198 10 5 5
20 c 15 30 84 0 199 10 26 31
21 c 45 20 86 0 201 10 11 3
22 c 35 17 87 0 202 10 7 1
23 c 20 40 89 0 204 10 12 2
24 c 41 49 89 0 204 10 10 4
25 c 50 35 90 0 205 10 19 18

