StringID Type x y release ReadyTime DueDate ServiceTime weight volume Item_Conflitante1 Item_Conflitante2 Peso_Total Volume_Total
0 d 35 35 0 0 230 0 0 0   200 200
1 c 50 35 41 15 133 10 19 17 22
2 c 20 50 41 36 135 10 5 14 13
3 c 20 40 41 47 136 10 12 13
4 c 45 20 41 18 136 10 11 16 14 20
5 c 10 20 41 29 139 10 19 12
6 c 15 60 41 32 146 10 17 19
7 c 35 17 41 18 147 10 7 11 12
8 c 10 43 41 50 149 10 9 3
9 c 20 65 41 33 152 10 12 3 10
10 c 30 5 41 30 152 10 8 1
11 c 45 10 41 50 153 10 18 19
12 c 55 5 41 36 155 10 29 30
13 c 55 60 41 47 156 10 16 8
14 c 25 30 43 49 158 10 3 10
15 c 55 45 52 76 165 10 13 8 25
16 c 15 30 52 20 167 10 26 25
17 c 30 60 57 85 172 10 16 9
18 c 45 65 67 79 182 10 9 4
19 c 65 20 71 56 186 10 6 15 23
20 c 15 10 72 32 187 10 20 18 23
21 c 5 30 74 60 189 10 2 1 24
22 c 65 35 75 58 190 10 3 4
23 c 55 20 80 73 195 10 19 17 25
24 c 41 49 89 73 204 10 10 11
25 c 30 25 93 79 208 10 23 27

