StringID Type x y release ReadyTime DueDate ServiceTime weight volume Item_Conflitante1 Item_Conflitante2 Peso_Total Volume_Total
0 d 40 50 0 0 960 0 0 0   1000 1000
1 c 8 40 217 33 511 10 40 49 10
2 c 40 5 217 45 517 10 10 9
3 c 8 45 217 46 519 10 20 19 22
4 c 38 5 217 45 523 10 30 27 9
5 c 2 40 217 39 528 10 20 23
6 c 0 40 217 94 535 10 20 14
7 c 42 10 217 85 542 10 40 32 9
8 c 22 75 217 30 546 10 30 37
9 c 15 75 217 161 558 10 20 16
10 c 44 5 217 218 571 10 20 20 15 17
11 c 15 80 217 229 624 10 10 13
12 c 20 85 217 40 630 10 20 11
13 c 40 15 217 229 640 10 40 42 25
14 c 10 35 217 213 648 10 20 19 21
15 c 18 75 217 228 667 10 20 28
16 c 5 45 217 35 697 10 10 8
17 c 22 85 273 353 708 10 10 2
18 c 10 40 273 404 753 10 30 22
19 c 42 15 322 391 802 10 10 11
20 c 35 5 424 386 904 10 20 15
21 c 0 45 429 394 909 10 20 30
22 c 25 85 431 388 911 10 20 24 25
23 c 5 35 431 395 911 10 10 16
24 c 20 80 433 425 913 10 40 33
25 c 38 15 434 389 914 10 10 7

