StringID Type x y release ReadyTime DueDate ServiceTime weight volume Item_Conflitante1 Peso_Total Volume_Total
0 d 35 35 0 0 230 0 0 0  200 200
1 c 30 5 0 61 71 10 8 1
2 c 15 10 0 32 42 10 20 10
3 c 20 65 0 67 77 10 12 19 12
4 c 55 60 0 97 107 10 16 9
5 c 10 20 0 75 85 10 19 27
6 c 20 40 0 87 97 10 12 19 14
7 c 10 43 0 95 105 10 9 3
8 c 15 60 0 76 86 10 17 25
9 c 45 10 0 97 107 10 18 13
10 c 55 5 0 68 78 10 29 33
11 c 25 30 0 99 109 10 3 7
12 c 30 60 44 124 134 10 16 9
13 c 45 65 44 126 136 10 9 19 19
14 c 55 20 44 149 159 10 19 11
15 c 65 35 48 153 163 10 3 8
16 c 5 30 54 157 167 10 2 1
17 c 30 25 54 159 169 10 23 18
18 c 65 20 67 172 182 10 6 2
19 c 55 45 82 0 197 10 13 17 21
20 c 20 50 83 0 198 10 5 12
21 c 15 30 84 0 199 10 26 35
22 c 45 20 86 0 201 10 11 6
23 c 35 17 87 0 202 10 7 11
24 c 41 49 89 0 204 10 10 11
25 c 50 35 90 0 205 10 19 23

