StringID Type x y release ReadyTime DueDate ServiceTime weight volume Item_Conflitante1 Peso_Total Volume_Total
0 d 40 50 0 0 960 0 0 0  1000 1000
1 c 40 5 126 158 391 10 10 11
2 c 42 10 126 205 422 10 40 35
3 c 44 5 126 338 451 10 20 27
4 c 0 40 126 214 415 10 20 22 9
5 c 5 45 126 35 457 10 10 19
6 c 15 75 126 281 438 10 20 11
7 c 8 45 126 166 399 10 20 29
8 c 20 85 126 40 390 10 20 10
9 c 22 75 126 73 350 10 30 33
10 c 8 40 126 33 510 10 40 38 21
11 c 38 5 126 45 522 10 30 30
12 c 2 40 126 39 538 10 20 26
13 c 15 80 126 272 581 10 10 7
14 c 22 85 126 473 588 10 10 1
15 c 40 15 126 263 606 10 40 36 19
16 c 10 35 207 236 625 10 20 19
17 c 18 75 207 249 646 10 20 28
18 c 42 15 207 511 682 10 10 5
19 c 10 40 207 470 687 10 30 32
20 c 25 85 394 591 874 10 20 17
21 c 38 15 403 598 883 10 10 17
22 c 35 5 424 348 904 10 20 28
23 c 0 45 429 359 909 10 20 26
24 c 5 35 431 359 911 10 10 1
25 c 20 80 433 418 913 10 40 30

