StringID Type x y release ReadyTime DueDate ServiceTime weight volume Item_Conflitante1 Item_Conflitante2 Item_Conflitante3 Item_Conflitante4 Item_Conflitante5 Item_Conflitante6 Item_Conflitante7 Item_Conflitante8 Item_Conflitante9 Item_Conflitante10 Item_Conflitante11 Item_Conflitante12 Item_Conflitante13 Item_Conflitante14 Item_Conflitante15 Item_Conflitante16 Item_Conflitante17 Item_Conflitante18 Item_Conflitante19 Item_Conflitante20 Item_Conflitante21 Peso_Total Volume_Total
0 d 40 50 0 0 240 0 0 0                      200 200
1 c 40 5 4 52 111 10 10 13 2 3 4 6 7 8 9 10 11 12 13 14 15 18 19 20 21 22 23 24 25
2 c 42 10 4 58 115 10 40 33 3 4 6 7 8 10 11 13 14 15 16 17 18 19 20 21 22 23 24 25
3 c 0 40 4 59 114 10 20 10 5 6 9 10 11 12 13 14 15 16 17 18 19 20 22 23 24
4 c 5 45 4 35 117 10 10 3 5 7 9 10 11 12 13 14 15 19 20 22 23 25
5 c 15 75 4 69 118 10 20 20 6 7 9 10 11 12 14 16 18 19 20 21 22 23 24
6 c 8 45 4 49 108 10 20 25 7 8 9 10 12 13 14 15 16 17 18 20 21 23 24 25
7 c 20 85 4 40 113 10 20 12 9 10 11 14 15 16 17 18 19 20 21 22 23 24
8 c 22 75 4 32 97 10 30 34 9 10 11 12 13 15 16 17 18 19 20 22 23 24 25
9 c 44 5 4 79 124 10 20 20 10 11 13 14 15 16 17 18 19 20 21 22 23 24
10 c 22 85 40 101 146 10 10 18 11 12 13 14 15 16 18 20 21 22 23 24 25
11 c 8 40 40 33 152 10 40 40 12 13 14 15 16 19 20 21 22 23 24
12 c 15 80 40 56 155 10 10 3 13 14 16 18 19 20 21 22 23 24 25
13 c 40 15 40 55 158 10 40 41 15 16 17 20 21 22 23 24
14 c 10 35 40 51 160 10 20 28 15 16 17 18 19 20 21 23 25
15 c 2 40 41 39 161 10 20 16 16 17 18 19 21 22 23 24 25
16 c 42 15 42 111 162 10 10 2 17 18 19 20 21 22 24 25
17 c 18 75 44 55 164 10 20 29 18 19 21 22 23 24 25
18 c 38 5 44 45 164 10 30 32 19 21 22 23 25
19 c 10 40 57 90 177 10 30 39 20 22 23 24 25
20 c 35 5 64 54 184 10 20 14 21 23 24 25
21 c 0 45 69 60 189 10 20 29 22 23 24
22 c 5 35 71 62 191 10 10 15 23 24 25
23 c 25 85 71 125 191 10 20 22 24 25
24 c 20 80 73 71 193 10 40 31 25
25 c 38 15 74 128 194 10 10 4

