StringID Type x y release ReadyTime DueDate ServiceTime weight volume Item_Conflitante1 Item_Conflitante2 Item_Conflitante3 Item_Conflitante4 Item_Conflitante5 Item_Conflitante6 Item_Conflitante7 Item_Conflitante8 Item_Conflitante9 Item_Conflitante10 Item_Conflitante11 Item_Conflitante12 Item_Conflitante13 Item_Conflitante14 Item_Conflitante15 Item_Conflitante16 Item_Conflitante17 Item_Conflitante18 Item_Conflitante19 Item_Conflitante20 Item_Conflitante21 Peso_Total Volume_Total
0 d 35 35 0 0 230 0 0 0                      200 200
1 c 55 5 0 68 78 10 29 39 2 4 5 6 7 8 9 10 12 13 14 15 16 17 18 19 21 22 23 24 25
2 c 30 5 0 61 71 10 8 9 4 5 6 7 9 10 12 13 14 15 16 18 19 20 21 22 23 24 25
3 c 20 65 0 67 77 10 12 19 5 6 7 8 9 11 12 13 14 15 18 19 20 21 22 23 24 25
4 c 55 60 0 97 107 10 16 14 5 7 8 9 10 11 12 13 15 16 17 18 19 20 21 22 23 24
5 c 10 43 0 95 105 10 9 19 6 7 8 9 10 11 12 14 15 16 17 19 20 21 22 23 24 25
6 c 55 20 54 149 159 10 19 16 7 8 11 12 14 15 16 17 18 19 21 23 24
7 c 30 25 54 159 169 10 23 17 8 9 11 12 14 15 16 17 18 19 20 21 22 23 24 25
8 c 65 20 67 172 182 10 6 12 9 11 12 13 14 15 16 17 18 19 22 23 24
9 c 15 10 72 0 187 10 20 24 10 11 12 13 14 16 17 18 19 20 21 22 23 24 25
10 c 15 60 72 0 187 10 17 15 12 13 14 15 16 18 19 20 21 22 23 24 25
11 c 45 65 73 0 188 10 9 5 12 13 14 15 16 17 18 19 20 21 22 23 24 25
12 c 5 30 75 0 189 10 2 1 13 14 15 16 17 18 19 20 21 22 23 24 25
13 c 65 35 75 0 190 10 3 11 14 15 16 20 22 23 24 25
14 c 10 20 75 0 190 10 19 17 15 17 18 19 21 22 23 25
15 c 45 10 78 0 193 10 18 10 16 17 19 20 21 22 23 24 25
16 c 30 60 79 0 194 10 16 25 17 18 19 23 24 25
17 c 55 45 82 0 197 10 13 15 18 19 20 21 22 23 24 25
18 c 20 50 83 0 198 10 5 14 19 20 21 22 24
19 c 15 30 84 0 199 10 26 19 20 21 22 23 24 25
20 c 45 20 86 0 201 10 11 3 21 22 23 24
21 c 35 17 87 0 202 10 7 7 22 23 25
22 c 20 40 89 0 204 10 12 8 23 24 25
23 c 41 49 89 0 204 10 10 12 24
24 c 50 35 90 0 205 10 19 28 25
25 c 25 30 93 0 208 10 3 1

