StringID Type x y release ReadyTime DueDate ServiceTime weight volume Item_Conflitante1 Item_Conflitante2 Item_Conflitante3 Item_Conflitante4 Item_Conflitante5 Item_Conflitante6 Item_Conflitante7 Peso_Total Volume_Total
0 d 35 35 0 0 230 0 0 0        200 200
1 c 55 5 2 58 88 10 29 37 2 5 11 12 13 14 18
2 c 30 5 2 51 81 10 8 12 7 18 23
3 c 20 65 2 57 87 10 12 11 11 16 23 25
4 c 10 43 2 85 115 10 9 2 7 10 11 17
5 c 55 60 2 87 117 10 16 11 19
6 c 55 20 64 139 169 10 19 12
7 c 30 25 64 149 179 10 23 32 12 14
8 c 65 20 71 156 186 10 6 12 10 18
9 c 15 10 72 0 187 10 20 28 13 14 19
10 c 15 60 72 0 187 10 17 13 17 18 24
11 c 45 65 73 0 188 10 9 19 13 17 22
12 c 5 30 75 0 189 10 2 3 15 16 17 20 24 25
13 c 65 35 75 0 190 10 3 5 16 17 18 20
14 c 10 20 75 0 190 10 19 11 16 17 18 23 24
15 c 45 10 78 0 193 10 18 20
16 c 30 60 79 0 194 10 16 16 18
17 c 55 45 82 0 197 10 13 10 18 19 22 25
18 c 20 50 83 0 198 10 5 15 23 24
19 c 15 30 84 0 199 10 26 27
20 c 45 20 86 0 201 10 11 21 21
21 c 35 17 87 0 202 10 7 3 22 23
22 c 20 40 89 0 204 10 12 12 23
23 c 41 49 89 0 204 10 10 1 25
24 c 50 35 90 0 205 10 19 13
25 c 25 30 93 0 208 10 3 1

