StringID Type x y release ReadyTime DueDate ServiceTime weight volume Item_Conflitante1 Item_Conflitante2 Item_Conflitante3 Item_Conflitante4 Item_Conflitante5 Peso_Total Volume_Total
0 d 40 50 0 0 960 0 0 0      1000 1000
1 c 38 5 28 201 321 10 30 30 4 5 7 11
2 c 2 40 28 174 294 10 20 22 7 8 16 22
3 c 5 45 28 35 155 10 10 5 5 7
4 c 8 40 28 195 315 10 40 34 11 14 24
5 c 42 10 28 254 374 10 40 41 14 20 21 23 25
6 c 0 40 28 255 375 10 20 17 9 21 24 25
7 c 44 5 28 335 455 10 20 13 8 19
8 c 15 80 28 367 487 10 10 16 12 25
9 c 10 35 28 371 491 10 20 11 10 13 18 19
10 c 40 15 28 375 495 10 40 37 17 21 24 25
11 c 18 75 28 388 508 10 20 22 12 19 20
12 c 10 40 284 519 639 10 30 38 14 17 18 19
13 c 42 15 284 537 657 10 10 18 16 17 20
14 c 20 80 284 644 764 10 40 37
15 c 5 35 343 653 773 10 10 20
16 c 38 15 343 681 801 10 10 16 23
17 c 0 45 343 703 823 10 20 27 21 23
18 c 35 5 424 784 904 10 20 12
19 c 40 5 425 0 905 10 10 12 20 21 22
20 c 20 85 429 0 909 10 20 30
21 c 22 85 430 0 910 10 10 1 22
22 c 25 85 431 0 911 10 20 21
23 c 15 75 434 0 914 10 20 29 24
24 c 8 45 437 0 917 10 20 13
25 c 22 75 439 0 919 10 30 26

