StringID Type x y release ReadyTime DueDate ServiceTime weight volume Item_Conflitante1 Item_Conflitante2 Item_Conflitante3 Item_Conflitante4 Item_Conflitante5 Item_Conflitante6 Item_Conflitante7 Item_Conflitante8 Peso_Total Volume_Total
0 d 40 50 0 0 1236 0 0 0         200 200
1 c 20 80 0 384 429 90 40 35 6 10 13 15
2 c 22 75 0 30 92 90 30 36 20 21 24
3 c 35 69 0 448 505 90 10 2 12 14 16 17 18 19
4 c 38 70 0 534 605 90 10 10 5 8 10 11 12 13 21 24
5 c 38 68 0 255 324 90 20 10 6 8 21 23 24
6 c 25 52 0 169 224 90 40 38 14 16 22 24
7 c 28 55 164 732 777 90 10 12 16 20 22
8 c 42 68 164 727 782 90 10 18 9 20 21 23
9 c 20 85 515 0 1105 90 40 32 13 15 18 21 24
10 c 15 80 515 0 1106 90 10 19
11 c 22 85 515 0 1106 90 10 5
12 c 25 85 515 0 1107 90 20 17 16 17 21 25
13 c 15 75 515 0 1110 90 20 28 17 20 21 24
14 c 18 75 515 0 1112 90 20 26
15 c 45 70 515 0 1125 90 30 28 19 20 23
16 c 45 68 515 0 1127 90 10 10 20 22 24
17 c 40 69 515 0 1127 90 20 22 19 24
18 c 42 66 515 0 1129 90 10 10 24
19 c 35 66 515 0 1129 90 10 8
20 c 42 65 515 0 1130 90 10 1 22
21 c 40 66 515 0 1130 90 20 15 24
22 c 25 50 515 0 1131 90 10 12 25
23 c 28 52 515 0 1133 90 20 16
24 c 30 52 517 0 1135 90 20 14
25 c 30 50 518 0 1136 90 10 9

