StringID Type x y release ReadyTime DueDate ServiceTime weight volume Item_Conflitante1 Item_Conflitante2 Item_Conflitante3 Item_Conflitante4 Item_Conflitante5 Peso_Total Volume_Total
0 d 40 50 0 0 1236 0 0 0      200 200
1 c 18 75 0 99 148 90 20 19 8 12 15 17 23
2 c 20 80 0 384 429 90 40 32 5 11 14 20
3 c 22 75 0 30 92 90 30 36 4 9 10 16 17
4 c 35 69 0 448 505 90 10 10 20
5 c 35 66 0 357 410 90 10 4 7 12 15 16 21
6 c 38 70 0 534 605 90 10 7 10 13 23
7 c 38 68 0 255 324 90 20 21 19 25
8 c 25 52 0 169 224 90 40 32
9 c 40 69 265 621 702 90 20 27 11 12
10 c 28 55 265 732 777 90 10 5 17
11 c 42 68 265 727 782 90 10 2 16 19 21
12 c 28 52 265 812 883 90 20 28 13 25
13 c 20 85 513 0 1105 90 40 38 19 21
14 c 15 80 513 0 1106 90 10 15 18 19 23
15 c 22 85 513 0 1106 90 10 18 16 17 24 25
16 c 25 85 513 0 1107 90 20 16 19 21 25
17 c 15 75 513 0 1110 90 20 26 18 24
18 c 45 70 513 0 1125 90 30 28 25
19 c 45 68 513 0 1127 90 10 11 21 24 25
20 c 42 66 513 0 1129 90 10 12
21 c 40 66 513 0 1130 90 20 28 22 24
22 c 42 65 513 0 1130 90 10 17
23 c 25 50 513 0 1131 90 10 19
24 c 30 52 517 0 1135 90 20 16
25 c 30 50 518 0 1136 90 10 4

