StringID Type x y release ReadyTime DueDate ServiceTime weight volume Item_Conflitante1 Item_Conflitante2 Item_Conflitante3 Item_Conflitante4 Item_Conflitante5 Item_Conflitante6 Peso_Total Volume_Total
0 d 40 50 0 0 960 0 0 0       1000 1000
1 c 38 5 11 201 321 10 30 31 7 10 20 21
2 c 2 40 11 174 294 10 20 16 4 5 7 20 21 24
3 c 8 40 11 195 315 10 40 38 4 8 10 19 21
4 c 15 80 11 367 487 10 10 1 9 15 18 22 23
5 c 10 35 11 371 491 10 20 11 9 18 25
6 c 20 80 293 644 764 10 40 31 7 9 17 24 25
7 c 5 35 293 653 773 10 10 16 21 24
8 c 44 5 424 0 904 10 20 21
9 c 35 5 424 784 904 10 20 18 14 19
10 c 40 5 425 0 905 10 10 2 12 16 21 24
11 c 0 40 428 0 908 10 20 24 16
12 c 20 85 429 0 909 10 20 23 13 17 22
13 c 0 45 429 0 909 10 20 26 20 22
14 c 42 10 429 0 909 10 40 45 19 21 22 25
15 c 22 85 430 0 910 10 10 1 17
16 c 25 85 431 0 911 10 20 25 20 24
17 c 38 15 434 0 914 10 10 14
18 c 5 45 434 0 914 10 10 14 22
19 c 42 15 434 0 914 10 10 18 22
20 c 15 75 434 0 914 10 20 13 21 22
21 c 40 15 435 0 915 10 40 33 22 25
22 c 18 75 436 0 916 10 20 10
23 c 8 45 437 0 917 10 20 25
24 c 10 40 438 0 918 10 30 28
25 c 22 75 439 0 919 10 30 34

