StringID Type x y release ReadyTime DueDate ServiceTime weight volume Item_Conflitante1 Item_Conflitante2 Item_Conflitante3 Item_Conflitante4 Item_Conflitante5 Peso_Total Volume_Total
0 d 40 50 0 0 3390 0 0 0      700 700
1 c 52 75 0 311 471 90 10 10 2 3 9 11 18
2 c 45 70 0 213 373 90 30 21 20 23
3 c 62 69 0 1167 1327 90 10 8 6 9 16 21 23
4 c 60 66 0 1261 1421 90 10 8 6 9 18 21
5 c 42 65 0 25 185 90 10 19 12 18
6 c 16 42 0 497 657 90 20 26 15
7 c 58 70 0 1073 1233 90 20 24 13 22 25
8 c 28 52 0 22 182 90 20 10 12 17 19
9 c 30 50 0 10 170 90 10 10 11 14 20 24 25
10 c 25 50 0 116 276 90 10 19 14 15 21
11 c 14 66 870 1643 1803 90 10 1 12 13 15 19 21
12 c 15 75 870 1742 1902 90 20 29 18 22 23 24
13 c 15 80 870 1837 1997 90 10 8 15 17 20
14 c 20 85 870 1934 2094 90 40 42
15 c 22 85 870 2026 2186 90 10 5 17
16 c 25 85 870 2119 2279 90 20 21 23 24
17 c 20 80 870 2216 2376 90 40 41 18 21 22 25
18 c 18 75 870 2311 2471 90 20 10
19 c 22 75 870 2405 2565 90 30 40 20 22 25
20 c 22 66 1256 2504 2664 90 40 43 21
21 c 28 70 1256 2601 2761 90 10 5 23
22 c 35 69 1256 2698 2858 90 10 20
23 c 35 66 1256 2791 2951 90 10 3 24
24 c 34 60 1352 2887 3047 90 20 10
25 c 30 56 1448 2983 3143 90 20 13

