StringID Type x y release ReadyTime DueDate ServiceTime weight volume Item_Conflitante1 Item_Conflitante2 Item_Conflitante3 Item_Conflitante4 Peso_Total Volume_Total
0 d 40 50 0 0 960 0 0 0     1000 1000
1 c 38 5 28 201 321 10 30 24 8 9 15 22
2 c 40 5 28 215 335 10 10 10 7 20
3 c 42 10 28 254 374 10 40 42 4 6 20
4 c 44 5 28 335 455 10 20 10 5 10 17 20
5 c 0 40 28 255 375 10 20 29 11 22
6 c 2 40 28 174 294 10 20 24 7 16 18 22
7 c 5 45 28 35 155 10 10 16 10 11 18
8 c 8 40 28 195 315 10 40 33 16 19 22
9 c 8 45 28 223 343 10 20 22
10 c 15 75 28 300 420 10 20 12
11 c 20 85 28 73 193 10 20 10 13
12 c 22 75 28 152 272 10 30 22 22
13 c 15 80 28 367 487 10 10 8 16 18 23
14 c 10 35 28 371 491 10 20 29 18 19
15 c 40 15 28 375 495 10 40 44 19 21
16 c 18 75 28 388 508 10 20 26
17 c 22 85 177 471 591 10 10 13
18 c 10 40 177 519 639 10 30 22 19 25
19 c 42 15 177 537 657 10 10 3 22
20 c 20 80 321 644 764 10 40 47 23
21 c 5 35 321 653 773 10 10 7
22 c 25 85 321 673 793 10 20 17
23 c 38 15 321 681 801 10 10 16 25
24 c 0 45 343 703 823 10 20 18
25 c 35 5 424 784 904 10 20 10

