StringID Type x y release ReadyTime DueDate ServiceTime weight volume Item_Conflitante1 Item_Conflitante2 Item_Conflitante3 Peso_Total Volume_Total
0 d 35 35 0 0 1000 0 0 0    1000 1000
1 c 55 5 0 206 325 10 29 37
2 c 30 5 0 175 300 10 8 3 13 15
3 c 20 65 0 206 325 10 12 20 6 15 16
4 c 55 60 0 400 497 10 16 7 8 17
5 c 10 43 0 404 481 10 9 11 14
6 c 55 20 327 678 801 10 19 13 7 20
7 c 30 25 327 690 827 10 23 32
8 c 65 20 456 817 956 10 6 7 23
9 c 15 10 457 0 957 10 20 24 21 24
10 c 15 60 457 0 957 10 17 21 24
11 c 45 65 458 0 958 10 9 10
12 c 5 30 460 0 959 10 2 1
13 c 65 35 460 0 960 10 3 1 21
14 c 10 20 460 0 960 10 19 12
15 c 45 10 463 0 963 10 18 26 21
16 c 30 60 464 0 964 10 16 12 23
17 c 55 45 467 0 967 10 13 23
18 c 20 50 468 0 968 10 5 8 23
19 c 15 30 469 0 969 10 26 21 24
20 c 45 20 471 0 971 10 11 21
21 c 35 17 472 0 972 10 7 13 22
22 c 20 40 474 0 974 10 12 3
23 c 41 49 474 0 974 10 10 10
24 c 50 35 475 0 975 10 19 22
25 c 25 30 478 0 978 10 3 2

