StringID Type x y release ReadyTime DueDate ServiceTime weight volume Item_Conflitante1 Item_Conflitante2 Item_Conflitante3 Item_Conflitante4 Peso_Total Volume_Total
0 d 35 35 0 0 1000 0 0 0     1000 1000
1 c 55 5 85 146 386 10 29 29 15
2 c 30 5 85 118 358 10 8 9 8 9
3 c 15 10 85 32 272 10 20 24 8 14
4 c 20 65 85 146 386 10 12 20
5 c 15 60 85 204 444 10 17 23 7 25
6 c 10 20 85 203 443 10 19 18 10 18
7 c 20 40 85 286 526 10 12 18 13 24
8 c 10 43 85 323 563 10 9 19 18
9 c 55 60 85 329 569 10 16 22 20 23
10 c 45 10 85 332 572 10 18 21 11 20 22 23
11 c 25 30 85 345 585 10 3 1
12 c 30 60 244 485 725 10 16 23
13 c 45 65 244 504 744 10 9 13
14 c 55 20 396 620 860 10 19 25 16 20 23
15 c 30 25 396 639 879 10 23 13 22 24
16 c 65 35 396 656 896 10 3 1 17
17 c 5 30 422 682 922 10 2 12
18 c 65 20 456 716 956 10 6 15 20 21
19 c 55 45 467 0 967 10 13 13
20 c 20 50 468 0 968 10 5 4
21 c 15 30 469 0 969 10 26 29 25
22 c 45 20 471 0 971 10 11 9
23 c 35 17 472 0 972 10 7 1
24 c 41 49 474 0 974 10 10 1
25 c 50 35 475 0 975 10 19 16

