StringID Type x y release ReadyTime DueDate ServiceTime weight volume Item_Conflitante1 Item_Conflitante2 Item_Conflitante3 Item_Conflitante4 Item_Conflitante5 Peso_Total Volume_Total
0 d 40 50 0 0 3390 0 0 0      700 700
1 c 28 52 0 22 182 90 20 17 13
2 c 60 66 0 1261 1421 90 10 11 9 22
3 c 16 42 0 497 657 90 20 19 8
4 c 14 66 870 1643 1803 90 10 10 6 14
5 c 20 80 870 2216 2376 90 40 48 11 12 14 16 24
6 c 18 75 870 2311 2471 90 20 26
7 c 22 75 870 2405 2565 90 30 33 12
8 c 22 66 1256 2504 2664 90 40 50 13
9 c 28 70 1256 2601 2761 90 10 11 10
10 c 35 69 1256 2698 2858 90 10 3 19 22
11 c 35 66 1256 2791 2951 90 10 16
12 c 34 60 1352 2887 3047 90 20 29 17
13 c 20 85 1590 0 3259 90 40 30
14 c 15 80 1590 0 3260 90 10 13 18 21
15 c 22 85 1590 0 3260 90 10 4 17 22
16 c 25 85 1590 0 3261 90 20 14 19
17 c 15 75 1590 0 3264 90 20 28 18 19 25
18 c 62 69 1590 0 3270 90 10 15
19 c 52 75 1590 0 3272 90 10 6 20
20 c 58 70 1590 0 3273 90 20 30
21 c 45 70 1590 0 3279 90 30 29
22 c 42 65 1590 0 3284 90 10 12
23 c 25 50 1590 0 3285 90 10 16 24
24 c 30 56 1593 0 3288 90 20 24
25 c 30 50 1595 0 3290 90 10 3

