StringID Type x y release ReadyTime DueDate ServiceTime weight volume Item_Conflitante1 Item_Conflitante2 Item_Conflitante3 Item_Conflitante4 Peso_Total Volume_Total
0 d 40 50 0 0 1236 0 0 0     200 200
1 c 30 50 0 10 77 90 10 4 7 9 24 25
2 c 15 80 0 274 349 90 10 20 4 22
3 c 15 75 0 172 261 90 20 13 9 13 18
4 c 18 75 0 105 142 90 20 21 8 17 18 22
5 c 20 85 0 478 525 90 40 47 15
6 c 20 80 0 392 421 90 40 41
7 c 22 85 0 571 616 90 10 6 14 25
8 c 22 75 0 30 95 90 30 38
9 c 25 50 0 55 154 90 10 13 11 15 23
10 c 35 69 0 450 503 90 10 16
11 c 25 52 0 172 221 90 40 38
12 c 38 68 0 250 329 90 20 18 13 23
13 c 40 66 0 172 223 90 20 10
14 c 42 65 0 15 60 90 10 10 16
15 c 42 66 32 55 156 90 10 7 21
16 c 35 66 32 361 406 90 10 1
17 c 38 70 32 489 650 90 10 6
18 c 25 85 271 647 726 90 20 24 22
19 c 40 69 271 559 764 90 20 18
20 c 28 55 271 739 770 90 10 12
21 c 42 68 271 703 806 90 10 6
22 c 45 70 271 816 879 90 30 23 24
23 c 28 52 271 806 889 90 20 27 25
24 c 30 52 343 918 961 90 20 19
25 c 45 68 371 890 989 90 10 3

