StringID Type x y release ReadyTime DueDate ServiceTime weight volume Item_Conflitante1 Item_Conflitante2 Item_Conflitante3 Item_Conflitante4 Peso_Total Volume_Total
0 d 35 35 0 0 230 0 0 0     200 200
1 c 55 5 0 68 78 10 29 30 4 13 19 25
2 c 45 10 0 97 107 10 18 21 6 10 12
3 c 45 20 0 62 72 10 11 11 6 19
4 c 15 60 0 76 86 10 17 12 8 12 13 24
5 c 20 40 0 87 97 10 12 16 14 17 21
6 c 10 20 0 75 85 10 19 21
7 c 30 5 0 61 71 10 8 10 20
8 c 15 10 0 32 42 10 20 23 22 23
9 c 20 65 0 67 77 10 12 20
10 c 50 35 0 63 73 10 19 12 18
11 c 55 60 0 97 107 10 16 6
12 c 10 43 0 95 105 10 9 4 15 19 21
13 c 20 50 0 81 91 10 5 8 18
14 c 25 30 0 99 109 10 3 10 21
15 c 15 30 0 34 44 10 26 33
16 c 35 17 0 50 60 10 7 13
17 c 55 45 21 116 126 10 13 7
18 c 30 60 21 124 134 10 16 8 19
19 c 45 65 21 126 136 10 9 8 24
20 c 55 20 44 149 159 10 19 23 23
21 c 65 35 52 153 163 10 3 3 22
22 c 5 30 52 157 167 10 2 1
23 c 30 25 54 159 169 10 23 13
24 c 41 49 56 161 171 10 10 16
25 c 65 20 67 172 182 10 6 1

