StringID Type x y release ReadyTime DueDate ServiceTime weight volume Item_Conflitante1 Item_Conflitante2 Item_Conflitante3 Peso_Total Volume_Total
0 d 40 50 0 0 3390 0 0 0    700 700
1 c 60 66 681 1261 1421 90 10 1 6 15 17
2 c 14 66 681 1643 1803 90 10 10 5 24
3 c 20 80 681 2216 2376 90 40 43 9 16 17
4 c 22 75 1163 2405 2565 90 30 24
5 c 22 66 1163 2504 2664 90 40 47 20 22
6 c 28 70 1163 2601 2761 90 10 1 13
7 c 35 69 1163 2698 2858 90 10 18 13 23 24
8 c 34 60 1352 2887 3047 90 20 11 12 20 21
9 c 20 85 1592 0 3259 90 40 44 13
10 c 15 80 1592 0 3260 90 10 16
11 c 22 85 1592 0 3260 90 10 9 18
12 c 25 85 1592 0 3261 90 20 21 21 23
13 c 15 75 1592 0 3264 90 20 14
14 c 18 75 1592 0 3266 90 20 30 18
15 c 62 69 1592 0 3270 90 10 15 20
16 c 52 75 1592 0 3272 90 10 11 18 22
17 c 58 70 1592 0 3273 90 20 22
18 c 16 42 1592 0 3274 90 20 10 24
19 c 45 70 1592 0 3279 90 30 38
20 c 35 66 1592 0 3283 90 10 1 22
21 c 42 65 1592 0 3284 90 10 19
22 c 25 50 1592 0 3285 90 10 17 23 24
23 c 28 52 1592 0 3287 90 20 27
24 c 30 56 1593 0 3288 90 20 25
25 c 30 50 1595 0 3290 90 10 1

