StringID Type x y release ReadyTime DueDate ServiceTime weight volume Item_Conflitante1 Item_Conflitante2 Item_Conflitante3 Item_Conflitante4 Item_Conflitante5 Item_Conflitante6 Item_Conflitante7 Item_Conflitante8 Item_Conflitante9 Item_Conflitante10 Item_Conflitante11 Item_Conflitante12 Item_Conflitante13 Item_Conflitante14 Item_Conflitante15 Item_Conflitante16 Item_Conflitante17 Peso_Total Volume_Total
0 d 40 50 0 0 3390 0 0 0                  700 700
1 c 60 66 681 1261 1421 90 10 1 3 5 6 7 9 10 11 12 13 14 15 16 17 18 22 23 25
2 c 14 66 681 1643 1803 90 10 10 3 5 6 9 10 11 12 13 14 15 16 17 19 22
3 c 20 80 681 2216 2376 90 40 43 5 6 7 10 11 12 13 14 16 17 18 20 21 22 24 25
4 c 22 75 1163 2405 2565 90 30 24 7 8 9 10 11 13 14 15 17 18 19 21 22 23 25
5 c 22 66 1163 2504 2664 90 40 47 6 8 9 10 12 15 16 17 18 19 20 23 24
6 c 28 70 1163 2601 2761 90 10 1 8 9 10 11 12 14 15 16 17 19 20 21 22 24 25
7 c 35 69 1163 2698 2858 90 10 18 8 9 13 14 15 16 17 20
8 c 34 60 1352 2887 3047 90 20 11 9 10 12 13 15 18 22 23 24 25
9 c 20 85 1592 0 3259 90 40 44 10 11 12 13 15 16 17 18 19 20 21 24 25
10 c 15 80 1592 0 3260 90 10 16 12 14 16 19 20 21 22 23 24
11 c 22 85 1592 0 3260 90 10 9 12 13 14 15 16 17 20 21 22 24 25
12 c 25 85 1592 0 3261 90 20 21 14 15 17 18 20 22
13 c 15 75 1592 0 3264 90 20 14 14 15 17 18 19 20 21 22 23 24 25
14 c 18 75 1592 0 3266 90 20 30 15 19 21 22 23 24 25
15 c 62 69 1592 0 3270 90 10 15 18 19 22 23 24 25
16 c 52 75 1592 0 3272 90 10 11 18 19 20 21 22 25
17 c 58 70 1592 0 3273 90 20 22 18 19 20 22 23 25
18 c 16 42 1592 0 3274 90 20 10 19 21 23 24
19 c 45 70 1592 0 3279 90 30 38 20 21 23 24 25
20 c 35 66 1592 0 3283 90 10 1 23
21 c 42 65 1592 0 3284 90 10 19 22 24 25
22 c 25 50 1592 0 3285 90 10 17 23
23 c 28 52 1592 0 3287 90 20 27
24 c 30 56 1593 0 3288 90 20 25
25 c 30 50 1595 0 3290 90 10 1

