StringID Type x y release ReadyTime DueDate ServiceTime weight volume Item_Conflitante1 Item_Conflitante2 Item_Conflitante3 Item_Conflitante4 Item_Conflitante5 Item_Conflitante6 Item_Conflitante7 Item_Conflitante8 Item_Conflitante9 Item_Conflitante10 Item_Conflitante11 Item_Conflitante12 Item_Conflitante13 Item_Conflitante14 Item_Conflitante15 Item_Conflitante16 Item_Conflitante17 Item_Conflitante18 Peso_Total Volume_Total
0 d 40 50 0 0 1236 0 0 0                   200 200
1 c 20 80 0 384 429 90 40 35 3 4 5 7 8 9 10 11 13 14 15 16 18 20 21 24
2 c 22 75 0 30 92 90 30 36 3 7 9 10 11 12 14 16 17 18 21 22 24 25
3 c 35 69 0 448 505 90 10 2 4 7 8 9 10 11 12 13 14 15 16 17 18 19 20 21 22 24
4 c 38 70 0 534 605 90 10 10 6 7 9 10 11 12 15 16 18 19 21 22 23 25
5 c 38 68 0 255 324 90 20 10 6 9 11 12 17 19 20 21 24
6 c 25 52 0 169 224 90 40 38 7 8 9 10 11 14 17 19 20 21 24 25
7 c 28 55 164 732 777 90 10 12 8 9 10 11 13 14 16 18 21 22 23 24 25
8 c 42 68 164 727 782 90 10 18 9 10 12 14 15 16 17 18 19 20 22 24 25
9 c 20 85 515 0 1105 90 40 32 11 12 15 17 18 19 20 21 23 24 25
10 c 15 80 515 0 1106 90 10 19 11 12 13 16 18 19 20 22 24 25
11 c 22 85 515 0 1106 90 10 5 13 14 15 16 17 20 23 24 25
12 c 25 85 515 0 1107 90 20 17 13 14 15 16 17 18 19 23 24 25
13 c 15 75 515 0 1110 90 20 28 16 17 18 20 21 22 23 24 25
14 c 18 75 515 0 1112 90 20 26 15 16 17 20 21 22 23
15 c 45 70 515 0 1125 90 30 28 16 19 20 21 22 23 24 25
16 c 45 68 515 0 1127 90 10 10 17 18 21 24
17 c 40 69 515 0 1127 90 20 22 18 19 20 21 22 24 25
18 c 42 66 515 0 1129 90 10 10 19 20 21 22 23 24
19 c 35 66 515 0 1129 90 10 8 21 22 23 24
20 c 42 65 515 0 1130 90 10 1 21 22 23 24 25
21 c 40 66 515 0 1130 90 20 15 22 23 25
22 c 25 50 515 0 1131 90 10 12 23 24 25
23 c 28 52 515 0 1133 90 20 16 24
24 c 30 52 517 0 1135 90 20 14
25 c 30 50 518 0 1136 90 10 9

