StringID Type x y release ReadyTime DueDate ServiceTime weight volume Item_Conflitante1 Item_Conflitante2 Item_Conflitante3 Item_Conflitante4 Item_Conflitante5 Item_Conflitante6 Item_Conflitante7 Item_Conflitante8 Item_Conflitante9 Item_Conflitante10 Item_Conflitante11 Item_Conflitante12 Item_Conflitante13 Item_Conflitante14 Item_Conflitante15 Item_Conflitante16 Peso_Total Volume_Total
0 d 35 35 0 0 230 0 0 0                 200 200
1 c 55 5 12 43 102 10 29 29 2 3 6 7 8 10 11 12 13 16 17 18 19 20 24 25
2 c 45 20 12 37 96 10 11 4 3 4 6 7 8 10 11 12 13 14 15 19
3 c 15 60 12 52 109 10 17 14 9 10 12 16 17 18 22 23 24 25
4 c 20 40 12 69 114 10 12 22 5 6 7 8 11 13 15 16 17 18 19 20 21 22 24 25
5 c 10 20 12 52 107 10 19 23 6 7 10 11 12 15 16 17 18 19 20 21 23 24
6 c 30 5 12 35 96 10 8 13 8 10 11 14 16 17 20 21 24 25
7 c 15 10 12 32 114 10 20 15 9 10 14 15 16 17 18 19 20 21 22 23 25
8 c 20 65 12 42 101 10 12 2 9 10 11 12 13 14 15 20 22 24 25
9 c 50 35 12 38 97 10 19 21 10 11 12 13 14 15 19 21 22 23
10 c 20 50 12 61 110 10 5 13 11 12 13 14 15 16 17 18 19 21 24
11 c 15 30 12 20 93 10 26 36 12 13 14 15 19 20 21 22 23 24 25
12 c 35 17 12 22 87 10 7 1 13 14 17 19 21 22 23 24 25
13 c 10 43 12 75 124 10 9 7 14 17 19 20 22 23 25
14 c 45 10 12 76 127 10 18 8 15 16 18 20 21 22 23 24
15 c 55 60 28 74 129 10 16 25 17 21 22 24 25
16 c 25 30 28 76 131 10 3 1 17 18 19 22 23 24
17 c 55 45 28 98 143 10 13 15 18 20 21 24 25
18 c 30 60 41 107 150 10 16 15 19 20 21 22 24
19 c 45 65 41 105 156 10 9 1 20 21 22 24
20 c 55 20 69 123 184 10 19 27 21 22 25
21 c 65 20 71 121 186 10 6 15 23 24 25
22 c 5 30 74 124 189 10 2 8 23 24
23 c 65 35 75 124 190 10 3 8 24 25
24 c 30 25 81 131 196 10 23 26
25 c 41 49 83 133 198 10 10 20

