StringID Type x y release ReadyTime DueDate ServiceTime weight volume Item_Conflitante1 Item_Conflitante2 Item_Conflitante3 Item_Conflitante4 Item_Conflitante5 Item_Conflitante6 Item_Conflitante7 Item_Conflitante8 Item_Conflitante9 Item_Conflitante10 Item_Conflitante11 Item_Conflitante12 Item_Conflitante13 Item_Conflitante14 Item_Conflitante15 Item_Conflitante16 Item_Conflitante17 Item_Conflitante18 Peso_Total Volume_Total
0 d 40 50 0 0 3390 0 0 0                   700 700
1 c 52 75 0 71 711 90 10 10 2 5 6 7 9 10 12 13 14 15 17 18 19 20 21 23 24 25
2 c 45 70 0 20 660 90 30 25 4 5 6 7 8 12 13 15 17 18 19 20 21 24 25
3 c 62 69 0 927 1567 90 10 8 4 5 6 7 8 10 11 12 13 15 16 17 19 21 22 23 24 25
4 c 60 66 0 1021 1661 90 10 8 5 7 8 9 11 13 14 16 17 19 20 21 22 23 24 25
5 c 42 65 0 15 655 90 10 1 6 7 9 10 11 13 14 15 18 19 20 21 22 23 24 25
6 c 16 42 0 257 897 90 20 21 8 10 11 12 13 14 15 17 18 21 22 23
7 c 58 70 0 833 1473 90 20 12 9 10 11 12 13 15 16 17 19 20 21 22 24 25
8 c 28 52 0 12 652 90 20 15 10 12 13 14 15 17 20 21 23 25
9 c 30 50 0 10 650 90 10 12 10 12 13 14 15 16 17 19 20 21 22 24 25
10 c 25 50 0 15 655 90 10 7 12 14 15 16 17 20 21 24
11 c 14 66 921 1403 2043 90 10 19 12 14 15 16 17 19 20 23 24 25
12 c 15 75 921 1502 2142 90 20 27 14 15 21 22 23 24
13 c 15 80 921 1597 2237 90 10 18 15 16 17 19 22 24
14 c 20 85 921 1694 2334 90 40 39 15 16 17 19 20 21 22 25
15 c 22 85 921 1786 2426 90 10 13 16 17 18 21 22 25
16 c 25 85 921 1879 2519 90 20 10 17 18 21 22 23 24 25
17 c 20 80 921 1976 2616 90 40 41 18 19 20 21 22 23 24
18 c 18 75 1306 2071 2711 90 20 25 19 20 21 23 25
19 c 22 75 1306 2165 2805 90 30 31 20 21 23 24 25
20 c 22 66 1306 2264 2904 90 40 40 21 22 23
21 c 28 70 1306 2361 3001 90 10 14 22 23 24 25
22 c 35 69 1496 2458 3098 90 10 10 23 24 25
23 c 35 66 1496 2551 3191 90 10 14 24 25
24 c 34 60 1592 2647 3287 90 20 30 25
25 c 30 56 1593 2648 3288 90 20 10

