StringID Type x y release ReadyTime DueDate ServiceTime weight volume Item_Conflitante1 Item_Conflitante2 Item_Conflitante3 Item_Conflitante4 Item_Conflitante5 Item_Conflitante6 Item_Conflitante7 Item_Conflitante8 Item_Conflitante9 Item_Conflitante10 Item_Conflitante11 Item_Conflitante12 Item_Conflitante13 Item_Conflitante14 Item_Conflitante15 Item_Conflitante16 Item_Conflitante17 Item_Conflitante18 Item_Conflitante19 Item_Conflitante20 Item_Conflitante21 Item_Conflitante22 Item_Conflitante23 Item_Conflitante24 Item_Conflitante25 Item_Conflitante26 Item_Conflitante27 Item_Conflitante28 Item_Conflitante29 Item_Conflitante30 Item_Conflitante31 Item_Conflitante32 Item_Conflitante33 Item_Conflitante34 Item_Conflitante35 Item_Conflitante36 Item_Conflitante37 Item_Conflitante38 Item_Conflitante39 Item_Conflitante40 Item_Conflitante41 Item_Conflitante42 Item_Conflitante43 Item_Conflitante44 Item_Conflitante45 Item_Conflitante46 Item_Conflitante47 Item_Conflitante48 Item_Conflitante49 Item_Conflitante50 Item_Conflitante51 Item_Conflitante52 Item_Conflitante53 Item_Conflitante54 Item_Conflitante55 Item_Conflitante56 Item_Conflitante57 Item_Conflitante58 Item_Conflitante59 Item_Conflitante60 Item_Conflitante61 Item_Conflitante62 Item_Conflitante63 Item_Conflitante64 Item_Conflitante65 Item_Conflitante66 Item_Conflitante67 Item_Conflitante68 Item_Conflitante69 Item_Conflitante70 Item_Conflitante71 Item_Conflitante72 Item_Conflitante73 Item_Conflitante74 Item_Conflitante75 Item_Conflitante76 Item_Conflitante77 Item_Conflitante78 Item_Conflitante79 Item_Conflitante80 Item_Conflitante81 Item_Conflitante82 Item_Conflitante83 Item_Conflitante84 Item_Conflitante85 Item_Conflitante86 Item_Conflitante87 Item_Conflitante88 Item_Conflitante89 Item_Conflitante90 Peso_Total Volume_Total
0 d 35 35 0 0 1000 0 0 0                                                                                           1000 1000
1 c 24 58 94 113 353 10 19 19 2 4 5 6 7 8 9 10 11 12 14 15 16 17 18 19 21 22 23 24 25 26 27 28 29 30 32 33 34 35 36 37 39 40 41 42 43 44 45 46 47 48 49 50 51 52 53 54 55 56 57 58 59 60 62 64 66 67 68 69 70 71 72 73 74 75 76 77 78 82 83 84 85 86 87 88 89 90 91 92 94 95 96 97 98 99
2 c 67 5 94 228 468 10 25 19 3 4 5 6 7 8 9 10 11 12 13 14 15 16 17 18 19 21 22 24 25 27 28 29 30 31 32 33 34 35 36 37 38 39 40 41 42 43 44 46 47 49 50 51 52 53 54 55 57 58 59 60 61 62 63 64 66 67 68 69 71 72 73 74 75 77 78 79 80 81 82 83 85 86 87 88 89 90 91 92 93 94 95 96 97 98 99 100
3 c 37 47 94 108 348 10 6 14 4 5 7 8 9 10 11 12 13 14 15 16 17 18 19 20 21 22 23 24 25 26 27 28 29 31 32 33 35 38 39 40 41 42 43 44 46 47 48 49 50 51 52 53 54 55 56 57 58 60 61 62 63 64 65 66 67 68 69 70 71 72 73 74 75 76 77 79 81 82 83 86 87 88 89 90 91 92 93 94 95 96 98 99 100
4 c 6 38 94 29 269 10 16 11 5 6 7 8 9 10 11 12 13 14 15 16 17 18 19 20 21 23 24 26 27 28 29 30 31 33 34 35 36 37 38 39 41 42 43 44 45 47 48 49 50 51 52 53 54 55 56 57 58 59 60 61 62 63 64 65 66 67 68 69 70 71 72 73 74 76 77 78 79 80 81 82 83 84 85 86 87 88 89 90 91 92 93 94 95 96 99 100
5 c 11 14 94 167 407 10 18 21 6 7 8 9 10 11 12 13 15 16 17 20 21 22 23 25 26 27 28 29 30 31 32 33 34 35 37 38 39 40 42 43 44 45 46 47 48 49 50 51 52 53 54 55 56 57 58 59 60 61 62 63 64 65 66 67 68 69 70 71 72 73 74 75 76 77 78 79 80 81 82 83 84 85 86 87 88 89 90 91 92 93 94 96 97 98 99 100
6 c 24 12 94 25 265 10 5 4 7 8 9 10 11 12 13 14 15 16 18 19 20 21 22 23 25 26 27 28 29 30 31 32 33 34 35 36 37 38 39 40 41 42 43 44 45 46 48 49 50 51 52 53 54 55 56 57 58 59 60 61 62 63 64 65 66 67 68 69 70 71 72 73 74 75 76 77 78 79 80 81 82 83 84 85 86 87 88 89 90 91 92 93 94 96 97 98 99 100
7 c 60 12 94 33 273 10 31 35 8 9 10 11 12 13 14 15 16 17 18 19 20 21 22 23 24 25 26 27 28 29 30 31 32 33 34 35 36 37 38 39 40 41 42 44 45 46 47 48 49 50 51 52 53 54 55 56 57 58 59 60 61 62 63 65 67 69 70 71 72 73 74 76 77 78 79 80 81 82 83 84 85 87 88 89 90 91 92 93 94 95 97 98 99 100
8 c 5 5 94 234 474 10 16 13 9 10 11 12 13 14 15 16 17 18 19 20 21 22 23 24 25 26 27 28 29 30 31 32 33 34 35 36 37 38 39 40 41 42 43 44 45 46 47 48 49 50 51 52 53 54 55 56 57 58 59 60 61 62 63 64 65 66 67 68 69 70 71 73 74 75 76 77 78 79 80 81 82 83 84 85 86 87 88 89 90 91 93 95 96 97 98 99 100
9 c 2 60 94 41 281 10 5 10 10 11 13 15 16 17 19 20 21 22 23 24 26 27 28 30 31 32 34 35 36 37 38 40 41 42 43 44 45 46 47 48 49 50 51 52 53 54 55 56 57 59 61 62 63 64 65 66 67 68 69 70 71 72 73 74 75 76 77 78 79 80 81 82 83 84 85 86 87 88 89 91 93 94 95 96 97 98 99 100
10 c 53 52 94 24 264 10 11 13 11 12 13 14 15 16 17 18 19 20 21 22 24 25 26 27 28 29 30 31 32 33 34 35 37 38 39 40 41 42 43 44 45 46 47 48 49 50 51 52 53 54 55 56 57 58 59 60 61 62 63 64 65 66 68 69 70 71 72 73 74 75 76 77 78 79 80 81 82 83 84 85 86 87 88 90 91 92 93 94 95 96 98 99 100
11 c 15 77 94 154 394 10 9 1 12 13 14 15 16 17 18 19 20 21 22 23 24 25 26 27 28 29 30 31 32 33 34 36 37 38 39 40 41 42 43 44 45 46 47 48 49 50 51 52 53 54 55 56 57 58 59 60 61 62 63 64 65 66 67 68 69 70 71 72 73 74 75 76 77 79 80 81 82 83 84 85 86 87 88 89 90 91 92 93 94 96 97 98 99 100
12 c 49 42 94 212 452 10 13 19 13 14 15 16 17 18 19 20 22 24 26 27 28 29 30 31 32 33 34 35 36 37 38 39 40 41 42 44 45 46 47 48 49 50 51 52 53 54 55 56 57 58 59 60 61 62 63 64 65 66 67 68 69 71 72 74 75 76 77 78 79 80 81 82 83 84 85 86 87 88 89 90 92 93 94 95 97 98 99 100
13 c 40 60 94 187 427 10 21 19 14 15 16 17 18 19 20 23 24 25 27 28 29 31 32 33 34 35 36 37 38 39 41 42 43 44 45 46 47 48 49 50 51 52 54 55 56 57 58 60 62 63 64 65 66 67 68 69 70 71 72 74 75 76 77 78 80 81 82 83 84 85 86 87 89 90 91 92 93 94 95 96 97 98 99 100
14 c 35 40 94 60 300 10 16 9 15 16 17 18 19 20 21 23 26 27 28 29 30 31 32 33 34 35 36 37 39 40 41 42 43 44 45 46 47 48 50 51 52 53 55 56 57 58 59 60 61 62 63 65 67 68 69 70 71 72 73 74 75 76 77 78 79 80 81 82 83 84 85 86 87 88 89 90 91 92 93 94 95 96 97 98 99 100
15 c 55 5 94 146 386 10 29 28 16 18 19 20 21 22 24 25 26 27 28 29 30 31 33 35 36 37 38 39 40 41 42 43 44 45 46 47 49 50 51 52 53 54 55 56 57 58 59 60 61 62 65 66 67 68 69 70 71 72 73 74 76 77 78 79 80 81 82 83 84 86 87 89 90 91 92 93 95 97 98 99 100
16 c 62 77 94 49 289 10 20 18 17 18 19 20 21 22 23 24 25 26 27 28 29 31 32 33 34 36 37 38 39 40 42 43 44 45 46 47 48 49 50 51 52 53 54 55 56 57 58 59 60 61 62 63 64 65 66 67 68 70 71 72 73 74 75 76 77 78 79 80 81 82 83 84 85 86 87 88 90 91 92 94 95 96 97 98 99 100
17 c 22 22 94 18 258 10 2 1 18 19 20 21 22 23 24 26 27 28 29 30 31 32 33 34 35 36 37 38 39 40 42 44 45 46 47 48 49 51 52 53 54 55 56 58 59 60 61 62 63 64 65 66 67 68 69 70 72 73 74 75 77 78 80 81 82 83 84 85 86 87 88 89 90 91 92 94 95 96 97 100
18 c 30 5 94 118 358 10 8 16 19 20 21 22 24 25 27 28 29 30 31 33 35 36 37 38 39 40 42 43 44 45 46 47 48 49 50 51 52 53 54 55 56 57 58 59 60 61 62 63 64 65 66 67 68 69 70 71 72 73 74 75 76 77 78 79 80 81 82 84 85 86 87 88 89 90 91 92 93 94 95 96 97 98 99 100
19 c 20 65 94 146 386 10 12 4 20 21 22 23 24 25 27 28 29 30 31 34 35 36 37 38 39 40 42 43 44 46 47 48 49 50 51 52 53 54 55 56 57 58 59 60 61 62 63 64 65 66 67 69 70 71 72 73 74 75 76 77 78 79 80 81 82 83 84 85 86 87 88 89 90 91 92 93 94 95 96 97 98 99 100
20 c 26 52 94 214 454 10 9 9 21 22 23 24 25 28 29 30 31 32 33 34 35 36 37 38 39 40 41 42 43 44 45 46 47 49 50 51 52 53 54 55 56 57 58 59 60 62 63 64 65 66 67 68 69 70 71 72 73 74 75 76 77 78 79 80 81 82 83 84 85 86 87 88 89 90 91 92 93 94 95 96 97 98 99 100
21 c 20 26 94 263 503 10 9 19 22 23 24 25 26 27 28 29 30 31 32 33 34 35 36 37 38 39 40 41 42 43 44 46 48 49 50 51 52 53 54 55 56 57 58 59 60 61 62 63 64 65 66 67 68 69 70 71 72 74 75 76 78 79 80 81 82 83 84 85 86 87 88 89 90 91 92 95 96 97 98 99 100
22 c 40 25 94 279 519 10 9 15 23 24 25 26 27 28 29 30 31 32 35 36 37 38 39 40 41 42 43 44 45 46 47 48 49 50 51 52 53 54 55 56 57 58 59 60 61 62 63 64 65 66 68 69 70 71 72 73 74 76 77 78 79 80 81 82 83 85 86 87 88 90 91 92 94 95 96 97 100
23 c 57 48 94 307 547 10 23 18 24 26 27 28 29 30 31 32 33 34 35 36 37 38 39 40 41 42 43 44 45 46 47 48 49 50 51 52 53 54 55 56 57 58 60 61 62 63 64 65 66 67 68 69 70 71 72 74 76 77 78 79 80 82 83 84 85 86 87 88 89 90 91 92 93 94 95 96 97 98 99 100
24 c 28 18 94 314 554 10 26 23 26 27 28 29 30 31 32 33 34 35 36 37 38 39 40 41 42 43 45 46 47 48 49 51 52 53 55 56 57 58 59 60 61 62 63 64 66 67 68 69 70 72 73 74 75 76 78 79 80 81 82 83 84 85 86 87 88 89 91 92 93 94 95 96 97 98 99 100
25 c 61 52 94 322 562 10 3 2 26 27 28 29 30 31 32 33 34 35 36 37 38 39 40 41 42 43 45 46 47 48 50 53 54 55 56 57 58 59 60 62 63 64 66 67 68 69 70 71 72 73 74 75 76 77 78 79 80 81 82 83 84 86 87 88 89 90 91 92 93 94 95 96 97 98 99 100
26 c 10 43 94 323 563 10 9 1 29 31 32 33 34 35 36 37 38 39 40 41 42 44 45 46 47 48 49 50 51 52 53 54 55 56 57 58 59 60 61 62 63 65 66 67 68 69 70 71 72 73 74 75 76 78 79 80 81 83 84 86 87 88 89 90 91 92 93 94 95 96 97 98 99 100
27 c 55 60 94 329 569 10 16 11 28 29 30 31 32 33 35 36 37 38 39 40 41 42 43 44 45 46 47 48 49 51 53 54 55 56 57 59 60 61 62 63 64 65 66 67 68 69 70 71 72 73 74 75 76 77 78 79 80 81 83 84 85 86 87 88 89 90 91 92 93 94 95 96 98 99
28 c 45 10 94 332 572 10 18 22 29 30 31 32 33 35 37 38 41 42 43 44 45 46 47 48 49 50 51 52 53 54 55 56 57 58 60 61 62 63 64 66 67 68 69 70 71 72 73 74 75 76 78 79 80 81 82 84 85 86 87 88 89 90 91 93 94 95 96 97 98 99 100
29 c 37 31 94 332 572 10 14 15 30 31 32 34 35 36 37 38 39 41 42 43 44 45 46 47 48 49 50 51 52 53 54 55 56 57 58 59 60 62 63 64 65 66 67 68 69 70 71 72 74 75 76 77 78 79 80 84 85 86 88 89 91 92 93 94 95 96 97 98 99 100
30 c 42 7 94 334 574 10 5 7 31 33 34 35 36 37 38 39 41 42 43 44 45 46 47 48 49 50 51 52 53 54 55 56 57 58 59 60 61 62 63 64 65 66 67 68 69 70 71 72 74 75 76 77 78 79 80 81 82 84 85 86 87 88 89 90 91 92 93 94 95 96 97 98 99 100
31 c 25 30 94 345 585 10 3 13 32 33 34 35 37 38 39 40 41 42 43 44 45 46 47 49 50 51 52 53 54 55 56 57 58 59 60 61 62 63 64 65 66 67 68 69 71 72 73 74 75 76 77 78 79 80 81 82 84 85 86 87 88 89 90 91 92 93 94 95 96 97 98 100
32 c 11 31 94 354 594 10 7 11 33 34 35 36 37 38 39 40 41 42 43 44 45 46 47 48 49 50 51 52 53 54 55 56 58 59 61 62 63 64 65 66 67 68 69 70 71 72 73 74 75 76 77 78 80 81 82 83 84 85 86 87 88 89 91 92 95 96 97 98 99 100
33 c 6 68 263 401 641 10 30 35 34 35 36 37 39 40 41 42 43 44 45 46 48 49 50 51 52 53 54 55 56 58 59 60 61 62 63 64 65 66 67 68 69 70 71 72 74 76 77 78 79 80 81 82 83 86 87 88 89 90 91 92 93 95 96 97 98 99 100
34 c 30 60 263 485 725 10 16 9 35 36 37 38 39 40 41 42 43 44 45 46 47 48 49 50 51 52 53 54 55 57 58 59 60 61 62 63 64 65 66 67 68 69 70 71 72 73 74 75 76 77 78 79 81 82 83 84 85 86 87 89 90 91 92 94 95 96 97 98 99 100
35 c 53 12 263 519 759 10 6 14 36 37 38 39 40 41 42 44 45 46 47 49 50 51 52 53 54 55 56 57 58 59 60 61 62 63 64 65 67 68 69 70 71 72 73 74 75 76 77 78 79 80 81 82 83 84 85 86 87 88 89 90 91 92 93 95 96 97 98 99 100
36 c 49 73 263 523 763 10 25 30 37 38 39 40 41 42 43 44 45 46 47 48 49 50 51 52 53 54 55 57 58 59 60 61 62 64 65 66 68 69 70 71 72 73 74 75 76 77 78 79 80 81 82 83 84 85 86 87 88 89 90 91 92 93 94 95 96 97 98 99 100
37 c 63 23 362 560 800 10 2 10 38 40 41 42 43 44 45 46 47 48 49 50 51 52 54 55 56 57 58 59 60 61 62 63 64 65 66 67 68 69 70 71 72 74 75 76 77 78 79 80 81 82 83 84 85 86 87 88 91 92 94 96 97 98 99 100
38 c 56 39 362 575 815 10 36 28 40 41 42 43 44 45 46 47 48 49 51 52 53 54 55 56 57 58 59 61 62 63 64 65 66 67 70 71 72 74 75 76 77 78 79 80 81 82 83 84 85 86 87 88 89 90 91 92 93 94 95 96 97 99
39 c 55 20 362 620 860 10 19 10 40 41 42 43 44 45 46 47 48 49 50 51 52 53 54 55 56 57 59 61 62 63 64 65 66 67 68 69 70 71 72 73 74 75 76 77 78 79 80 81 82 83 84 86 87 89 91 92 94 95 96 97 98 99 100
40 c 46 13 362 622 862 10 8 1 41 42 43 44 45 46 47 48 49 50 51 52 53 54 55 56 57 58 59 60 61 62 63 64 65 66 67 68 69 70 72 73 74 75 76 77 78 79 80 81 82 83 84 85 86 87 88 89 90 91 92 93 94 95 97 98 99
41 c 63 65 379 630 870 10 8 1 43 44 45 46 47 48 49 50 51 52 53 54 56 57 58 59 60 62 63 64 65 66 67 68 69 70 71 72 73 74 75 76 79 80 81 82 83 84 85 86 87 88 89 90 92 93 94 95 96 97 98 99 100
42 c 30 25 379 639 879 10 23 21 43 44 45 47 49 50 51 52 53 54 56 57 58 59 60 61 62 63 64 65 66 67 68 69 70 71 72 73 74 75 76 77 78 79 80 81 82 83 84 85 86 87 88 89 90 91 92 93 94 95 96 97 98 100
43 c 5 30 422 682 922 10 2 1 44 45 46 47 48 49 50 51 52 53 54 55 56 57 58 59 60 61 62 63 64 65 66 67 68 69 70 71 72 73 74 75 76 77 78 79 80 81 82 83 84 85 86 87 88 89 90 91 92 93 94 95 96 97 99 100
44 c 57 68 450 0 950 10 15 13 45 46 47 48 49 50 51 52 53 55 56 58 60 62 63 64 65 67 68 69 70 71 73 74 75 76 77 78 79 80 81 82 83 84 85 87 88 89 90 91 92 93 94 95 96 97 98 100
45 c 65 55 453 0 953 10 14 13 46 47 48 49 50 51 52 53 54 55 58 59 60 61 62 63 65 66 67 68 70 72 73 74 75 76 77 78 79 80 81 82 84 85 86 87 88 89 90 91 92 93 94 95 97 98 100
46 c 2 48 454 0 954 10 1 1 47 48 49 50 51 52 54 55 56 57 58 59 60 61 62 64 65 66 67 68 69 70 71 72 73 74 75 76 77 78 80 81 82 83 84 85 86 87 88 90 91 92 93 94 95 96 97 98 99 100
47 c 4 18 454 0 954 10 35 42 48 49 50 51 52 53 54 55 56 58 59 60 61 63 64 65 66 67 68 69 70 71 72 73 74 75 76 77 78 79 80 81 82 83 84 85 86 87 88 89 90 91 92 93 94 95 96 97 98 99 100
48 c 27 69 455 0 955 10 10 15 49 50 51 52 53 54 55 56 57 58 59 60 61 62 63 64 65 67 68 69 70 71 72 73 74 75 76 77 78 79 80 81 82 83 84 85 86 87 88 89 90 92 93 94 95 96 97 98 99 100
49 c 8 56 455 0 955 10 27 36 50 51 52 53 54 55 56 57 58 60 61 62 64 66 67 68 70 71 72 73 74 75 76 77 78 79 80 82 83 84 85 86 87 88 89 90 91 92 93 94 95 96 97 98 99 100
50 c 23 3 455 0 955 10 7 7 51 52 53 54 55 56 57 58 59 60 61 62 63 64 65 66 68 69 70 71 72 73 74 75 76 77 78 79 80 81 82 83 84 85 86 88 89 90 91 93 94 95 96 97 99 100
51 c 65 20 456 716 956 10 6 1 52 53 54 56 57 59 60 61 62 63 64 65 66 67 68 69 70 71 72 73 74 75 76 77 78 79 80 81 83 84 85 86 87 88 89 90 91 92 93 94 95 97 98 99 100
52 c 35 69 457 0 956 10 23 27 53 54 55 56 57 58 59 60 61 62 64 65 66 67 68 70 71 72 73 74 75 76 77 78 79 80 81 82 83 84 85 86 87 89 90 91 92 93 94 95 96 97 98 99 100
53 c 15 10 457 0 957 10 20 20 54 55 56 57 59 60 61 62 63 64 65 66 67 68 69 70 72 73 74 75 76 77 78 79 80 81 82 83 84 85 86 87 88 89 90 91 92 94 95 96 98 99 100
54 c 31 67 457 0 957 10 3 1 55 57 58 59 60 61 62 64 65 66 67 68 69 71 72 73 75 76 77 78 79 80 81 83 84 85 87 88 89 90 91 92 93 94 95 96 97 98 99
55 c 15 60 457 0 957 10 17 14 56 57 58 59 60 61 62 63 64 65 66 67 68 69 70 71 72 74 75 76 77 78 79 80 81 82 83 84 85 86 88 89 90 91 92 93 94 95 96 97 98 99 100
56 c 45 65 458 0 958 10 9 10 57 58 59 60 61 62 63 64 65 66 67 68 69 70 71 72 73 74 75 76 77 78 79 80 81 82 83 84 86 87 88 89 90 91 92 93 94 95 96 97 98 99 100
57 c 65 35 460 0 960 10 3 1 58 60 61 62 63 64 65 66 67 68 69 70 71 72 74 75 76 77 78 79 81 82 83 84 85 86 87 88 89 90 91 92 93 95 96 97 98 99
58 c 64 42 462 0 960 10 9 1 59 60 61 62 63 64 65 66 67 68 69 70 71 72 73 74 75 76 77 79 80 81 82 83 84 85 86 87 88 89 90 91 92 93 94 95 96 97 98 99 100
59 c 10 20 462 0 960 10 19 23 60 61 62 63 64 65 66 67 69 70 71 72 73 74 75 77 78 79 80 81 83 85 87 88 89 90 91 92 93 94 95 96 98 99 100
60 c 13 52 462 0 962 10 36 42 61 62 63 65 66 67 68 69 70 71 72 74 75 76 77 78 79 80 81 82 84 86 87 88 89 90 91 92 93 94 95 96 97 98 99
61 c 55 54 462 0 962 10 26 22 62 63 65 66 67 68 69 70 71 72 73 74 76 77 78 79 80 81 82 83 84 85 87 88 89 91 92 93 94 95 96 98 99 100
62 c 49 11 462 0 962 10 18 20 63 64 65 66 67 68 69 70 71 72 73 74 75 76 77 78 79 80 81 82 83 84 85 86 88 89 90 91 92 93 94 95 96 98 99 100
63 c 49 58 463 0 963 10 10 4 64 65 66 67 68 69 70 71 72 73 74 75 76 78 79 80 81 82 83 84 85 86 87 88 89 90 91 92 93 94 95 96 97 98 99 100
64 c 15 19 464 0 964 10 1 1 65 66 67 68 69 70 71 72 73 75 76 77 78 79 80 81 82 83 84 85 86 88 89 90 91 92 93 94 95 96 98 99 100
65 c 12 24 464 0 964 10 13 10 66 67 68 69 70 71 72 74 76 77 78 79 80 81 82 83 85 86 87 88 89 90 91 92 93 94 95 96 97 98 99 100
66 c 18 18 465 725 965 10 17 9 67 69 70 71 72 74 75 76 77 78 79 81 82 83 84 85 87 88 89 90 91 92 93 94 95 96 97 98 99 100
67 c 15 47 466 0 966 10 16 18 68 69 70 71 72 73 74 75 76 77 78 79 81 82 83 84 85 86 87 88 89 90 91 92 93 94 95 96 97 98 99 100
68 c 32 12 466 0 966 10 7 1 69 70 71 72 73 74 75 76 77 78 79 80 81 82 83 84 85 86 87 88 89 90 91 92 93 94 95 96 97 98 99 100
69 c 16 22 466 0 966 10 41 36 70 71 72 73 74 75 77 78 79 80 81 82 83 84 85 86 87 88 89 90 91 92 93 94 95 96 97 98 99 100
70 c 57 29 467 0 967 10 18 18 72 73 74 75 76 77 78 80 81 82 83 85 86 87 88 89 90 91 92 93 94 95 96 97 98 99 100
71 c 47 16 467 0 967 10 25 15 72 73 74 75 76 77 78 79 80 81 82 83 84 85 87 88 89 90 91 92 93 94 95 97 98 99 100
72 c 55 45 467 0 967 10 13 17 74 75 76 78 79 80 81 82 83 84 85 86 87 88 89 90 91 94 95 96 97 98 99
73 c 14 37 468 0 968 10 11 18 74 76 77 78 79 80 81 82 83 84 85 86 87 88 89 90 91 92 93 94 95 96 97 98 99 100
74 c 56 37 468 728 968 10 6 15 75 76 77 78 79 80 82 83 84 85 86 87 88 89 90 91 92 94 95 96 97 98 99 100
75 c 20 50 468 0 968 10 5 11 76 77 78 79 80 81 82 83 84 85 86 87 88 89 90 91 92 93 94 95 96 97 99 100
76 c 37 56 468 728 968 10 5 1 77 78 79 80 81 82 83 84 85 86 87 88 89 90 91 92 93 95 96 97 98 99 100
77 c 19 21 468 0 968 10 10 1 78 79 80 81 82 83 84 86 87 88 89 90 91 92 93 94 95 96 97 98 99 100
78 c 20 20 468 0 968 10 8 11 79 80 81 82 83 84 85 86 87 90 91 93 94 95 96 97 98 99 100
79 c 44 17 469 0 969 10 9 6 80 81 82 83 85 86 87 88 90 91 93 94 97 99 100
80 c 15 30 469 0 969 10 26 24 81 82 83 84 85 86 87 88 89 90 91 93 94 95 96 97 98 99 100
81 c 18 24 469 729 969 10 22 28 82 84 85 86 87 88 90 91 92 93 94 95 96 97 98 100
82 c 53 43 470 730 970 10 14 18 83 84 85 86 87 88 89 90 91 92 93 94 95 96 97 98 99 100
83 c 45 20 471 0 971 10 11 7 84 85 86 87 88 89 90 91 92 93 94 95 96 97 98 99 100
84 c 17 34 471 0 971 10 3 1 85 86 88 89 90 91 92 93 94 95 96 97 98 99 100
85 c 25 21 472 0 972 10 12 21 86 87 88 89 90 92 93 94 95 96 97 98 99 100
86 c 35 17 472 0 972 10 7 9 87 88 89 90 91 92 93 94 95 96 97 98 99 100
87 c 21 24 472 0 972 10 28 31 88 89 90 91 92 93 94 95 96 97 98 99 100
88 c 31 52 472 0 972 10 27 29 89 90 92 93 94 95 96 97 98 99 100
89 c 47 47 473 0 973 10 13 19 90 91 92 93 94 95 96 97 98 99 100
90 c 20 40 474 0 974 10 12 15 92 93 94 95 96 97 98 99 100
91 c 41 49 474 0 974 10 10 8 92 93 94 95 96 97 98 99 100
92 c 22 27 474 0 974 10 11 15 93 94 95 96 97 98 99 100
93 c 25 24 475 0 975 10 20 20 94 95 96 97 98 99 100
94 c 50 35 475 0 975 10 19 27 95 96 97 98 100
95 c 26 27 477 0 977 10 27 17 96 97 98 99 100
96 c 45 30 478 0 978 10 17 9 97 98 99 100
97 c 27 43 478 0 978 10 9 14 98 99 100
98 c 36 26 480 740 980 10 18 21 99 100
99 c 26 35 481 0 981 10 15 10 100
100 c 41 37 483 0 983 10 16 19

