StringID Type x y release ReadyTime DueDate ServiceTime weight volume Item_Conflitante1 Item_Conflitante2 Item_Conflitante3 Item_Conflitante4 Item_Conflitante5 Item_Conflitante6 Item_Conflitante7 Item_Conflitante8 Item_Conflitante9 Item_Conflitante10 Item_Conflitante11 Item_Conflitante12 Item_Conflitante13 Item_Conflitante14 Item_Conflitante15 Item_Conflitante16 Item_Conflitante17 Item_Conflitante18 Item_Conflitante19 Item_Conflitante20 Item_Conflitante21 Item_Conflitante22 Item_Conflitante23 Item_Conflitante24 Item_Conflitante25 Item_Conflitante26 Item_Conflitante27 Item_Conflitante28 Item_Conflitante29 Item_Conflitante30 Item_Conflitante31 Item_Conflitante32 Item_Conflitante33 Item_Conflitante34 Item_Conflitante35 Item_Conflitante36 Item_Conflitante37 Item_Conflitante38 Item_Conflitante39 Item_Conflitante40 Item_Conflitante41 Item_Conflitante42 Item_Conflitante43 Item_Conflitante44 Item_Conflitante45 Item_Conflitante46 Item_Conflitante47 Item_Conflitante48 Item_Conflitante49 Item_Conflitante50 Item_Conflitante51 Item_Conflitante52 Item_Conflitante53 Item_Conflitante54 Item_Conflitante55 Item_Conflitante56 Item_Conflitante57 Item_Conflitante58 Item_Conflitante59 Item_Conflitante60 Item_Conflitante61 Item_Conflitante62 Item_Conflitante63 Item_Conflitante64 Item_Conflitante65 Item_Conflitante66 Item_Conflitante67 Item_Conflitante68 Item_Conflitante69 Item_Conflitante70 Item_Conflitante71 Item_Conflitante72 Item_Conflitante73 Item_Conflitante74 Item_Conflitante75 Item_Conflitante76 Item_Conflitante77 Item_Conflitante78 Item_Conflitante79 Item_Conflitante80 Item_Conflitante81 Item_Conflitante82 Item_Conflitante83 Item_Conflitante84 Item_Conflitante85 Item_Conflitante86 Item_Conflitante87 Item_Conflitante88 Item_Conflitante89 Item_Conflitante90 Item_Conflitante91 Item_Conflitante92 Peso_Total Volume_Total
0 d 40 50 0 0 960 0 0 0                                                                                             1000 1000
1 c 64 42 5 268 388 10 9 1 2 3 4 5 7 9 10 11 12 13 14 15 16 17 18 19 20 21 22 23 24 25 26 27 28 29 30 31 32 33 34 35 36 37 38 39 40 41 43 44 45 47 48 49 50 51 52 53 54 55 56 57 58 59 60 61 62 63 64 65 66 67 68 69 70 71 72 73 74 75 76 77 78 80 81 82 83 85 87 88 89 90 91 92 93 94 95 96 97 98 99 100
2 c 37 31 5 105 225 10 14 24 3 4 5 6 8 9 10 11 12 13 14 15 16 17 18 19 20 21 22 23 24 26 28 29 30 31 32 33 34 36 37 38 39 40 41 42 43 44 45 46 48 49 50 51 52 53 54 55 56 57 58 59 60 61 63 64 65 66 67 68 69 70 71 72 73 74 75 76 77 78 79 80 81 82 83 84 85 86 87 89 90 91 93 94 95 96 97 98 99 100
3 c 65 85 5 43 163 10 40 34 4 5 6 7 8 9 10 11 12 13 14 15 17 18 19 20 21 23 24 25 26 27 28 29 30 31 32 33 34 35 37 39 40 41 42 43 45 46 47 48 49 50 51 52 53 54 55 56 57 58 59 60 61 62 63 64 65 66 67 68 70 71 72 73 74 75 77 78 79 80 81 82 83 84 85 86 87 88 89 90 91 92 93 95 96 97 98 99
4 c 27 43 5 152 272 10 9 16 5 6 7 8 9 10 11 12 13 14 15 16 17 18 19 20 21 22 23 24 25 28 29 30 31 32 33 34 35 36 37 38 39 40 41 42 43 44 45 46 47 48 49 50 51 52 53 54 55 56 57 58 59 60 61 62 63 65 67 68 69 70 71 72 73 75 76 77 78 79 80 81 82 83 84 85 86 87 88 90 91 93 94 95 96 97 98 99 100
5 c 62 80 5 278 398 10 30 22 6 8 9 10 11 12 13 14 15 16 17 18 19 20 21 22 23 24 25 26 27 28 29 30 31 32 33 34 35 36 37 38 39 40 41 42 44 45 46 48 49 50 51 52 53 54 55 56 57 58 59 60 61 62 63 64 65 67 68 69 70 71 72 74 75 76 77 78 80 81 82 83 84 85 86 87 88 89 91 92 93 94 95 96 97 98 99 100
6 c 60 80 5 64 184 10 10 1 7 8 9 10 11 13 14 15 16 17 18 19 20 21 22 23 24 25 26 27 28 29 30 31 32 33 34 35 36 37 38 39 40 41 42 43 44 45 46 47 48 49 50 51 52 53 54 55 56 57 58 59 60 61 62 63 64 65 66 67 68 69 70 71 73 74 75 76 77 78 79 80 81 82 83 84 85 86 87 88 89 90 91 92 93 95 96 97 98 100
7 c 60 85 5 329 449 10 30 24 8 9 10 11 12 13 14 15 16 17 18 19 20 21 23 24 25 26 27 28 29 30 31 32 33 34 35 36 37 38 39 40 41 42 43 44 45 46 48 49 50 51 52 53 54 55 56 57 58 60 61 62 63 64 65 66 67 68 69 70 71 72 73 74 75 76 77 78 79 81 82 83 84 85 86 87 88 89 90 93 94 95 96 97 98 99 100
8 c 55 80 5 33 153 10 10 17 9 10 12 13 14 15 16 17 18 19 20 21 22 23 24 25 26 27 28 29 30 31 32 33 34 35 36 37 38 40 41 42 43 45 47 48 49 50 51 52 53 54 55 56 57 58 59 60 61 62 63 64 65 66 67 68 69 70 72 73 74 75 76 77 78 79 80 81 82 83 84 85 86 87 88 89 90 92 93 94 95 96 97 98 99 100
9 c 49 58 5 355 475 10 10 8 11 12 13 15 16 17 18 19 20 22 25 26 27 28 29 31 32 33 34 35 36 37 39 40 41 42 43 44 45 46 47 48 49 50 51 52 53 54 55 56 57 58 59 60 61 62 63 64 65 68 69 71 72 73 76 77 78 79 80 81 82 83 84 85 86 88 89 90 91 92 94 95 96 97 98 99 100
10 c 55 82 5 217 337 10 10 7 11 12 13 14 16 17 18 19 20 21 22 23 24 25 26 27 28 29 30 31 32 34 35 36 37 38 41 42 43 44 45 46 47 50 51 52 53 54 55 56 57 58 59 60 61 62 63 64 65 66 67 68 69 70 71 72 73 74 76 77 78 79 80 81 82 83 84 85 86 87 88 89 90 91 92 93 94 95 96 97 98 99 100
11 c 20 82 5 37 157 10 10 11 12 13 14 16 17 18 19 20 21 22 23 24 25 27 28 29 30 31 33 34 35 36 37 38 39 41 42 43 44 45 46 47 48 49 50 52 53 54 55 57 58 59 60 62 63 64 65 66 67 68 69 70 71 72 73 74 75 78 79 80 81 82 83 84 85 86 87 88 89 90 91 92 93 95 96 97 98 99
12 c 2 45 5 105 225 10 10 10 13 14 15 16 17 18 19 20 21 22 23 24 25 26 27 28 29 30 31 32 33 34 35 36 37 38 39 40 41 42 43 44 45 46 47 48 50 51 52 53 54 55 56 57 58 59 61 62 63 64 65 67 68 69 70 71 72 73 74 75 76 77 78 79 80 81 82 83 84 85 86 87 89 90 92 93 95 97 98 100
13 c 6 68 5 352 472 10 30 24 14 15 16 17 18 19 20 21 22 23 24 25 28 29 30 31 32 33 34 35 36 37 38 39 40 41 42 43 45 46 47 48 49 50 51 52 53 55 56 57 58 59 60 61 62 63 64 65 66 67 68 69 70 71 72 73 74 75 76 77 78 79 81 82 83 84 85 86 87 88 89 91 92 93 94 95 96 97 98 99 100
14 c 26 35 5 308 428 10 15 8 15 16 17 18 19 20 21 22 23 24 25 26 27 28 29 30 31 32 33 34 35 36 37 38 39 40 41 42 43 44 45 46 47 48 49 50 51 52 53 54 55 56 57 58 59 60 61 62 64 65 66 67 68 69 70 71 72 73 74 75 76 77 78 79 80 81 82 83 84 86 88 89 90 91 92 93 94 95 96 97 98 100
15 c 55 20 5 326 446 10 19 17 16 17 18 19 20 21 22 23 24 25 26 27 28 29 30 31 32 33 34 35 36 37 38 39 40 41 42 43 44 45 46 47 48 49 50 51 52 53 54 55 56 57 58 59 60 61 62 63 64 66 68 69 70 71 72 73 74 75 76 77 78 79 80 81 82 83 84 85 86 88 89 90 92 93 94 96 97 98 99 100
16 c 25 30 5 175 295 10 3 6 18 19 20 21 22 23 24 25 26 27 28 30 31 32 33 34 35 36 37 38 39 41 42 43 44 45 46 47 48 50 51 53 54 55 56 57 58 59 60 61 62 63 64 65 66 67 68 69 70 71 73 74 75 76 77 78 79 80 81 82 83 84 85 86 87 88 89 90 91 92 93 94 95 96 97 98 99 100
17 c 60 12 5 268 388 10 31 32 18 19 21 23 24 25 26 27 28 29 30 31 32 33 34 35 36 37 38 39 40 41 42 43 44 46 47 49 50 51 52 53 54 55 56 57 58 59 60 61 62 63 64 65 66 67 68 69 70 71 72 73 74 75 76 77 78 79 80 81 82 83 84 85 86 87 88 89 90 91 92 93 94 95 96 97 98 99 100
18 c 5 5 5 232 352 10 16 25 19 20 21 22 23 24 25 26 27 28 29 30 32 33 34 35 36 37 38 39 40 41 42 43 44 46 47 48 49 50 51 53 54 55 56 57 58 59 60 62 63 64 65 66 67 68 69 70 71 72 73 74 75 76 77 78 79 80 81 82 83 84 85 86 87 88 89 90 91 92 93 94 95 96 97 98 99 100
19 c 2 60 5 286 406 10 5 1 20 21 22 23 25 26 27 28 29 30 31 32 33 34 35 36 37 39 40 41 42 43 44 45 46 47 48 49 50 51 52 53 54 55 56 57 58 59 60 61 62 63 64 65 66 68 69 70 71 72 73 74 75 76 77 78 79 80 81 82 83 84 85 86 87 88 89 90 91 92 93 94 95 96 97 98 99 100
20 c 10 20 5 42 162 10 19 26 21 23 24 26 28 29 30 31 32 33 34 35 36 37 38 39 40 41 42 43 45 46 47 49 50 51 52 53 54 58 59 60 61 62 63 64 65 66 67 68 69 70 71 72 73 74 75 76 77 78 79 80 81 82 85 86 87 88 89 90 91 92 94 95 96 97 98 99 100
21 c 63 65 5 60 180 10 8 1 22 23 24 25 26 27 28 29 30 31 32 33 34 35 36 37 38 39 40 41 42 43 44 45 46 47 48 49 51 52 53 54 55 56 57 59 60 62 63 64 66 67 68 69 70 72 73 74 75 76 77 78 79 80 81 82 83 84 85 86 87 88 90 91 93 94 95 96 97 98 99 100
22 c 45 65 5 258 378 10 9 13 23 24 25 26 27 28 29 30 31 32 33 34 35 36 37 39 41 42 44 45 46 47 49 50 52 53 54 55 56 57 58 59 60 61 62 63 64 65 66 67 68 69 70 71 72 73 74 75 78 79 80 81 82 83 84 85 86 88 89 90 91 92 93 94 95 96 97 98 99 100
23 c 65 35 5 167 287 10 3 1 24 25 26 27 28 29 30 32 33 34 35 36 37 38 39 41 42 43 44 45 46 47 48 49 50 51 52 53 54 56 57 58 59 60 61 62 63 64 66 67 68 69 70 71 72 73 74 75 76 77 78 79 80 81 82 83 84 85 87 88 89 90 91 92 93 94 95 96 97 99 100
24 c 65 20 5 39 159 10 6 16 25 26 27 28 31 32 33 34 35 36 37 38 40 41 42 43 44 45 46 47 48 50 52 53 55 56 57 58 59 60 61 62 63 64 65 66 67 68 69 70 71 72 73 74 75 77 78 79 80 81 82 83 84 85 86 87 89 90 91 92 93 94 95 96 97 98 99
25 c 45 30 5 191 311 10 17 17 26 27 28 29 30 31 32 33 34 36 37 38 39 40 41 42 43 44 45 46 47 48 49 50 51 52 53 54 55 56 57 58 59 60 61 62 63 64 65 66 67 68 69 70 71 72 73 74 75 76 77 78 79 80 81 82 83 84 85 86 87 89 90 91 92 93 94 96 97 98 99 100
26 c 35 40 5 11 131 10 16 15 27 28 29 30 31 32 33 34 35 36 37 38 39 40 41 42 43 44 45 46 47 49 50 51 52 55 57 58 59 60 61 62 63 64 65 66 67 68 69 70 71 72 73 74 75 76 77 78 80 81 82 83 84 85 86 87 88 89 90 91 92 93 94 95 96 97 99 100
27 c 65 55 5 241 361 10 14 13 28 29 30 31 32 33 34 35 36 37 38 39 40 41 42 43 44 45 46 47 48 49 50 51 52 53 54 55 56 57 58 59 61 62 63 64 66 67 68 69 70 71 72 73 74 75 76 77 79 80 81 82 83 84 85 86 87 88 89 90 91 93 94 95 96 98 99 100
28 c 85 25 5 80 200 10 10 12 29 30 31 32 33 34 35 36 37 38 39 41 42 43 44 45 46 47 48 49 50 51 52 53 54 55 56 57 59 60 61 62 64 65 66 67 68 69 70 71 72 73 74 75 76 77 78 79 80 81 82 83 84 85 86 87 88 89 90 91 92 93 95 96 97 98 99 100
29 c 88 35 5 165 285 10 20 19 30 31 32 33 34 36 37 38 39 40 41 42 44 46 47 48 49 51 52 53 54 55 56 57 58 59 60 61 62 63 64 65 66 67 68 69 71 72 74 75 76 77 78 79 80 81 82 83 85 86 87 88 89 90 91 92 93 94 95 96 97 98 99
30 c 31 52 5 157 277 10 27 29 31 32 33 34 35 36 37 38 39 40 42 43 44 45 46 47 50 51 52 53 54 55 56 57 58 59 60 61 63 64 65 66 68 69 70 71 72 73 74 76 77 78 79 82 83 84 85 86 87 88 89 90 91 92 93 94 95 96 97 98 99 100
31 c 90 35 5 194 314 10 10 15 32 33 34 35 36 37 38 39 40 41 42 43 44 45 46 47 48 49 50 51 52 53 54 55 56 57 58 59 60 62 63 65 66 67 68 69 70 71 72 73 74 75 76 78 79 80 81 82 83 84 85 86 87 88 89 90 91 92 93 95 96 97 98 99 100
32 c 20 85 5 73 193 10 20 19 33 34 35 36 37 38 39 41 42 43 44 45 46 47 49 52 53 54 55 56 57 59 60 61 62 63 64 65 66 67 68 69 70 71 72 73 74 75 76 77 78 79 80 81 82 83 85 86 87 88 89 90 92 93 94 95 96 97 98 99 100
33 c 15 75 5 300 420 10 20 13 34 35 36 37 38 39 40 41 42 43 44 45 46 47 48 49 50 53 54 55 57 58 59 60 61 62 63 64 65 66 68 69 70 71 72 73 74 76 77 78 79 81 82 83 84 85 86 87 88 89 90 91 92 93 94 95 96 97 98 99 100
34 c 8 40 5 195 315 10 40 48 35 36 37 39 40 41 42 43 44 45 46 47 50 51 52 53 54 55 56 57 58 59 60 61 62 63 64 65 66 67 68 69 70 71 72 73 74 75 76 77 78 79 80 81 82 84 85 86 87 88 89 91 93 94 95 96 97 99 100
35 c 8 45 5 223 343 10 20 30 36 37 38 39 40 41 42 43 44 45 46 47 48 49 50 51 52 54 56 57 58 59 60 61 62 63 64 65 66 67 68 69 71 72 73 74 75 76 77 78 79 80 81 82 83 84 85 86 87 88 89 90 91 92 93 94 95 96 97 98 100
36 c 53 43 5 14 134 10 14 4 37 39 40 41 42 43 44 45 46 47 48 49 51 52 53 54 55 56 57 58 59 60 61 62 63 64 65 66 67 68 69 71 72 73 74 75 76 77 78 79 81 82 83 84 85 86 88 89 90 91 92 93 94 95 96 97 98 99
37 c 5 45 5 35 155 10 10 3 38 39 40 41 42 43 45 47 48 49 50 51 52 53 54 55 56 57 60 62 63 64 65 67 68 69 70 72 73 74 75 76 77 78 79 80 81 82 83 84 85 86 88 89 90 91 93 94 95 96 97 98 99 100
38 c 88 30 5 246 366 10 10 13 39 40 41 42 43 44 45 46 47 48 49 50 52 53 54 55 56 57 58 59 60 61 62 63 64 65 66 67 68 69 70 71 72 73 74 75 76 78 79 80 81 82 83 84 85 86 87 88 89 90 91 92 93 94 95 96 97 98 99 100
39 c 2 40 5 174 294 10 20 12 40 41 42 43 44 45 46 47 48 49 50 51 52 53 54 55 56 57 58 59 60 61 62 63 64 65 66 67 68 69 70 71 72 73 75 76 77 78 81 82 83 85 86 87 88 89 90 91 93 95 96 97 98 99 100
40 c 56 37 5 100 220 10 6 2 41 42 43 44 45 46 47 48 49 50 51 52 53 54 55 56 57 58 59 61 62 64 65 66 67 68 69 70 71 72 73 74 75 76 77 78 79 80 81 82 83 84 85 86 87 88 89 90 91 92 93 94 95 96 97 98 99 100
41 c 26 52 5 172 292 10 9 2 42 43 44 45 46 47 48 49 50 51 52 53 55 56 57 58 59 60 61 63 64 65 66 67 68 69 70 71 72 74 76 77 78 79 80 81 82 83 84 85 86 87 89 90 91 92 93 94 95 96 97 98 99 100
42 c 37 47 5 359 479 10 6 16 43 44 45 46 47 48 49 51 52 53 54 55 56 57 59 60 61 63 64 65 67 68 69 70 71 72 73 74 75 76 77 78 81 82 83 84 85 86 87 88 89 90 91 92 93 94 95 96 97 98 99 100
43 c 44 5 5 335 455 10 20 10 44 45 46 47 48 49 50 51 52 53 54 55 56 57 58 59 60 61 62 63 64 65 66 68 69 70 71 72 73 74 75 76 78 79 81 82 83 84 85 87 88 89 90 91 92 93 94 95 96 97 98 99 100
44 c 0 40 5 255 375 10 20 17 45 46 47 48 49 50 51 52 53 55 56 57 58 59 60 61 62 63 64 65 66 67 68 69 70 71 72 73 74 75 76 77 78 79 80 81 82 83 84 85 86 87 88 89 90 91 92 93 94 95 96 98 99 100
45 c 24 58 5 260 380 10 19 24 46 47 48 49 50 51 52 53 54 55 57 58 59 60 61 62 63 64 65 66 67 68 69 70 71 72 74 75 76 77 78 79 80 81 82 83 84 85 86 87 88 89 90 92 93 95 96 97 98 99 100
46 c 92 30 5 149 269 10 10 2 47 48 49 50 51 52 53 54 55 56 57 59 60 61 62 63 64 65 66 67 68 69 70 71 72 73 74 75 76 77 78 80 81 82 83 84 85 86 87 89 91 92 93 94 96 97 98 99
47 c 95 35 5 146 266 10 20 16 48 49 50 51 52 53 54 55 56 57 59 60 61 63 64 65 66 67 68 69 70 71 73 74 75 76 77 78 79 80 81 82 83 84 85 86 87 88 89 90 92 93 94 96 97 98 99 100
48 c 42 10 5 254 374 10 40 40 49 50 51 52 54 55 57 58 59 60 61 62 63 64 65 66 67 68 69 70 72 73 74 75 76 77 78 79 80 81 82 83 84 85 86 87 88 89 90 91 92 93 94 95 96 97 98 99 100
49 c 63 23 5 344 464 10 2 1 50 51 52 53 54 55 56 57 58 59 60 61 62 63 67 68 69 71 72 73 74 75 76 77 78 79 80 81 82 83 84 85 86 87 88 89 90 91 92 94 95 96 98 99 100
50 c 21 24 5 349 469 10 28 27 51 52 53 54 55 56 57 58 59 60 63 64 65 66 67 68 69 70 71 72 73 74 75 76 77 78 79 80 81 82 83 84 85 86 87 88 89 90 91 92 93 94 95 96 97 98 99 100
51 c 22 75 5 152 272 10 30 29 52 53 54 55 56 57 58 59 60 61 63 64 66 67 69 71 72 73 74 75 76 77 78 79 80 81 82 83 84 86 87 88 89 90 91 92 93 94 95 96 97 98 99 100
52 c 38 5 5 201 321 10 30 34 53 54 55 56 57 59 60 61 62 64 65 66 67 68 69 70 71 72 73 75 76 77 78 79 80 81 82 83 84 85 87 88 89 90 91 92 93 95 96 98 99 100
53 c 40 5 5 215 335 10 10 14 54 55 56 57 58 59 60 63 64 65 66 68 69 70 71 72 73 74 75 76 77 79 80 81 82 83 84 85 86 87 88 90 91 92 93 94 95 96 97 98 99 100
54 c 12 24 5 359 479 10 13 20 55 56 58 59 60 61 63 64 65 66 68 69 70 71 72 73 74 75 76 77 78 79 80 81 82 83 84 85 86 87 88 89 90 91 92 93 94 95 96 97 98 99 100
55 c 8 56 5 365 485 10 27 35 56 57 58 59 60 61 62 63 64 65 66 67 68 69 70 71 72 73 74 75 76 77 78 79 80 81 82 83 84 86 87 88 89 90 91 92 93 94 95 96 97 98 100
56 c 15 80 197 367 487 10 10 16 57 58 59 60 61 62 63 64 65 66 67 68 69 70 71 72 73 74 75 76 77 78 79 80 81 82 83 84 85 86 87 88 89 90 91 92 93 94 95 96 97 98 99
57 c 10 35 197 371 491 10 20 16 58 59 60 61 62 63 65 66 67 68 69 71 72 73 74 75 77 78 79 81 82 83 84 85 86 87 88 89 90 91 92 93 94 97 98 99 100
58 c 20 50 197 375 495 10 5 9 59 60 62 63 65 66 67 68 69 70 71 72 73 74 75 76 77 78 79 81 82 83 84 85 86 87 88 89 90 91 92 93 95 96 97 98 100
59 c 40 15 197 375 495 10 40 42 60 61 64 65 66 68 69 70 72 73 74 75 76 77 78 79 80 81 82 83 84 85 86 87 88 89 90 91 92 93 94 95 96 97 98 99 100
60 c 58 75 197 376 496 10 20 12 61 62 63 64 65 66 67 68 69 70 71 72 73 74 75 76 77 78 79 80 81 82 83 84 85 87 88 89 90 92 93 94 95 96 97 99 100
61 c 18 75 197 388 508 10 20 10 62 63 64 65 67 68 69 70 71 72 73 74 75 76 77 78 79 80 81 82 83 84 85 87 88 89 91 92 93 94 95 96 97 98 99 100
62 c 57 48 197 392 512 10 23 15 63 64 65 66 67 69 72 75 76 78 79 80 81 82 83 84 85 86 87 88 89 90 91 92 93 94 96 97 98 99 100
63 c 57 29 197 395 515 10 18 17 64 65 67 68 69 70 71 72 73 74 75 76 77 78 79 80 81 82 83 84 85 86 87 88 90 91 92 93 95 96 97 98 100
64 c 30 25 197 397 517 10 23 32 65 66 67 68 69 70 71 72 73 74 75 76 77 78 79 80 81 82 83 84 85 86 87 88 89 90 91 92 94 95 96 97 98 99 100
65 c 42 12 197 440 560 10 10 14 66 67 69 71 72 73 74 75 76 77 78 80 81 82 83 84 85 86 87 88 89 90 91 92 93 94 95 96 97 99 100
66 c 22 85 197 471 591 10 10 6 67 68 69 70 71 72 73 74 75 76 77 78 79 81 82 84 85 86 87 88 89 90 91 92 93 94 95 96 97 98 99 100
67 c 85 35 197 487 607 10 30 29 68 69 70 71 72 73 75 76 77 78 80 81 83 84 86 87 88 89 90 91 92 93 94 95 96 97 98 100
68 c 18 80 197 489 609 10 10 13 69 70 71 72 73 75 76 77 78 80 81 82 83 84 85 86 87 88 89 90 91 92 93 94 95 96 97 99 100
69 c 72 35 197 507 627 10 30 25 70 71 72 73 74 75 76 77 78 79 80 81 82 83 84 85 86 87 88 89 90 91 92 93 94 95 96 97 98 99 100
70 c 10 40 197 519 639 10 30 40 71 72 73 74 75 76 77 78 79 80 81 82 83 84 85 86 88 89 90 91 92 93 94 95 96 97 98 99 100
71 c 95 30 197 529 649 10 30 39 72 73 74 75 76 77 78 79 81 83 84 85 86 87 88 89 91 92 93 94 95 96 97 98 99
72 c 42 15 197 537 657 10 10 12 73 74 75 76 77 79 80 81 82 83 84 85 86 87 88 89 90 91 92 93 94 95 96 97 98 99 100
73 c 4 18 197 547 667 10 35 37 74 75 76 77 78 79 80 81 82 83 84 85 86 87 88 89 90 91 92 93 94 96 97 98 99 100
74 c 50 35 197 557 677 10 19 23 75 76 77 78 79 80 81 82 83 84 85 86 87 88 89 90 91 92 93 94 95 96 97 98 99 100
75 c 65 82 197 557 677 10 10 7 76 77 78 79 80 81 82 83 84 85 87 88 89 90 91 92 93 94 95 97 98 99 100
76 c 55 54 293 562 682 10 26 23 77 78 79 80 81 82 83 84 85 86 87 88 89 90 91 92 93 94 95 96 97 98 99 100
77 c 41 37 293 566 686 10 16 21 78 80 81 82 83 84 85 87 89 91 92 93 94 95 96 97 98 99 100
78 c 55 85 293 574 694 10 20 10 79 80 81 82 83 84 85 86 87 88 89 90 91 92 93 95 96 97 99
79 c 30 60 293 599 719 10 16 15 80 81 82 83 84 85 86 87 88 89 90 91 92 93 94 95 96 97 98 99 100
80 c 55 60 293 601 721 10 16 14 81 82 83 84 85 86 87 88 89 90 91 92 93 94 95 96 97 99 100
81 c 40 60 293 612 732 10 21 26 82 83 84 85 86 87 88 89 90 91 92 93 94 95 96 97 98 99 100
82 c 87 30 293 621 741 10 10 15 83 84 85 86 87 88 89 90 91 92 93 94 95 96 97 98 99 100
83 c 20 80 293 644 764 10 40 41 84 85 86 87 88 89 90 91 92 93 94 96 97 98 99 100
84 c 20 20 293 645 765 10 8 1 85 86 87 88 89 90 91 92 93 94 95 96 97 98 99 100
85 c 5 35 293 653 773 10 10 18 86 87 88 89 90 91 92 93 94 95 96 97 98 99 100
86 c 67 85 353 657 777 10 20 13 87 88 89 90 91 92 93 94 95 96 97 99 100
87 c 25 85 353 673 793 10 20 16 88 89 90 91 92 93 94 95 96 97 98 99 100
88 c 38 15 353 681 801 10 10 14 89 90 92 93 94 95 96 97 98 99 100
89 c 15 60 353 694 814 10 17 19 90 91 92 93 94 95 96 97 98 99 100
90 c 0 45 353 703 823 10 20 16 91 92 93 94 95 96 97 98 99 100
91 c 67 5 353 713 833 10 25 28 92 93 94 95 96 97 98 99 100
92 c 49 42 404 719 839 10 13 4 93 94 95 96 97 98 99
93 c 42 5 404 732 852 10 10 5 94 95 96 97 98 99
94 c 23 3 404 764 884 10 7 9 95 96 97 98 99 100
95 c 15 10 424 782 902 10 20 23 96 97 98 99 100
96 c 35 5 424 784 904 10 20 21 97 98 99 100
97 c 61 52 448 808 928 10 3 9 98 99 100
98 c 35 69 450 810 930 10 23 17 100
99 c 31 67 450 810 930 10 3 1
100 c 47 47 462 822 942 10 13 19

