StringID Type x y release ReadyTime DueDate ServiceTime weight volume Item_Conflitante1 Item_Conflitante2 Item_Conflitante3 Item_Conflitante4 Item_Conflitante5 Item_Conflitante6 Item_Conflitante7 Item_Conflitante8 Item_Conflitante9 Item_Conflitante10 Item_Conflitante11 Item_Conflitante12 Item_Conflitante13 Item_Conflitante14 Item_Conflitante15 Item_Conflitante16 Item_Conflitante17 Item_Conflitante18 Item_Conflitante19 Item_Conflitante20 Item_Conflitante21 Item_Conflitante22 Item_Conflitante23 Item_Conflitante24 Item_Conflitante25 Item_Conflitante26 Item_Conflitante27 Item_Conflitante28 Item_Conflitante29 Item_Conflitante30 Item_Conflitante31 Item_Conflitante32 Item_Conflitante33 Item_Conflitante34 Item_Conflitante35 Item_Conflitante36 Item_Conflitante37 Item_Conflitante38 Item_Conflitante39 Item_Conflitante40 Item_Conflitante41 Item_Conflitante42 Item_Conflitante43 Item_Conflitante44 Item_Conflitante45 Item_Conflitante46 Item_Conflitante47 Item_Conflitante48 Item_Conflitante49 Item_Conflitante50 Item_Conflitante51 Item_Conflitante52 Item_Conflitante53 Item_Conflitante54 Item_Conflitante55 Item_Conflitante56 Item_Conflitante57 Item_Conflitante58 Item_Conflitante59 Item_Conflitante60 Item_Conflitante61 Item_Conflitante62 Item_Conflitante63 Item_Conflitante64 Item_Conflitante65 Item_Conflitante66 Item_Conflitante67 Item_Conflitante68 Item_Conflitante69 Item_Conflitante70 Item_Conflitante71 Item_Conflitante72 Item_Conflitante73 Item_Conflitante74 Item_Conflitante75 Item_Conflitante76 Item_Conflitante77 Item_Conflitante78 Item_Conflitante79 Item_Conflitante80 Item_Conflitante81 Item_Conflitante82 Item_Conflitante83 Item_Conflitante84 Item_Conflitante85 Item_Conflitante86 Item_Conflitante87 Item_Conflitante88 Item_Conflitante89 Item_Conflitante90 Item_Conflitante91 Peso_Total Volume_Total
0 d 40 50 0 0 3390 0 0 0                                                                                            700 700
1 c 5 35 251 636 1276 90 10 4 2 3 5 6 7 8 9 11 12 13 14 15 17 18 19 20 21 22 23 24 25 26 27 28 29 30 31 32 33 34 35 36 37 38 40 41 42 43 44 45 46 47 48 49 50 51 52 53 54 55 56 57 58 59 60 61 62 63 64 65 66 67 68 69 70 71 72 73 74 75 76 77 78 79 81 83 84 85 86 87 89 90 91 92 93 94 95 96 97 98 100
2 c 5 45 251 1013 1653 90 10 4 3 4 5 6 7 8 9 10 11 12 13 15 16 17 18 19 20 21 22 23 24 25 26 27 28 29 30 31 32 33 34 35 36 37 38 40 41 42 43 44 45 46 48 49 50 52 54 55 56 57 58 59 60 61 62 63 64 65 66 67 68 69 70 71 72 73 74 75 76 79 80 81 82 84 85 86 87 88 89 90 91 92 93 94 95 96 97 98 99 100
3 c 2 40 251 731 1371 90 20 26 4 5 8 9 10 11 12 13 14 15 16 17 18 19 20 21 23 24 25 26 27 28 29 30 31 32 33 34 35 36 37 38 39 40 42 43 44 45 46 47 48 50 51 52 53 54 55 56 57 58 59 60 61 62 63 64 65 66 67 68 69 70 71 72 73 74 75 76 77 78 79 80 81 82 83 84 85 86 87 88 89 90 91 92 93 94 95 96 97 98 99
4 c 0 40 251 823 1463 90 30 23 5 6 7 8 9 10 11 12 13 14 15 16 17 18 19 20 21 22 23 24 25 26 27 28 29 31 32 33 34 35 36 38 39 40 41 42 43 44 45 46 47 48 49 50 51 52 53 54 55 56 57 58 59 60 61 62 63 64 65 66 67 68 69 70 71 72 73 74 75 77 78 79 80 82 83 86 87 88 89 90 91 92 93 94 95 96 97 98 99 100
5 c 0 45 251 918 1558 90 20 18 6 8 9 10 11 12 13 14 15 16 17 18 19 20 21 22 23 25 26 27 28 30 32 33 34 35 36 37 38 39 40 41 42 43 45 46 47 48 49 50 51 52 53 54 55 56 57 58 59 60 63 64 66 67 68 69 70 71 72 73 74 75 76 77 78 79 80 81 82 83 84 86 88 89 90 91 92 93 94 95 97 98 99 100
6 c 48 20 251 727 1367 90 10 1 7 8 9 10 11 12 13 14 15 16 17 18 19 21 22 23 24 25 26 27 28 29 30 31 33 34 36 37 38 39 40 41 42 43 44 45 46 47 48 49 50 51 52 53 54 55 56 57 58 59 60 61 62 63 64 65 66 67 68 69 70 71 72 73 74 76 77 78 79 80 81 82 83 84 85 87 88 89 90 91 92 93 94 95 96 97 98 99 100
7 c 55 80 251 167 807 90 10 14 8 9 10 13 14 15 16 17 18 20 21 22 23 24 25 26 27 29 31 32 33 34 36 37 38 39 40 41 42 43 44 45 46 47 48 49 50 51 52 53 54 55 56 57 58 60 61 62 63 64 65 66 67 69 70 71 72 73 74 75 76 77 78 79 80 81 82 83 84 85 86 87 88 89 90 92 93 94 95 96 99 100
8 c 44 5 251 1016 1656 90 20 22 9 10 11 13 14 15 16 17 18 19 20 21 22 23 24 25 26 27 28 29 30 31 32 33 34 35 36 37 38 39 40 41 42 43 44 45 46 47 48 49 50 51 52 53 54 55 56 57 58 59 60 61 63 64 65 66 67 68 69 70 71 72 73 74 75 76 77 78 79 80 81 82 83 84 85 86 87 88 90 91 92 93 94 95 96 97 98 99 100
9 c 42 10 251 920 1560 90 40 50 10 11 12 13 14 15 16 19 20 21 22 23 24 25 26 27 28 29 30 31 32 34 35 36 37 38 39 40 41 42 43 44 47 48 49 50 51 52 53 54 56 57 58 59 60 62 63 64 65 66 67 68 69 70 71 72 73 74 75 76 77 78 79 80 81 82 83 84 85 86 87 88 89 90 92 93 94 95 96 97 98 99
10 c 42 15 251 825 1465 90 10 7 11 12 13 14 15 16 17 18 19 20 21 22 23 24 25 26 27 28 29 30 31 32 34 35 36 37 38 39 40 41 42 43 45 46 47 48 49 50 51 52 53 54 55 56 57 58 59 61 62 63 64 65 66 68 69 70 71 72 73 74 75 76 77 78 80 81 83 84 85 86 87 88 89 90 91 92 94 95 96 97 98 99 100
11 c 50 30 251 161 801 90 10 17 12 13 15 16 17 18 19 20 21 22 23 24 25 26 27 28 29 30 31 32 33 34 35 36 37 40 41 42 43 44 45 46 47 48 49 50 51 53 54 55 56 57 58 59 60 61 62 63 64 65 66 67 68 69 70 71 73 74 75 76 77 78 79 81 82 83 84 85 87 88 89 90 91 92 93 94 95 96 98 99 100
12 c 50 35 251 18 658 90 20 22 13 14 15 17 18 19 20 23 24 25 26 27 28 29 30 31 32 33 34 35 36 37 38 39 40 41 42 43 44 45 46 47 48 49 50 51 52 54 55 56 57 58 59 60 61 62 63 64 65 66 67 69 70 71 72 73 74 75 76 77 78 79 80 81 82 83 84 85 86 87 89 90 91 92 93 94 95 96 97 98 99
13 c 50 40 251 14 654 90 50 40 14 15 16 17 18 19 20 21 22 23 24 25 26 27 29 30 31 32 34 35 36 37 39 40 41 42 43 45 46 49 50 51 52 53 54 55 56 58 59 60 61 62 63 64 65 67 68 69 70 71 72 73 75 76 77 79 80 81 82 83 84 85 86 87 88 89 90 91 93 94 95 96 97 98 99 100
14 c 8 40 251 445 1085 90 40 47 15 16 17 18 19 20 21 22 23 24 25 26 27 28 29 30 31 32 33 34 35 36 37 38 39 40 41 42 43 44 45 46 47 48 49 50 51 52 53 54 55 56 57 58 60 61 62 63 64 65 66 67 68 70 72 73 74 75 76 77 78 79 80 81 83 84 85 86 87 88 89 91 92 93 94 95 96 97 98 99 100
15 c 48 30 251 253 893 90 10 7 16 17 18 19 20 22 23 24 26 27 28 29 30 31 32 33 34 36 37 38 39 40 41 42 43 44 45 46 47 48 49 50 51 52 53 54 55 56 57 58 59 61 62 63 64 65 66 67 69 70 71 72 73 74 75 76 78 79 80 81 82 83 84 85 86 87 88 89 90 92 93 95 96 97 98 99 100
16 c 47 35 251 348 988 90 10 13 17 18 20 21 22 23 25 27 28 29 30 31 32 33 34 36 37 38 39 40 41 42 43 44 46 47 48 49 50 51 52 53 54 55 56 57 58 59 60 61 62 63 64 65 66 68 69 70 71 72 73 75 76 77 79 80 81 82 83 84 85 86 87 88 89 90 91 92 93 94 95 96 97 98 100
17 c 47 40 251 12 652 90 10 5 18 19 20 21 22 23 24 25 26 27 28 29 30 31 32 33 34 35 36 37 38 39 40 41 42 43 45 46 47 48 49 50 51 52 55 56 57 59 60 61 62 63 64 65 66 67 68 70 71 72 73 74 75 76 77 78 79 80 81 82 83 84 85 87 88 89 90 91 92 93 94 95 96 97 98 99 100
18 c 42 30 251 536 1176 90 10 5 19 20 21 22 23 24 25 26 27 28 29 30 31 32 33 34 35 36 37 38 39 40 41 42 43 44 45 46 47 48 49 50 51 52 53 54 55 56 57 58 59 60 61 63 64 65 66 67 68 69 70 71 72 73 74 76 77 78 79 80 81 82 83 84 85 86 87 88 89 90 91 92 93 94 95 97 98 99 100
19 c 45 35 251 440 1080 90 10 10 20 21 22 23 24 25 26 27 28 29 30 31 32 34 35 36 38 39 40 41 42 43 44 45 46 47 48 49 50 51 52 54 55 56 57 58 59 60 61 62 63 64 65 66 67 68 69 70 71 72 73 74 75 76 77 78 79 80 81 82 83 84 85 86 87 88 89 90 91 92 93 94 95 96 97 98 99 100
20 c 53 30 251 68 708 90 10 7 21 22 23 24 25 26 28 29 30 31 32 33 34 35 37 38 39 40 41 42 43 44 45 46 47 48 49 50 51 52 54 56 57 58 59 60 61 62 63 64 65 67 68 69 70 71 72 73 75 78 79 80 81 82 83 84 85 86 87 88 89 90 91 92 93 94 95 96 97 98 99 100
21 c 53 35 251 19 659 90 50 42 22 23 24 25 26 28 29 30 31 32 33 34 35 36 37 38 39 41 42 43 44 45 46 47 48 49 50 51 52 53 54 55 56 57 58 59 60 61 62 63 64 65 66 67 69 71 72 73 74 75 77 78 79 80 81 82 83 84 85 86 87 88 89 90 91 92 93 94 95 96 97 98 99 100
22 c 45 65 251 15 655 90 20 27 23 24 25 26 27 28 29 30 31 32 33 34 35 36 37 38 39 40 41 42 43 44 45 46 47 48 49 50 51 52 53 54 55 56 57 58 59 60 61 62 63 64 65 68 69 70 71 72 73 74 75 76 77 78 79 81 82 83 84 85 86 87 88 89 90 91 92 94 95 96 97 98 99 100
23 c 67 85 251 454 1094 90 20 27 24 25 26 27 28 30 31 32 33 34 35 37 38 39 40 41 42 43 44 45 46 47 48 49 50 52 53 54 55 56 57 58 59 60 61 62 63 64 65 66 67 69 70 71 72 73 75 76 77 79 80 81 82 83 84 85 86 87 88 89 90 91 92 93 94 95 96 97 98 99 100
24 c 42 58 251 8 648 90 40 35 26 27 28 29 30 31 32 33 34 35 36 37 38 39 40 41 42 44 45 46 47 48 49 50 51 52 53 54 55 58 59 60 61 62 63 64 65 66 67 68 69 70 71 72 73 74 75 76 77 78 79 80 82 85 86 87 88 89 91 92 93 94 96 97 98 100
25 c 65 82 251 548 1188 90 10 5 27 28 29 32 33 34 35 36 37 38 39 40 41 42 43 45 46 47 48 49 50 51 52 53 54 55 56 57 59 60 61 63 64 65 66 67 68 69 70 71 72 73 74 75 76 77 78 79 80 82 83 84 85 86 87 88 89 90 91 92 93 94 95 96 97 98 99 100
26 c 62 80 251 641 1281 90 30 32 27 28 29 30 31 32 33 34 35 37 38 39 41 42 43 44 45 46 47 48 49 50 51 52 53 54 55 56 57 58 59 60 61 62 63 64 65 66 67 68 69 70 71 72 73 74 75 76 77 78 79 80 81 82 83 84 86 87 88 89 90 91 92 93 94 95 96 97 98 99 100
27 c 60 85 251 357 997 90 30 38 28 29 30 31 32 33 34 35 36 37 38 39 40 41 42 43 44 45 46 47 48 49 50 51 52 53 54 55 56 57 58 59 61 62 63 64 65 67 69 70 72 73 74 75 76 77 78 79 80 81 82 83 85 87 88 89 90 91 92 94 95 96 97 99 100
28 c 58 75 251 738 1378 90 20 10 29 30 31 32 33 34 35 36 37 38 39 40 41 42 44 45 46 47 48 49 50 51 52 53 54 55 56 57 58 59 61 62 63 64 66 67 68 69 70 71 72 73 75 76 77 78 79 80 81 82 83 84 85 86 87 88 90 91 92 93 94 95 96 97 98 99
29 c 44 25 251 631 1271 90 10 16 30 31 32 33 34 35 36 38 39 40 41 42 43 44 45 46 47 48 49 50 51 52 53 54 55 56 57 58 59 60 61 62 63 64 66 67 68 69 70 71 72 73 74 75 76 77 78 79 80 81 83 84 85 86 87 88 89 90 91 92 93 94 95 96 99 100
30 c 10 40 251 353 993 90 30 26 31 32 33 34 35 36 37 38 40 41 42 43 44 45 46 47 48 49 50 51 52 53 54 56 58 59 60 61 62 63 64 65 66 67 68 69 71 72 73 74 75 77 78 80 82 83 84 85 86 87 88 89 90 91 92 93 95 96 97 98 99 100
31 c 55 85 251 262 902 90 20 23 32 33 34 35 36 37 38 39 40 41 42 43 44 45 46 47 48 49 50 51 53 54 55 56 57 58 59 60 61 63 64 65 66 68 69 70 71 72 73 74 75 76 77 78 79 80 81 82 83 84 85 86 87 88 89 90 91 92 93 94 95 96 97 98 99
32 c 20 55 251 63 703 90 10 7 33 34 35 36 37 38 39 40 41 43 44 45 46 47 48 49 50 51 52 53 54 56 57 58 60 61 62 63 64 65 66 67 68 69 71 72 73 74 75 76 77 78 79 80 81 82 83 84 85 86 87 88 89 90 91 92 93 94 95 96 97 98 99
33 c 10 35 251 541 1181 90 20 11 34 35 36 37 38 39 40 41 42 43 44 46 47 48 49 50 51 52 53 54 55 56 57 58 59 60 61 62 63 65 66 67 68 69 70 71 72 73 74 75 76 77 78 79 80 81 82 83 84 85 86 87 88 89 90 92 93 94 96 97
34 c 30 50 251 10 650 90 10 16 35 36 37 38 39 40 41 42 43 44 45 46 47 48 49 50 51 52 53 54 55 56 57 58 59 60 62 63 64 65 66 67 68 69 70 71 72 73 74 76 77 78 79 80 81 82 83 86 87 88 89 90 91 92 93 94 95 96 97 98 99 100
35 c 28 52 251 12 652 90 20 16 36 37 38 39 40 41 42 43 44 45 46 48 49 50 51 52 53 54 56 58 59 60 61 63 64 65 66 67 68 69 70 71 72 73 75 76 77 78 80 81 82 84 85 86 87 88 89 90 91 92 93 94 95 96 97 98 99 100
36 c 16 42 251 257 897 90 20 26 37 38 39 40 41 42 43 45 46 47 48 49 50 51 52 53 54 55 56 57 58 59 60 61 62 63 64 65 66 67 68 69 70 71 72 73 75 76 77 78 80 81 82 83 84 85 86 87 88 89 90 91 92 93 94 95 96 97 98 99 100
37 c 42 65 251 15 655 90 10 19 38 39 40 41 42 43 44 45 46 47 48 49 50 52 53 54 55 56 57 58 59 60 61 62 63 64 65 66 67 68 69 70 71 72 73 74 75 76 77 78 79 80 81 82 83 84 85 87 88 91 92 93 94 95 96 97 98 99 100
38 c 60 66 251 1021 1661 90 10 20 39 40 41 42 43 44 45 46 47 48 49 50 52 53 54 55 56 57 58 59 60 61 62 63 65 66 67 68 71 73 74 75 76 77 78 79 80 81 82 83 84 85 86 87 88 90 91 92 93 94 95 96 97 98 99 100
39 c 62 69 251 927 1567 90 10 17 40 41 42 43 44 45 46 47 48 49 50 51 52 54 55 56 57 59 60 61 62 63 64 65 66 67 68 69 70 71 72 73 74 75 76 77 78 79 80 81 82 83 85 87 88 89 90 91 92 93 94 95 96 97 98 100
40 c 45 70 251 20 660 90 30 22 41 42 43 44 45 46 47 48 49 50 51 52 53 54 55 56 57 58 60 62 63 65 66 67 68 70 71 72 73 74 75 76 77 79 80 81 82 83 84 85 86 87 88 89 90 91 92 93 94 95 97 98 99 100
41 c 58 70 251 833 1473 90 20 17 42 43 44 45 46 47 48 49 52 53 54 55 56 57 58 59 60 61 62 63 64 65 66 67 68 69 70 71 72 73 74 75 76 77 78 79 80 81 83 84 85 86 87 88 89 90 92 93 94 96 97 98
42 c 25 50 251 15 655 90 10 12 43 44 45 46 47 49 50 51 52 53 54 55 56 57 58 59 60 61 62 63 64 65 66 67 68 70 71 72 73 75 76 77 78 79 80 81 82 83 84 85 86 87 88 89 91 92 94 95 96 97 98 100
43 c 52 75 251 71 711 90 10 14 44 45 46 47 48 49 50 51 52 53 54 55 56 57 58 59 60 61 62 63 64 65 66 67 68 69 70 71 72 73 74 75 76 77 78 79 80 81 82 83 84 85 86 87 88 89 90 91 92 93 94 95 96 97 98 99 100
44 c 20 50 251 158 798 90 10 3 46 47 48 49 50 51 52 53 54 55 56 57 58 59 60 61 62 63 64 65 66 67 68 69 70 71 72 73 74 75 76 77 78 79 80 81 82 83 84 86 87 88 89 90 91 92 93 94 95 96 97 98 99 100
45 c 23 52 251 17 657 90 10 18 46 47 48 49 50 51 52 54 55 56 57 58 59 60 61 62 63 64 65 67 68 69 70 71 72 74 75 76 77 78 79 80 81 82 83 84 85 86 88 89 91 92 93 94 96 97 98 99 100
46 c 8 45 251 1106 1746 90 20 30 48 49 50 51 52 53 54 55 56 58 59 60 61 62 63 64 65 66 67 68 69 71 72 73 74 75 76 77 78 79 80 81 82 84 85 86 87 88 89 91 92 93 94 95 96 97 98 99 100
47 c 40 5 251 1110 1750 90 30 21 48 49 50 51 53 54 55 56 57 58 59 60 61 62 63 64 65 66 67 68 69 70 71 72 73 74 75 76 77 78 79 80 81 82 83 84 85 86 87 88 89 90 91 92 93 94 95 96 97 98 99 100
48 c 56 64 251 1115 1755 90 10 12 49 50 51 52 53 54 55 56 57 58 59 60 61 62 63 64 65 66 67 68 70 72 73 74 75 76 77 78 79 81 82 85 86 88 89 90 91 92 93 94 95 96 97 99 100
49 c 38 5 251 1202 1842 90 30 22 50 51 53 54 55 56 57 58 59 60 61 62 63 64 65 67 68 69 70 72 73 75 76 77 78 79 80 81 82 83 84 85 86 87 88 90 91 92 94 95 96 97 98 100
50 c 4 55 251 1207 1847 90 20 27 51 52 53 54 55 56 58 59 60 61 62 63 64 65 66 67 68 69 70 71 72 73 74 75 76 77 78 79 80 81 82 83 85 86 87 88 89 90 91 93 94 95 96 97 98 99 100
51 c 60 60 251 1211 1851 90 10 3 52 53 54 55 56 57 58 59 61 62 63 64 66 67 68 70 72 73 74 75 76 78 79 80 81 82 83 84 85 86 87 88 89 91 92 93 94 95 97 98 99 100
52 c 35 5 251 1295 1935 90 20 30 53 54 55 56 57 58 59 62 63 64 65 66 67 68 69 70 71 73 74 75 76 77 78 79 81 82 83 84 85 86 87 88 89 91 92 93 94 95 97 98 99 100
53 c 8 62 251 1305 1945 90 10 15 54 55 56 57 58 59 60 61 62 63 65 66 67 68 69 70 71 72 73 75 76 77 78 79 80 81 82 83 84 86 87 88 89 90 91 92 93 94 95 96 97 98 99 100
54 c 65 60 251 1306 1946 90 30 21 55 56 57 58 59 60 61 62 63 64 65 66 67 68 69 70 71 72 73 74 75 76 77 78 79 80 81 82 83 84 85 87 88 89 90 91 93 94 95 96 97 98 99 100
55 c 38 10 931 1390 2030 90 10 16 56 57 58 59 60 61 62 63 64 65 66 67 69 71 72 73 74 75 76 77 78 79 80 81 82 83 84 85 86 87 88 89 90 91 92 93 94 95 96 97 98 99 100
56 c 70 58 931 1401 2041 90 20 17 57 58 59 60 61 62 63 64 65 66 67 68 70 71 72 73 75 76 77 78 79 80 81 82 83 84 85 86 88 89 90 91 92 93 94 95 97 98 99
57 c 14 66 931 1403 2043 90 10 1 58 60 61 62 63 64 65 66 67 68 69 70 71 72 73 74 75 76 77 78 79 80 81 82 83 84 87 88 89 91 92 93 94 95 96 97 98 99 100
58 c 38 15 931 1485 2125 90 40 30 59 60 61 62 63 64 65 66 67 68 69 70 71 72 73 74 75 76 77 78 79 80 82 83 84 85 86 87 88 89 90 92 93 94 95 96 97 98 99 100
59 c 66 55 931 1496 2136 90 10 9 60 61 62 63 64 65 66 67 68 70 71 72 73 74 75 76 77 78 80 81 82 84 85 86 87 89 90 92 93 94 96 97 98 99
60 c 15 75 931 1502 2142 90 20 24 61 62 63 64 65 66 67 68 69 70 71 72 73 74 75 77 78 79 80 81 82 83 84 85 86 87 88 89 90 91 92 93 94 95 96 97 98 99
61 c 36 18 931 1579 2219 90 10 8 62 63 65 66 67 68 69 70 71 72 73 74 75 76 77 78 79 80 81 82 83 84 85 86 88 89 90 91 93 94 95 96 97 98 99 100
62 c 72 55 931 1592 2232 90 10 13 63 64 65 66 67 68 69 70 71 72 73 74 76 77 78 79 80 82 83 84 85 86 87 88 89 90 91 92 93 94 95 96 98 99 100
63 c 15 80 931 1597 2237 90 10 5 64 65 66 67 68 69 70 71 72 73 74 75 76 77 79 80 81 82 83 84 85 86 87 88 89 90 91 92 93 94 95 96 97 98 99 100
64 c 32 20 931 1673 2313 90 10 19 65 66 67 68 69 70 72 73 74 75 76 77 78 79 80 81 82 83 84 85 86 87 88 89 90 91 92 94 95 96 97 98 99 100
65 c 75 55 931 1685 2325 90 20 14 66 67 69 70 71 72 74 75 76 77 78 79 80 81 82 83 84 85 86 87 88 89 90 91 92 93 95 96 97 99 100
66 c 20 85 931 1694 2334 90 40 47 67 68 69 70 71 72 73 74 75 76 77 78 79 80 81 82 84 85 86 87 88 89 90 91 93 95 96 97 98 99 100
67 c 34 25 931 1769 2409 90 30 30 69 70 71 72 73 74 75 76 77 79 80 81 82 83 84 85 86 87 88 89 90 91 92 93 94 95 96 97 98 99 100
68 c 22 85 931 1786 2426 90 10 17 69 70 72 73 74 76 78 79 80 81 82 84 85 86 87 88 90 91 92 93 94 95 96 97 98 99 100
69 c 86 46 931 1789 2429 90 30 40 70 71 72 73 74 75 76 78 79 80 81 82 83 84 85 86 87 88 89 90 91 92 93 94 95 96 97 98 99 100
70 c 30 30 931 1865 2505 90 10 14 71 72 73 74 75 76 77 78 79 80 81 82 83 84 85 86 87 88 89 90 91 92 93 94 95 96 97 98 99 100
71 c 25 85 931 1879 2519 90 20 26 72 73 75 76 77 78 79 80 81 82 83 84 85 87 88 89 90 91 92 93 96 99 100
72 c 90 35 931 1891 2531 90 10 13 73 74 75 76 77 78 79 80 81 82 83 84 86 87 88 89 90 91 92 93 94 95 96 97 99 100
73 c 25 30 931 1960 2600 90 10 17 74 75 76 77 78 79 80 82 83 84 85 86 87 88 89 90 91 92 93 94 96 97 98 99 100
74 c 20 80 931 1976 2616 90 40 35 76 77 78 79 80 81 83 84 85 86 87 88 89 91 92 93 95 96 97 98 100
75 c 95 35 931 1986 2626 90 20 22 76 77 78 79 80 81 82 83 84 85 87 89 90 91 92 93 94 96 97 98 99 100
76 c 26 32 1278 2052 2692 90 10 12 77 78 79 80 81 82 83 84 85 86 87 88 89 90 91 92 93 94 95 97 99 100
77 c 18 75 1278 2071 2711 90 20 16 78 79 80 81 82 83 85 86 87 88 89 90 91 92 93 94 95 96 97 99 100
78 c 95 30 1278 2081 2721 90 30 35 79 80 81 82 83 84 86 88 89 90 91 92 93 94 95 97 98 99 100
79 c 25 35 1278 2145 2785 90 10 8 80 81 82 83 84 85 86 87 88 89 92 93 94 95 96 97 98 99 100
80 c 22 75 1278 2165 2805 90 30 31 81 82 83 84 85 86 87 88 89 90 91 92 93 94 95 96 97 98 99 100
81 c 92 30 1278 2174 2814 90 10 4 82 83 84 85 87 88 90 92 93 94 95 96 97 98 99 100
82 c 30 35 1278 2240 2880 90 10 8 83 84 85 86 87 88 89 90 91 93 94 95 97 98 99 100
83 c 22 66 1278 2264 2904 90 40 48 84 85 86 87 88 89 90 91 92 93 94 95 96 97 98 99 100
84 c 85 25 1278 2273 2913 90 10 8 85 86 87 88 89 91 92 93 94 95 96 97 99 100
85 c 33 35 1278 2333 2973 90 10 5 86 87 88 89 90 91 92 93 94 95 96 97 98 99 100
86 c 28 70 1463 2361 3001 90 10 19 87 88 89 90 91 92 93 94 95 96 97 98 99 100
87 c 87 30 1463 2368 3008 90 10 2 88 89 90 91 92 93 94 95 96 97 98 99 100
88 c 33 32 1463 2426 3066 90 20 21 89 90 91 92 93 94 95 96 97 98 99 100
89 c 35 69 1463 2458 3098 90 10 10 90 91 92 93 94 95 96 97 98 99 100
90 c 85 35 1463 2463 3103 90 30 24 91 92 93 94 95 98 99 100
91 c 35 32 1463 2518 3158 90 10 8 92 93 94 95 96 97 98 99 100
92 c 35 66 1507 2551 3191 90 10 8 93 94 95 96 97 98 99 100
93 c 78 40 1507 2562 3202 90 20 18 94 95 96 97 99 100
94 c 36 40 1584 2616 3256 90 10 11 95 96 97 98 99 100
95 c 72 45 1584 2627 3267 90 10 12 96 97 98 99 100
96 c 62 40 1584 2635 3275 90 10 8 97 98 100
97 c 64 46 1584 2635 3275 90 20 28 98 99 100
98 c 60 55 1584 2639 3279 90 10 14 99 100
99 c 34 60 1592 2647 3287 90 20 10 100
100 c 30 56 1593 2648 3288 90 20 14

