StringID Type x y release ReadyTime DueDate ServiceTime weight volume Item_Conflitante1 Item_Conflitante2 Item_Conflitante3 Item_Conflitante4 Item_Conflitante5 Item_Conflitante6 Item_Conflitante7 Item_Conflitante8 Item_Conflitante9 Item_Conflitante10 Item_Conflitante11 Item_Conflitante12 Item_Conflitante13 Item_Conflitante14 Item_Conflitante15 Item_Conflitante16 Item_Conflitante17 Item_Conflitante18 Item_Conflitante19 Item_Conflitante20 Item_Conflitante21 Item_Conflitante22 Item_Conflitante23 Item_Conflitante24 Item_Conflitante25 Item_Conflitante26 Item_Conflitante27 Item_Conflitante28 Item_Conflitante29 Item_Conflitante30 Item_Conflitante31 Item_Conflitante32 Item_Conflitante33 Item_Conflitante34 Item_Conflitante35 Item_Conflitante36 Item_Conflitante37 Item_Conflitante38 Item_Conflitante39 Item_Conflitante40 Item_Conflitante41 Item_Conflitante42 Item_Conflitante43 Item_Conflitante44 Item_Conflitante45 Item_Conflitante46 Item_Conflitante47 Item_Conflitante48 Item_Conflitante49 Item_Conflitante50 Item_Conflitante51 Item_Conflitante52 Item_Conflitante53 Item_Conflitante54 Item_Conflitante55 Item_Conflitante56 Item_Conflitante57 Item_Conflitante58 Item_Conflitante59 Item_Conflitante60 Item_Conflitante61 Item_Conflitante62 Item_Conflitante63 Item_Conflitante64 Item_Conflitante65 Item_Conflitante66 Item_Conflitante67 Item_Conflitante68 Item_Conflitante69 Item_Conflitante70 Item_Conflitante71 Item_Conflitante72 Item_Conflitante73 Item_Conflitante74 Item_Conflitante75 Item_Conflitante76 Item_Conflitante77 Item_Conflitante78 Item_Conflitante79 Item_Conflitante80 Item_Conflitante81 Item_Conflitante82 Item_Conflitante83 Item_Conflitante84 Item_Conflitante85 Item_Conflitante86 Item_Conflitante87 Item_Conflitante88 Item_Conflitante89 Item_Conflitante90 Item_Conflitante91 Item_Conflitante92 Item_Conflitante93 Item_Conflitante94 Item_Conflitante95 Peso_Total Volume_Total
0 d 35 35 0 0 230 0 0 0                                                                                                200 200
1 c 5 5 6 73 103 10 16 24 3 4 5 6 7 8 9 10 11 12 13 14 15 16 17 19 20 21 22 23 24 25 26 27 28 29 30 31 32 33 34 35 36 37 38 39 40 41 42 43 44 45 46 47 48 49 50 51 52 53 54 55 56 57 58 59 60 61 62 63 64 65 66 67 68 69 70 71 72 73 74 75 76 77 78 79 80 81 82 83 84 85 86 87 88 89 91 92 93 94 95 96 97 99 100
2 c 67 5 6 73 103 10 25 31 3 4 5 7 8 9 10 11 12 13 14 15 16 17 18 19 20 21 22 23 24 25 26 27 29 30 31 32 33 34 35 36 37 38 39 40 41 42 43 45 46 48 49 51 52 53 54 55 56 57 58 59 60 61 62 63 64 66 67 68 69 70 71 72 73 74 75 76 77 78 79 80 81 82 83 84 86 87 88 89 90 91 93 94 95 96 97 98 99 100
3 c 37 47 6 40 70 10 6 12 4 5 6 7 8 9 10 12 13 14 16 17 18 19 20 21 22 23 24 25 26 27 28 29 30 31 32 33 34 35 36 37 38 39 40 41 42 43 44 45 46 47 48 49 50 51 52 53 54 55 56 57 58 59 60 61 62 63 64 66 67 68 69 70 71 72 73 74 75 76 77 78 80 81 82 83 84 86 87 88 89 90 91 92 93 94 95 96 97 98 99 100
4 c 24 58 6 48 78 10 19 26 5 6 7 8 9 10 11 12 13 14 15 16 17 18 20 21 22 24 25 26 27 28 29 30 32 33 34 35 36 38 39 40 41 42 43 44 45 46 47 48 49 51 52 53 55 56 57 58 59 61 62 63 64 65 66 67 68 69 70 71 73 74 75 76 77 79 80 81 84 85 86 87 88 89 90 91 92 93 94 96 97 98 99 100
5 c 20 26 6 73 103 10 9 18 6 7 8 10 11 12 13 14 15 16 17 18 19 20 21 22 23 24 25 26 27 28 29 30 31 32 33 34 35 36 37 38 40 41 42 44 45 46 47 48 50 51 52 53 54 55 56 57 58 59 60 61 63 64 66 67 68 70 71 72 73 74 75 76 77 78 79 80 81 82 83 84 85 86 87 88 89 90 92 93 94 95 96 97 98 99 100
6 c 49 42 6 63 93 10 13 20 7 8 9 10 11 12 13 14 15 16 17 18 19 20 21 22 23 24 25 26 27 28 29 30 31 32 33 34 35 36 37 38 39 40 41 42 43 44 45 46 47 48 49 50 51 52 53 54 55 56 57 58 59 60 61 62 63 65 66 67 69 70 71 72 73 74 76 77 78 79 80 81 82 83 84 85 86 87 88 89 90 91 92 93 94 96 97 98 99
7 c 55 5 6 58 88 10 29 32 8 9 10 11 12 13 14 15 16 17 18 19 20 22 23 24 25 26 27 28 30 31 32 33 34 35 36 37 38 39 40 41 42 43 44 45 46 47 48 49 50 52 53 54 55 56 57 58 59 60 61 62 64 65 66 67 68 69 70 71 72 73 74 75 76 77 78 79 80 81 82 83 85 86 87 88 89 90 91 92 93 94 95 96 97 98 99 100
8 c 57 48 6 82 112 10 23 27 9 10 11 12 13 14 15 16 17 18 19 20 21 22 23 24 25 26 27 28 29 30 31 32 34 35 36 37 38 40 41 42 43 45 46 47 48 49 50 51 52 53 54 55 56 57 58 59 60 62 63 64 65 66 67 68 69 70 71 72 73 74 76 77 78 79 80 81 82 83 84 85 86 87 88 89 90 91 93 94 96 97 98 99 100
9 c 30 5 6 51 81 10 8 16 10 11 13 14 15 16 17 18 19 20 21 22 23 24 25 26 27 28 29 30 31 32 33 34 36 37 38 39 40 41 42 43 44 45 46 47 48 49 50 51 52 53 54 55 56 57 58 60 61 62 63 64 65 66 67 68 69 70 71 72 73 74 75 76 78 80 81 82 83 84 85 86 87 88 89 90 91 92 93 94 95 97 98 99 100
10 c 20 65 6 57 87 10 12 18 11 12 14 15 16 17 19 20 21 22 23 24 25 28 29 30 31 32 33 34 35 36 37 38 39 40 41 42 43 44 45 46 47 49 50 51 54 55 57 59 60 61 62 63 64 65 66 67 68 69 70 71 72 73 74 75 76 78 79 80 81 82 83 84 85 86 87 88 89 90 91 92 94 95 96 97 98 99 100
11 c 37 31 6 85 115 10 14 19 12 13 14 15 16 17 18 19 20 22 23 24 25 26 27 28 29 30 31 32 33 34 35 36 37 38 39 40 41 42 43 44 45 46 47 48 49 50 51 52 53 54 55 56 57 58 59 60 62 63 64 65 66 67 68 69 71 72 73 74 75 76 77 78 79 80 81 82 83 84 85 86 87 88 89 90 91 92 93 94 96 97 98 99 100
12 c 11 14 6 59 89 10 18 13 14 15 16 17 19 20 21 22 23 24 25 26 27 28 29 30 31 32 33 34 35 36 37 38 39 41 42 43 44 45 46 48 49 50 51 52 53 54 55 56 57 58 59 61 62 63 64 65 66 67 68 69 70 71 72 73 74 75 76 77 78 79 80 81 82 83 84 85 86 87 88 89 90 91 92 93 94 96 97 98 100
13 c 22 22 6 18 48 10 2 8 14 15 16 17 19 20 21 22 23 24 25 26 27 28 29 30 31 33 34 35 36 37 38 39 40 41 42 43 45 46 47 48 50 51 53 54 55 56 57 58 59 60 61 62 63 64 65 66 67 68 69 70 71 72 73 74 75 76 77 78 79 80 81 82 83 84 86 87 88 89 90 91 93 94 95 96 97 98 100
14 c 28 18 6 83 113 10 26 27 15 16 17 18 19 20 21 22 23 24 25 26 27 28 29 30 31 32 34 35 36 37 38 39 40 41 42 43 44 45 46 47 48 49 50 51 52 53 54 55 56 57 60 61 62 63 64 65 66 67 68 69 70 71 72 73 74 75 76 77 78 79 80 81 82 83 84 85 86 87 88 89 90 91 92 93 94 95 96 98 99 100
15 c 10 43 6 85 115 10 9 5 16 17 18 19 20 21 22 23 24 25 26 27 28 29 30 31 32 33 34 35 36 37 38 39 40 41 42 43 44 45 46 47 48 49 50 51 52 53 54 55 56 57 58 59 60 61 62 63 64 65 66 67 68 69 70 71 72 73 74 75 76 77 78 79 80 81 82 83 84 85 86 87 88 89 90 91 92 93 94 95 96 97 98 99 100
16 c 55 60 6 87 117 10 16 19 17 18 19 20 21 22 23 24 25 26 27 28 29 30 31 32 33 34 35 36 37 38 39 40 41 42 43 44 45 46 47 48 49 50 51 52 53 54 55 57 58 60 61 62 63 64 65 67 68 69 70 71 73 74 75 76 77 78 79 80 81 82 83 84 85 86 87 88 89 90 91 92 93 94 95 96 97 98 99 100
17 c 11 31 6 91 121 10 7 1 18 19 20 21 22 23 25 27 28 29 30 31 32 33 34 35 36 37 38 39 40 41 42 43 45 47 48 49 50 51 52 53 54 55 56 57 58 59 60 61 62 63 64 65 66 67 68 69 71 72 74 75 76 77 79 80 81 82 83 84 86 87 88 89 90 91 92 93 94 95 96 97 98 99
18 c 63 23 41 126 156 10 2 1 19 20 21 24 25 26 28 30 31 32 33 34 35 36 37 38 39 40 41 42 43 44 45 46 47 48 49 50 51 52 53 54 55 56 57 58 59 60 61 62 63 64 65 66 67 68 69 70 71 72 73 74 75 76 77 78 79 80 81 82 83 84 85 86 87 88 89 90 91 92 94 95 96 97 98 99 100
19 c 46 13 54 139 169 10 8 4 21 22 23 24 26 28 29 30 31 32 33 34 35 36 37 38 39 40 41 42 43 44 45 46 47 49 50 51 52 53 54 55 56 57 58 59 60 61 62 63 64 65 66 68 70 71 72 73 74 75 76 77 78 79 82 83 84 85 86 87 88 89 90 91 92 93 94 95 96 97 98 99 100
20 c 55 20 54 139 169 10 19 16 21 22 23 24 25 26 27 28 29 30 31 32 34 36 37 38 39 41 42 43 44 45 46 47 48 49 50 52 53 55 56 57 58 59 60 61 62 63 64 65 66 67 68 69 70 71 72 73 74 75 76 77 78 79 80 81 82 83 85 86 87 88 89 90 91 92 93 94 95 96 97 98 99 100
21 c 62 77 58 0 170 10 20 14 22 23 24 25 26 27 29 30 31 32 33 34 35 36 37 39 40 42 43 44 45 46 48 49 50 51 52 53 54 55 56 57 58 60 61 63 64 65 66 68 69 72 73 74 75 76 77 78 79 80 82 83 84 85 86 88 89 90 91 92 93 94 95 96 97 98 99 100
22 c 15 77 58 0 173 10 9 3 23 24 25 26 27 28 29 30 31 32 33 34 35 36 37 38 39 40 41 42 43 44 45 46 47 48 49 50 52 53 54 55 56 57 58 59 60 61 62 63 64 65 66 67 68 70 71 72 73 74 77 78 79 80 81 82 85 86 87 88 89 90 91 93 94 95 96 97 98 99 100
23 c 6 68 61 0 176 10 30 26 24 25 26 27 28 29 30 31 32 33 35 36 37 38 39 40 41 42 43 44 45 46 47 48 49 50 51 52 53 54 56 59 60 61 62 63 64 65 66 67 68 69 70 71 72 73 74 76 77 78 79 80 81 82 83 84 85 86 87 88 89 90 91 93 94 95 96 97 98 100
24 c 2 60 63 0 178 10 5 1 25 26 27 28 29 30 31 32 33 34 35 36 37 38 39 40 41 42 43 44 45 46 47 48 49 50 51 52 53 54 55 56 57 58 59 60 61 62 63 64 65 66 67 68 69 70 71 74 75 77 78 79 80 81 82 83 84 85 86 87 88 90 91 92 94 95 96 97 98 99 100
25 c 63 65 63 0 178 10 8 3 26 28 29 31 32 33 34 35 36 37 38 39 40 41 42 43 44 45 46 47 48 49 50 52 53 54 55 57 58 59 60 61 62 63 64 65 66 67 68 69 70 71 72 73 74 75 76 77 78 79 80 81 82 83 84 85 86 88 89 90 91 92 93 94 95 96 97 98 99 100
26 c 49 73 65 0 179 10 25 30 27 28 29 30 31 32 33 34 36 37 38 39 40 41 42 43 44 45 47 48 50 51 52 53 54 55 56 57 58 59 60 61 62 63 64 65 67 68 69 70 71 72 73 74 75 76 77 78 79 80 81 82 83 84 85 86 87 88 89 90 92 93 94 95 96 97 98 99 100
27 c 30 25 65 149 179 10 23 24 29 30 31 32 33 35 36 37 38 40 41 42 43 44 45 46 47 48 49 50 51 52 53 54 55 56 57 58 59 60 61 62 63 64 65 66 67 68 69 70 71 72 73 74 75 76 77 78 79 80 82 83 84 85 86 87 88 89 90 91 92 93 94 95 96 97 98 99 100
28 c 57 68 65 0 180 10 15 10 29 30 31 32 33 34 35 36 37 39 40 41 42 43 44 45 46 47 48 49 50 51 52 53 54 55 56 57 58 59 60 61 62 63 64 65 66 67 68 69 70 71 72 73 74 76 77 78 79 80 81 82 83 84 85 86 87 88 89 90 91 92 93 94 95 96 97 98 99 100
29 c 65 55 68 0 183 10 14 5 30 31 32 33 34 35 36 37 39 40 41 42 43 44 45 46 47 48 49 50 51 52 53 54 55 56 57 58 60 61 62 63 64 65 66 67 68 69 71 72 73 75 76 77 78 79 80 81 82 83 84 85 86 87 88 89 90 91 92 93 94 95 96 97 98 99 100
30 c 4 18 69 0 184 10 35 36 31 32 33 34 35 36 38 39 40 41 42 43 45 46 47 48 49 50 51 52 53 54 55 56 57 58 59 60 61 62 63 64 65 66 67 68 69 70 71 72 73 74 75 76 77 78 79 80 81 82 83 85 86 87 88 89 90 92 93 94 95 96 97 98 100
31 c 2 48 69 0 184 10 1 1 32 33 35 36 37 38 39 40 41 42 43 44 45 46 47 49 50 51 52 53 54 55 56 57 58 59 60 62 64 65 66 68 69 71 73 74 75 76 77 78 79 80 81 82 83 84 85 86 87 88 89 90 91 92 93 94 96 97 98 99 100
32 c 23 3 70 0 185 10 7 16 33 34 35 36 37 38 40 41 42 43 44 45 46 48 49 51 52 53 54 55 56 57 58 59 60 61 63 64 65 66 67 68 69 70 71 72 73 74 75 76 77 78 79 80 81 82 83 84 85 86 87 88 89 90 94 95 96 97 98 99 100
33 c 27 69 70 0 185 10 10 7 34 36 37 38 39 41 42 43 44 45 46 48 49 50 51 52 53 54 55 56 57 58 59 60 61 62 63 64 65 66 67 68 69 70 71 73 74 75 76 77 78 79 80 81 82 83 84 85 86 87 88 89 91 92 93 94 95 96 97 98 99 100
34 c 8 56 70 0 185 10 27 23 35 36 37 38 39 40 41 42 43 44 45 46 47 48 49 50 51 52 53 54 55 56 57 58 59 60 61 62 63 64 65 66 68 69 70 71 72 73 75 76 77 78 79 80 81 82 83 84 86 87 88 89 90 91 92 93 94 95 96 97 98 99 100
35 c 35 69 71 0 186 10 23 15 36 37 38 39 40 41 42 43 44 45 46 47 48 49 50 51 52 53 55 56 57 58 59 60 61 63 64 65 66 67 68 70 72 73 74 75 76 77 78 79 80 81 82 83 84 85 86 87 88 89 90 91 92 93 94 95 96 97 98 99 100
36 c 65 20 71 156 186 10 6 10 38 39 40 41 42 43 45 46 47 48 49 50 51 52 53 54 55 56 57 58 59 60 61 62 63 64 65 66 67 68 69 70 71 72 73 74 76 77 78 79 80 81 82 83 84 85 86 87 88 89 90 91 93 94 95 96 98 99 100
37 c 60 12 71 0 186 10 31 41 38 39 40 41 42 43 44 45 46 47 48 49 50 51 52 53 54 55 56 58 59 60 62 63 64 65 66 67 68 69 70 71 72 73 74 75 76 77 78 79 80 81 82 83 85 86 87 88 89 90 91 92 93 95 96 97 98 100
38 c 15 10 72 0 187 10 20 30 39 40 41 42 43 44 45 47 48 49 50 51 52 53 54 55 56 57 59 61 62 63 64 65 66 67 68 69 70 71 72 73 74 75 76 77 78 79 80 81 82 83 84 85 86 87 88 89 90 91 92 93 94 95 96 97 98 99 100
39 c 31 67 72 0 187 10 3 1 40 41 42 43 44 45 46 47 49 50 51 52 53 54 55 56 57 58 59 60 61 62 64 65 66 67 68 69 70 71 72 73 74 76 77 78 79 80 81 82 84 85 86 87 88 89 90 91 92 93 94 95 96 97 98 99 100
40 c 15 60 72 0 187 10 17 26 41 42 44 45 46 47 48 49 51 52 53 54 55 56 57 58 59 60 61 62 63 64 65 66 67 68 69 70 71 72 73 74 75 76 77 78 79 81 82 83 84 85 86 87 89 90 91 92 93 94 95 96 97 98 99 100
41 c 61 52 73 0 188 10 3 3 42 43 45 46 47 48 49 50 51 52 53 54 55 56 57 58 59 60 61 62 63 64 65 66 67 68 69 70 71 72 73 74 75 76 78 79 80 81 82 83 84 85 86 87 88 89 90 91 93 94 95 96 97 98 99 100
42 c 45 65 73 0 188 10 9 4 43 44 45 46 47 48 49 50 51 52 53 54 55 56 57 58 59 60 61 62 63 64 65 66 67 68 69 70 71 72 73 74 75 76 77 78 79 80 81 82 83 84 85 86 87 88 89 90 92 93 94 95 96 97 98 99
43 c 5 30 74 0 189 10 2 10 44 45 46 48 49 50 51 52 53 54 55 56 57 58 59 60 61 62 63 66 67 68 69 70 72 73 74 75 76 77 78 79 80 81 82 83 84 85 86 87 88 89 90 91 92 93 94 95 97 98 99 100
44 c 53 12 75 0 190 10 6 1 45 47 48 49 50 51 52 53 54 56 57 58 59 60 61 62 63 64 65 66 67 68 69 70 71 72 73 74 75 76 77 78 79 80 81 82 83 84 86 87 88 89 90 91 92 93 94 95 96 97 98 99 100
45 c 64 42 75 0 190 10 9 5 46 47 48 49 50 52 53 54 55 56 57 58 59 60 61 62 63 64 65 66 67 68 69 70 71 72 73 74 75 76 77 78 79 80 81 82 83 84 85 86 87 88 89 90 91 92 93 94 95 96 97 98 99 100
46 c 65 35 75 0 190 10 3 3 47 48 49 50 51 52 53 54 55 56 57 58 59 60 61 62 63 64 65 66 67 68 69 70 71 72 75 76 77 78 79 80 81 82 83 84 85 86 87 88 89 90 92 93 94 95 96 97 98 99 100
47 c 10 20 75 0 190 10 19 24 48 49 50 51 52 53 54 55 56 57 58 59 60 61 62 64 65 66 67 68 69 70 71 72 73 74 75 76 77 78 79 80 81 82 83 84 85 86 87 88 89 90 91 92 93 94 95 96 97 98 99 100
48 c 6 38 75 0 190 10 16 23 49 50 51 52 53 54 55 56 57 58 59 60 61 62 64 65 66 67 68 69 70 71 72 74 75 76 77 78 79 80 81 82 83 84 85 86 87 88 89 90 91 92 93 94 95 96 97 98 99 100
49 c 42 7 76 0 191 10 5 1 50 51 53 54 55 56 57 58 59 60 61 62 64 65 66 67 68 69 70 71 73 74 75 76 77 78 79 80 81 82 83 84 86 87 88 89 90 91 92 94 95 96 97 98 99 100
50 c 13 52 77 0 192 10 36 27 51 52 53 54 55 57 58 59 60 61 63 64 65 66 67 68 69 70 71 72 73 74 75 76 77 78 79 80 81 82 83 84 85 86 87 88 89 90 91 92 93 94 95 96 97 99 100
51 c 49 11 77 0 192 10 18 19 52 53 54 55 56 57 58 59 60 61 62 63 64 65 67 68 69 70 71 72 74 75 76 77 78 80 81 82 83 84 85 86 87 88 89 90 91 92 93 94 95 96 97 98 99 100
52 c 55 54 78 0 192 10 26 31 53 54 55 56 57 58 59 60 61 62 63 64 66 67 68 69 70 71 72 73 74 75 76 77 78 80 81 83 84 86 87 88 89 90 91 92 93 94 95 96 97 98 99 100
53 c 49 58 78 0 193 10 10 17 54 55 56 57 58 59 60 62 63 64 65 67 68 69 70 71 72 73 74 75 76 77 78 79 82 83 84 86 87 88 89 90 91 92 93 94 95 97 98 99 100
54 c 45 10 78 0 193 10 18 19 55 56 57 58 59 60 61 62 63 64 65 66 67 68 69 70 71 72 73 74 75 76 77 78 79 80 81 82 83 84 85 86 87 88 89 90 91 93 95 96 97 98 99 100
55 c 24 12 79 0 194 10 5 1 58 59 60 62 63 64 65 66 67 68 69 70 71 72 74 75 76 77 78 79 80 81 82 83 84 85 86 87 88 89 90 91 93 94 95 96 97 98 99 100
56 c 40 60 79 0 194 10 21 26 57 59 60 61 63 64 65 66 67 68 69 71 72 73 74 75 76 77 78 79 80 82 83 84 86 87 88 89 90 91 92 93 95 96 97 98 99 100
57 c 30 60 79 0 194 10 16 8 58 59 60 61 62 63 64 66 67 68 69 70 71 72 73 74 75 76 77 78 79 80 81 83 84 85 86 87 89 90 91 93 94 96 97 98 99 100
58 c 15 19 79 0 194 10 1 7 59 61 62 63 64 65 66 67 68 70 71 72 73 74 75 76 77 78 79 80 81 82 83 84 85 86 87 88 89 90 92 93 94 95 96 97 98 99 100
59 c 12 24 79 0 194 10 13 13 60 62 63 64 65 66 67 68 69 70 71 72 74 75 76 77 78 79 80 81 83 84 85 86 87 88 89 90 91 93 94 96 97 98 99 100
60 c 18 18 80 165 195 10 17 25 61 62 63 65 66 67 68 69 70 71 72 73 74 75 76 77 78 79 81 82 83 84 85 88 89 90 92 93 94 95 96 97 98 99 100
61 c 53 52 80 0 195 10 11 10 62 63 64 65 66 69 72 74 75 76 78 79 80 81 82 84 85 88 89 90 91 92 93 94 95 96 97 98 99 100
62 c 32 12 81 0 196 10 7 16 63 64 65 66 67 68 69 70 71 72 73 74 75 76 77 78 79 80 81 82 83 84 85 88 89 90 91 92 93 94 95 96 98 99
63 c 16 22 81 0 196 10 41 41 64 65 66 67 68 70 72 73 74 75 76 77 78 79 80 81 83 85 87 88 89 90 91 93 94 95 96 97 98 99 100
64 c 15 47 81 0 196 10 16 24 65 66 67 68 69 70 71 72 73 74 75 76 77 78 79 80 81 82 83 84 86 87 88 89 90 91 92 93 94 95 96 97 98 99 100
65 c 47 16 82 0 197 10 25 17 66 67 68 69 70 71 72 73 74 75 76 77 78 79 82 83 84 85 87 88 89 90 91 92 93 94 95 96 97 99 100
66 c 57 29 82 0 197 10 18 23 67 68 69 71 72 73 74 75 76 80 82 83 84 85 86 87 88 89 90 91 92 93 94 95 96 97 98 99 100
67 c 55 45 82 0 197 10 13 13 68 69 70 72 73 74 76 77 78 79 80 81 82 83 85 86 87 88 89 90 93 94 95 96 97 98 99 100
68 c 20 50 83 0 198 10 5 8 69 70 71 72 73 74 75 76 77 78 79 80 81 82 83 84 85 86 87 88 89 90 91 92 93 94 95 96 97 98 99 100
69 c 37 56 83 0 198 10 5 1 70 71 72 73 74 75 76 77 78 79 80 81 82 83 84 85 86 88 89 91 92 93 94 95 96 97 98 99 100
70 c 56 37 83 0 198 10 6 4 71 72 73 74 75 76 77 78 79 80 81 82 83 84 85 86 87 88 89 90 91 92 93 94 95 96 97 98 99 100
71 c 20 20 83 0 198 10 8 1 72 73 74 75 76 77 78 79 80 81 82 83 84 85 86 88 90 91 92 94 95 96 97 98 99 100
72 c 19 21 83 0 198 10 10 20 73 74 75 76 79 80 81 82 83 84 85 86 87 88 89 90 91 92 93 94 95 96 98 99 100
73 c 56 39 83 0 198 10 36 36 74 75 76 78 79 80 81 83 84 85 86 87 88 89 90 91 92 93 94 95 96 97 98 99 100
74 c 14 37 83 0 198 10 11 1 75 76 77 78 79 80 81 82 83 84 85 86 87 88 89 91 92 93 94 95 97 98 99 100
75 c 44 17 84 0 199 10 9 4 76 77 78 79 80 81 83 84 85 86 87 88 89 90 91 92 93 94 95 96 97 98 99 100
76 c 18 24 84 0 199 10 22 22 77 78 79 80 81 82 83 84 85 86 87 88 89 90 91 92 93 94 95 96 97 98 99 100
77 c 15 30 84 0 199 10 26 23 78 79 80 81 82 83 84 85 86 87 89 90 92 93 94 95 96 97 98 99 100
78 c 53 43 84 169 199 10 14 14 79 80 81 83 84 85 86 87 88 89 90 91 92 93 94 95 96 97 99 100
79 c 26 52 85 0 200 10 9 7 80 81 82 84 85 86 87 88 89 90 91 92 93 94 95 96 97 98 99 100
80 c 45 20 86 0 201 10 11 9 81 82 83 84 85 86 87 88 89 90 91 92 93 94 95 96 97 98 99 100
81 c 17 34 86 0 201 10 3 2 82 83 84 85 86 87 88 89 90 91 92 93 94 95 96 97 98 99 100
82 c 35 17 87 0 202 10 7 12 83 84 85 86 87 88 89 90 91 92 93 94 96 97 98 99 100
83 c 25 21 87 0 202 10 12 15 84 85 86 87 88 89 90 91 92 93 94 95 96 97 98 99
84 c 21 24 87 0 202 10 28 18 85 86 87 88 89 90 91 92 93 94 95 96 97 98 99 100
85 c 31 52 87 0 202 10 27 26 87 88 89 90 91 92 94 95 96 97 98 99 100
86 c 47 47 88 0 203 10 13 8 87 88 89 90 91 92 93 94 95 96 97 98 100
87 c 20 40 89 0 204 10 12 22 88 89 90 91 92 94 95 96 97 98 99
88 c 41 49 89 0 204 10 10 9 89 90 91 93 94 95 96 97 98 99 100
89 c 22 27 89 0 204 10 11 2 90 91 92 93 94 95 96 97 98 99 100
90 c 25 24 90 0 205 10 20 13 91 93 96 97 98 99 100
91 c 50 35 90 0 205 10 19 22 92 93 94 95 96 98 99 100
92 c 26 27 92 0 207 10 27 30 93 94 95 96 98 99 100
93 c 25 30 93 0 208 10 3 12 95 96 97 98 99 100
94 c 45 30 93 0 208 10 17 13 95 96 97 98 99 100
95 c 40 25 93 0 208 10 9 7 96 97 98 99 100
96 c 27 43 93 0 208 10 9 10 97 98 99 100
97 c 36 26 95 180 210 10 18 28 98 99 100
98 c 26 35 96 0 211 10 15 23 99 100
99 c 41 37 98 0 213 10 16 21 100
100 c 35 40 100 0 215 10 16 24

