StringID Type x y release ReadyTime DueDate ServiceTime weight volume Item_Conflitante1 Item_Conflitante2 Item_Conflitante3 Item_Conflitante4 Item_Conflitante5 Item_Conflitante6 Item_Conflitante7 Item_Conflitante8 Item_Conflitante9 Item_Conflitante10 Item_Conflitante11 Item_Conflitante12 Item_Conflitante13 Item_Conflitante14 Item_Conflitante15 Item_Conflitante16 Item_Conflitante17 Item_Conflitante18 Item_Conflitante19 Item_Conflitante20 Item_Conflitante21 Item_Conflitante22 Item_Conflitante23 Item_Conflitante24 Item_Conflitante25 Item_Conflitante26 Item_Conflitante27 Item_Conflitante28 Item_Conflitante29 Item_Conflitante30 Item_Conflitante31 Item_Conflitante32 Item_Conflitante33 Item_Conflitante34 Item_Conflitante35 Item_Conflitante36 Item_Conflitante37 Item_Conflitante38 Item_Conflitante39 Item_Conflitante40 Item_Conflitante41 Item_Conflitante42 Item_Conflitante43 Item_Conflitante44 Item_Conflitante45 Item_Conflitante46 Item_Conflitante47 Item_Conflitante48 Item_Conflitante49 Item_Conflitante50 Item_Conflitante51 Item_Conflitante52 Item_Conflitante53 Item_Conflitante54 Item_Conflitante55 Item_Conflitante56 Item_Conflitante57 Item_Conflitante58 Item_Conflitante59 Item_Conflitante60 Item_Conflitante61 Item_Conflitante62 Item_Conflitante63 Item_Conflitante64 Item_Conflitante65 Item_Conflitante66 Item_Conflitante67 Item_Conflitante68 Item_Conflitante69 Item_Conflitante70 Item_Conflitante71 Item_Conflitante72 Item_Conflitante73 Item_Conflitante74 Item_Conflitante75 Item_Conflitante76 Item_Conflitante77 Item_Conflitante78 Item_Conflitante79 Item_Conflitante80 Item_Conflitante81 Item_Conflitante82 Item_Conflitante83 Item_Conflitante84 Item_Conflitante85 Item_Conflitante86 Item_Conflitante87 Item_Conflitante88 Item_Conflitante89 Item_Conflitante90 Peso_Total Volume_Total
0 d 40 50 0 0 240 0 0 0                                                                                           200 200
1 c 12 24 20 91 118 10 13 6 2 3 4 5 6 8 9 10 11 12 13 15 16 17 18 19 20 21 23 24 25 26 27 28 29 30 31 33 34 35 37 38 39 40 41 42 43 44 45 46 47 48 50 51 52 53 54 55 56 57 58 59 60 63 65 66 67 68 69 70 71 72 73 74 75 76 77 78 79 80 81 82 83 84 85 86 87 88 89 90 91 92 93 94 95 96 97 98 100
2 c 49 58 20 78 123 10 10 11 3 4 5 6 7 8 9 10 11 12 13 14 15 16 17 18 19 21 22 23 24 25 26 27 28 29 30 31 32 33 34 35 36 37 39 40 41 42 43 44 45 46 48 49 50 51 52 53 54 55 56 57 58 59 60 61 62 63 65 66 67 68 69 70 71 72 73 74 75 76 77 78 79 82 83 86 87 88 89 90 91 92 93 94 95 96 97 98 99 100
3 c 45 65 20 37 124 10 9 4 4 5 6 7 8 9 10 11 12 13 14 16 17 18 19 20 21 22 23 25 26 27 28 29 30 31 32 33 34 35 36 37 38 39 41 42 44 45 46 47 48 49 50 52 53 55 56 57 58 59 60 61 62 63 64 65 66 67 68 69 70 71 73 74 75 76 78 79 80 81 82 83 84 85 86 88 90 91 92 93 94 95 96 97 98 99 100
4 c 65 55 20 30 129 10 14 19 5 6 9 10 12 13 14 15 16 17 18 19 20 21 22 23 25 27 28 29 30 31 32 34 35 36 37 38 39 40 41 42 43 44 45 46 47 48 50 51 52 54 55 56 57 58 59 60 61 62 63 64 65 66 68 69 70 71 72 73 74 75 76 77 78 81 82 84 85 86 87 88 89 90 91 92 93 94 95 96 98 99 100
5 c 44 5 20 73 130 10 20 29 6 7 8 9 10 11 12 13 14 17 18 19 20 22 23 24 25 26 27 28 29 30 31 32 33 34 35 36 37 38 39 40 41 42 43 44 45 46 47 48 49 50 51 52 53 54 55 56 57 58 59 60 61 62 63 64 65 66 67 68 69 70 71 72 73 74 75 76 77 78 79 80 81 82 83 85 87 88 89 90 91 92 93 94 95 96 97 98 99 100
6 c 60 12 20 48 131 10 31 23 7 8 9 10 11 12 13 14 15 16 17 18 19 20 21 22 24 25 26 27 28 29 30 31 32 34 35 36 37 38 39 40 41 42 43 44 45 46 47 48 49 50 51 52 53 54 55 56 57 58 59 60 61 62 63 64 65 66 67 68 69 70 71 72 73 74 75 77 78 79 80 82 83 84 85 87 88 89 90 91 92 93 94 95 96 97 98 99 100
7 c 15 75 20 54 133 10 20 24 8 9 11 12 13 14 16 17 18 20 21 23 24 26 27 28 29 30 31 34 35 36 38 39 40 41 42 43 44 45 46 47 49 50 51 52 53 54 55 56 58 60 61 62 63 64 65 66 67 68 69 70 71 72 73 74 75 76 77 79 81 82 83 85 86 87 88 89 91 92 93 94 95 96 97 98 100
8 c 24 58 20 27 136 10 19 22 9 10 11 12 13 14 15 16 17 18 20 21 22 23 24 25 26 27 28 29 30 31 32 33 34 35 36 37 38 39 41 42 43 44 45 46 47 48 49 50 51 52 53 54 55 56 57 58 59 60 61 62 63 64 65 66 67 68 69 70 71 72 73 74 75 76 77 78 79 80 81 82 83 84 85 86 87 88 89 91 92 94 95 96 97 98 99 100
9 c 26 52 20 14 136 10 9 5 10 11 12 13 14 15 16 17 18 19 20 21 22 23 24 25 26 27 28 29 30 31 32 33 34 35 36 38 39 40 41 42 43 44 45 46 47 48 49 51 52 53 55 56 58 59 60 61 62 63 64 65 66 67 68 69 70 72 73 74 75 76 77 78 79 80 81 82 83 84 85 86 87 88 89 90 91 92 93 94 95 96 97 98 99 100
10 c 2 60 20 46 137 10 5 1 11 12 13 14 15 16 17 18 19 20 21 22 23 24 25 26 28 29 30 31 32 33 34 35 36 37 38 39 40 41 42 43 44 45 47 48 49 50 51 52 53 54 56 57 58 59 60 61 62 63 64 65 66 67 68 69 70 71 72 73 74 75 76 78 79 80 81 82 83 84 85 86 87 89 90 91 92 93 94 96 97 98 99 100
11 c 64 42 20 31 138 10 9 1 12 13 14 15 16 17 18 19 20 21 22 23 25 26 27 28 29 30 31 32 33 34 35 36 37 38 39 40 41 42 43 44 45 46 47 48 49 50 51 52 53 54 55 57 58 59 60 61 62 63 64 65 66 67 68 69 70 71 72 73 74 75 76 78 79 80 81 82 83 84 85 86 87 88 89 90 91 92 93 94 95 96 97 98 99 100
12 c 60 85 20 61 138 10 30 40 13 14 15 16 17 18 19 21 22 23 24 25 26 27 28 29 31 32 33 34 35 36 38 39 40 41 42 43 44 45 46 47 48 49 50 51 52 53 55 56 57 58 59 60 61 62 63 64 65 66 67 68 69 70 71 72 73 74 75 76 77 78 79 80 81 82 83 84 85 86 87 88 90 91 92 94 95 96 98 99 100
13 c 42 12 20 99 138 10 10 8 14 15 16 17 19 20 21 22 23 24 25 26 27 28 30 31 32 33 35 36 37 38 39 40 41 42 43 44 45 46 47 48 49 51 52 53 54 55 57 58 59 60 62 63 64 65 66 67 69 70 71 72 73 74 75 76 77 78 79 80 81 82 83 84 85 86 87 88 89 90 91 92 93 94 95 96 97 98 99 100
14 c 45 30 20 20 139 10 17 17 16 17 18 20 21 22 23 24 25 26 27 28 29 30 31 32 33 34 35 36 37 38 39 40 41 42 43 44 45 46 47 48 49 50 51 52 53 54 55 56 58 59 60 61 62 63 64 65 67 68 69 70 71 72 73 74 75 76 77 78 79 80 82 83 84 85 86 87 88 89 90 91 92 93 94 95 96 97 98 100
15 c 31 52 20 9 139 10 27 29 16 17 18 19 20 21 22 23 24 25 26 27 28 29 30 31 32 33 34 35 36 37 38 39 40 41 42 44 46 47 48 49 50 51 53 54 55 56 57 59 60 61 62 63 64 65 66 67 68 69 70 71 72 73 74 75 76 78 79 80 81 82 83 84 85 86 87 88 90 91 92 93 94 95 97 98 99 100
16 c 21 24 20 63 140 10 28 29 17 18 19 20 24 25 26 27 28 29 32 33 34 35 36 37 38 39 40 41 42 43 44 45 46 47 48 49 50 51 52 53 54 55 57 58 59 60 61 62 63 64 65 66 67 68 70 71 72 73 74 75 76 78 79 80 81 82 83 84 86 87 88 89 90 91 92 93 94 96 97 98 99 100
17 c 27 43 20 14 140 10 9 17 18 19 20 21 22 23 24 25 26 27 28 29 30 31 32 33 34 35 36 39 40 41 43 44 45 46 47 48 49 50 51 53 54 55 56 57 58 59 60 61 62 63 64 65 66 67 68 69 70 71 72 73 74 75 76 77 78 79 80 81 82 83 84 85 86 87 89 90 91 92 93 94 95 97 98 99 100
18 c 26 35 24 42 141 10 15 15 19 20 21 22 23 24 25 26 27 28 29 30 31 32 34 35 36 37 38 39 40 41 42 43 45 46 47 48 50 51 52 53 54 55 56 57 58 59 60 61 62 63 64 65 66 67 68 69 70 71 72 73 74 75 76 77 78 79 80 82 83 84 85 86 87 88 89 90 91 92 93 94 95 96 97 98 99 100
19 c 62 80 24 38 141 10 30 33 20 21 22 23 25 27 28 29 30 31 32 33 37 38 39 40 41 42 43 44 45 46 47 48 49 50 51 53 54 56 57 58 59 60 62 63 64 65 66 68 69 70 71 72 73 74 75 76 77 78 79 81 82 83 84 85 86 87 88 89 90 91 92 93 94 95 96 97 99 100
20 c 0 40 24 41 141 10 20 26 21 22 23 24 25 26 27 28 29 30 31 32 33 34 35 36 37 38 39 41 42 43 45 46 47 48 49 51 52 53 54 55 56 57 58 59 60 61 62 63 64 65 66 67 68 69 71 72 73 74 76 77 78 79 80 81 83 84 85 87 88 89 90 91 92 94 95 96 97 98 99 100
21 c 55 82 24 35 142 10 10 19 22 23 24 25 26 27 28 29 30 31 32 33 34 35 36 37 38 39 40 41 42 43 44 45 46 48 49 50 51 52 53 54 55 56 57 58 59 60 61 62 63 64 65 66 67 68 69 70 71 72 73 74 75 76 77 78 79 80 81 82 84 85 86 87 88 89 90 91 92 93 94 95 96 97 98 99 100
22 c 6 68 24 65 142 10 30 39 23 24 25 26 27 28 29 31 32 33 34 35 36 37 38 39 40 41 42 43 44 45 46 47 48 49 50 51 52 53 55 56 57 58 60 61 62 64 65 67 68 69 70 71 73 74 75 76 77 78 79 80 81 82 83 84 85 86 87 88 89 90 91 92 93 94 95 96 97 98 100
23 c 57 48 24 76 143 10 23 33 24 25 26 28 29 30 31 32 34 36 37 38 39 40 41 42 43 44 45 46 47 48 49 50 52 53 54 55 56 57 58 59 60 61 63 65 66 67 68 69 70 71 72 73 74 75 76 77 78 79 81 82 83 84 85 87 88 89 91 92 93 94 95 96 97 98 99 100
24 c 20 50 24 68 143 10 5 1 25 26 27 28 29 30 31 32 33 34 35 36 37 38 39 40 41 42 43 44 45 46 47 48 49 50 51 52 53 54 55 56 57 58 59 60 61 62 63 64 65 66 67 68 69 70 71 72 73 74 76 77 78 79 80 81 82 83 85 86 87 88 90 91 92 93 94 95 96 97 98 99 100
25 c 15 80 24 67 144 10 10 6 27 28 29 30 31 32 33 34 35 36 37 38 39 40 41 42 43 44 45 47 48 49 50 51 52 53 54 55 56 57 58 59 60 61 62 63 64 65 66 67 68 69 70 72 73 74 75 77 78 79 80 81 82 83 84 85 86 87 88 90 91 92 93 94 95 96 97 99 100
26 c 63 23 24 59 144 10 2 5 27 28 29 30 31 32 33 34 35 36 37 38 41 42 43 44 45 46 47 48 49 50 51 52 53 55 56 57 58 59 60 61 62 64 65 66 67 68 69 70 71 72 73 74 75 76 77 78 79 80 81 82 83 84 86 87 88 89 90 91 92 93 95 96 97 98 99 100
27 c 88 30 27 52 147 10 10 11 29 30 31 32 33 34 35 36 38 40 41 42 43 44 45 46 47 48 49 50 51 52 53 54 55 56 57 58 59 60 61 62 63 64 65 66 67 68 69 70 71 72 73 74 75 76 77 78 79 80 81 82 84 86 87 88 89 90 91 92 93 94 95 96 97 99 100
28 c 42 10 28 40 148 10 40 46 29 30 31 32 33 34 35 36 37 38 39 40 41 42 43 44 45 46 47 48 49 50 51 52 53 54 55 56 57 58 59 60 61 63 64 67 68 69 70 71 72 73 74 75 76 77 78 79 80 81 82 83 84 85 86 87 88 89 90 91 92 93 94 95 96 97 99 100
29 c 37 47 28 53 148 10 6 11 30 31 32 33 34 35 36 38 39 40 41 42 43 44 45 46 47 48 49 50 51 52 53 54 55 56 57 58 59 60 61 62 63 64 65 66 67 68 69 70 71 72 74 75 76 77 78 79 80 81 82 83 84 86 87 88 89 90 91 92 93 94 95 96 97 98 99 100
30 c 8 45 28 32 148 10 20 21 31 32 33 34 35 36 37 38 39 40 41 42 43 44 45 46 47 48 49 50 51 52 53 55 57 58 59 60 61 62 64 65 66 67 68 70 71 74 75 76 77 78 79 80 81 82 83 84 85 86 87 88 89 90 91 92 93 94 96 97 98 100
31 c 57 29 28 73 148 10 18 11 32 33 34 35 36 37 38 39 40 41 43 44 45 46 47 48 49 50 51 52 53 54 55 56 57 58 59 60 61 62 63 64 65 66 67 68 69 72 73 74 75 76 77 78 79 80 81 82 83 84 85 86 87 88 89 90 91 92 93 94 95 96 97 98 99 100
32 c 40 15 29 64 149 10 40 44 33 34 35 36 38 39 40 41 42 43 44 45 46 47 48 49 50 51 52 53 54 56 57 59 60 61 63 64 65 66 67 68 69 70 71 72 73 74 75 76 78 79 80 81 82 83 84 85 86 87 88 90 91 92 93 94 95 96 97 98 99 100
33 c 55 20 30 45 150 10 19 19 34 35 36 37 38 39 40 42 43 44 45 46 47 48 49 50 51 53 54 55 57 58 59 60 61 62 63 64 65 66 67 68 69 70 71 73 74 75 76 77 78 79 80 81 82 83 84 85 86 87 88 89 90 91 92 93 94 95 97 98 99 100
34 c 25 30 30 25 150 10 3 1 35 36 37 38 39 40 41 42 43 44 45 46 47 48 49 50 51 52 53 54 55 56 58 59 60 61 63 64 65 66 67 68 69 70 72 74 75 76 77 78 79 80 81 82 83 84 85 86 87 88 89 90 91 92 93 94 96 97 98 99 100
35 c 35 40 30 11 150 10 16 13 37 38 39 40 41 42 43 44 45 46 47 48 49 50 51 53 54 55 56 57 59 60 61 62 63 64 65 66 67 68 69 71 72 73 74 75 76 77 78 79 80 81 82 84 85 87 88 89 91 92 95 96 97 98 100
36 c 22 85 32 95 152 10 10 9 38 39 40 41 42 43 44 45 46 47 48 49 51 53 54 55 56 57 58 59 60 62 64 65 66 67 68 69 71 72 73 74 75 76 77 78 79 80 81 82 83 84 85 86 87 88 89 90 91 92 93 94 95 96 97 98 99 100
37 c 8 40 32 33 152 10 40 43 38 39 40 41 42 43 44 45 46 47 48 49 50 51 52 53 54 55 56 57 58 59 60 61 62 63 64 65 66 67 68 69 70 71 72 73 74 75 76 77 78 79 80 81 82 83 84 86 87 89 90 91 92 93 94 95 96 99 100
38 c 10 35 39 57 154 10 20 14 39 40 41 42 43 44 45 46 47 48 49 50 51 52 53 54 55 56 57 58 59 60 61 63 65 66 67 68 69 70 71 73 74 75 77 78 79 80 81 82 83 85 87 88 89 91 92 93 94 95 96 97 98 99 100
39 c 18 75 39 60 159 10 20 16 40 41 42 43 44 45 46 47 48 49 50 51 52 53 54 55 57 58 59 60 61 62 63 64 65 66 67 68 69 70 71 72 73 74 75 76 77 78 79 80 81 82 83 84 85 86 87 88 90 91 92 93 94 95 96 97 99 100
40 c 56 37 39 20 159 10 6 4 41 42 43 44 45 46 47 48 50 51 52 53 54 55 56 57 59 60 61 62 63 64 65 66 67 68 69 70 71 72 74 75 76 77 78 79 80 81 82 83 84 85 86 87 88 89 90 92 94 95 96 97 98 99 100
41 c 10 40 42 106 161 10 30 36 43 44 45 46 47 48 49 50 51 53 54 55 56 58 59 61 63 64 65 66 67 68 70 71 72 73 74 75 76 77 78 79 80 81 83 84 86 87 88 90 91 92 93 94 95 96 98 99 100
42 c 40 5 42 45 161 10 10 19 43 44 45 46 47 48 49 50 51 52 53 54 55 56 57 58 59 60 61 62 64 65 66 68 69 70 71 72 73 74 75 76 77 78 80 81 83 85 86 87 88 89 90 91 92 93 94 95 97 98 99 100
43 c 8 56 42 47 162 10 27 18 44 45 46 47 48 49 50 51 52 53 54 55 57 58 60 61 62 63 64 65 66 67 68 69 70 71 72 73 74 75 76 77 78 79 80 81 82 83 84 85 86 88 90 91 93 94 95 96 97 98 99 100
44 c 2 40 44 39 163 10 20 15 45 46 47 48 49 50 51 52 53 54 55 56 57 58 59 60 61 62 63 64 65 66 67 68 69 70 71 72 73 74 75 76 77 78 79 82 83 84 86 87 88 89 90 91 92 93 94 95 96 98 100
45 c 38 5 44 45 164 10 30 38 46 47 48 49 51 52 53 54 55 56 57 58 59 60 61 62 63 64 65 66 67 68 69 70 71 72 73 74 75 76 77 78 80 81 83 84 85 86 87 88 89 90 91 92 93 94 95 96 97 98 99 100
46 c 58 75 44 49 164 10 20 19 47 49 50 51 52 54 55 56 57 58 59 60 61 62 63 65 66 67 68 69 70 71 72 73 74 75 77 78 80 81 82 83 84 85 86 87 88 89 91 92 93 94 95 96 97 98 99 100
47 c 30 25 45 56 165 10 23 14 48 49 50 51 52 53 54 55 57 58 59 60 61 62 63 64 65 66 67 68 69 71 72 73 75 76 78 79 80 81 82 83 84 85 86 87 88 89 91 92 93 94 95 96 97 98 99 100
48 c 4 18 45 104 165 10 35 28 49 50 51 52 53 54 55 57 58 59 60 61 62 63 64 65 66 67 68 69 70 71 73 74 76 77 78 79 80 81 82 83 84 85 86 87 88 89 90 91 92 94 95 96 97 98 99 100
49 c 5 5 45 57 165 10 16 14 50 52 54 55 56 57 58 59 60 61 63 64 65 66 68 69 70 71 73 74 75 76 78 79 80 81 82 83 84 85 86 87 88 89 90 91 92 93 95 96 97 98 99 100
50 c 22 75 48 30 168 10 30 40 51 52 53 54 55 56 57 58 59 61 62 63 64 65 66 67 68 69 70 71 72 73 74 75 76 77 78 79 80 81 82 83 84 85 86 87 88 89 90 91 92 93 94 95 96 97 98 99 100
51 c 85 35 48 83 168 10 30 38 52 53 54 55 56 57 58 59 60 61 62 63 64 66 67 68 69 70 71 73 74 75 76 77 78 79 81 82 83 84 85 86 87 88 90 91 92 93 94 95 96 97 98 99 100
52 c 65 35 48 29 168 10 3 1 53 54 55 57 58 59 60 61 62 64 65 66 67 68 69 70 71 72 73 74 75 76 77 78 79 81 82 83 84 85 86 88 89 90 91 92 93 94 95 96 97 99 100
53 c 95 30 54 90 169 10 30 25 54 55 56 57 58 59 60 61 62 63 64 65 67 68 69 70 71 72 73 74 75 76 77 78 79 80 81 82 83 84 85 86 87 88 89 90 91 92 93 94 95 96 97 98 99 100
54 c 95 35 54 57 172 10 20 30 55 56 57 58 59 60 61 62 63 64 65 68 69 70 71 72 73 74 75 76 77 78 79 80 81 82 83 84 85 86 87 88 89 90 91 92 93 94 95 96 97 98 99 100
55 c 37 31 54 19 172 10 14 21 56 57 58 59 60 61 62 63 64 65 66 67 68 69 70 71 72 73 74 76 77 78 79 80 81 82 83 84 86 87 88 89 90 91 92 93 94 96 97 98 100
56 c 88 35 54 50 172 10 20 24 57 58 60 61 62 64 65 66 67 68 69 70 71 72 73 74 75 76 77 78 79 80 81 82 83 84 85 86 87 88 89 90 91 92 93 94 95 96 97 98 99 100
57 c 90 35 54 52 174 10 10 18 58 60 61 62 63 64 65 66 67 68 69 70 71 73 74 75 76 77 78 79 81 82 83 84 85 86 87 88 89 91 92 93 94 95 96 97 98 99 100
58 c 92 30 54 55 174 10 10 7 59 60 61 62 63 64 65 66 67 68 70 71 72 73 74 76 77 79 80 81 82 83 84 85 86 87 88 89 90 91 92 93 94 95 96 97 98 99 100
59 c 67 5 57 52 177 10 25 29 60 61 62 63 64 65 66 67 68 69 70 71 72 73 74 76 77 78 79 80 81 82 83 84 85 86 87 88 89 90 91 93 94 95 96 97 98 99 100
60 c 53 43 58 14 177 10 14 17 61 62 63 64 65 66 67 68 69 70 71 72 73 75 76 77 78 79 80 81 82 83 84 85 86 87 88 89 90 91 92 93 94 95 96 97 98 99 100
61 c 72 35 58 83 178 10 30 21 63 64 65 66 67 68 70 71 72 73 74 75 76 77 78 79 80 81 82 84 85 86 87 88 90 92 93 94 95 96 97 98 99 100
62 c 85 25 58 51 178 10 10 4 64 65 66 67 68 70 71 72 73 74 75 76 77 78 79 81 83 84 85 86 87 88 89 90 91 92 93 94 95 96 97 98 99 100
63 c 87 30 58 61 178 10 10 15 64 65 66 68 69 70 71 72 74 75 76 77 78 79 80 81 82 83 84 85 86 87 88 89 90 91 92 93 94 95 97 98 99 100
64 c 42 15 65 94 179 10 10 11 66 67 68 70 71 72 74 76 77 78 79 80 81 82 83 84 86 88 89 90 91 92 93 94 95 96 97 98 99 100
65 c 55 80 65 33 180 10 10 16 66 68 69 70 71 72 73 74 76 78 79 80 81 83 84 86 87 88 89 90 91 92 93 94 96 97 98 99 100
66 c 23 3 65 49 180 10 7 6 67 68 69 70 71 72 73 74 75 76 77 78 79 80 82 83 84 86 87 88 89 90 91 92 93 94 95 96 97 98 99 100
67 c 65 82 65 95 182 10 10 12 68 69 70 71 73 74 75 76 77 78 79 80 81 83 84 85 86 87 88 89 90 91 92 93 94 95 96 97 98 99 100
68 c 15 10 65 51 182 10 20 12 69 71 73 74 75 77 78 79 80 81 82 83 84 85 86 87 88 89 90 91 92 94 95 96 97 98 99 100
69 c 35 5 65 45 183 10 20 28 70 71 72 73 74 75 76 77 78 79 80 81 82 83 84 85 86 87 88 89 90 91 92 93 94 95 96 97 98 99 100
70 c 18 80 65 71 184 10 10 13 72 73 74 75 76 77 78 80 81 82 83 84 85 86 87 88 89 90 91 92 93 94 95 96 97 98 99 100
71 c 42 5 65 50 184 10 10 4 72 73 74 75 77 78 79 80 81 82 83 84 85 86 87 88 89 90 91 93 94 95 98 99 100
72 c 67 85 65 57 185 10 20 26 73 74 75 76 77 78 79 81 82 83 84 85 86 87 88 89 90 91 92 93 94 95 96 97 98 99 100
73 c 55 85 65 100 185 10 20 17 74 75 76 77 78 79 80 81 82 83 84 85 86 87 88 89 90 91 92 93 95 96 97 98 99 100
74 c 65 85 66 43 186 10 40 43 75 76 77 79 80 81 82 83 84 85 86 88 89 90 91 92 93 94 97 98 99 100
75 c 10 20 67 42 187 10 19 24 76 77 78 79 80 81 82 83 84 85 86 87 89 90 91 93 94 95 96 97 98 99 100
76 c 55 54 68 105 188 10 26 18 77 78 79 80 82 83 84 85 86 87 88 89 90 91 92 93 94 95 96 97 98 99 100
77 c 20 85 69 40 189 10 20 28 78 79 80 81 82 83 84 85 86 87 88 89 90 91 92 93 94 95 96 97 98 99 100
78 c 0 45 69 51 189 10 20 21 79 81 82 83 84 85 86 88 89 90 92 94 95 96 97 98 100
79 c 65 20 70 39 190 10 6 13 80 81 83 84 85 86 87 88 89 90 91 92 93 94 95 96 98 99 100
80 c 5 35 72 53 191 10 10 16 81 82 83 84 85 86 87 88 89 90 92 93 94 95 96 97 98 100
81 c 25 85 72 49 191 10 20 15 82 83 84 85 86 87 88 89 90 92 93 94 95 96 97 98 99 100
82 c 2 45 72 38 191 10 10 1 83 84 85 86 87 88 89 90 91 92 93 94 95 96 97 98 99
83 c 20 82 72 37 192 10 10 6 84 85 86 87 88 89 90 91 92 93 95 96 97 98 99 100
84 c 20 80 73 69 193 10 40 36 85 86 87 88 89 90 92 93 94 95 96 97 98 99 100
85 c 60 80 73 36 193 10 10 1 86 87 89 90 91 92 93 94 95 96 97 98 99 100
86 c 20 20 73 71 193 10 8 9 87 88 89 90 91 92 93 94 95 96 97 98 99
87 c 38 15 74 51 194 10 10 7 88 90 91 92 94 95 96 97 98 99 100
88 c 5 45 74 35 194 10 10 7 89 90 91 92 93 94 95 97 98 99 100
89 c 41 37 78 97 198 10 16 22 90 91 92 93 94 95 96 97 98 99
90 c 50 35 82 91 198 10 19 25 92 93 94 95 96 97 98 99 100
91 c 55 60 82 107 200 10 16 26 93 94 96 97 98 99 100
92 c 63 65 82 27 202 10 8 11 93 94 95 97 98 99 100
93 c 15 60 83 62 203 10 17 24 94 95 96 97 98 99 100
94 c 61 52 88 50 208 10 3 6 95 96 97 99 100
95 c 35 69 90 30 210 10 23 18 97 98 99 100
96 c 31 67 90 43 210 10 3 1 97 99 100
97 c 30 60 94 95 214 10 16 6 98 100
98 c 40 60 96 101 216 10 21 18 99 100
99 c 49 42 97 89 217 10 13 19 100
100 c 47 47 102 93 222 10 13 20

