StringID Type x y release ReadyTime DueDate ServiceTime weight volume Item_Conflitante1 Item_Conflitante2 Item_Conflitante3 Item_Conflitante4 Item_Conflitante5 Item_Conflitante6 Item_Conflitante7 Item_Conflitante8 Item_Conflitante9 Item_Conflitante10 Item_Conflitante11 Item_Conflitante12 Item_Conflitante13 Item_Conflitante14 Item_Conflitante15 Item_Conflitante16 Item_Conflitante17 Item_Conflitante18 Item_Conflitante19 Item_Conflitante20 Item_Conflitante21 Item_Conflitante22 Item_Conflitante23 Item_Conflitante24 Item_Conflitante25 Item_Conflitante26 Item_Conflitante27 Item_Conflitante28 Item_Conflitante29 Item_Conflitante30 Item_Conflitante31 Item_Conflitante32 Item_Conflitante33 Item_Conflitante34 Item_Conflitante35 Item_Conflitante36 Item_Conflitante37 Item_Conflitante38 Item_Conflitante39 Item_Conflitante40 Item_Conflitante41 Item_Conflitante42 Item_Conflitante43 Item_Conflitante44 Item_Conflitante45 Item_Conflitante46 Item_Conflitante47 Item_Conflitante48 Item_Conflitante49 Item_Conflitante50 Item_Conflitante51 Item_Conflitante52 Item_Conflitante53 Item_Conflitante54 Item_Conflitante55 Item_Conflitante56 Item_Conflitante57 Item_Conflitante58 Item_Conflitante59 Item_Conflitante60 Item_Conflitante61 Item_Conflitante62 Item_Conflitante63 Item_Conflitante64 Item_Conflitante65 Item_Conflitante66 Item_Conflitante67 Item_Conflitante68 Item_Conflitante69 Item_Conflitante70 Item_Conflitante71 Item_Conflitante72 Item_Conflitante73 Item_Conflitante74 Item_Conflitante75 Item_Conflitante76 Item_Conflitante77 Item_Conflitante78 Item_Conflitante79 Item_Conflitante80 Item_Conflitante81 Item_Conflitante82 Item_Conflitante83 Item_Conflitante84 Item_Conflitante85 Item_Conflitante86 Item_Conflitante87 Item_Conflitante88 Item_Conflitante89 Item_Conflitante90 Item_Conflitante91 Item_Conflitante92 Item_Conflitante93 Peso_Total Volume_Total
0 d 35 35 0 0 1000 0 0 0                                                                                              1000 1000
1 c 8 56 123 34 362 10 27 22 2 3 4 5 6 7 8 9 10 11 12 14 15 16 18 19 20 21 22 23 25 26 27 28 29 30 31 32 33 34 35 36 37 38 39 40 41 42 43 44 47 48 49 50 51 52 53 54 55 56 57 58 59 60 61 63 64 65 67 68 69 70 72 73 74 75 76 77 78 80 81 82 83 84 86 87 88 90 91 92 93 94 95 96 97 98 99 100
2 c 57 68 123 218 417 10 15 11 3 4 5 6 7 8 9 10 11 12 13 14 15 16 17 18 19 20 21 22 23 24 26 27 28 29 30 31 32 33 34 35 36 37 38 39 40 41 42 43 44 45 47 48 49 50 51 52 53 54 55 56 57 58 60 61 62 63 64 65 66 67 68 69 70 71 72 73 74 75 76 77 78 79 80 81 82 83 85 86 87 88 89 90 91 92 93 94 96 97 98 99 100
3 c 28 18 123 380 487 10 26 25 4 5 6 7 8 9 10 12 13 14 15 16 17 18 19 20 21 22 23 24 25 26 28 29 30 31 32 33 34 35 36 37 38 39 40 41 43 44 45 46 47 49 50 51 52 53 54 55 57 59 60 61 62 63 64 65 66 67 68 69 70 71 72 73 74 75 76 77 78 79 81 82 83 84 85 87 88 89 90 91 93 94 95 96 97 98 99 100
4 c 47 16 123 22 377 10 25 20 5 7 8 9 10 11 12 13 14 15 16 17 18 19 22 23 24 25 28 29 30 31 32 33 34 35 36 37 38 39 40 41 42 43 44 45 46 48 49 51 53 54 55 56 57 58 59 60 61 63 64 65 66 67 68 69 70 71 72 73 74 75 76 77 78 79 80 81 82 83 84 85 86 87 88 89 90 91 92 93 94 95 96 97 98 99 100
5 c 41 37 123 44 325 10 16 10 6 8 9 11 12 13 14 15 16 17 18 19 20 21 22 23 24 25 26 27 28 29 31 32 33 34 35 37 38 39 40 41 42 43 44 45 46 48 49 50 51 52 53 54 55 57 58 59 60 61 62 64 65 66 67 68 69 70 71 72 73 74 75 76 77 78 79 80 81 83 84 85 86 87 88 89 90 91 92 93 94 95 96 97 98 99 100
6 c 64 42 123 129 374 10 9 19 8 9 10 11 12 13 14 15 16 17 18 19 21 22 23 24 25 26 27 28 29 30 32 33 34 35 36 37 38 40 41 42 43 44 45 46 47 48 49 50 51 52 54 55 56 57 58 59 60 61 62 63 64 65 66 67 68 69 70 71 72 73 74 75 77 78 79 80 82 83 84 85 86 87 88 89 90 91 92 93 94 95 96 97 98 100
7 c 40 60 123 115 498 10 21 23 8 9 10 11 12 13 14 15 16 17 19 20 21 22 23 24 25 26 27 28 29 31 32 33 34 35 37 38 39 40 41 42 43 44 45 46 47 48 50 51 52 53 54 55 56 57 58 59 60 61 62 63 64 65 66 67 68 69 70 71 72 73 74 75 76 77 78 79 80 81 82 83 84 85 87 88 89 90 91 92 93 94 95 96 97 98 99 100
8 c 31 52 123 91 336 10 27 30 9 10 11 12 13 16 18 19 20 22 23 24 25 26 27 28 29 30 31 32 35 36 37 38 39 40 41 43 44 45 46 47 48 49 50 51 52 53 54 55 56 58 59 60 61 64 65 67 68 70 71 72 73 74 76 77 78 79 81 82 83 84 85 86 87 89 90 91 92 93 94 96 97 99 100
9 c 44 17 123 263 444 10 9 14 11 12 13 14 16 17 18 19 20 21 22 23 24 25 26 27 28 29 30 31 32 33 35 36 37 38 39 40 41 42 43 44 45 46 47 48 49 50 51 52 53 54 55 56 58 59 60 61 62 63 64 66 67 69 70 71 72 73 74 75 76 78 80 82 83 84 85 86 87 88 89 90 91 92 93 94 95 96 97 98 100
10 c 49 11 123 182 399 10 18 19 11 14 15 16 17 18 19 20 21 22 23 24 25 26 27 28 30 31 32 33 34 35 36 37 38 40 41 42 43 44 45 46 47 48 49 50 51 52 53 54 55 56 57 58 59 60 61 62 63 64 65 66 67 69 72 74 75 76 77 79 80 81 82 83 84 85 86 87 88 89 90 91 92 93 94 95 96 98 99 100
11 c 27 43 123 111 362 10 9 1 12 13 14 15 16 17 18 19 20 21 22 23 24 25 26 27 28 29 31 32 33 34 35 36 37 39 41 42 43 44 45 46 47 48 50 51 52 53 54 55 56 57 58 59 60 61 62 63 64 65 66 67 68 69 70 71 72 73 74 76 77 79 80 81 84 85 86 87 88 89 90 91 92 93 94 95 96 97 98 99 100
12 c 14 37 123 21 328 10 11 18 13 14 15 16 17 18 19 20 21 22 23 24 25 26 27 28 29 30 31 32 33 34 35 36 37 38 39 41 42 43 44 45 46 47 48 49 50 51 52 53 54 56 57 58 59 60 62 63 64 65 66 67 68 69 70 71 72 73 74 75 76 77 78 79 80 83 84 85 86 87 88 89 90 91 92 93 94 95 96 98 99 100
13 c 15 47 123 99 352 10 16 8 14 15 16 17 18 19 21 22 23 24 25 26 27 28 29 30 31 32 33 34 35 36 37 38 39 40 43 45 48 49 50 51 52 53 54 55 56 57 58 59 60 62 63 64 65 66 67 68 69 70 71 73 74 75 77 78 79 80 81 84 85 86 87 88 89 90 91 93 94 96 97 98 99 100
14 c 55 54 123 388 479 10 26 16 15 16 17 18 19 20 21 22 23 24 26 27 29 30 31 32 33 34 36 37 38 39 40 41 42 43 44 46 47 48 49 50 51 52 53 54 55 56 57 58 59 60 61 62 63 64 65 66 67 69 70 71 72 73 74 75 76 77 78 79 80 81 84 85 87 88 89 90 91 92 93 94 95 96 97 98 99 100
15 c 49 42 123 166 497 10 13 14 16 17 18 19 20 22 23 24 25 26 27 28 29 30 32 33 35 36 37 38 39 40 42 43 44 45 46 48 49 50 51 52 53 54 55 56 57 58 59 61 62 63 64 65 66 67 68 69 70 71 72 73 74 75 76 78 79 80 81 82 83 85 86 87 89 90 91 92 93 94 95 96 97 99 100
16 c 15 60 123 215 432 10 17 14 17 18 19 20 21 22 23 24 25 26 27 28 29 30 31 32 33 34 35 36 37 38 39 40 41 42 43 44 45 47 48 49 50 51 52 54 55 58 59 60 62 63 64 65 66 67 68 69 70 71 72 73 74 75 76 77 78 79 80 81 82 83 84 86 87 88 89 90 91 92 93 94 95 96 97 98 99 100
17 c 20 40 123 349 462 10 12 6 18 19 20 21 22 23 24 25 26 27 28 29 30 31 32 33 34 36 37 38 39 40 41 43 44 45 46 47 49 50 51 52 53 55 56 57 58 59 60 61 62 63 64 65 66 67 68 69 70 71 72 73 74 75 76 77 78 79 80 81 82 83 84 85 86 87 88 89 90 91 92 93 94 95 96 97 98 99 100
18 c 45 20 123 156 389 10 11 7 19 20 21 22 23 24 25 26 28 29 30 31 32 33 34 35 36 37 38 39 40 42 43 44 45 46 47 48 49 50 51 52 53 55 56 58 60 61 63 64 65 66 67 68 69 70 71 72 73 74 75 76 78 79 80 81 82 84 85 86 87 88 89 90 91 92 93 94 95 96 97 98 99 100
19 c 10 20 123 222 423 10 19 21 21 22 23 24 25 26 27 28 29 31 32 33 34 35 36 37 38 39 40 41 42 43 44 45 46 48 49 50 51 52 53 54 55 56 57 58 59 60 61 62 63 64 65 66 68 69 70 71 72 73 74 75 76 78 79 80 81 82 83 84 85 86 87 88 89 90 91 92 93 94 95 96 97 98 99 100
20 c 19 21 123 122 367 10 10 14 21 22 23 24 25 26 27 28 29 30 31 32 33 34 35 36 37 38 39 40 42 43 44 45 47 48 49 51 52 54 55 56 57 58 59 60 61 62 63 64 65 66 67 68 69 71 73 74 75 76 77 78 79 80 81 82 83 84 85 86 87 88 89 90 91 92 93 94 95 96 97 98 99 100
21 c 35 17 123 74 351 10 7 13 22 23 24 25 26 27 28 29 30 32 33 34 35 36 37 38 39 40 41 42 43 44 45 46 47 48 49 50 51 52 53 54 55 56 57 58 59 60 61 62 63 64 65 66 67 68 69 70 71 72 73 74 75 76 77 78 79 80 81 82 83 84 85 86 87 88 89 90 91 92 93 94 95 96 97 98 99 100
22 c 25 24 123 22 301 10 20 28 23 24 25 26 27 28 29 30 31 32 33 34 35 36 37 38 39 40 41 42 43 44 45 46 47 48 49 50 51 52 53 54 55 56 57 58 59 60 61 62 63 64 65 66 68 69 70 71 72 73 74 75 76 77 78 79 80 81 82 83 85 87 88 89 90 91 92 93 94 95 96 97 98 99 100
23 c 15 30 123 20 370 10 26 24 24 25 26 27 29 30 31 32 33 34 35 36 37 38 39 40 41 42 43 44 45 46 47 50 51 52 53 55 56 57 58 59 60 61 62 63 64 65 66 67 68 69 70 71 72 73 75 76 77 79 80 81 82 84 86 87 88 89 90 91 92 93 94 95 96 97 98 99 100
24 c 27 69 123 34 348 10 10 13 25 26 27 28 29 30 31 32 33 34 35 36 37 38 39 40 41 42 43 44 45 46 47 48 49 50 51 52 53 54 55 56 57 58 60 61 62 63 64 65 67 68 69 70 71 72 73 75 76 77 78 79 80 82 83 84 85 86 87 88 89 90 91 92 93 94 95 97 98 99 100
25 c 20 50 123 292 449 10 5 14 26 27 28 29 30 31 32 33 34 35 36 37 38 39 40 41 42 43 44 45 47 48 49 50 51 52 53 54 55 56 57 58 59 60 61 62 63 64 65 66 68 69 70 71 72 73 75 76 77 78 80 81 83 84 85 86 87 88 89 90 91 92 93 94 95 96 97 98 99
26 c 50 35 123 170 403 10 19 19 27 28 29 30 31 32 33 34 35 36 37 38 39 40 41 42 43 44 45 46 47 48 49 50 51 52 53 54 55 56 58 59 61 62 63 64 65 67 69 70 71 73 74 75 76 77 78 79 80 81 83 85 86 87 88 89 91 92 93 94 95 96 97 98 99 100
27 c 12 24 123 246 421 10 13 18 28 30 31 32 34 36 37 38 39 40 41 42 43 44 45 46 47 48 49 51 52 53 54 55 56 57 58 59 60 61 62 63 64 65 66 67 68 69 70 72 73 74 75 76 77 78 79 80 83 84 85 86 87 88 89 90 93 94 95 97 99 100
28 c 21 24 123 17 441 10 28 28 29 30 31 32 33 34 35 36 38 40 41 42 43 44 45 46 47 48 49 51 52 53 54 55 56 57 58 59 60 61 62 63 64 65 66 67 68 69 70 71 72 73 74 75 76 77 78 79 80 81 82 83 84 85 86 87 88 89 90 91 92 93 94 95 96 97 98 99
29 c 15 10 123 32 454 10 20 12 30 31 32 33 34 35 36 37 38 39 40 41 42 43 44 45 46 49 50 51 52 53 54 55 56 57 58 59 60 61 62 63 64 65 66 67 68 69 70 71 72 73 74 75 76 77 78 79 80 81 82 83 84 86 87 88 89 90 91 92 93 94 95 96 97 98 99 100
30 c 11 14 123 72 501 10 18 26 31 33 34 35 36 37 38 39 40 41 42 43 44 45 46 47 48 49 50 51 52 54 55 56 57 58 59 60 61 62 63 65 66 67 68 69 70 71 72 73 74 75 76 77 78 79 80 81 82 83 84 85 86 88 89 90 91 92 93 94 95 96 97 98 99 100
31 c 4 18 123 350 503 10 35 44 33 34 35 36 37 38 39 40 42 43 44 45 46 47 48 49 50 51 52 53 54 55 56 57 58 59 61 62 63 64 65 69 70 71 72 73 74 75 76 77 78 79 80 81 84 85 86 87 88 89 90 91 92 93 94 95 96 97 98 99 100
32 c 16 22 123 333 504 10 41 32 33 34 35 36 37 38 39 40 41 42 43 44 45 46 47 48 49 50 51 52 53 54 55 56 57 58 59 60 62 63 64 65 66 67 68 69 70 71 72 73 74 75 76 77 78 79 80 81 82 83 84 85 86 87 88 89 90 91 92 93 94 95 96 97 98 99 100
33 c 49 58 123 296 505 10 10 4 34 35 36 37 38 39 41 42 44 45 47 48 49 50 51 52 53 54 55 56 58 59 60 62 63 64 65 66 67 68 69 70 71 72 73 75 76 77 78 79 80 81 82 83 84 85 86 87 88 89 90 91 92 93 94 95 96 97 98 99 100
34 c 20 65 123 33 510 10 12 19 35 36 37 38 41 44 45 46 47 48 49 50 51 52 53 54 56 58 59 60 61 62 63 64 65 66 67 68 69 70 71 72 74 75 76 78 79 80 81 83 85 86 87 88 89 90 91 93 94 95 96 97 99 100
35 c 55 5 123 36 513 10 29 34 36 37 38 39 41 42 43 44 45 46 47 48 49 50 51 52 53 54 56 57 58 59 60 61 62 63 64 65 66 67 68 70 72 73 75 76 77 78 79 80 81 82 83 84 85 86 87 88 89 91 92 93 94 95 96 97 98 99 100
36 c 15 77 123 46 523 10 9 4 37 38 39 40 41 42 43 44 45 46 47 48 49 50 51 52 53 54 55 56 57 58 59 60 61 62 63 64 65 66 68 69 70 71 73 74 76 77 78 79 80 81 82 83 84 85 86 87 88 89 90 92 93 94 95 96 97 98 99 100
37 c 30 5 123 30 529 10 8 1 38 39 40 41 42 43 44 45 46 47 48 49 50 51 52 53 54 55 56 57 58 59 60 61 62 63 64 65 66 67 68 69 70 71 72 73 74 75 76 77 78 79 80 81 82 83 84 85 86 87 88 91 92 93 94 95 96 97 98 99 100
38 c 31 67 123 345 534 10 3 1 39 40 41 42 43 44 45 46 47 48 49 50 51 52 53 54 56 57 58 59 60 61 62 63 64 65 66 67 68 69 70 71 72 73 74 75 76 77 78 79 80 81 82 84 85 86 87 88 89 90 91 92 93 94 95 98 99 100
39 c 37 47 123 12 535 10 6 1 40 41 42 43 44 45 46 47 48 49 50 52 54 55 57 58 59 60 61 62 63 64 65 66 67 69 70 71 72 73 74 75 76 77 78 79 81 82 83 84 85 86 87 88 89 90 91 92 93 94 96 98 99 100
40 c 26 27 123 403 536 10 27 17 41 42 43 45 46 47 48 49 50 51 52 53 54 55 56 58 59 60 61 63 64 65 66 67 68 69 70 71 72 73 74 75 76 77 78 79 80 81 82 83 84 86 87 88 89 91 92 93 94 95 96 97 98 99 100
41 c 26 52 123 114 553 10 9 4 42 43 44 46 47 48 49 50 51 52 53 54 55 56 57 58 59 60 61 62 63 64 65 66 67 68 69 70 71 72 73 74 75 76 77 78 79 81 82 83 84 85 86 87 88 89 90 91 92 93 94 95 96 97 98 99 100
42 c 40 25 123 243 554 10 9 7 43 44 45 46 47 48 49 50 52 53 54 55 56 57 58 59 60 61 62 63 64 65 66 67 68 69 70 71 72 74 75 76 77 78 79 80 81 82 83 84 85 86 87 88 89 90 91 92 93 94 95 96 97 98 99 100
43 c 5 5 123 147 560 10 16 12 44 45 46 47 49 50 51 52 53 54 55 56 57 58 59 60 61 62 64 65 66 67 68 69 70 71 72 73 74 75 76 77 78 79 80 81 84 85 86 87 88 89 90 91 92 93 94 95 96 97 99 100
44 c 67 5 123 132 563 10 25 29 45 47 48 49 50 51 52 53 54 55 56 57 58 59 61 62 63 64 65 66 67 68 69 70 71 72 73 74 75 76 77 78 79 80 81 82 83 84 86 87 88 89 90 91 92 93 94 95 96 97 98 99 100
45 c 20 26 123 185 580 10 9 11 46 47 48 49 50 51 52 53 54 56 57 58 59 60 61 62 63 65 66 67 68 69 70 71 72 73 75 76 78 79 80 81 82 83 84 85 86 87 88 89 90 91 92 93 94 95 96 97 98
46 c 57 48 123 273 580 10 23 30 47 48 49 50 51 52 53 54 55 56 57 58 59 60 61 62 63 64 65 66 69 70 71 72 73 75 76 77 78 79 80 81 82 83 84 85 87 88 89 90 91 92 93 94 95 97 98 99 100
47 c 24 58 123 25 583 10 19 25 48 49 50 51 52 53 55 56 57 58 59 60 61 62 63 64 65 66 67 68 69 71 72 73 74 75 76 77 78 79 80 81 83 84 85 86 87 88 89 90 91 92 93 94 95 96 97 98 99 100
48 c 32 12 123 366 585 10 7 5 49 50 51 52 53 54 55 56 57 58 59 60 61 62 64 65 66 67 68 69 70 71 72 73 74 75 76 77 78 79 80 81 82 83 84 85 86 87 88 89 90 91 92 93 94 95 97 98 99 100
49 c 6 68 123 444 597 10 30 28 50 51 52 53 54 55 57 58 59 60 61 62 63 64 65 66 67 70 71 72 73 74 75 76 77 78 79 80 81 82 84 85 86 87 88 90 91 92 93 94 95 97 99 100
50 c 10 43 123 288 597 10 9 16 51 52 53 55 56 57 58 59 60 61 62 64 65 66 67 69 70 71 72 73 74 75 76 77 78 79 80 81 83 84 85 86 87 88 89 90 91 93 94 95 96 97 98 99 100
51 c 37 31 123 301 602 10 14 16 52 53 54 55 56 57 58 59 60 61 62 63 64 65 66 67 68 69 70 71 72 73 74 75 76 77 78 79 81 82 83 84 86 87 88 89 90 91 92 93 94 96 97 98
52 c 62 77 123 49 608 10 20 13 53 54 55 56 57 58 59 60 62 63 64 66 67 68 69 70 71 72 73 74 75 77 78 79 80 81 82 83 84 85 86 88 89 90 91 92 93 95 96 97 98 99 100
53 c 35 40 123 5 612 10 16 18 55 56 57 58 59 60 61 62 63 64 65 66 67 68 69 70 71 72 73 74 75 76 77 78 79 80 81 82 83 84 85 86 87 88 89 90 91 92 93 94 95 96 97 98 99 100
54 c 55 45 123 498 613 10 13 17 55 56 57 58 59 60 61 62 63 64 65 66 67 68 70 71 72 74 76 77 78 79 80 81 82 84 87 88 89 90 91 92 93 94 95 97 98 99 100
55 c 24 12 123 25 616 10 5 2 56 58 59 60 61 62 63 64 65 66 67 68 69 70 71 72 73 74 75 76 77 78 79 80 81 82 83 84 85 86 87 88 89 90 91 92 93 94 95 96 97 98 99 100
56 c 45 10 123 280 623 10 18 10 57 58 59 60 61 62 63 64 65 66 67 68 69 70 71 72 73 74 75 76 77 78 79 80 82 83 84 86 87 88 89 90 91 92 93 94 95 96 97 98 99 100
57 c 11 31 280 323 624 10 7 7 58 59 60 61 62 63 64 65 66 67 69 70 71 72 73 74 75 76 77 78 79 80 81 82 83 84 85 86 87 88 89 90 91 92 93 94 95 96 97 98 99 100
58 c 55 60 280 254 643 10 16 10 59 60 61 62 63 64 65 66 67 68 69 70 71 72 73 74 75 76 77 78 79 80 82 83 84 85 86 87 88 89 90 91 92 93 94 95 96 97 98 99 100
59 c 53 52 280 24 646 10 11 20 60 61 62 64 65 66 67 69 70 71 72 73 74 75 76 77 78 79 80 81 82 83 84 85 86 87 88 89 90 91 92 93 94 95 97 98 99 100
60 c 65 55 280 487 656 10 14 4 61 62 63 64 65 66 67 68 69 70 71 72 73 74 75 76 77 78 79 80 81 82 83 84 85 86 87 88 89 90 91 92 93 94 95 96 97 98 99 100
61 c 25 30 280 266 663 10 3 13 62 63 65 66 67 69 70 71 72 73 74 75 76 77 78 79 80 81 82 83 84 85 86 87 88 89 90 91 92 93 94 95 96 97 98 99 100
62 c 6 38 280 29 669 10 16 18 63 64 65 66 67 68 69 70 71 73 74 75 76 77 78 79 80 81 82 83 84 85 86 88 89 90 91 92 93 94 95 96 97 98 99 100
63 c 61 52 280 212 671 10 3 13 64 65 66 67 68 69 70 71 72 73 74 75 76 77 78 79 80 81 82 83 84 85 87 88 89 90 91 92 93 94 95 96 97 98 99 100
64 c 22 22 280 18 673 10 2 1 65 66 67 68 69 71 72 73 74 75 76 77 78 79 80 81 82 83 84 86 87 88 89 90 91 92 94 95 96 97 98 99 100
65 c 42 7 280 225 682 10 5 4 67 68 69 70 71 72 73 74 75 76 77 78 79 80 81 82 83 85 86 87 88 89 90 91 92 93 94 95 96 97 98 99 100
66 c 2 48 280 458 685 10 1 2 67 68 69 70 71 72 73 75 76 77 78 79 80 81 82 83 84 85 88 89 90 91 92 93 94 95 96 98 100
67 c 47 47 280 499 690 10 13 3 68 69 70 74 75 76 77 78 79 80 81 82 83 84 85 86 87 88 89 90 91 92 93 94 95 96 98 100
68 c 25 21 280 582 703 10 12 21 69 70 71 72 73 74 75 76 78 80 81 82 83 84 85 86 87 88 89 90 91 92 93 94 95 96 97 99 100
69 c 45 30 280 548 707 10 17 21 70 71 72 73 74 75 76 77 78 79 80 81 82 83 84 85 86 87 88 89 90 91 92 93 94 95 96 97 98 99 100
70 c 45 65 280 538 709 10 9 9 71 72 73 74 75 76 77 78 79 80 81 82 83 84 85 86 87 88 89 90 91 92 93 94 95 97 98 99 100
71 c 2 60 280 41 710 10 5 13 72 74 75 76 78 79 80 81 82 83 84 85 86 87 88 89 90 91 92 94 95 96 97 98 99 100
72 c 30 60 280 496 713 10 16 6 73 74 75 76 77 78 79 81 83 84 85 86 87 88 89 90 91 92 93 94 95 98 99
73 c 22 27 280 565 732 10 11 18 74 75 76 77 78 79 80 81 82 83 84 85 86 87 88 89 90 91 92 93 94 95 96 97 98 99 100
74 c 20 20 280 563 736 10 8 8 76 77 78 79 80 81 83 84 85 86 87 88 90 91 92 93 94 95 97 98 99 100
75 c 23 3 280 578 747 10 7 9 76 77 78 79 80 81 82 85 86 87 88 89 91 92 93 94 96 98 99 100
76 c 57 29 280 595 780 10 18 9 77 78 79 80 81 82 83 84 85 86 87 88 89 90 91 92 93 94 95 96 97 98 99 100
77 c 60 12 351 33 797 10 31 39 78 79 80 81 82 83 84 86 87 89 90 91 92 93 94 95 96 97 98 99 100
78 c 35 69 351 602 835 10 23 27 79 80 81 82 83 84 85 86 87 88 89 91 92 93 94 95 96 97 98 100
79 c 49 73 351 440 845 10 25 35 80 81 82 84 85 86 87 88 89 90 91 92 93 94 95 96 97 98 99 100
80 c 53 12 351 426 851 10 6 1 81 82 83 84 85 86 87 88 89 90 91 92 93 94 96 97 98 99 100
81 c 63 23 430 442 917 10 2 5 82 83 84 85 87 88 89 90 91 92 93 94 95 96 97 98 99 100
82 c 65 35 430 633 918 10 3 5 83 84 85 86 87 88 89 92 93 94 95 96 97 99 100
83 c 41 49 430 636 919 10 10 3 84 85 86 87 88 89 90 91 92 93 94 95 96 97 98 99 100
84 c 56 39 430 464 925 10 36 44 85 86 87 88 89 90 92 93 94 95 96 97 98 99 100
85 c 15 19 430 675 930 10 1 1 86 87 88 89 90 92 93 94 95 96 97 98 99 100
86 c 17 34 432 651 932 10 3 1 87 88 89 90 91 92 93 94 95 96 97 98 99 100
87 c 63 65 448 439 948 10 8 15 88 90 91 92 93 94 95 96 97 98 99 100
88 c 65 20 456 400 956 10 6 15 89 90 91 92 93 95 96 97 98 99 100
89 c 5 30 459 409 959 10 2 5 90 91 92 93 94 95 97 98 99 100
90 c 13 52 462 694 962 10 36 37 92 94 95 96 97 98 99 100
91 c 46 13 465 479 965 10 8 3 92 93 94 95 96 97 98 99 100
92 c 55 20 465 470 965 10 19 21 93 94 95 96 97 98 99 100
93 c 18 18 465 297 965 10 17 8 94 95 96 97 98 100
94 c 56 37 469 452 968 10 6 1 95 96 97 98 99 100
95 c 37 56 469 249 968 10 5 4 96 97 98 99 100
96 c 18 24 469 339 969 10 22 28 97 98 99
97 c 53 43 470 430 970 10 14 23 98 99 100
98 c 30 25 478 426 978 10 23 26 100
99 c 36 26 480 458 980 10 18 28 100
100 c 26 35 481 649 981 10 15 10

