StringID Type x y release ReadyTime DueDate ServiceTime weight volume Item_Conflitante1 Item_Conflitante2 Item_Conflitante3 Item_Conflitante4 Item_Conflitante5 Item_Conflitante6 Item_Conflitante7 Item_Conflitante8 Item_Conflitante9 Item_Conflitante10 Item_Conflitante11 Item_Conflitante12 Item_Conflitante13 Item_Conflitante14 Item_Conflitante15 Item_Conflitante16 Item_Conflitante17 Item_Conflitante18 Item_Conflitante19 Item_Conflitante20 Item_Conflitante21 Item_Conflitante22 Item_Conflitante23 Item_Conflitante24 Item_Conflitante25 Item_Conflitante26 Item_Conflitante27 Item_Conflitante28 Item_Conflitante29 Item_Conflitante30 Item_Conflitante31 Item_Conflitante32 Item_Conflitante33 Item_Conflitante34 Item_Conflitante35 Item_Conflitante36 Item_Conflitante37 Item_Conflitante38 Item_Conflitante39 Item_Conflitante40 Item_Conflitante41 Item_Conflitante42 Item_Conflitante43 Item_Conflitante44 Item_Conflitante45 Item_Conflitante46 Item_Conflitante47 Item_Conflitante48 Item_Conflitante49 Item_Conflitante50 Item_Conflitante51 Item_Conflitante52 Item_Conflitante53 Item_Conflitante54 Item_Conflitante55 Item_Conflitante56 Item_Conflitante57 Item_Conflitante58 Item_Conflitante59 Item_Conflitante60 Item_Conflitante61 Item_Conflitante62 Item_Conflitante63 Item_Conflitante64 Item_Conflitante65 Item_Conflitante66 Item_Conflitante67 Item_Conflitante68 Item_Conflitante69 Item_Conflitante70 Item_Conflitante71 Item_Conflitante72 Item_Conflitante73 Item_Conflitante74 Item_Conflitante75 Item_Conflitante76 Item_Conflitante77 Item_Conflitante78 Item_Conflitante79 Item_Conflitante80 Item_Conflitante81 Item_Conflitante82 Item_Conflitante83 Item_Conflitante84 Item_Conflitante85 Item_Conflitante86 Item_Conflitante87 Item_Conflitante88 Item_Conflitante89 Item_Conflitante90 Item_Conflitante91 Item_Conflitante92 Item_Conflitante93 Item_Conflitante94 Item_Conflitante95 Item_Conflitante96 Peso_Total Volume_Total
0 d 40 50 0 0 3390 0 0 0                                                                                                 700 700
1 c 8 40 11 685 845 90 40 42 2 3 4 5 6 7 8 10 11 12 13 14 15 16 17 18 19 20 21 22 23 24 25 26 27 28 29 30 31 32 33 34 35 36 37 38 39 40 41 42 43 44 45 47 48 49 50 51 52 53 54 55 56 57 58 59 60 61 62 63 64 65 66 67 68 69 70 71 72 73 74 75 76 77 78 79 80 82 83 84 85 86 87 88 89 90 91 92 93 94 95 96 97 98 99 100
2 c 5 35 11 876 1036 90 10 16 3 4 5 6 7 8 9 11 12 13 14 15 16 17 18 19 20 21 22 23 25 26 27 28 29 30 31 32 33 36 37 38 40 41 43 44 45 46 47 48 49 50 52 53 54 55 56 57 58 60 61 62 63 64 65 67 68 70 71 72 73 74 75 76 77 79 80 81 82 83 84 85 86 87 88 89 90 91 92 93 94 95 96 97 98 99 100
3 c 5 45 11 1253 1413 90 10 10 4 5 6 7 8 9 10 11 12 13 14 15 17 18 19 20 21 22 23 24 25 27 28 29 30 31 32 33 34 35 36 37 39 40 41 42 43 44 45 46 47 48 49 51 52 53 54 55 56 57 58 59 61 62 63 64 65 66 68 69 70 71 72 73 74 75 76 77 78 79 80 81 84 85 86 87 88 89 90 91 92 93 94 95 97 98 99 100
4 c 0 40 11 1063 1223 90 30 23 5 6 7 8 11 12 13 15 16 18 19 20 21 22 23 24 25 26 27 29 30 31 32 33 34 35 36 37 38 39 41 42 43 44 46 47 48 49 50 51 52 53 54 55 56 57 58 59 60 61 62 63 64 65 66 67 68 69 70 71 72 73 74 75 76 77 78 79 81 82 83 84 85 86 87 88 89 90 91 92 93 94 95 96 97 98 99 100
5 c 0 45 11 1158 1318 90 20 23 6 7 8 9 10 11 12 13 14 16 17 18 20 21 22 23 24 25 26 27 29 30 31 32 33 34 35 36 37 38 39 40 41 42 43 44 45 46 47 48 49 50 51 52 53 54 55 56 57 58 59 60 61 62 63 64 66 67 68 70 71 72 73 74 76 77 78 79 80 81 82 83 84 85 86 87 88 89 90 91 92 94 95 96 97 98 99 100
6 c 48 20 11 967 1127 90 10 11 7 8 9 11 12 13 14 15 16 17 18 19 20 21 23 24 25 27 28 29 30 31 32 33 35 36 37 38 39 40 41 42 43 44 45 46 48 49 50 51 52 53 54 56 57 58 59 60 62 63 64 65 67 68 70 71 72 73 74 75 76 77 78 79 80 81 82 83 84 85 86 87 88 89 91 92 94 96 97 98 99 100
7 c 55 80 11 407 567 90 10 4 8 9 10 11 12 14 15 16 17 19 20 21 22 24 25 26 27 28 29 30 31 32 33 34 35 37 38 40 41 42 43 44 45 46 47 48 49 50 51 53 54 55 56 57 58 59 60 61 62 63 64 65 66 67 68 69 70 71 72 73 74 75 76 77 78 79 80 81 82 83 84 85 86 87 88 89 90 91 92 93 94 95 96 97 98 99 100
8 c 44 5 11 1256 1416 90 20 28 9 10 11 12 13 14 15 16 17 18 19 20 21 22 23 24 25 26 27 28 29 30 31 32 33 34 35 36 37 39 40 41 43 44 46 47 48 50 51 52 53 54 55 56 57 58 59 60 61 62 63 64 65 66 67 68 69 70 71 72 73 74 75 76 77 78 79 80 81 83 84 85 87 88 89 90 92 93 94 96 97 98 99
9 c 42 10 11 1160 1320 90 40 32 11 12 13 14 15 17 18 19 20 21 22 23 24 25 26 27 28 29 30 31 32 33 34 35 37 38 39 40 41 42 43 44 45 46 47 48 49 50 51 52 53 55 56 57 58 59 60 61 62 63 64 65 66 67 68 69 70 71 72 74 75 76 77 78 79 80 81 82 83 84 85 86 87 88 89 90 91 92 93 94 95 96 97 98 99 100
10 c 42 15 11 1065 1225 90 10 1 11 12 13 14 15 16 17 18 19 20 21 22 24 25 26 27 28 29 30 31 32 33 34 35 36 37 38 39 41 42 43 44 45 46 47 51 53 54 55 56 57 58 59 60 61 62 63 64 65 66 67 68 69 70 71 72 73 74 75 76 77 78 79 80 81 82 83 84 85 86 87 88 89 90 91 92 93 94 95 96 97 98 99 100
11 c 40 5 11 1350 1510 90 30 29 12 13 14 15 16 17 19 20 21 22 23 24 25 26 27 28 29 30 31 32 33 35 36 37 38 40 42 43 44 45 46 47 48 49 50 51 52 53 54 55 56 58 59 60 61 62 63 64 65 66 67 69 71 72 73 74 76 77 79 80 81 82 83 84 85 86 87 90 91 92 93 95 96 97 98 99 100
12 c 38 5 11 1442 1602 90 30 40 13 15 16 18 19 21 22 23 24 25 26 27 28 29 31 32 33 34 35 36 37 38 39 40 41 43 44 45 46 48 50 51 52 53 54 55 56 57 58 59 60 61 62 63 64 65 66 67 68 69 70 71 72 73 75 77 78 79 80 81 82 83 84 85 86 87 88 89 90 91 92 93 94 95 96 97 98 99 100
13 c 35 5 11 1535 1695 90 20 27 14 15 16 17 18 19 20 21 22 23 24 25 26 27 28 29 30 31 32 33 34 35 36 37 38 39 40 41 42 43 45 46 47 48 49 50 51 52 53 54 55 56 57 58 59 61 62 63 65 66 67 68 70 71 72 73 74 75 76 77 79 80 81 82 83 84 85 86 87 88 90 91 92 93 94 95 97 98 99 100
14 c 50 30 11 401 561 90 10 10 15 16 17 18 19 20 21 22 23 24 25 26 27 28 30 31 32 33 34 36 37 38 39 40 41 42 43 44 45 46 47 48 49 50 51 52 53 54 55 56 57 58 59 60 61 62 63 64 65 66 67 68 69 70 71 72 73 74 75 76 77 78 79 80 81 82 83 84 85 86 87 88 89 90 92 93 94 95 96 97 98 99 100
15 c 50 35 11 120 280 90 20 23 16 17 18 19 20 21 22 23 24 25 26 27 28 29 30 31 32 33 34 35 36 38 39 40 41 43 44 45 47 48 49 50 51 52 53 54 55 56 57 58 59 60 61 62 63 65 66 67 68 69 71 72 73 74 75 76 77 78 79 80 81 82 83 84 85 86 87 88 89 90 91 92 93 94 95 96 98 99 100
16 c 50 40 11 25 185 90 50 49 17 18 19 20 21 22 23 24 25 26 27 28 29 30 31 32 33 34 35 36 37 38 40 41 42 43 44 45 46 47 48 49 50 51 52 53 54 55 56 57 58 60 62 63 64 65 66 67 68 69 70 71 72 73 74 75 76 77 78 79 82 83 85 86 87 88 89 90 91 92 93 95 96 97 98 99 100
17 c 48 30 11 493 653 90 10 10 18 19 20 21 22 23 24 26 27 28 29 30 31 32 34 35 36 37 38 39 40 41 42 43 44 45 46 48 49 50 51 52 53 54 55 56 57 58 60 61 62 63 64 65 66 67 68 69 71 72 73 74 75 76 77 78 79 80 81 82 83 84 85 86 87 88 89 90 91 92 93 94 95 96 97 98 99 100
18 c 44 25 11 871 1031 90 10 11 19 20 21 22 23 24 25 26 27 28 30 31 32 33 34 35 36 37 38 39 40 41 42 44 45 46 47 48 49 50 52 53 54 55 56 57 59 60 61 62 63 64 65 66 68 70 71 72 73 74 75 76 77 79 80 81 82 83 84 85 86 87 89 90 91 92 93 94 95 96 97 98 99 100
19 c 47 35 11 588 748 90 10 8 20 21 22 23 24 26 27 28 29 30 31 32 33 34 36 37 38 39 40 41 42 43 44 45 46 47 48 49 50 51 52 53 54 55 56 57 58 59 60 61 62 63 64 65 66 67 68 69 70 71 72 73 74 75 76 77 78 79 80 81 82 83 84 85 86 87 88 89 90 91 92 93 94 95 96 97 98 99 100
20 c 47 40 11 12 172 90 10 10 21 22 23 24 25 26 28 29 30 31 32 33 34 35 36 37 38 39 40 41 42 44 45 46 47 49 50 51 52 53 54 55 56 57 58 59 60 61 63 65 66 67 68 69 70 72 73 74 75 76 77 78 79 80 81 82 83 84 85 86 87 88 89 90 91 92 93 94 95 96 97 98 99 100
21 c 42 30 11 776 936 90 10 16 22 23 24 25 26 27 28 29 30 31 32 34 35 36 37 38 39 40 41 42 44 45 46 47 48 49 50 51 52 54 55 56 57 58 59 60 61 62 63 64 65 66 67 68 69 70 71 72 73 74 75 76 77 79 80 81 82 83 84 85 86 87 89 90 91 92 93 94 96 97 98 99 100
22 c 45 35 11 680 840 90 10 16 23 24 25 26 27 28 29 30 31 32 33 34 35 36 37 38 39 40 41 42 43 44 45 47 48 49 51 52 53 54 55 56 57 58 59 60 61 62 63 64 65 66 67 68 69 70 71 72 74 75 76 77 78 79 80 81 82 83 84 85 86 88 89 90 91 92 93 94 95 96 97 98 100
23 c 53 35 11 213 373 90 50 40 24 25 26 27 28 29 30 31 32 33 34 35 36 37 38 40 42 43 44 45 46 47 48 49 50 51 52 53 54 55 56 57 58 59 60 61 62 63 64 65 66 67 68 69 71 72 74 75 77 78 79 80 81 82 84 85 86 87 88 89 90 91 92 93 94 95 96 97 98 99
24 c 56 64 11 1355 1515 90 10 16 25 26 27 28 29 30 31 32 33 34 35 36 38 39 40 41 42 43 46 47 48 49 50 51 52 53 54 55 56 57 58 59 60 62 63 64 65 66 67 68 69 70 71 72 73 74 75 76 77 78 79 80 81 82 83 84 86 87 88 89 90 91 92 93 94 96 97 98 99 100
25 c 67 85 11 694 854 90 20 13 26 27 28 29 30 31 32 33 34 35 36 37 40 41 42 43 44 45 46 47 48 49 51 52 53 54 55 57 58 59 60 61 62 63 64 65 66 67 68 69 70 71 74 75 76 77 78 79 80 81 82 83 84 85 86 87 88 90 91 92 93 94 95 96 97 98 99 100
26 c 42 58 11 8 168 90 40 34 27 28 30 31 32 33 34 35 36 37 38 39 40 41 42 43 44 45 46 47 48 49 50 51 52 53 55 56 58 59 60 61 62 63 64 65 67 68 69 70 72 73 75 76 77 78 79 80 81 82 83 84 85 86 87 88 89 90 91 92 93 94 95 96 97 98 99 100
27 c 60 85 11 597 757 90 30 30 28 30 31 32 33 34 35 36 38 39 40 42 43 44 47 48 49 50 51 52 53 54 55 56 57 58 59 60 61 62 63 64 65 66 67 68 69 70 73 74 75 76 77 78 79 80 81 83 84 85 86 87 88 89 90 91 92 93 95 96 97 99 100
28 c 10 40 11 593 753 90 30 30 29 30 31 32 33 34 35 36 37 38 39 40 41 42 43 45 46 47 49 50 51 52 53 54 55 56 57 58 59 60 61 62 63 64 65 66 68 71 72 73 74 75 76 77 79 80 81 82 83 84 85 86 87 88 89 90 91 92 94 95 97 98 100
29 c 20 55 11 303 463 90 10 10 30 31 32 33 34 35 37 38 39 40 41 42 43 44 45 46 47 48 49 50 51 52 53 54 56 57 58 59 60 61 62 63 64 65 66 68 69 70 71 72 73 74 75 76 78 79 80 81 82 83 84 85 86 87 88 89 90 92 93 95 96 97 98 99 100
30 c 55 85 11 502 662 90 20 28 31 32 33 34 35 36 37 38 39 40 41 42 43 44 45 47 48 49 51 52 53 54 55 56 58 59 60 61 62 63 64 65 66 67 68 69 70 71 72 73 74 75 76 77 78 79 80 81 82 83 84 85 86 87 89 90 92 93 94 96 97 98 99 100
31 c 60 66 11 1261 1421 90 10 2 32 33 34 36 37 38 39 40 42 44 45 47 48 49 50 51 52 53 54 55 56 57 58 60 61 62 63 64 65 66 67 68 69 71 72 73 74 75 76 77 78 79 80 81 82 83 84 85 86 87 89 90 91 92 93 94 95 96 97 98 99 100
32 c 20 50 11 398 558 90 10 14 33 34 35 36 38 39 41 42 43 44 45 46 47 49 50 51 52 53 54 55 56 57 58 59 60 61 62 63 64 65 66 67 68 69 70 71 72 73 74 75 76 77 78 79 80 81 82 83 84 85 86 87 88 89 90 92 93 94 95 96 97 98 99 100
33 c 30 50 11 10 170 90 10 8 34 36 37 38 39 40 41 42 43 44 46 47 49 50 51 52 54 55 56 57 58 59 60 61 62 63 64 65 67 68 69 70 71 72 73 74 76 77 80 82 83 84 85 86 87 88 89 90 91 92 94 95 96 98 99 100
34 c 28 52 11 22 182 90 20 25 35 37 39 40 41 42 43 44 46 47 48 49 50 52 53 54 55 56 57 58 59 60 61 62 63 64 65 66 67 68 69 70 71 72 73 75 76 77 78 79 80 81 82 83 84 85 86 87 89 90 91 92 93 94 95 96 97 99 100
35 c 25 50 11 116 276 90 10 14 36 37 38 39 40 41 42 43 44 45 46 47 48 49 50 51 52 53 55 56 57 58 59 60 61 62 63 64 65 66 67 68 69 70 71 72 73 74 75 78 79 80 81 82 83 84 85 86 87 88 89 90 91 92 93 94 96 97 99 100
36 c 16 42 11 497 657 90 20 21 38 39 40 41 42 43 44 45 47 48 49 50 51 52 53 54 55 56 57 58 59 60 61 62 63 64 65 66 67 68 69 70 71 72 73 74 75 76 78 79 81 83 86 87 88 89 90 91 92 93 94 95 96 97 98 99 100
37 c 23 52 11 209 369 90 10 12 38 39 40 41 42 43 44 45 46 47 48 49 50 51 52 53 54 55 56 57 58 59 60 61 62 63 64 65 66 67 68 69 70 71 72 74 75 76 77 78 79 80 81 82 83 84 85 86 87 88 89 90 91 92 93 94 95 96 97 98 99 100
38 c 4 55 11 1447 1607 90 20 12 39 40 41 42 43 44 45 46 47 48 49 51 53 54 55 56 57 58 59 60 61 62 63 64 65 66 67 69 70 71 72 73 74 75 77 78 79 80 81 82 83 85 86 87 88 89 90 91 92 93 94 95 96 97 98 99 100
39 c 65 60 11 1546 1706 90 30 38 40 41 42 43 44 45 46 47 48 49 50 51 52 53 54 55 56 57 58 59 60 61 63 64 65 66 67 68 69 70 72 73 74 75 76 77 79 80 81 82 83 84 85 86 87 88 90 91 92 93 95 96 97 98 100
40 c 70 58 786 1641 1801 90 20 11 41 42 43 44 45 46 47 48 49 50 51 53 55 56 58 59 60 61 62 63 64 65 66 67 68 69 70 71 72 73 74 75 76 78 79 81 84 85 86 87 88 89 90 91 92 93 94 95 97 99 100
41 c 14 66 786 1643 1803 90 10 4 43 44 45 46 47 48 50 51 52 53 54 55 56 57 58 59 60 61 62 63 64 65 67 68 69 70 71 72 73 74 76 78 79 80 81 82 83 84 86 87 88 89 90 91 92 93 94 95 96 97 98 99 100
42 c 38 15 786 1725 1885 90 40 31 43 44 45 47 48 49 50 51 52 53 54 55 57 58 59 60 61 62 63 64 65 67 68 70 71 72 74 75 76 77 78 79 80 81 82 83 84 85 86 87 88 89 90 91 92 93 94 95 96 97 98 99 100
43 c 66 55 786 1736 1896 90 10 16 44 45 46 47 48 49 50 51 53 54 55 56 57 58 59 60 61 62 63 64 65 66 67 68 69 70 71 72 73 75 76 77 78 80 81 82 83 84 86 87 88 89 90 91 92 93 94 95 96 97 98 99 100
44 c 15 75 786 1742 1902 90 20 25 45 46 47 48 49 50 51 53 54 55 56 57 58 59 60 61 62 64 66 67 68 69 70 71 73 74 75 76 77 78 79 80 81 82 83 84 85 86 87 88 89 90 91 92 93 94 95 96 97 98 99 100
45 c 36 18 786 1819 1979 90 10 18 46 47 48 49 50 52 53 54 55 57 58 59 60 61 62 63 64 65 66 67 68 69 71 72 73 74 76 77 78 79 80 81 82 83 84 85 86 87 88 89 90 91 92 93 94 95 96 100
46 c 15 80 786 1837 1997 90 10 8 47 48 49 52 53 54 55 56 57 58 59 60 61 62 63 65 66 67 68 69 70 71 72 73 74 75 76 77 78 79 81 82 83 84 85 86 87 88 89 90 91 92 93 94 96 97 98 99 100
47 c 32 20 786 1913 2073 90 10 7 48 50 51 52 54 55 56 57 58 59 60 61 63 64 65 66 67 68 69 70 71 72 73 74 75 76 77 78 80 81 82 83 84 85 86 87 88 89 90 91 92 93 94 95 96 97 98 100
48 c 20 85 786 1934 2094 90 40 48 49 50 51 52 53 54 55 56 57 58 59 60 61 62 63 64 65 66 68 69 70 71 72 73 74 75 76 77 78 79 81 82 83 84 85 87 88 89 90 91 92 93 94 95 96 97 98 100
49 c 34 25 786 2009 2169 90 30 30 50 51 52 53 54 55 56 57 58 59 60 61 62 63 64 65 66 67 68 69 70 71 72 73 74 76 77 78 79 80 81 82 83 84 85 86 87 88 89 90 91 92 93 94 95 96 97 98 99 100
50 c 22 85 786 2026 2186 90 10 11 51 53 54 56 57 58 59 61 62 63 64 65 66 67 68 69 70 71 72 73 74 75 76 77 78 79 80 81 82 83 84 85 86 87 88 89 90 91 92 93 94 95 96 97 98 99 100
51 c 30 30 786 2105 2265 90 10 20 52 53 54 55 56 57 58 59 60 61 63 64 65 66 67 68 69 70 71 72 73 74 75 76 77 78 79 80 81 82 83 84 85 86 87 88 90 91 92 93 94 95 96 97 98 99 100
52 c 90 35 786 2131 2291 90 10 11 53 54 55 56 57 58 59 60 61 62 63 64 65 66 67 68 69 70 71 72 73 74 75 76 77 78 79 81 82 83 84 85 86 87 88 90 91 92 93 94 95 96 97 98 99 100
53 c 25 30 786 2200 2360 90 10 12 54 55 56 57 58 59 60 61 62 63 64 65 66 67 68 69 70 71 72 73 74 75 76 77 78 79 80 81 82 83 84 86 87 89 91 92 93 94 95 96 97 98 99
54 c 20 80 786 2216 2376 90 40 39 55 56 57 58 59 61 62 63 64 65 66 67 68 69 70 71 72 73 74 76 77 78 79 80 81 82 84 85 86 87 88 89 90 91 92 93 94 95 96 97 99 100
55 c 95 35 786 2226 2386 90 20 24 56 57 58 59 60 61 62 63 64 65 66 67 68 69 70 71 72 73 74 75 76 78 79 80 81 82 83 85 86 87 88 89 90 91 92 93 94 95 96 97 99 100
56 c 18 75 786 2311 2471 90 20 29 57 58 59 60 61 62 63 64 65 66 67 68 69 70 71 72 73 74 75 76 77 78 79 80 81 82 83 84 85 86 87 88 89 90 91 92 94 95 96 97 98 99 100
57 c 95 30 786 2321 2481 90 30 30 58 59 60 61 62 63 64 65 66 67 68 69 70 71 72 73 74 75 76 77 78 79 80 81 82 83 84 85 86 87 88 89 90 91 92 93 94 95 98 99 100
58 c 22 75 1223 2405 2565 90 30 37 59 60 61 62 63 64 65 66 67 68 69 70 71 72 73 74 75 76 77 78 79 80 81 82 83 84 85 86 87 88 90 91 92 93 94 95 96 97 98 100
59 c 92 30 1223 2414 2574 90 10 16 60 61 62 63 64 65 66 67 69 70 71 72 73 74 75 76 77 78 79 80 81 82 83 84 85 86 87 88 89 90 91 92 93 94 95 96 97 98 99 100
60 c 30 35 1223 2480 2640 90 10 5 61 62 63 64 65 66 67 68 69 70 71 72 74 75 76 77 78 79 80 81 82 83 84 85 86 87 88 89 90 91 92 93 94 95 96 97 98 99 100
61 c 22 66 1223 2504 2664 90 40 30 62 64 65 66 67 70 71 72 73 75 76 77 78 79 80 81 82 83 84 85 87 89 90 92 93 94 95 96 97 98 99 100
62 c 85 25 1223 2513 2673 90 10 4 63 64 65 66 68 69 70 71 72 73 74 75 76 77 78 79 80 81 82 83 84 85 86 87 88 90 91 92 93 94 95 96 97 99 100
63 c 33 35 1223 2573 2733 90 10 8 64 65 66 67 68 69 70 71 72 73 74 75 76 77 78 80 81 82 84 85 86 87 88 89 90 91 92 93 94 96 97 98 99 100
64 c 28 70 1223 2601 2761 90 10 7 65 66 68 69 71 72 73 74 76 77 78 79 80 81 82 83 84 85 86 87 88 89 91 92 93 95 96 97 98 100
65 c 87 30 1223 2608 2768 90 10 18 66 67 68 69 71 72 73 74 75 76 77 78 79 80 81 82 83 84 85 86 87 88 89 91 92 93 94 95 96 97 98 99 100
66 c 33 32 1223 2666 2826 90 20 14 67 68 69 71 72 73 74 75 76 77 78 80 81 82 83 84 85 86 87 88 89 90 91 92 93 94 95 96 97 98 99 100
67 c 35 69 1223 2698 2858 90 10 3 68 69 70 71 72 73 74 75 76 77 78 79 81 82 83 84 85 86 87 88 89 90 91 92 93 94 95 96 97 98 99
68 c 85 35 1223 2703 2863 90 30 25 69 70 71 72 73 74 75 76 78 79 80 81 82 83 84 85 86 87 88 89 90 91 92 93 94 95 96 97 98 99 100
69 c 35 32 1223 2758 2918 90 10 13 71 72 73 74 75 76 77 78 79 80 81 82 83 84 85 86 87 89 90 91 92 93 94 95 96 97 98 99 100
70 c 35 66 1365 2791 2951 90 10 19 71 72 73 74 76 77 78 79 80 82 83 84 85 86 87 88 89 90 91 92 93 94 95 96 97 98 99
71 c 78 40 1365 2802 2962 90 20 11 72 74 75 76 77 78 79 80 81 82 83 84 85 86 87 88 89 91 92 93 94 96 97 98 99 100
72 c 34 60 1365 2887 3047 90 20 13 73 74 75 77 78 79 80 81 82 83 84 85 86 87 88 89 90 91 93 95 96 97 98 99 100
73 c 72 45 1365 2900 3060 90 10 17 74 75 77 78 79 80 81 82 83 84 85 86 87 88 89 90 91 92 93 94 96 97 98 99 100
74 c 86 46 1577 0 3253 90 30 28 75 76 77 78 79 80 81 82 83 84 85 86 87 88 89 90 91 92 93 94 95 96 97 98 99 100
75 c 64 46 1577 3097 3257 90 20 13 76 77 78 79 80 81 82 84 85 86 87 88 89 90 91 93 94 97 98 99
76 c 38 10 1577 0 3259 90 10 6 77 78 79 80 81 82 83 85 86 87 88 89 90 91 92 94 95 96 97 98 99 100
77 c 65 82 1577 0 3259 90 10 8 78 79 80 81 82 83 84 85 86 87 88 90 91 92 93 94 95 96 97 98 99 100
78 c 2 40 1577 0 3260 90 20 12 79 80 81 82 83 84 85 87 88 89 90 91 92 93 94 95 96 97 98 99 100
79 c 25 85 1577 0 3261 90 20 30 80 81 82 83 85 86 87 88 89 90 91 92 93 94 95 96 97 98 99 100
80 c 62 80 1577 0 3262 90 30 38 81 82 83 84 85 86 87 88 90 91 92 93 95 96 97 98 99 100
81 c 75 55 1577 0 3264 90 20 26 82 83 84 86 87 88 89 90 91 92 93 94 95 96 97 99 100
82 c 8 62 1577 0 3265 90 10 20 83 84 85 86 87 88 89 90 91 92 93 95 96 97 98 99
83 c 10 35 1577 0 3266 90 20 12 85 86 87 88 89 90 91 92 93 94 95 96 97 98 100
84 c 8 45 1577 0 3267 90 20 12 85 86 87 88 89 90 91 92 93 95 96 97 98 99 100
85 c 72 55 1577 0 3267 90 10 6 86 87 89 90 91 92 93 94 95 96 97 98 99 100
86 c 58 75 1577 0 3269 90 20 30 87 88 89 90 91 92 93 95 96 97 98 99 100
87 c 62 69 1577 0 3270 90 10 5 88 89 90 91 92 93 94 95 96 97 98 99 100
88 c 52 75 1577 0 3272 90 10 16 89 90 91 92 93 94 95 96 97 98 99 100
89 c 58 70 1578 0 3273 90 20 23 90 91 92 93 94 96 98 99 100
90 c 62 40 1580 0 3275 90 10 1 91 92 93 94 95 96 98 99 100
91 c 53 30 1581 0 3276 90 10 18 92 93 94 95 97 99 100
92 c 26 32 1582 0 3277 90 10 11 93 94 95 96 97 99 100
93 c 60 60 1582 0 3277 90 10 15 94 95 96 97 98 99 100
94 c 25 35 1583 0 3278 90 10 9 95 96 97 99 100
95 c 45 70 1584 0 3279 90 30 27 96 97 98 99 100
96 c 60 55 1584 3119 3279 90 10 6 97 98 99 100
97 c 42 65 1589 0 3284 90 10 19 98 99 100
98 c 45 65 1589 0 3284 90 20 25 99 100
99 c 30 56 1593 0 3288 90 20 17 100
100 c 36 40 1594 0 3289 90 10 13

