StringID Type x y release ReadyTime DueDate ServiceTime weight volume Item_Conflitante1 Item_Conflitante2 Item_Conflitante3 Item_Conflitante4 Item_Conflitante5 Item_Conflitante6 Item_Conflitante7 Item_Conflitante8 Item_Conflitante9 Item_Conflitante10 Item_Conflitante11 Item_Conflitante12 Item_Conflitante13 Item_Conflitante14 Item_Conflitante15 Item_Conflitante16 Item_Conflitante17 Item_Conflitante18 Item_Conflitante19 Item_Conflitante20 Item_Conflitante21 Item_Conflitante22 Peso_Total Volume_Total
0 d 35 35 0 0 1000 0 0 0                       1000 1000
1 c 40 60 40 259 354 10 21 29 9 14 32 34 47 56 64 65 71 75 76 77 81 87 89 93 100
2 c 53 52 40 45 200 10 11 6 3 7 23 24 28 29 37 42 49 54 56 60 66 68 73 86 87 93 100
3 c 2 60 40 41 208 10 5 5 9 10 13 24 26 27 29 35 40 41 46 63 65 71 82 92
4 c 44 17 40 308 399 10 9 15 6 7 10 29 52 53 56 61 66 68 71 73 75 88 93
5 c 5 5 40 302 405 10 16 18 6 20 21 23 25 36 41 47 56 65 88 93 99
6 c 60 12 40 33 224 10 31 34 9 16 18 23 37 42 57 66 70 72 75 78 83 86 90 91 98 99
7 c 40 25 40 360 437 10 9 16 14 19 28 39 44 49 50 52 58 63 69 78 81 90 93 97
8 c 24 12 40 25 172 10 5 14 15 21 22 24 27 34 42 56 62 66 67 80 81 90 95 97 98
9 c 11 14 40 233 340 10 18 20 12 17 18 20 23 29 46 48 49 57 60 68 72 75 85 86 88 90 95 100
10 c 6 38 40 29 189 10 16 21 11 15 23 24 25 27 28 30 47 53 60 66 77 78 79 80 87 90 92 93 94 95
11 c 8 56 40 85 250 10 27 37 21 22 23 29 33 38 39 46 49 65 66 93 96 98 100
12 c 20 26 40 333 432 10 9 6 15 16 24 25 31 37 47 67 85 91 95 97 98
13 c 49 58 40 348 453 10 10 9 15 18 20 23 27 32 34 41 48 57 62 71 83 89 94
14 c 57 48 40 388 465 10 23 13 21 22 30 31 34 35 36 37 38 41 43 45 50 53 69 76 77 90 99
15 c 37 31 40 414 489 10 14 6 25 38 39 42 49 50 66 94
16 c 61 52 40 384 499 10 3 1 23 34 57 58 61 72 78 81 85 89
17 c 12 24 40 290 377 10 13 18 24 28 35 40 43 47 52 65 77 90 92
18 c 24 58 40 163 302 10 19 12 19 21 24 27 41 47 63 74 79 89 95 98 99
19 c 27 69 40 34 191 10 10 11 20 28 30 38 40 43 44 45 49 51 55 66 67 78 81 83 95 97 98
20 c 15 77 40 214 333 10 9 7 22 25 29 31 35 48 51 69 70 71 79 83 95
21 c 62 77 40 49 188 10 20 19 22 23 25 33 39 53 66 69 70 72 77 79 84 85 86 88 98
22 c 67 5 40 294 401 10 25 32 23 27 35 36 37 40 52 62 73 79 84 95 97 98
23 c 37 47 40 162 293 10 6 5 24 25 29 30 46 47 48 63 74 75 92 96 97 98
24 c 49 42 40 290 373 10 13 7 31 34 36 46 50 51 58 72 77 78 79 80 81 92 95 99 100
25 c 57 68 40 268 367 10 15 8 26 29 33 52 58 61 71 72 74 79 80 85 92 99 100
26 c 64 42 40 190 313 10 9 15 31 38 40 43 56 60 83 92 98
27 c 41 37 40 114 255 10 16 10 30 32 38 40 42 50 80 90 94 97
28 c 55 54 40 411 456 10 26 30 31 35 47 51 52 57 58 64 69 74 77 84 91 96
29 c 4 18 40 388 465 10 35 26 37 52 60 61 69 75 83 84 87 90 92
30 c 20 65 40 206 325 10 12 16 34 35 37 42 48 50 51 55 62 64 67 68 75 76 79 82 83 85 87 89 91 99
31 c 26 52 40 279 388 10 9 14 33 34 36 41 53 54 56 57 66 70 73 94 95 97
32 c 35 40 40 104 255 10 16 24 37 38 40 43 56 57 58 59 60 61 62 63 65 66 67 71 76 77 88
33 c 15 10 40 32 243 10 20 20 37 45 63 76 95 96 99
34 c 31 67 40 392 487 10 3 10 37 52 57 59 61 62 71 72 74 78 81 82 90 92 96
35 c 30 5 40 175 300 10 8 9 39 43 55 69 77 80 94
36 c 10 43 40 404 481 10 9 3 47 52 53 67 71 72 77 96 100
37 c 20 40 40 377 434 10 12 2 45 53 54 55 56 73 81 86 89 97 98 99
38 c 15 60 40 269 378 10 17 24 46 51 59 60 61 70 73 82 84 85 91 94 98 100
39 c 10 20 40 272 373 10 19 15 40 47 48 53 55 62 66 68 70 86 87 94 100
40 c 28 18 40 420 447 10 26 24 41 44 52 63 80 81 83 96 99 100
41 c 55 5 40 206 325 10 29 38 42 43 45 49 50 55 56 60 66 67 70 92 98 99
42 c 22 22 40 18 181 10 2 1 46 57 73 74 95
43 c 55 60 40 400 497 10 16 20 46 49 54 58 66 69 75 77 79 80 81 90 91 93 94 95 97 98
44 c 45 10 40 409 494 10 18 17 52 65 68 72 85 91 100
45 c 11 31 40 436 511 10 7 1 47 55 56 72 77 80 96 100
46 c 42 7 40 396 511 10 5 15 55 60 69 76 78 80 82 94 96 97 98
47 c 25 30 40 415 514 10 3 1 51 53 60 61 63 65 67 82 83 85 87 88 97 98 99
48 c 32 12 40 421 530 10 7 13 50 53 56 58 62 63 70 74 77 89 98 99
49 c 6 68 40 501 540 10 30 20 55 61 62 72 79 89 95 100
50 c 2 48 277 515 628 10 1 9 60 62 64 82 89 90 96 99
51 c 30 60 277 577 632 10 16 18 68 74 76 79 91 93 96 99
52 c 45 65 277 581 666 10 9 2 54 57 63 69 74 75 78 80 88 89 90 91 93 94
53 c 25 21 277 612 673 10 12 5 54 59 63 67 76 79 80 84 85 88 91 92 97
54 c 53 12 277 585 692 10 6 6 55 67 72 76 92
55 c 49 73 277 592 693 10 25 34 63 66 67 68 69 85 86 94 95
56 c 23 3 277 620 705 10 7 16 66 72 91
57 c 57 29 277 641 734 10 18 28 62 63 64 76 78 86 97
58 c 63 23 277 620 739 10 2 10 61 65 67 71 75 77 90 96
59 c 56 39 277 637 752 10 36 40 72 78 87 91 93 94
60 c 35 69 277 660 777 10 23 15 65 67 75 77 78 83 86 96
61 c 55 20 362 678 801 10 19 28 62 63 66 68 70 71 73 74 78 98
62 c 46 13 362 681 802 10 8 13 68 70 72 74 75 79 83 84
63 c 63 65 362 686 813 10 8 14 79 87 94 95
64 c 30 25 362 690 827 10 23 23 66 71 74 75 80 86 90 94 97
65 c 65 35 362 704 847 10 3 11 71 76 78 89 92 95
66 c 17 34 362 721 862 10 3 1 74 80 82 86 87 92 95 99
67 c 5 30 370 733 870 10 2 1 72 73 74 79 82 85 99
68 c 26 35 420 755 920 10 15 10 72 81 83 94 96 99
69 c 53 43 453 817 952 10 14 5 71 72 84 90 91 92 93 95 96
70 c 65 55 453 0 953 10 14 23 71 72 79 85
71 c 65 20 456 817 956 10 6 1 74 79 83 90 95 96 98
72 c 13 52 462 0 962 10 36 27 75 79 86 88 96 98 99
73 c 49 11 462 0 962 10 18 11 82
74 c 15 19 464 0 964 10 1 8 77 80 85 90 91 97
75 c 18 18 465 798 965 10 17 23 76 89 93
76 c 15 47 466 0 966 10 16 15 77 78 84 95 100
77 c 16 22 466 0 966 10 41 37 78 83 86 93 94
78 c 47 16 467 0 967 10 25 20 81 82 96 100
79 c 55 45 467 0 967 10 13 20 96
80 c 37 56 468 788 968 10 5 1 94 97
81 c 19 21 468 0 968 10 10 7 85 86 98
82 c 56 37 468 839 968 10 6 2 87 88 93 100
83 c 20 20 468 0 968 10 8 1 86 91 92 100
84 c 14 37 468 0 968 10 11 17 93
85 c 20 50 468 0 968 10 5 6 89 96 98
86 c 18 24 469 811 969 10 22 30 88 94 96
87 c 15 30 469 0 969 10 26 29 92 94
88 c 45 20 471 0 971 10 11 9 90 99
89 c 21 24 472 0 972 10 28 37 93 98 100
90 c 31 52 472 0 972 10 27 21 91 95 98 99
91 c 35 17 472 0 972 10 7 6 92 93 94 95 97 100
92 c 47 47 473 0 973 10 13 21 98
93 c 22 27 474 0 974 10 11 8
94 c 41 49 474 0 974 10 10 2 97
95 c 25 24 475 0 975 10 20 29 97 98
96 c 50 35 475 0 975 10 19 17 100
97 c 26 27 477 0 977 10 27 18
98 c 27 43 478 0 978 10 9 1 99
99 c 45 30 478 0 978 10 17 20
100 c 36 26 480 849 980 10 18 27

