StringID Type x y release ReadyTime DueDate ServiceTime weight volume Item_Conflitante1 Item_Conflitante2 Item_Conflitante3 Item_Conflitante4 Item_Conflitante5 Item_Conflitante6 Item_Conflitante7 Item_Conflitante8 Item_Conflitante9 Item_Conflitante10 Item_Conflitante11 Item_Conflitante12 Item_Conflitante13 Item_Conflitante14 Item_Conflitante15 Item_Conflitante16 Item_Conflitante17 Item_Conflitante18 Item_Conflitante19 Item_Conflitante20 Item_Conflitante21 Item_Conflitante22 Item_Conflitante23 Item_Conflitante24 Item_Conflitante25 Item_Conflitante26 Peso_Total Volume_Total
0 d 40 50 0 0 240 0 0 0                           200 200
1 c 2 45 1 38 109 10 10 3 4 8 25 44 50 65 69 72 84 86
2 c 45 65 1 55 106 10 9 8 3 7 15 16 26 28 38 46 54 57 58 60 70 72 76 77 78 85 87 91 96
3 c 65 20 1 39 108 10 6 9 13 17 19 28 45 50 51 56 57 60 63 64 70 85 92 94 97 100
4 c 65 55 1 52 107 10 14 11 11 17 20 22 24 26 38 40 42 48 50 54 61 69 70 74 82 84
5 c 63 65 1 27 101 10 8 5 6 12 16 19 27 28 33 43 44 49 58 62 68 78 84 87 88 94 96 100
6 c 2 60 1 65 118 10 5 11 14 21 22 31 36 41 42 47 50 53 55 57 58 62 72 77 84 85 86 91 95 98
7 c 5 5 1 60 117 10 16 24 8 10 11 13 29 42 50 53 61 70 85 88 99
8 c 88 35 1 50 110 10 20 23 16 17 25 27 43 45 46 51 58 60 64 75 80 84 92
9 c 90 35 1 52 112 10 10 18 17 20 21 35 38 39 43 45 46 50 51 52 57 59 70 74 77 79 93 94 97 100
10 c 92 30 1 55 120 10 10 8 14 17 20 34 36 55 64 69 75 88 90 94 97 100
11 c 27 43 1 26 87 10 9 1 15 23 34 36 41 44 65 67 69 71 72 88 92 93 96
12 c 37 31 1 19 87 10 14 4 13 21 23 27 30 31 36 47 50 51 54 55 74 81 84 85 91 92
13 c 40 5 1 52 111 10 10 4 17 28 30 32 33 43 45 47 49 59 60 67 72 75 81 83 84 87 91 94 97
14 c 42 10 1 58 115 10 40 45 22 26 27 30 33 37 39 40 50 52 58 63 68 69 71
15 c 0 40 1 59 114 10 20 14 23 34 42 53 64 66 77 78 79 80 81 82 83 95 96 98
16 c 25 30 1 36 97 10 3 4 24 25 26 37 40 41 43 46 47 53 55 57 59 60 62 63 70 75 78 81 82 85 86 87 93 99
17 c 22 75 1 32 97 10 30 22 19 23 29 34 36 50 60 67 72 77 81 83 88 92 99
18 c 5 45 1 35 117 10 10 19 30 39 42 47 52 55 58 59 60 63 64 76 80 83 94
19 c 56 37 1 20 84 10 6 3 20 25 26 38 48 51 54 70 74 78 86 88 89 91
20 c 15 75 1 69 118 10 20 27 31 33 45 46 52 55 56 63 66 72 75 78 79 86 88 95 96 97
21 c 8 45 1 49 108 10 20 30 28 29 32 37 41 44 51 55 60 62 72 77 78 81 84 90 91 92 99
22 c 26 52 1 30 91 10 9 16 23 30 31 34 38 52 76 79 83 91 93
23 c 20 85 1 40 113 10 20 14 24 26 30 34 36 39 40 45 49 52 55 71 84
24 c 49 58 1 80 121 10 10 4 25 30 37 51 58 63 68 71
25 c 44 5 4 79 124 10 20 22 29 30 39 43 52 65 67 71 83 86
26 c 10 20 5 42 125 10 19 13 28 32 34 42 45 49 53 56 59 62 70 71 78 82 90 94
27 c 55 20 6 69 126 10 19 28 28 34 39 41 58 64 80 86 92 98 99
28 c 21 24 7 77 126 10 28 28 39 52 63 70 85 88 92
29 c 63 23 7 76 127 10 2 1 36 42 45 48 50 51 57 75 80 97
30 c 37 47 7 74 127 10 6 1 39 41 45 50 58 62 77 79 85 99
31 c 57 48 14 86 133 10 23 17 33 49 51 63 69 79 83 85 87 93
32 c 31 52 14 9 134 10 27 36 35 48 53 61 70 72 77 83 87 91
33 c 45 30 19 20 139 10 17 10 36 43 44 46 49 52 54 58 64 66 72 83 90 92 93 100
34 c 24 58 21 24 139 10 19 13 39 48 50 53 55 63 64 65 69 74 75 84
35 c 30 25 21 82 139 10 23 14 37 48 55 81 92 93
36 c 35 40 21 11 140 10 16 25 39 41 42 46 49 50 64 67 69 70 74 75 81 89 90 91 92 96
37 c 12 24 21 68 141 10 13 11 38 42 43 44 46 54 56 60 69 70 71 76 77 83 96
38 c 64 42 21 28 141 10 9 7 40 46 47 48 50 56 64 65 68 81 83 85 86 88 92
39 c 60 12 32 42 143 10 31 32 42 43 62 65 67 83 96
40 c 22 85 32 101 146 10 10 1 44 45 48 52 53 59 66 68 70 85 90 91 96
41 c 26 35 32 37 146 10 15 9 44 45 54 63 71 77 78 82 88
42 c 62 80 32 37 148 10 30 20 53 61 64 67 91 96
43 c 55 82 32 35 148 10 10 2 44 45 46 47 49 62 76 78 91
44 c 60 85 32 50 149 10 30 34 50 51 53 57 61 67 77 78 90 92 93 94 98
45 c 85 35 32 100 151 10 30 33 52 57 62 65 80 84 85 91 93
46 c 8 40 32 33 152 10 40 42 51 53 60 63 64 66 69 70 83 84
47 c 6 68 33 54 153 10 30 29 55 60 65 75 80 81 82 98
48 c 20 50 34 57 154 10 5 1 50 53 54 63 65 74 76 78 79 84 85 86 90 95 98 99
49 c 95 30 38 105 154 10 30 32 53 60 65 66 69 79 90 94 95
50 c 15 80 38 56 155 10 10 13 68 73 81 86 96 98
51 c 53 43 38 14 155 10 14 15 53 54 59 79 82 83 86 90 96 98
52 c 4 18 38 112 157 10 35 39 57 63 64 69 75 83 84 88 90 91 94 95
53 c 72 35 38 104 157 10 30 31 61 64 74 75 79 80 81 88
54 c 18 80 38 98 157 10 10 9 59 66 78 91 93 94
55 c 42 12 38 79 158 10 10 15 56 66 72 82 86 88 90
56 c 65 35 38 29 158 10 3 1 60 65 66 71 77 87 88 91 94 97
57 c 40 15 38 55 158 10 40 38 59 60 62 64 73 83 92 96
58 c 57 29 39 62 159 10 18 8 59 60 64 66 70 80 81 82 97
59 c 88 30 39 52 159 10 10 9 60 62 72 80 82 84 89 94 99
60 c 10 35 42 51 160 10 20 17 63 68 73 74 92 100
61 c 2 40 42 39 161 10 20 11 70 71 74 92
62 c 42 15 42 111 162 10 10 15 79 81 88 90 96
63 c 8 56 43 46 163 10 27 18 75 83 85 87 88 91
64 c 18 75 55 55 164 10 20 10 65 68 69 75 79 83 89 97
65 c 38 5 55 45 164 10 30 22 71 76 77 83 84 89 90 93 99
66 c 65 82 55 113 164 10 10 19 75 76 77 78 85 87
67 c 58 75 55 48 165 10 20 24 73 75 80 84 91 92
68 c 55 80 55 33 166 10 10 1 77 99
69 c 55 85 55 117 168 10 20 30 70 76 78 82 83 87 92 94 99
70 c 95 35 55 57 172 10 20 17 76 77 92
71 c 55 54 55 121 172 10 26 20 79 93
72 c 87 30 55 116 175 10 10 12 81 82 83 84 85
73 c 20 82 57 37 177 10 10 19 75 78 92 93 98
74 c 67 5 57 105 177 10 25 27 78 80 83 84 86 87 89 97 98
75 c 10 40 57 90 177 10 30 27 78 91 92 94 99
76 c 85 25 58 51 178 10 10 18 87 92
77 c 55 60 60 127 180 10 16 25 78 87 90 97
78 c 23 3 60 52 180 10 7 5 79 82 84 92 95 96 100
79 c 15 10 62 56 182 10 20 15 81 82 99 100
80 c 35 5 66 54 184 10 20 16 87 88 93
81 c 42 5 66 120 184 10 10 5 82
82 c 67 85 66 61 185 10 20 12 83 84 87 92
83 c 65 85 66 43 186 10 40 40 90 91 92 93 96 99
84 c 0 45 69 60 189 10 20 21 89 92 93 96 99
85 c 25 85 71 125 191 10 20 12 92
86 c 60 80 71 36 191 10 10 3 94
87 c 5 35 71 62 191 10 10 17 88
88 c 20 80 73 71 193 10 40 37 95 96 100
89 c 20 20 73 72 193 10 8 4 99
90 c 38 15 82 128 194 10 10 10 93 97 99
91 c 50 35 82 88 201 10 19 26 96 97
92 c 15 60 82 137 202 10 17 24
93 c 41 37 83 92 203 10 16 20 94 96 100
94 c 61 52 88 69 208 10 3 1 99
95 c 35 69 90 60 210 10 23 26
96 c 31 67 90 66 210 10 3 11
97 c 49 42 92 151 212 10 13 14
98 c 30 60 94 95 214 10 16 11
99 c 40 60 97 100 217 10 21 16
100 c 47 47 102 97 222 10 13 22

