StringID Type x y release ReadyTime DueDate ServiceTime weight volume Item_Conflitante1 Item_Conflitante2 Item_Conflitante3 Item_Conflitante4 Item_Conflitante5 Item_Conflitante6 Item_Conflitante7 Item_Conflitante8 Item_Conflitante9 Item_Conflitante10 Item_Conflitante11 Item_Conflitante12 Item_Conflitante13 Item_Conflitante14 Item_Conflitante15 Item_Conflitante16 Item_Conflitante17 Item_Conflitante18 Item_Conflitante19 Item_Conflitante20 Item_Conflitante21 Item_Conflitante22 Item_Conflitante23 Peso_Total Volume_Total
0 d 35 35 0 0 230 0 0 0                        200 200
1 c 14 37 0 44 54 10 11 5 6 11 14 15 17 22 25 26 33 37 41 42 47 55 62 78 87 97
2 c 2 60 0 41 51 10 5 3 4 5 9 11 16 29 32 37 41 42 43 49 54 76 81 93 94 98 99
3 c 15 47 0 55 65 10 16 13 5 9 11 16 21 24 40 59 64 75 89 92 95 100
4 c 5 5 0 83 93 10 16 12 6 16 19 26 31 44 50 52 65 66 72 75 88 93 96 97 98
5 c 60 12 0 44 54 10 31 23 13 18 27 33 35 43 46 56 70 73 77 85 90
6 c 40 25 0 85 95 10 9 17 12 14 20 21 25 43 47 48 49 52 53 56 69 81 84 88 90 100
7 c 42 7 0 97 107 10 5 12 14 19 21 24 28 34 35 41 46 49 55 59 60 63 66 87 88 92 94 96
8 c 24 12 0 31 41 10 5 14 10 24 27 29 30 31 33 36 38 47 52 56 61 67 74 79 83 92 98 100
9 c 55 54 0 94 104 10 26 22 11 22 25 31 36 37 45 49 53 57 64 70 75 77 79 82 83 86 93 96
10 c 11 14 0 69 79 10 18 25 12 19 34 39 43 51 53 56 57 62 70 71 94
11 c 6 38 0 32 42 10 16 19 12 18 19 21 25 32 34 49 51 53 56 60 61 62 64 69 75 77 80 85 87 93 95
12 c 8 56 0 51 61 10 27 24 23 37 39 41 42 43 44 53 54 58 59 63 64 65 68 77 81 88 91 93
13 c 57 48 0 92 102 10 23 31 19 23 27 33 34 41 48 49 52 64 65 76 79 98
14 c 20 26 0 83 93 10 9 3 23 28 31 51 58 62 65 68 74 77 80 82 86 95 98
15 c 67 5 0 83 93 10 25 32 17 18 21 23 32 33 40 43 45 56 59 67 72 79 80 82 83 86 91 92 93 100
16 c 49 58 0 88 98 10 10 14 17 45 51 54 57 58 62 73 87
17 c 37 31 0 95 105 10 14 16 18 19 30 33 37 41 43 56 62 64 65 66 67 74 88 93 98 99
18 c 61 52 0 96 106 10 3 1 21 32 34 40 42 47 52 56 58 61 64 66 69 87 99
19 c 49 42 0 73 83 10 13 5 28 51 59 61 62 80 82 86 97 99
20 c 49 11 0 69 79 10 18 28 31 32 39 40 45 52 63 76 82 89 95 96 99 100
21 c 32 12 0 101 111 10 7 1 23 30 36 49 55 59 60 62 63 70 79 83 85 91 94 95 96 100
22 c 44 17 0 78 88 10 9 3 26 34 36 43 46 50 58 71 82 83 92 93 98 99
23 c 21 24 0 18 28 10 28 19 24 27 30 33 35 37 49 54 55 57 63 65 67 91 92 93
24 c 47 16 0 35 45 10 25 15 38 40 44 45 57 69 71 72 76 82 85 89 98 99
25 c 12 24 0 76 86 10 13 15 26 31 35 36 37 38 48 52 57 61 64 66 69 70 73 79 82 94
26 c 24 58 0 58 68 10 19 21 28 30 35 42 44 47 50 57 60 63 80 81 85 86 94 98 99 100
27 c 27 69 0 34 44 10 10 13 28 37 39 70 73 80 84 85 86 89 92 95 96
28 c 15 77 0 73 83 10 9 3 34 37 42 46 49 52 54 65 67 71 72 74 79 84 88 92
29 c 62 77 0 51 61 10 20 28 33 34 42 43 51 52 59 68 71 79 84 85 86 98
30 c 57 68 0 77 87 10 15 24 48 50 54 57 61 63 82 84 91 97
31 c 27 43 0 52 62 10 9 3 37 41 50 53 59 69 75 79 85 96 99
32 c 53 52 0 37 47 10 11 18 34 41 45 48 58 59 66 71 72 74 76 81 87 92 97 98
33 c 37 47 0 50 60 10 6 13 38 46 51 53 56 59 66 67 88
34 c 31 52 0 50 60 10 27 19 48 56 65 77 78 80 86 87 98
35 c 19 21 0 58 68 10 10 7 37 40 52 57 58 64 67 69 71 72 74 79 85
36 c 35 17 0 50 60 10 7 9 42 45 46 55 58 64 72 77 79 80 90 92
37 c 25 24 0 39 49 10 20 14 44 51 52 56 75 78 80 88 89 90 94
38 c 15 30 0 34 44 10 26 25 41 42 54 60 61 72 75 76 87 89 97
39 c 25 30 0 99 109 10 3 1 47 48 49 52 54 58 59 63 64 67 76 78 87 89 90 100
40 c 20 50 0 81 91 10 5 7 44 47 70 77 78 82 87 91 94
41 c 10 43 0 95 105 10 9 10 42 56 62 63 73 76 77 83 86 87 88 95 96 100
42 c 55 60 0 97 107 10 16 11 52 56 76 77 79 88 97
43 c 26 27 0 100 110 10 27 24 46 49 53 54 57 60 62 66 72 91 97
44 c 20 65 0 67 77 10 12 11 45 47 48 51 52 57 61 63 64 65 70 73 81 88 89 98 99
45 c 50 35 0 63 73 10 19 13 56 59 63 66 71 73 76 77 81 89 90 91 96 98
46 c 22 22 0 18 28 10 2 3 47 48 49 52 64 66 74 98
47 c 15 10 0 32 42 10 20 25 51 56 58 60 70 73 76 77 85 87 92 93
48 c 30 5 0 61 71 10 8 15 57 60 63 71 75 76 79 80 88 91
49 c 11 31 0 101 111 10 7 6 52 57 72 78 85
50 c 10 20 0 75 85 10 19 11 58 59 62 65 67 68 74 83 85 86 90
51 c 28 18 0 93 103 10 26 32 52 61 66 76 77 82 84 85 90 92
52 c 20 40 0 87 97 10 12 11 66 67 73 74 81 91 96
53 c 15 60 0 76 86 10 17 13 55 56 67 68 76 84 93
54 c 40 60 0 71 81 10 21 25 56 63 68 69 72 76 81 83 87 89 96
55 c 26 52 0 74 84 10 9 1 56 60 72 74 75 78 82 89 93
56 c 45 20 0 62 72 10 11 10 58 61 63 79 90 91 92 97 99 100
57 c 45 10 0 97 107 10 18 27 59 60 63 73 75 79 90
58 c 55 5 0 68 78 10 29 37 63 67 71 74 75 85 95
59 c 31 67 0 95 105 10 3 1 73 81 85 88 89
60 c 4 18 0 94 104 10 35 44 78 81 86 88 93 96
61 c 16 22 0 91 101 10 41 42 63 64 73 81 82
62 c 35 40 0 37 47 10 16 20 64 77 89 93 99
63 c 41 37 0 39 49 10 16 14 70 71 73 77 86 88 93 97 98
64 c 64 42 0 63 73 10 9 18 67 75 78 83 100
65 c 6 68 3 108 118 10 30 21 66 69 70 71 74 77 85 91 92
66 c 55 45 19 116 126 10 13 4 69 71 81 85 88 95 100
67 c 2 48 19 117 127 10 1 1 72 75 76
68 c 65 55 19 117 127 10 14 9 77 80 81 85 92 98
69 c 47 47 19 124 134 10 13 7 73 77 78 82 86 88 89
70 c 30 60 19 124 134 10 16 26 75 76 79 80 81 96 99
71 c 45 65 28 126 136 10 9 2 75 81 82 85 86 93 100
72 c 49 73 28 127 137 10 25 18 80 82 91 97
73 c 53 12 28 130 140 10 6 9 78 79 84 85 93 100
74 c 45 30 28 132 142 10 17 27 75 77 81 86 89 90 94 97 98
75 c 23 3 28 132 142 10 7 15 77 81 84 89
76 c 25 21 28 133 143 10 12 9 81 91 100
77 c 20 20 38 134 144 10 8 4 80 85 86 89 90 91 93 94 95 100
78 c 22 27 38 135 145 10 11 17 81 84 85 86 89 92 97 98 100
79 c 63 23 38 136 146 10 2 8 80 86 88 91 95 98
80 c 57 29 38 140 150 10 18 20 84 93 94 98 100
81 c 35 69 38 141 151 10 23 16 84 90
82 c 56 39 38 142 152 10 36 32 89
83 c 63 65 38 143 153 10 8 10
84 c 55 20 44 149 159 10 19 25 87 91 93 95
85 c 46 13 44 149 159 10 8 2 86 92
86 c 65 35 48 153 163 10 3 11 89 91 95 97 100
87 c 5 30 55 157 167 10 2 1 94 95 98
88 c 30 25 55 159 169 10 23 13 91 92 96
89 c 15 19 55 160 170 10 1 1 94
90 c 41 49 56 161 171 10 10 6 92 95 97
91 c 17 34 60 162 172 10 3 11
92 c 13 52 60 165 175 10 36 38 94 99
93 c 65 20 67 172 182 10 6 11 94
94 c 26 35 77 176 186 10 15 22 97
95 c 53 43 77 179 189 10 14 23 97
96 c 37 56 77 182 192 10 5 2 98
97 c 56 37 77 182 192 10 6 4
98 c 18 18 80 185 195 10 17 8 100
99 c 18 24 83 188 198 10 22 32 100
100 c 36 26 95 200 210 10 18 13

