StringID Type x y release ReadyTime DueDate ServiceTime weight volume Item_Conflitante1 Item_Conflitante2 Item_Conflitante3 Item_Conflitante4 Item_Conflitante5 Item_Conflitante6 Item_Conflitante7 Item_Conflitante8 Item_Conflitante9 Item_Conflitante10 Item_Conflitante11 Item_Conflitante12 Item_Conflitante13 Item_Conflitante14 Item_Conflitante15 Item_Conflitante16 Item_Conflitante17 Item_Conflitante18 Item_Conflitante19 Peso_Total Volume_Total
0 d 35 35 0 0 230 0 0 0                    200 200
1 c 31 52 0 24 85 10 27 26 4 5 7 9 19 20 29 44 52 53 57 58 60 64 71 74 84 87 97
2 c 53 52 0 24 92 10 11 20 5 9 13 14 21 27 31 37 38 39 45 50 57 61 62 72 96
3 c 57 68 0 54 109 10 15 13 8 10 26 33 39 55 60 63 64 67 68 69 71 74 79 83 98
4 c 2 60 0 41 112 10 5 1 5 10 14 15 24 25 29 36 46 58 66 78 82 86 87 90 93 100
5 c 14 37 0 21 89 10 11 11 25 31 33 36 41 43 49 50 57 62 72 77 79 89 91 92 95 97
6 c 5 5 0 60 115 10 16 10 7 15 31 32 33 40 52 57 59 61 69 81 87 88
7 c 60 12 0 33 110 10 31 32 8 9 34 39 41 44 45 46 59 63 71 73 82 85 89
8 c 40 25 0 65 114 10 9 2 14 21 27 28 53 55 69 70 72 75 79 83 85 87 89 92 94
9 c 24 12 0 25 91 10 5 7 15 18 30 48 53 57 58 61 63 66 70 71 72 75 77 79 95 97
10 c 15 47 0 29 90 10 16 17 22 25 47 55 56 62 67 79 83 93 94
11 c 11 14 0 45 102 10 18 24 14 18 26 28 30 41 45 54 62 65 74 80 81 95
12 c 6 38 0 29 99 10 16 24 14 27 46 47 50 54 55 57 58 64 81 89 92 93 95 96 99
13 c 8 56 0 34 105 10 27 23 17 22 32 50 54 55 58 72 74 76 92 99
14 c 20 26 0 60 115 10 9 11 20 24 34 44 46 52 56 58 65 66 67 72 73 75 76 81 87 92 95
15 c 27 43 0 26 87 10 9 13 19 28 35 40 42 46 48 67 87 92 95 97
16 c 49 42 0 52 103 10 13 7 17 20 32 34 42 46 47 52 56 57 58 74 78 80 83 84
17 c 49 11 0 45 102 10 18 23 28 29 32 43 64 66 70 75 77 80 81 92 94 99
18 c 21 24 0 17 100 10 28 25 22 34 38 48 57 61 72 73 75 79 83 85 95
19 c 44 17 0 56 109 10 9 1 31 32 50 59 69 76 88 92
20 c 12 24 0 55 106 10 13 23 23 26 31 34 36 40 43 53 62 63 80 86 87 88 93 94 98
21 c 24 58 0 30 95 10 19 16 23 37 42 44 47 48 49 55 60 68 74 80 82 86 91 96 100
22 c 27 69 0 34 103 10 10 2 24 34 40 46 57 58 59 68 73 78 80 93 99
23 c 15 77 0 48 107 10 9 1 25 26 32 33 35 47 48 55 64 65 70 85 95 98
24 c 62 77 0 49 113 10 20 11 29 33 38 47 48 54 55 57 66 67 74 76 80 83 87 88 90 95 96
25 c 47 16 0 22 96 10 25 31 27 43 47 50 52 55 61 66 80 93
26 c 40 60 0 49 102 10 21 27 30 31 37 51 56 63 68 71 77 92 95 99
27 c 64 42 0 37 98 10 9 14 51 56 61 62 67 69 75 76 78 84 85 87 94
28 c 37 47 0 23 86 10 6 14 31 42 46 63 65 66 67 68 71 78 88 94 100
29 c 35 40 0 8 75 10 16 21 37 47 55 57 59 67 68 74 79 86 90
30 c 20 50 0 61 110 10 5 5 33 44 47 63 79 80 84 85 93 98 100
31 c 35 17 0 22 87 10 7 13 33 37 48 54 58 59 61 70 73 74 78 81 85 92 93 97
32 c 19 21 0 32 93 10 10 5 34 35 42 43 53 63 68 72 73 87 88 93 95 100
33 c 20 65 0 42 101 10 12 20 34 36 47 48 58 59 71 75 77 92 97
34 c 50 35 0 38 97 10 19 24 42 43 48 51 53 62 63 64 66 73 74 79 80 82 85 86 87 89
35 c 41 37 0 11 76 10 16 18 52 53 55 56 67 73 81 85 87 88 90 91 98
36 c 15 30 4 20 93 10 26 16 38 39 40 46 47 49 61 64 78 79 87 92
37 c 15 10 4 32 114 10 20 22 47
38 c 30 5 4 35 96 10 8 15 39 54 59 60 62 66 67 70 71 72 73 81 83
39 c 10 20 4 52 107 10 19 26 61 68 70 78 82 86 87 100
40 c 22 22 4 18 88 10 2 6 44 50 56 59 66 70 82 86 87 94 100
41 c 25 24 4 14 78 10 20 15 45 46 52 54 59 67 76 77 78 83 87 89 91 97 98
42 c 20 40 4 69 114 10 12 20 49 59 89 98 100
43 c 55 5 4 43 102 10 29 37 47 52 54 55 57 62 63 65 69 87 88 93 98 100
44 c 45 20 4 37 96 10 11 12 47 57 67 70 72 79 81 89 90 92 98
45 c 26 52 4 50 107 10 9 1 47 55 60 68 71 73 77 83 88 96 97
46 c 15 60 4 52 109 10 17 18 49 52 65 70 74 75 78 80 88 93 96 99
47 c 67 5 4 59 116 10 25 26 49 54 71 76 90
48 c 28 18 4 79 116 10 26 30 49 59 60 76 78 85 86 88 89 95
49 c 55 54 4 78 119 10 26 23 51 55 62 66 69 76 83 89
50 c 16 22 17 70 121 10 41 51 58 61 67 84 95 96
51 c 57 48 17 72 121 10 23 30 56 59 78 85 91 94 97
52 c 49 58 17 64 121 10 10 9 53 54 56 60 64 69 73 74 85 88 90 91 97
53 c 4 18 17 74 123 10 35 27 54 58 61 64 73 76 77 86 87 97 98
54 c 37 31 17 75 124 10 14 18 58 61 65 96
55 c 10 43 17 75 124 10 9 10 60 61 62 74 88 97
56 c 31 67 17 73 126 10 3 1 63 64 69 85 90 92
57 c 45 10 17 76 127 10 18 13 60 63 64 65 66 78 88
58 c 26 27 17 81 128 10 27 21 66 78 79 83 96 99 100
59 c 55 60 17 74 129 10 16 20 60 76 78 95
60 c 61 52 17 71 130 10 3 1 61 63 65 69 70 93 97 98
61 c 11 31 17 81 130 10 7 8 64 68 69 71 100
62 c 42 7 17 72 131 10 5 13 63 64 75 77 83 89 90 94 95
63 c 25 30 17 76 131 10 3 3 65 69 78 95 99
64 c 6 68 17 93 132 10 30 25 74 85 90 95 98
65 c 32 12 19 77 134 10 7 15 71 73 76 78 79 84 90 93
66 c 55 45 28 98 143 10 13 18 69 72 73 81 89 94 95 96
67 c 65 55 32 96 147 10 14 19 71 87 89 99
68 c 30 60 40 107 150 10 16 6 71 78 80 96
69 c 2 48 40 92 151 10 1 9 74 78 83 85 91 92 99
70 c 47 47 40 102 155 10 13 10 74 76 82 85 88 94
71 c 45 65 41 105 156 10 9 18 74 84 86 91
72 c 49 73 50 104 159 10 25 16 84 85
73 c 25 21 50 115 160 10 12 16 74 75 79 80 85 93 94 97 99
74 c 45 30 50 112 161 10 17 27 82 92
75 c 23 3 50 111 162 10 7 2 76 81 87 89 98
76 c 53 12 50 106 163 10 6 12 79 81 82 83 95
77 c 20 20 50 113 164 10 8 4 78 79 87
78 c 22 27 50 114 165 10 11 13 87 88 93 94 99
79 c 63 23 56 111 170 10 2 6 81 87 91 94
80 c 57 29 56 118 171 10 18 11 83 84 88 92
81 c 35 69 60 116 175 10 23 23 83 88 90 91
82 c 56 39 63 117 176 10 36 34
83 c 63 65 63 116 178 10 8 2 86 92 94
84 c 46 13 69 123 184 10 8 3 85 88 89 93 98 100
85 c 55 20 69 123 184 10 19 19 88 92 98
86 c 65 20 71 121 186 10 6 1 90 100
87 c 5 30 75 124 189 10 2 1 88 90 94 97 100
88 c 65 35 75 124 190 10 3 12 95
89 c 13 52 77 128 192 10 36 42 93 97 99 100
90 c 15 19 79 132 194 10 1 1 97
91 c 18 18 80 123 195 10 17 14 92 93 99
92 c 30 25 81 131 196 10 23 30
93 c 37 56 83 123 198 10 5 8
94 c 41 49 84 133 198 10 10 14 96 98
95 c 56 37 84 135 198 10 6 10
96 c 18 24 84 129 199 10 22 28
97 c 17 34 84 134 199 10 3 10 98
98 c 53 43 85 136 200 10 14 13
99 c 36 26 95 147 210 10 18 13
100 c 26 35 96 139 211 10 15 21

