StringID Type x y release ReadyTime DueDate ServiceTime weight volume Item_Conflitante1 Item_Conflitante2 Item_Conflitante3 Item_Conflitante4 Item_Conflitante5 Item_Conflitante6 Item_Conflitante7 Item_Conflitante8 Item_Conflitante9 Item_Conflitante10 Item_Conflitante11 Item_Conflitante12 Item_Conflitante13 Item_Conflitante14 Item_Conflitante15 Item_Conflitante16 Item_Conflitante17 Item_Conflitante18 Item_Conflitante19 Peso_Total Volume_Total
0 d 40 50 0 0 1236 0 0 0                    200 200
1 c 2 40 11 357 460 90 20 20 8 15 21 28 30 41 42 47 57 60 64 66 72 85 90 96
2 c 0 40 11 457 544 90 30 27 5 14 25 28 32 41 42 44 45 51 52 56 57 60 62 68 76 90 91
3 c 35 30 11 236 349 90 10 12 5 7 22 28 35 37 40 43 48 49 52 64 68 70 77 82 85 99
4 c 35 32 11 132 269 90 10 9 26 38 48 49 50 51 58 74 77 78 80 91 94
5 c 33 32 11 27 190 90 20 11 12 20 23 42 49 54 61 64 68 72 94
6 c 33 35 11 16 144 90 10 10 7 9 16 25 26 33 36 38 46 49 52 63 70 79 84 97 100
7 c 32 30 11 332 439 90 10 5 8 9 10 11 14 25 26 35 44 45 49 53 76 78 83 85 90 92 94
8 c 30 32 11 417 540 90 30 30 11 36 52 54 55 58 70 72 73 92 97 98
9 c 60 55 11 20 148 90 10 18 18 31 39 53 61 65 67 72 73 93
10 c 65 55 11 56 173 90 20 19 23 24 28 36 39 50 54 60 64 65 69 79 84 92 93
11 c 66 55 11 141 270 90 10 7 14 16 32 41 47 65 67 69 88 97
12 c 44 5 11 255 378 90 20 20 19 22 36 38 42 44 53 57 60 65 69 78 89 90 93
13 c 42 10 11 150 293 90 40 33 20 33 35 37 53 61 64 78 88 89 92 97 100
14 c 42 15 11 63 190 90 10 17 16 29 32 38 50 60 64 83 88 100
15 c 40 5 11 359 462 90 30 39 20 22 33 35 40 54 65 71 82 88 92 93 97
16 c 40 15 11 35 140 90 40 48 28 33 34 44 48 50 54 59 63 65 66 71 78 90 93 94 97 98
17 c 38 5 11 439 566 90 30 39 18 19 21 32 38 43 46 47 60 61 63 67 69 72 75 81 89 91
18 c 90 35 11 175 288 90 10 2 21 22 34 38 46 49 55 59 62 65 68 69 81 93 94 97
19 c 53 35 11 323 442 90 50 47 21 23 36 37 43 55 56 58 70 71 73 75 81 82 86 87 100
20 c 92 30 11 442 587 90 10 7 24 30 34 52 57 62 67 68 70 73 82 89 98
21 c 53 30 11 422 533 90 10 1 25 41 69 73 79 88 100
22 c 95 35 11 260 393 90 20 17 25 28 32 34 35 40 43 75 82 90 93
23 c 95 30 11 353 490 90 30 32 25 33 40 44 47 55 57 63 70 73 78 81 82 87 89 92
24 c 5 35 11 252 375 90 10 2 34 39 43 49 57 64 66 70 80 82 98
25 c 85 35 11 47 201 90 30 28 33 41 53 56 58 59 62 70 74 80 84 96
26 c 47 40 11 12 143 90 10 17 28 29 30 35 38 42 46 51 54 55 67 68 69 81 97 99
27 c 72 55 11 228 375 90 10 2 32 42 47 51 54 56 68 71 75 86 88 89
28 c 48 40 11 50 155 90 10 2 32 34 35 42 44 51 68 82 83 87
29 c 50 40 11 147 242 90 50 40 34 43 61 62 69 91
30 c 50 35 11 235 344 90 20 30 31 32 36 43 47 50 55 56 63 65 66 67 80 82 85
31 c 70 58 11 425 556 90 20 10 34 35 41 43 53 55 62 63 67 74 75 82 94
32 c 75 55 11 344 445 90 20 19 46 54 55 57 74 82 84 86 88 89 97 98
33 c 67 85 11 331 478 90 20 21 36 49 50 53 57 65 66 67 77 89 96
34 c 88 35 11 78 201 90 20 25 42 44 59 69 91
35 c 10 40 11 31 170 90 30 35 37 46 50 54 57 59 65 68 72 77 85 91 96 97
36 c 58 75 11 30 139 90 20 14 43 53 58 63 65 67 71 78 81 86 87
37 c 42 66 11 25 186 90 10 3 39 41 53 60 72 78 82 94 96 98
38 c 60 80 11 64 187 90 10 16 47 52 57 58 63 76 81 86 87 88 92 97
39 c 42 65 11 15 120 90 10 10 46 49 53 59 62 66 77 78 88 90 91
40 c 40 66 11 142 253 90 20 12 42 44 52 57 58 59 65 68 72 80 89
41 c 38 68 11 220 359 90 20 26 53 59 67 81 82 83 89 95
42 c 35 66 11 331 436 90 10 5 51 60 62 68 83 92 95 100
43 c 35 69 11 420 533 90 10 5 48 50 54 70 80 83
44 c 22 75 11 30 155 90 30 24 45 52 56 57 67 73 78 82 84 100
45 c 20 80 11 362 451 90 40 34 48 55 56 66 70 73 78 84 90 93 97
46 c 20 85 11 448 555 90 40 40 67 70 74 75 79 84 88 92 98 100
47 c 8 40 11 52 193 90 40 39 51 54 56 64 79 85 91
48 c 15 75 11 142 291 90 20 13 49 51 54 55 57 61 65 70 74 80 87 94 97
49 c 15 80 11 244 379 90 10 16 53 82
50 c 30 50 11 10 137 90 10 19 52 55 64 69 71 81 84 88 95
51 c 18 75 11 75 172 90 20 19 55 83 94
52 c 65 82 11 260 361 90 10 4 62 65 68 71 73 76 77 78 79 80 93 100
53 c 10 35 11 181 256 90 20 16 59 65 74 75 94 98
54 c 65 85 11 453 540 90 40 34 55 56 57 59 75 81 82 83 91 92
55 c 25 50 11 25 184 90 10 17 57 58 62 65 75 79 83 84 88 93 95 99
56 c 20 55 11 422 531 90 10 1 61 65 73 81 89 90 96
57 c 25 52 11 142 251 90 40 40 65 69 73 76 78 84 86 89 98 100
58 c 20 50 11 335 428 90 10 19 67 80 84 92
59 c 23 55 11 523 616 90 20 27 72 73 75 78 89
60 c 62 80 11 174 261 90 30 26 63 78 86 91
61 c 23 52 11 234 343 90 10 5 72 75 79 84 85 89 92 100
62 c 30 30 11 512 629 90 10 9 65 75 76 77 79 82 84 94 96 98 99
63 c 68 60 275 527 640 90 30 33 78 82 83 88 97
64 c 38 70 275 499 640 90 10 17 67 68 73 75 81 82 83 86 95 97 100
65 c 22 85 275 541 646 90 10 5 66 69 75 76 78 80 82 83 84 86 95
66 c 50 30 275 491 650 90 10 1 75 79 88 92 96 99 100
67 c 60 85 275 531 652 90 30 27 69 72 86 87
68 c 0 45 275 538 653 90 20 18 71 73 80 81 86 90 93
69 c 35 5 275 529 662 90 20 12 70 71 76 84 95 100
70 c 88 30 275 539 678 90 10 14 75 84 86 91 96 97
71 c 28 30 275 601 724 90 10 13 78 80 96
72 c 48 30 275 601 724 90 10 17 75 87 89 93
73 c 65 60 275 614 739 90 30 28 74 76 77 81 82 85 90 92 96 100
74 c 25 55 275 582 741 90 10 17 76 77 87 89 90 91 95
75 c 5 45 275 639 742 90 10 14 79 81 96 98
76 c 40 69 275 580 743 90 20 27 81 89 92 94 95 98 99
77 c 25 85 275 617 756 90 20 24 85 88 96 99
78 c 87 30 275 636 763 90 10 1 83 91 96
79 c 55 85 275 608 765 90 20 22 82 91
80 c 38 15 275 607 784 90 10 10 95 99
81 c 45 30 275 712 799 90 10 5 83 86 87 88 91 93 100
82 c 28 55 275 709 800 90 10 8 83 86 88 89 91
83 c 42 68 275 699 810 90 10 15 92 97
84 c 25 30 275 695 816 90 10 1 92 95
85 c 63 58 275 705 834 90 10 20
86 c 85 25 275 744 845 90 10 13 98 99
87 c 8 45 275 719 848 90 20 28 88 89 90 95 96
88 c 55 80 275 705 858 90 10 1 99
89 c 45 70 275 802 893 90 30 21 93 95 96 97 98 99
90 c 47 35 380 802 899 90 10 11 94 99
91 c 26 32 380 783 912 90 10 18 100
92 c 60 60 380 809 916 90 10 4 97 98
93 c 28 52 380 776 919 90 20 28
94 c 30 52 380 888 991 90 20 14 95 98
95 c 45 68 380 885 994 90 10 4 96
96 c 45 35 380 889 996 90 10 8 99
97 c 25 35 380 883 998 90 10 8
98 c 28 35 480 969 1098 90 10 12
99 c 45 65 485 962 1103 90 20 28
100 c 30 35 509 982 1127 90 10 12

