StringID Type x y release ReadyTime DueDate ServiceTime weight volume Item_Conflitante1 Item_Conflitante2 Item_Conflitante3 Item_Conflitante4 Item_Conflitante5 Item_Conflitante6 Item_Conflitante7 Item_Conflitante8 Item_Conflitante9 Item_Conflitante10 Item_Conflitante11 Item_Conflitante12 Item_Conflitante13 Item_Conflitante14 Item_Conflitante15 Item_Conflitante16 Item_Conflitante17 Item_Conflitante18 Item_Conflitante19 Item_Conflitante20 Item_Conflitante21 Item_Conflitante22 Item_Conflitante23 Peso_Total Volume_Total
0 d 35 35 0 0 230 0 0 0                        200 200
1 c 64 42 0 53 83 10 9 5 8 12 14 28 42 44 53 56 66 72 83 88 90 94 95 96
2 c 40 60 0 61 91 10 21 11 21 27 29 39 51 52 58 69 73 74 77 84 88 89 93 97
3 c 55 54 0 84 114 10 26 17 5 9 11 18 27 28 31 49 50 64 83 84 96 98
4 c 53 52 0 27 57 10 11 14 22 28 31 40 53 61 69 71 76 87 90 91
5 c 57 68 0 67 97 10 15 5 10 12 13 36 38 41 44 46 47 58 70 77 81 82 92 93 98
6 c 57 48 0 82 112 10 23 15 7 9 14 28 31 39 40 42 46 50 51 52 55 58 59 66 68 71 78 85 89 100
7 c 5 5 0 73 103 10 16 7 14 23 25 26 40 41 42 47 51 59 61 62 68 78 89 93 94
8 c 60 12 0 34 64 10 31 21 29 31 32 33 40 44 46 47 50 61 62 77
9 c 40 25 0 75 105 10 9 1 11 12 14 17 18 29 34 35 39 43 55 58 64 66 68 79 80 83 86 91 92 93 99
10 c 24 12 0 25 55 10 5 12 12 13 17 20 23 27 38 41 43 46 52 67 81 82 83 84 100
11 c 11 14 0 59 89 10 18 18 15 16 17 20 28 31 32 38 40 43 48 67 69 73 82 84 88 94 97 100
12 c 41 37 0 29 59 10 16 16 14 31 34 40 46 55 61 66 74 79 92
13 c 6 38 0 29 59 10 16 6 14 19 26 28 40 42 45 47 50 52 56 71 86 100
14 c 20 26 0 73 103 10 9 18 15 33 42 54 56 58 63 68 73 76 77 79 84 90 91 98
15 c 49 58 0 78 108 10 10 1 17 19 20 26 29 34 65 73 84 86 90 92
16 c 37 31 0 85 115 10 14 21 23 24 42 44 51 53 56 65 70 80 87 88 89 91 100
17 c 49 42 0 63 93 10 13 9 19 29 32 39 40 44 46 52 55 60 67 69 73 75 78 81 84 90 91 93 96
18 c 12 24 0 66 96 10 13 18 20 25 26 31 42 48 57 58 82 84 88 94 97
19 c 24 58 0 48 78 10 19 15 21 24 26 36 40 47 50 61 66 69 76 88 89 97 99 100
20 c 27 69 0 34 64 10 10 8 26 27 28 48 51 64 66 68 70 75 82 84 88 89 91 93 96 100
21 c 15 77 0 63 93 10 9 8 24 25 27 28 30 40 43 47 49 52 54 55 61 99
22 c 62 77 0 49 79 10 20 28 28 30 39 43 46 49 52 57 60 65 66 71 77 81 84 85 87 89 95 96
23 c 67 5 0 73 103 10 25 32 24 27 33 39 40 42 48 51 67 68 71 73 75 84 88 97
24 c 37 47 0 40 70 10 6 12 27 31 36 40 53 55 56 67 70 75 81 86 88 95
25 c 8 56 0 41 71 10 27 25 28 34 40 41 47 57 58 59 62 66 75 76 87 94 100
26 c 35 40 0 27 57 10 16 13 28 30 39 42 47 53 54 59 63 65 70 74 75 76 80 83 84 92
27 c 2 60 0 41 71 10 5 1 28 36 37 41 54 71 91
28 c 20 65 0 57 87 10 12 8 33 36 37 44 47 49 51 57 69 79 81 92
29 c 22 22 0 18 48 10 2 4 30 31 36 44 47 59 61 64 65 68 73 78 79 80 85 86 89 93 98
30 c 31 67 0 85 115 10 3 1 31 32 39 43 46 55 56 57 66 68 72 73 74 80 94 95
31 c 26 52 0 64 94 10 9 6 37 50 54 55 65 67 76 80 82 83 87 91 94 98 100
32 c 10 43 0 85 115 10 9 16 52 54 57 58 63 68 71 72 85 89 95 97 99
33 c 28 18 0 83 113 10 26 30 38 49 51 53 55 58 61 64 68 70 85 86 88 97 98
34 c 15 10 0 32 62 10 20 11 37 49 54 56 60 62 70 73 76 95 100
35 c 30 5 0 51 81 10 8 8 39 57 59 64 67 88 91 96
36 c 10 20 6 65 95 10 19 19 43 47 50 63 64 65 76 86 96 99 100
37 c 20 40 6 77 107 10 12 15 42 65 88 89 90 91 93 94
38 c 44 17 6 68 98 10 9 2 43 51 55 56 59 68 82 86 93
39 c 4 18 6 84 114 10 35 25 40 44 57 58 65 67 80 84 98
40 c 15 60 6 66 96 10 17 25 42 45 49 51 59 70 78 82 93 96
41 c 55 5 6 58 88 10 29 24 51 52 59 60 67 71 73 89 90
42 c 61 52 6 86 116 10 3 9 47 57 61 63 70 72 80 81 89 94
43 c 42 7 6 87 117 10 5 15 46 55 72 75 79 82 84 97 98
44 c 55 60 6 87 117 10 16 8 47 56 61 73 79 81 85 86 98 99
45 c 45 10 6 87 117 10 18 13 60 64 79 80 81 85 89 91 97 99 100
46 c 25 30 6 89 119 10 3 1 53 58 62 74 76 77 79 83 84 87
47 c 32 12 6 91 121 10 7 4 64 65 69 70 75 82 89 90 93
48 c 11 31 6 91 121 10 7 2 56 59 67 72 77 79 81 82 84 87 88 92 94 95 96 97
49 c 6 68 13 98 128 10 30 29 50 51 63 65 70 72 76 80 85 86 88 99
50 c 2 48 45 107 137 10 1 1 51 52 54 60 62 67 73 74 80 83 87 91 92 95 100
51 c 30 60 45 114 144 10 16 7 55 56 63 64 68 69 74 75 82 84 88 91 99
52 c 45 65 45 116 146 10 9 9 53 69 71 74 76 81 82 95 97 99 100
53 c 49 73 45 117 147 10 25 19 54 55 56 57 63 66 72 89 90 91 100
54 c 53 12 45 120 150 10 6 1 56 66 69 75 83 86
55 c 23 3 45 122 152 10 7 11 56 57 59 60 64 68 75 88 98
56 c 25 21 45 123 153 10 12 6 65 66 72 76 78 85 87 94 95
57 c 63 23 45 126 156 10 2 1 60 71 72 82 94 98 99
58 c 57 29 45 130 160 10 18 9 59 70 81 82 95
59 c 35 69 54 131 161 10 23 22 67 68 69 71 75 80 84 86 97
60 c 56 39 54 132 162 10 36 37 65 74 88 91 94 99
61 c 63 65 54 133 163 10 8 1 65 66 71 77 84 85 91 92
62 c 46 13 54 139 169 10 8 16 69 70 95 96
63 c 55 20 54 139 169 10 19 11 73 80 95 96 100
64 c 65 35 58 143 173 10 3 7 69 72 79 82 83 87 89 90 91
65 c 5 30 62 147 177 10 2 1 71 74 98
66 c 30 25 64 149 179 10 23 20 67 71 72 86 88 95 99 100
67 c 17 34 67 152 182 10 3 1 68 76 78 79 83 86 88 92 99
68 c 65 55 68 0 183 10 14 7 69 73 79 80 95 97 99
69 c 65 20 71 156 186 10 6 1 82 87 91
70 c 49 11 77 0 192 10 18 14 72 75 80 86 93
71 c 13 52 77 0 192 10 36 27 83 93
72 c 15 19 79 0 194 10 1 1 75 76 84 86 92 96
73 c 18 18 80 165 195 10 17 9 78 81 83 97 99
74 c 15 47 81 0 196 10 16 13
75 c 26 35 81 166 196 10 15 14 85 88 92 94 95 96
76 c 16 22 81 0 196 10 41 39 78 82 84 99
77 c 47 16 82 0 197 10 25 31 98
78 c 55 45 82 0 197 10 13 16 86 94 99
79 c 20 20 83 0 198 10 8 5 84 88 96 98
80 c 56 37 83 168 198 10 6 1 87 99
81 c 14 37 83 0 198 10 11 9 87 95 98 100
82 c 19 21 83 0 198 10 10 6 90 96
83 c 20 50 83 0 198 10 5 5 85 90 92 99
84 c 37 56 83 168 198 10 5 6 86
85 c 15 30 84 0 199 10 26 27 90 91 93 100
86 c 53 43 84 169 199 10 14 18 94
87 c 18 24 84 169 199 10 22 31 92 97 100
88 c 45 20 86 0 201 10 11 13
89 c 31 52 87 0 202 10 27 29 94
90 c 35 17 87 0 202 10 7 1
91 c 21 24 87 0 202 10 28 31 93 97
92 c 47 47 88 0 203 10 13 10 97
93 c 22 27 89 0 204 10 11 16 96
94 c 41 49 89 0 204 10 10 10 99
95 c 25 24 90 0 205 10 20 15 98 100
96 c 50 35 90 0 205 10 19 28 98 100
97 c 26 27 92 0 207 10 27 37 99
98 c 27 43 93 0 208 10 9 2 99
99 c 45 30 93 0 208 10 17 14
100 c 36 26 95 180 210 10 18 10

