StringID Type x y release ReadyTime DueDate ServiceTime weight volume Item_Conflitante1 Item_Conflitante2 Item_Conflitante3 Item_Conflitante4 Item_Conflitante5 Item_Conflitante6 Item_Conflitante7 Item_Conflitante8 Item_Conflitante9 Item_Conflitante10 Item_Conflitante11 Item_Conflitante12 Item_Conflitante13 Item_Conflitante14 Item_Conflitante15 Item_Conflitante16 Item_Conflitante17 Item_Conflitante18 Item_Conflitante19 Item_Conflitante20 Item_Conflitante21 Item_Conflitante22 Item_Conflitante23 Peso_Total Volume_Total
0 d 40 50 0 0 960 0 0 0                        1000 1000
1 c 40 5 108 158 391 10 10 1 2 15 18 30 35 49 52 53 54 56 75 80 81 84
2 c 37 31 108 19 326 10 14 8 13 15 16 18 19 31 35 36 41 45 51 53 63 67 72 73 79 83 86 87 89 96 99
3 c 92 30 108 68 349 10 10 9 8 9 10 20 21 25 35 42 50 54 56 64 74 85 86 87
4 c 90 35 108 131 376 10 10 16 9 14 16 17 21 36 42 43 46 47 52 64 65 68 71 77 85 92
5 c 10 20 108 42 466 10 19 13 7 8 20 22 53 59 61 67 71 72 85 88 99
6 c 88 35 108 102 347 10 20 14 14 27 52 56 90 91 97
7 c 27 43 108 85 338 10 9 12 8 12 18 35 48 50 52 67 75 76 77 78 89 93 96 98 100
8 c 49 58 108 369 460 10 10 1 14 19 28 29 38 41 61 64 65 69 71 78 82 83 86 93 96 97 99
9 c 5 5 108 183 400 10 16 20 21 25 30 32 34 47 52 77 80 83 85 92 93 96 99
10 c 2 60 108 255 436 10 5 11 13 23 24 25 30 35 61 63 73 91 93 97
11 c 63 65 108 27 382 10 8 13 18 34 38 47 49 53 54 56 65 66 75 77 78 79 81 88 89 90
12 c 65 55 108 201 400 10 14 20 23 27 35 38 40 42 65 67 73 84 86 88 90 96 100
13 c 2 45 108 38 366 10 10 1 23 33 34 41 45 47 58 62 84
14 c 25 30 108 109 360 10 3 5 21 25 26 33 35 42 47 56 58 79 81 85 88 94
15 c 65 20 108 39 353 10 6 1 20 21 22 29 40 41 45 48 55 67 69 75 83 88
16 c 12 24 108 365 472 10 13 12 17 28 30 34 44 45 54 56 64 65 66 76 77 78 79 85 89 92 97
17 c 42 10 108 205 422 10 40 43 30 34 42 50 51 58 67 70 76 78 81 82 89 92
18 c 45 65 108 230 405 10 9 13 26 30 32 39 41 45 48 50 52 78 86 87 88 92 93
19 c 15 75 108 281 438 10 20 13 24 26 33 34 36 41 56 66 70 73 83 86 87 88 90 97 99
20 c 0 40 108 214 415 10 20 30 28 41 48 49 53 59 61 66 76 82 83 89 95 98
21 c 26 52 108 109 354 10 9 16 29 51 58 59 77 81 100
22 c 22 75 108 73 350 10 30 33 34 44 50 54 55 60 61 66 70 71 73 74 83 89 91 92 94 97
23 c 5 45 108 35 457 10 10 13 32 34 35 37 38 42 43 56 75 77 79 80 81 93 96 98
24 c 56 37 108 20 299 10 6 1 27 28 35 36 38 46 50 57 66 81 82 97 99
25 c 8 45 108 166 399 10 20 18 33 36 41 44 56 57 60 62 64 79 81 86 99
26 c 20 85 108 40 390 10 20 29 27 29 33 34 37 38 39 45 48 60 69 70 72 86
27 c 44 5 108 338 451 10 20 11 29 35 41 45 47 49 57 59 67 75 76 82 83 94 96 100
28 c 21 24 108 332 485 10 28 27 60 63 64 73 76 82 95
29 c 63 23 108 318 489 10 2 1 31 35 36 37 40 41 52 59 64 80 89 94
30 c 55 20 108 281 490 10 19 19 33 41 42 51 54 65 76 78 85 86 88 95
31 c 55 82 108 62 491 10 10 16 36 40 41 42 51 61 63 70 71 75 76 81 87 100
32 c 60 12 108 162 493 10 31 21 39 41 51 58 60 62 67 74 77 80 85 93 95 97 99 100
33 c 45 30 108 20 497 10 17 11 34 35 38 43 46 55 63 84 86 90
34 c 88 30 108 114 497 10 10 17 35 38 41 43 46 51 65 67 77 82 83 89 91 94
35 c 8 40 108 33 510 10 40 31 41 48 50 54 58 60 65 72 75 79 90 92
36 c 37 47 108 324 513 10 6 2 49 50 58 62 67 72 79 80 84
37 c 57 48 108 385 518 10 23 23 40 46 47 52 58 61 63 68 69 78 95
38 c 38 5 108 45 522 10 30 23 46 47 52 57 64 65 66 69 72 73 80 83 90
39 c 31 52 108 9 532 10 27 22 40 41 42 51 52 56 64 66 77 83 85 87 98
40 c 2 40 108 39 538 10 20 19 41 52 55 57 58 66 72 80 86 87 89
41 c 24 58 108 100 539 10 19 22 43 46 50 66 70 74 77 80 84 88 90 93
42 c 64 42 108 112 543 10 9 15 43 47 51 56 65 67 70 71 73 75 77 87 95 96 97
43 c 62 80 108 131 544 10 30 24 46 56 64 67 73 77 80 82 83 88 89
44 c 60 85 108 233 544 10 30 22 45 49 53 54 60 64 71 79 90 91 92 93 94
45 c 26 35 108 170 565 10 15 21 47 53 54 69 73 74 77 84 89 92 95 96
46 c 6 68 108 258 565 10 30 35 50 52 53 57 59 63 67 70 76 80 84 86 94 97
47 c 30 25 108 347 566 10 23 29 48 49 54 70 79 94 98 100
48 c 35 40 108 11 570 10 16 8 62 63 70 73 76 78 82 93 96
49 c 42 12 108 423 576 10 10 13 50 51 60 64 67 79 84 86 93 95 98 99 100
50 c 15 80 108 272 581 10 10 11 52 58 60 63 74 76 85 92 95 97 98
51 c 20 50 108 284 585 10 5 15 54 60 66 69 72 75 80 83 90 91 93 97
52 c 65 35 108 29 587 10 3 1 54 60 70 77 89 90 91 93 100
53 c 22 85 108 473 588 10 10 14 59 63 71 72
54 c 57 29 238 304 605 10 18 20 58 68 69 77 83 86 89 92 94 97
55 c 40 15 238 263 606 10 40 49 65 67 70 74 87 91 100
56 c 55 80 238 33 624 10 10 10 74 85 90 97
57 c 10 35 238 236 625 10 20 19 72 80 84 89 93
58 c 85 35 238 462 631 10 30 35 60 68 70 76 81 83 85 92 94 99
59 c 18 75 238 249 646 10 20 27 61 63 83 86 87 90 92 98 100
60 c 8 56 238 195 654 10 27 19 71 78 83 85 86 87 100
61 c 72 35 238 471 662 10 30 36 65 72 75 79 86 93 97 98
62 c 18 80 238 435 662 10 10 4 65 73 77 78 83 91 95
63 c 95 35 238 57 664 10 20 10 69 70 80 90 91 98 100
64 c 58 75 238 207 664 10 20 30 72 83 85 90 94
65 c 4 18 238 546 667 10 35 27 70 73 76 78 83 87 89 92 94
66 c 95 30 238 509 668 10 30 26 69 70 71 77 80 82 91 93 99
67 c 53 43 238 14 669 10 14 23 70 71 72 78 86 93 98
68 c 85 25 238 51 673 10 10 19 75 76 80 86 88 99
69 c 20 82 238 37 677 10 10 11 74 80 85 92 98 100
70 c 42 15 238 511 682 10 10 15 86 89 95 97
71 c 10 40 238 470 687 10 30 36 74 79 97
72 c 65 82 238 530 703 10 10 4 80 83 88 97
73 c 55 54 238 538 705 10 26 21 74 84
74 c 65 85 238 43 712 10 40 34 84 90 93 97 99
75 c 55 85 238 549 718 10 20 23 78 91 96
76 c 55 60 320 568 753 10 16 7 89 97 100
77 c 87 30 320 564 797 10 10 2 82 83 87 96
78 c 60 80 320 36 800 10 10 11 79 86 92
79 c 41 37 349 423 828 10 16 26 80 87 91 94 98 99 100
80 c 50 35 349 404 829 10 19 18 86 97
81 c 25 85 416 591 874 10 20 18 94 98 100
82 c 38 15 416 598 883 10 10 11 88 90 91 95
83 c 15 60 416 613 894 10 17 18 85 88 91 98
84 c 30 60 416 421 896 10 16 15 85 88 90 95 96
85 c 67 5 417 565 897 10 25 28 96 99 100
86 c 23 3 420 360 900 10 7 9 97
87 c 15 10 422 380 902 10 20 25 91 96
88 c 40 60 422 441 902 10 21 25 94 95
89 c 42 5 424 636 904 10 10 11
90 c 35 5 433 348 904 10 20 20 94 98
91 c 67 85 433 396 905 10 20 29 98
92 c 49 42 433 651 906 10 13 16
93 c 0 45 433 359 909 10 20 14 99
94 c 5 35 433 359 911 10 10 4 96 100
95 c 20 20 433 427 913 10 8 13
96 c 20 80 433 418 913 10 40 38 97 98 99
97 c 61 52 448 298 928 10 3 13
98 c 35 69 450 211 930 10 23 21
99 c 31 67 450 262 930 10 3 6
100 c 47 47 462 426 942 10 13 21

