StringID Type x y release ReadyTime DueDate ServiceTime weight volume Item_Conflitante1 Item_Conflitante2 Item_Conflitante3 Item_Conflitante4 Item_Conflitante5 Item_Conflitante6 Item_Conflitante7 Item_Conflitante8 Item_Conflitante9 Item_Conflitante10 Item_Conflitante11 Item_Conflitante12 Item_Conflitante13 Item_Conflitante14 Item_Conflitante15 Item_Conflitante16 Item_Conflitante17 Item_Conflitante18 Item_Conflitante19 Item_Conflitante20 Item_Conflitante21 Item_Conflitante22 Item_Conflitante23 Item_Conflitante24 Item_Conflitante25 Item_Conflitante26 Item_Conflitante27 Item_Conflitante28 Item_Conflitante29 Peso_Total Volume_Total
0 d 40 50 0 0 3390 0 0 0                              700 700
1 c 67 85 0 694 854 90 20 23 2 3 9 10 14 26 27 39 50 52 67 90 91 95 97
2 c 53 35 0 213 373 90 50 50 3 4 5 6 11 14 18 20 22 29 31 36 38 39 40 47 53 55 73 76 79 87
3 c 45 35 0 680 840 90 10 15 10 27 29 30 35 36 38 45 52 56 59 62 63 64 65 68 70 71 72 74 76 79 81 85 86 95
4 c 47 40 0 12 172 90 10 6 6 13 21 29 34 40 43 46 50 57 61 62 75 78 79 81 98
5 c 50 35 0 120 280 90 20 25 8 10 17 21 31 32 34 36 38 39 44 61 67 70 73 75 78 81 85 87 91 95
6 c 38 5 0 1442 1602 90 30 32 19 31 36 37 38 44 47 54 57 62 65 77 78 84 95 97
7 c 42 15 0 1065 1225 90 10 13 18 24 26 32 36 39 51 59 60 61 67 72 78 79 83 85 91 95 96
8 c 44 5 0 1256 1416 90 20 12 15 19 21 23 24 30 31 39 44 46 51 60 66 69 72 85
9 c 55 80 0 407 567 90 10 2 20 30 40 47 50 57 59 65 68 69 72 74 91 92 99
10 c 0 40 0 1063 1223 90 30 24 11 22 25 27 32 34 37 45 48 50 51 55 56 57 58 59 60 67 71 72 73 78 80 90 91 93 95 98 99
11 c 55 85 0 502 662 90 20 16 14 24 26 32 42 48 53 54 68 71 74 77 84 85 92 93
12 c 60 66 0 1261 1421 90 10 4 14 16 28 32 33 43 46 51 54 55 56 67 76 82 83 96 100
13 c 70 58 681 1641 1801 90 20 17 17 18 26 32 41 44 59 63 65 71 75 78 83 91 92 94 96
14 c 14 66 681 1643 1803 90 10 1 20 26 33 44 62 67 68 69 72 76 86 92 94
15 c 32 20 681 1913 2073 90 10 3 25 27 28 34 38 42 45 48 56 89
16 c 90 35 681 2131 2291 90 10 8 17 19 25 27 37 38 40 53 56 58 60 67 68 84 86 99
17 c 20 80 681 2216 2376 90 40 34 24 27 30 34 47 56 69 70 77 79 81 82 84 86 88 94 100
18 c 22 75 1163 2405 2565 90 30 35 22 29 30 33 34 47 50 71 83 84 86 87 97 99 100
19 c 22 66 1163 2504 2664 90 40 33 22 24 28 44 48 50 51 60 65 68 69 72 74 80 88
20 c 28 70 1163 2601 2761 90 10 12 22 34 41 43 59 63 67 78 79 82 83 86 96
21 c 87 30 1163 2608 2768 90 10 20 30 37 41 48 51 57 60 64 72 80 83 86
22 c 35 69 1163 2698 2858 90 10 5 33 34 42 44 56 61 66 74 77 78 90 94
23 c 34 60 1365 2887 3047 90 20 10 27 31 32 38 46 55 56 60 62 63 69 75 85 86 99
24 c 72 45 1365 2900 3060 90 10 2 25 27 43 45 48 53 55 59 60 61 66 74 83 84 92 97 98
25 c 95 30 1579 0 3241 90 30 33 35 46 52 54 59 70 71 72 73 80 89 91 92 94 100
26 c 95 35 1579 0 3242 90 20 29 40 53 61 66 67 68 71 74 75 82 83 89 91 98 99
27 c 92 30 1579 0 3244 90 10 1 28 36 48 53 54 56 58 59 63 64 72 77 89 92 96 100
28 c 85 25 1579 0 3248 90 10 17 54 56 57 66 77 83 95 96
29 c 85 35 1579 0 3252 90 30 26 31 33 34 41 48 56 63 67 70 82 85 94 100
30 c 86 46 1579 0 3253 90 30 37 31 33 42 62 69 71 80 81 86 87 89 94 97 98
31 c 35 5 1579 0 3254 90 20 23 36 38 54 55 65 66 67 75 88 90
32 c 40 5 1579 0 3255 90 30 31 33 44 47 54 55 60 62 68 69 78 98
33 c 64 46 1579 3097 3257 90 20 11 43 52 53 63 71 75 77 81 91 93 94
34 c 60 85 1579 0 3259 90 30 40 40 43 47 60 61 73 80 82 89 95 97 98
35 c 38 10 1579 0 3259 90 10 3 37 47 50 56 63 72 78 97
36 c 65 82 1579 0 3259 90 10 17 48 57 62 71 73 83 86 87 90 92 96
37 c 0 45 1579 0 3259 90 20 23 40 54 61 63 65 66 67 72 90 92
38 c 42 10 1579 0 3259 90 40 33 43 44 50 62 69 77 83 87 92 96 98
39 c 20 85 1579 0 3259 90 40 38 48 52 55 58 59 66 74 79 87 100
40 c 78 40 1579 0 3260 90 20 18 48 49 60 64 65 68 74 75 80
41 c 22 85 1579 0 3260 90 10 5 50 56 58 61 62 69 70 73 76 78 80 81 82 83 94 100
42 c 2 40 1579 0 3260 90 20 25 51 54 60 63 73 75 79 84 98 99
43 c 15 80 1579 0 3260 90 10 1 45 49 55 58 59 61 65 67 68 71 80 81 83 90 94
44 c 25 85 1579 0 3261 90 20 16 52 70 74 76 84 87 100
45 c 5 35 1579 0 3261 90 10 20 47 51 69 70 73 76 77 86 88 98
46 c 62 80 1579 0 3262 90 30 22 59 63 67 69 77 84 86 90 94
47 c 4 55 1579 0 3263 90 20 22 49 52 54 55 56 67 68 74 92 94
48 c 5 45 1579 0 3264 90 10 3 50 52 59 67 68 70 78 89 90 93 94 96
49 c 75 55 1579 0 3264 90 20 24 50 57 58 63 67 70 73 75 79 93 95 96 98 100
50 c 38 15 1579 0 3264 90 40 39 57 60 63 65 67 73 75 78 80 81 83 84 89 90 91 93 100
51 c 15 75 1579 0 3264 90 20 26 59 66 67 77 88 93 96
52 c 8 62 1579 0 3265 90 10 15 59 66 70 71 73 94 96 97
53 c 8 40 1579 0 3266 90 40 42 67 69 80 82 90
54 c 10 35 1579 0 3266 90 20 13 55 59 70 76 79 86 87 89 90 93 99
55 c 18 75 1579 0 3266 90 20 29 56 57 65 66 67 68 69 71 74 76 82 84 93 98 100
56 c 72 55 1579 0 3267 90 10 15 57 59 63 68 88 89 97
57 c 8 45 1579 0 3267 90 20 13 63 66 83 88 91 93 94 97 99 100
58 c 36 18 1579 0 3267 90 10 4 64 69 70 82 83 85
59 c 10 40 1579 0 3268 90 30 32 66 67 70 79 82 90 97 99
60 c 48 20 1579 0 3268 90 10 19 62 63 64 68 69 75 79 87 89
61 c 58 75 1579 0 3269 90 20 16 77 80 83 96
62 c 62 69 1579 0 3270 90 10 5 66 76 82 90
63 c 52 75 1579 0 3272 90 10 16 64 75 77 93 100
64 c 58 70 1579 0 3273 90 20 18 71 76 81 86 89 95 97
65 c 65 60 1579 0 3273 90 30 33 74 92 95
66 c 66 55 1579 0 3273 90 10 17 68 70 72 78 81 87 88 90
67 c 44 25 1579 0 3274 90 10 9 68 77 80 82 83 93 99
68 c 16 42 1579 0 3274 90 20 25 71 81 84
69 c 34 25 1579 0 3274 90 30 40 78 79 84 89 92 96 97 100
70 c 62 40 1580 0 3275 90 10 17 77 78 80 81 99
71 c 25 30 1580 0 3275 90 10 6 81 83 84 87 91
72 c 53 30 1582 0 3276 90 10 19 75 76 85 87 89 90 91 92 94 96 100
73 c 60 60 1582 0 3277 90 10 10 84 85 89 90 92 94
74 c 30 30 1582 0 3277 90 10 15 82 86
75 c 26 32 1582 0 3277 90 10 3 85 89 94 100
76 c 50 30 1582 0 3277 90 10 1 80 83 87 90 93
77 c 25 35 1587 0 3278 90 10 11 82 85 89
78 c 56 64 1587 0 3278 90 10 8 82 85 87 93 100
79 c 48 30 1587 0 3278 90 10 1 84 99
80 c 42 30 1587 0 3279 90 10 17 82 89 90 91 93 98 100
81 c 60 55 1587 0 3279 90 10 20 83 93 95 98
82 c 45 70 1587 0 3279 90 30 34 87 91 95 97 98
83 c 20 55 1587 0 3279 90 10 9 87
84 c 20 50 1587 0 3280 90 10 3 89 93 95
85 c 33 32 1587 0 3280 90 20 17 91 92 99 100
86 c 30 35 1587 0 3281 90 10 16 99
87 c 35 32 1587 0 3281 90 10 8
88 c 23 52 1587 0 3282 90 10 8 98 100
89 c 33 35 1588 0 3283 90 10 7
90 c 47 35 1588 0 3283 90 10 13 91 99
91 c 35 66 1588 0 3283 90 10 4 93 99
92 c 45 65 1589 0 3284 90 20 14 95
93 c 42 65 1589 0 3284 90 10 8
94 c 50 40 1590 0 3285 90 50 46
95 c 25 50 1590 0 3285 90 10 13 97
96 c 28 52 1592 0 3287 90 20 27 97
97 c 30 56 1593 0 3288 90 20 30
98 c 36 40 1594 0 3289 90 10 19 100
99 c 30 50 1595 0 3290 90 10 1
100 c 42 58 1596 0 3291 90 40 47

