StringID Type x y release ReadyTime DueDate ServiceTime weight volume Item_Conflitante1 Item_Conflitante2 Item_Conflitante3 Item_Conflitante4 Item_Conflitante5 Item_Conflitante6 Item_Conflitante7 Item_Conflitante8 Item_Conflitante9 Item_Conflitante10 Item_Conflitante11 Item_Conflitante12 Item_Conflitante13 Item_Conflitante14 Item_Conflitante15 Item_Conflitante16 Item_Conflitante17 Item_Conflitante18 Item_Conflitante19 Item_Conflitante20 Peso_Total Volume_Total
0 d 35 35 0 0 230 0 0 0                     200 200
1 c 49 42 34 27 128 10 13 20 3 5 6 8 10 15 31 35 38 46 51 53 63 65 73 81 84 92 98
2 c 12 24 34 29 132 10 13 8 4 5 21 22 25 30 31 34 35 48 54 59 61 71 73 83 95 98 99
3 c 40 60 34 25 132 10 21 15 6 9 12 17 18 19 25 27 28 31 33 39 44 53 58 59 62 71 78 90
4 c 27 43 34 11 133 10 9 2 6 7 8 14 22 23 68 77 84 85 94 96
5 c 50 35 34 15 133 10 19 23 12 29 45 52 55 56 61 67 75 77 81 90 91 95 96 97 99
6 c 28 18 34 61 134 10 26 34 8 10 31 37 38 46 47 61 62 66 67 84 86 93
7 c 44 17 34 30 135 10 9 15 28 29 34 41 43 48 70 72 76 78 81 83 85 88 93 97 100
8 c 20 50 34 36 135 10 5 1 13 27 29 31 34 37 39 55 61 65 72 76 94
9 c 41 37 34 6 136 10 16 19 10 15 29 35 40 47 59 62 63 71 72 75 78 82 96
10 c 45 20 34 18 136 10 11 5 13 18 40 43 51 58 76 83 84
11 c 26 52 34 21 136 10 9 9 12 25 26 27 28 29 43 46 47 64 71 79 86 90 93 95 97 98
12 c 20 40 34 47 136 10 12 21 15 19 20 31 34 50 52 53 65 81 83 87 88 91
13 c 37 47 34 12 137 10 6 6 17 32 42 56 70 74 79 85 86 87 91 93 94
14 c 31 52 34 17 138 10 27 36 17 19 31 33 36 38 42 47 55 61 68 79 87 89 93 100
15 c 40 25 34 40 139 10 9 3 24 28 29 35 37 40 42 62 68 79 88 97
16 c 10 20 34 29 139 10 19 9 20 23 30 31 34 40 48 52 59 68 70 71 74 88 100
17 c 35 40 34 5 140 10 16 17 21 23 25 26 34 38 41 43 50 53 60 76 91
18 c 55 54 34 57 140 10 26 21 24 40 47 51 53 54 55 64 68 74 85 87 89
19 c 49 11 34 27 141 10 18 15 26 30 38 40 44 49 55 58 61 66 67 68 70 71 76 80 82 85 91 99
20 c 19 21 34 21 142 10 10 7 22 43 50 51 61 62 70 78 80 84 85 92
21 c 20 26 34 33 142 10 9 14 27 32 36 40 43 45 65 68 82 83 84 91 92 97
22 c 25 24 34 14 143 10 20 28 28 38 40 45 46 53 59 61 62 68 70 76 80 90 93
23 c 11 14 34 31 144 10 18 23 24 26 31 47 52 61 70 76 82 99
24 c 15 60 34 32 146 10 17 8 35 42 43 45 53 58 64 66 67 69 79 94 95 98 99
25 c 57 48 34 47 146 10 23 33 27 34 37 40 44 47 51 54 55 63 68 71 74 81 82 83 91 96
26 c 15 47 34 23 146 10 16 8 36 37 41 46 55 57 64 70 84 86 91 98 99
27 c 35 17 34 18 147 10 7 1 30 31 33 34 36 49 52 54 63 70 78 86 87 91 93 94 99 100
28 c 16 22 34 44 147 10 41 48 31 37 38 39 40 47 49 60 68 70 72 74 86 88 91 93 97
29 c 57 68 34 39 148 10 15 20 30 38 44 51 55 56 66 77 80 82 85 88 89 95
30 c 4 18 34 49 148 10 35 43 33 35 49 52 65 67 69 70 81 86 93
31 c 37 31 34 51 148 10 14 8 33 36 38 42 54 55 62 63 64 65 67 80 85 99
32 c 49 58 34 36 149 10 10 6 43 53 57 59 62 66 69 70 73 83 89 90 97
33 c 10 43 34 50 149 10 9 10 34 41 47 53 58 66 71 72 74 78 83 88 90 97 98
34 c 64 42 35 29 150 10 9 3 36 44 51 71 76 89
35 c 26 27 36 58 151 10 27 25 50 54 56 59 60 71 72 84 86 91 95 100
36 c 6 68 37 73 152 10 30 31 42 46 63 64 65 72 76 82 92
37 c 20 65 37 33 152 10 12 4 42 52 54 62 68 71 84 85 94
38 c 30 5 37 30 152 10 8 10 39 40 47 50 57 62 64 65 67 71 81 82 95
39 c 45 10 42 50 153 10 18 23 61 62 64 65 73 74 79 84 86 91 95
40 c 31 67 42 46 153 10 3 1 46 47 50 51 55 59 76 80 86 87 98 100
41 c 5 5 42 42 153 10 16 22 52 55 61 64 76 77 80 82 88 90
42 c 11 31 42 57 154 10 7 11 46 51 56 70 77 84 86 90 92 98
43 c 24 58 42 25 154 10 19 15 45 48 49 56 68 69 71 73 78 86 88 89 90 98
44 c 55 5 42 36 155 10 29 26 46 47 50 60 61 62 63 66 75 78 80 85 86 91 98
45 c 67 5 42 43 156 10 25 21 49 51 53 57 60 81 84 96
46 c 55 60 42 47 156 10 16 6 47 48 59 60 67 72 73 77 78 81 90 92 93 94 95 98 100
47 c 14 37 42 21 157 10 11 10 48 51 53 73 86 87 93 96 100
48 c 25 30 43 49 158 10 3 1 55 64 93 95 96
49 c 24 12 43 25 158 10 5 3 52 59 65 69 75 85 93 97 98 99
50 c 61 52 52 42 159 10 3 9 53 54 61 66 67 68 76 78 90
51 c 22 22 52 18 159 10 2 1 57 66 73 79 81 86 97
52 c 42 7 52 43 160 10 5 1 56 73 77 79 82 86 88 90 94 98 99
53 c 53 52 52 24 161 10 11 4 62 63 67 71 79 95 98 99 100
54 c 32 12 52 48 163 10 7 1 57 58 63 67 82 83 84 85 96
55 c 55 45 52 76 165 10 13 15 64 78 79 80 85 87 88 89 98
56 c 15 77 52 46 165 10 9 9 58 65 77 84 86 88 93 95 99
57 c 15 30 52 20 167 10 26 19 59 63 65 66 73 93 100
58 c 6 38 57 29 169 10 16 20 59 64 65 66 67 83 85 90 91 92 100
59 c 47 16 57 22 170 10 25 33 63 65 81 87 97 99
60 c 62 77 57 49 170 10 20 26 64 74 82 83 84 97
61 c 30 60 57 85 172 10 16 26 62 64 67 71 74 78 86 92
62 c 27 69 57 34 172 10 10 15 63 67 69 71 80 81 84 88
63 c 65 55 58 70 173 10 14 12 65 75 86 88
64 c 8 56 61 34 176 10 27 21 65 66 68 75 77 82 83 94
65 c 2 60 63 41 178 10 5 8 69 79 98
66 c 63 65 63 54 178 10 8 9 67 72 73 76 77 84 85 87 88 89 99
67 c 49 73 64 68 179 10 25 35 69 71 73 74 75 87 93
68 c 2 48 67 63 180 10 1 2 69 77 86 93
69 c 47 47 67 75 182 10 13 15 73 76 78 81 82 92 96 98
70 c 45 65 67 79 182 10 9 12 77 81 82 85 93
71 c 25 21 68 92 183 10 12 15 73 76 85 86 87 88
72 c 21 24 68 17 183 10 28 29 78 89 99
73 c 23 3 70 82 185 10 7 14 75 77 78 91
74 c 45 30 71 87 186 10 17 13 78 82 83 93 99
75 c 35 69 71 67 186 10 23 19 81 82
76 c 65 20 71 56 186 10 6 1 81 85 87
77 c 60 12 71 33 186 10 31 25 81 83 95 98
78 c 15 10 72 32 187 10 20 17 88 91 94 96 99
79 c 63 23 74 69 189 10 2 1 86 89 91 92 98
80 c 5 30 74 60 189 10 2 1 81 84 86 89 91 93 100
81 c 20 20 75 87 190 10 8 5 82 90 97
82 c 65 35 75 58 190 10 3 5 84 85 88 91
83 c 53 12 75 76 190 10 6 10 100
84 c 22 27 75 89 190 10 11 20 89 94 97
85 c 13 52 77 65 192 10 36 40 86 88
86 c 15 19 79 70 194 10 1 9 92 93 97 98 99
87 c 55 20 80 73 195 10 19 12 88 94 99 100
88 c 18 18 80 51 195 10 17 8 93 95
89 c 46 13 80 74 195 10 8 3 99
90 c 57 29 82 90 197 10 18 24 92
91 c 56 37 83 73 198 10 6 1 98
92 c 56 39 83 80 198 10 36 27 94 95
93 c 37 56 83 48 198 10 5 8 94
94 c 18 24 85 60 199 10 22 20
95 c 53 43 85 72 200 10 14 17 96
96 c 17 34 86 70 201 10 3 1 97 99
97 c 41 49 89 73 204 10 10 7 99
98 c 30 25 93 79 208 10 23 24
99 c 36 26 95 84 210 10 18 21
100 c 26 35 96 68 211 10 15 15

