StringID Type x y release ReadyTime DueDate ServiceTime weight volume Item_Conflitante1 Item_Conflitante2 Item_Conflitante3 Item_Conflitante4 Item_Conflitante5 Item_Conflitante6 Item_Conflitante7 Item_Conflitante8 Item_Conflitante9 Item_Conflitante10 Item_Conflitante11 Item_Conflitante12 Item_Conflitante13 Item_Conflitante14 Item_Conflitante15 Item_Conflitante16 Item_Conflitante17 Item_Conflitante18 Item_Conflitante19 Item_Conflitante20 Item_Conflitante21 Peso_Total Volume_Total
0 d 35 35 0 0 1000 0 0 0                      1000 1000
1 c 40 60 85 187 427 10 21 13 5 8 18 34 48 62 68 72 75 86 88 91 97
2 c 31 52 85 94 334 10 27 19 3 6 8 25 38 40 41 52 54 58 62 63 69 70 76 78 80 93 94 98 99
3 c 53 52 85 24 264 10 11 3 4 7 9 14 18 25 33 34 46 66 67 69 74 77 80 85 90 93 94 97
4 c 67 5 85 228 468 10 25 22 5 6 24 26 36 39 44 45 46 49 57 62 65 70 78 83 98
5 c 14 37 85 53 293 10 11 4 6 13 16 21 25 26 35 43 56 57 59 70 77 79 80 82 93 95
6 c 2 60 85 41 281 10 5 11 15 17 32 38 40 42 57 58 59 74 75 76 79 82 83 87 92 100
7 c 15 47 85 106 346 10 16 20 9 13 34 43 44 47 50 65 66 67 69 71 73 82 98 100
8 c 5 5 85 234 474 10 16 23 9 20 28 29 32 33 36 44 49 55 78 81 82 87 89
9 c 60 12 85 33 273 10 31 35 18 24 30 32 36 43 48 52 53 56 57 64 68 71 75 84 87 88 89 96
10 c 24 12 85 25 265 10 5 1 18 28 33 37 42 45 52 58 60 71 79 80 86
11 c 11 14 85 167 407 10 18 27 12 14 21 23 24 31 35 41 54 58 59 62 67 69 70 77 79 97
12 c 6 38 85 29 269 10 16 11 16 22 30 32 42 46 67 72 86 87 90 92 95 96
13 c 8 56 85 48 288 10 27 31 14 16 20 21 22 23 25 26 29 30 33 38 43 49 82 84 90 97 98
14 c 27 43 85 117 357 10 9 12 15 18 35 40 45 46 47 51 54 62 74 82 84 85 93 98
15 c 49 42 85 212 452 10 13 20 19 22 26 29 31 34 37 38 44 45 54 57 59 62 79 80 88 98 99
16 c 49 11 85 171 411 10 18 11 17 20 26 41 45 46 57 59 60 63 64 77 84 87 91 98
17 c 44 17 85 234 474 10 9 5 19 34 61 66 78 81 82 91 92 98
18 c 21 24 85 17 257 10 28 18 20 30 33 35 47 51 60 64 66 88 89 91 94 95
19 c 47 16 85 22 262 10 25 22 24 26 30 31 33 34 44 53 59 65 66 67 69 71 95
20 c 12 24 85 214 454 10 13 12 22 24 37 48 50 67 68 70 85 88 92 93 96
21 c 24 58 85 113 353 10 19 15 27 29 38 41 49 52 56 57 58 68 70 71 75 87 93 94 95 98
22 c 27 69 85 34 274 10 10 16 30 34 35 41 65 70 84
23 c 15 77 85 154 394 10 9 18 29 31 37 47 48 49 52 57 61 63 68 70 74 79 86 88 93 94 97
24 c 62 77 85 49 289 10 20 19 29 30 31 35 42 43 51 60 81 86 90 94 98 100
25 c 57 68 85 198 438 10 15 14 37 38 43 54 62 63 65 87
26 c 64 42 85 132 372 10 9 7 30 36 37 42 49 55 60 67 70 77 78 79 82 83
27 c 41 37 85 65 305 10 16 17 31 40 48 49 50 55 59 70 71 79 81 89 97 98
28 c 37 47 85 108 348 10 6 4 32 35 38 43 50 55 60 66 67 68 78 93 94 96 100
29 c 20 50 85 251 491 10 5 4 30 33 55 60 70 75 85 94
30 c 19 21 85 125 365 10 10 1 31 36 37 45 50 66 67 72 76 80 90 92
31 c 35 17 85 93 333 10 7 1 42 43 55 56 79 84 97
32 c 25 24 85 42 282 10 20 10 33 34 35 42 43 47 50 52 67 70 74 76 77 82 91 100
33 c 55 5 85 146 386 10 29 39 34 37 41 45 48 55 68 70 94
34 c 15 30 85 20 260 10 26 30 35 42 44 49 59 67 69 70 75 77 88 92 93 100
35 c 45 20 85 153 393 10 11 2 45 62 63 66 70 77 91 95 100
36 c 26 52 85 214 454 10 9 5 56 57 61 68 70 79 82 87 100
37 c 15 60 85 204 444 10 17 9 39 41 42 45 46 52 53 59 66 68 81 84 85 89
38 c 22 22 85 18 258 10 2 2 40 42 51 57 59 64 70 71 76 78 84 86
39 c 35 40 85 60 300 10 16 20 46 52 54 57 62 66 68 74 77 82 93 97
40 c 15 10 85 32 272 10 20 19 42 66 79 85 91 92 95 96 99
41 c 20 65 85 146 386 10 12 5 54 63 65 67 70 81 83 89
42 c 10 20 85 203 443 10 19 16 56 57 62 64 70 74 86 91 92 96 98
43 c 50 35 85 167 407 10 19 12 63 69 85 87 97
44 c 30 5 85 118 358 10 8 4 46 49 50 60 61 64 70 75 76 77 80 81 89 94 98 99
45 c 20 26 85 263 503 10 9 1 47 63 81 87 88 91 93 96
46 c 40 25 85 279 519 10 9 5 50 51 57 70 78 83 89 92 94
47 c 49 58 85 281 521 10 10 20 49 56 61 62 64 65 70 76 77 78 79 82 85 99
48 c 20 40 85 286 526 10 12 6 56 62 69 76 77 84 87 88 90
49 c 16 22 85 299 539 10 41 50 50 55 64 68 80 84 87
50 c 57 48 85 307 547 10 23 32 57 61 63 65 74 76 77 83 94 95 99
51 c 4 18 85 307 547 10 35 25 55 86 93
52 c 55 54 85 314 554 10 26 30 54 55 59 60 63 66 67 79 80 84 86 88 89
53 c 28 18 85 314 554 10 26 16 54 56 60 76 77 87 98
54 c 31 67 85 320 560 10 3 10 55 62 63 67 70 71 83 85 86 90 93 98
55 c 61 52 85 322 562 10 3 1 68 74 75 77 89 95 97
56 c 10 43 85 323 563 10 9 14 63 66 68 81 91 97
57 c 55 60 85 329 569 10 16 11 58 76 99
58 c 37 31 85 332 572 10 14 21 61 70 92 94 95
59 c 45 10 85 332 572 10 18 8 66 78 87 99
60 c 42 7 85 334 574 10 5 2 67 70 76 81 90 94 98
61 c 25 30 85 345 585 10 3 1 68 73 77 85 92
62 c 26 27 248 350 590 10 27 19 63 87 96
63 c 11 31 248 354 594 10 7 1 72 74 78 79 81 84 91 93 94 95 97
64 c 32 12 248 356 596 10 7 1 66 72 78 79 84 85 93 94 99
65 c 6 68 248 401 641 10 30 30 66 100
66 c 55 45 248 436 676 10 13 21 70 73 80
67 c 2 48 248 452 692 10 1 1 77 84 100
68 c 65 55 248 452 692 10 14 20 74 84 87 96
69 c 47 47 248 475 715 10 13 20 76 84 91 93 97 99
70 c 30 60 248 485 725 10 16 14 75 76 79 82 89 90 96 99
71 c 45 65 248 504 744 10 9 5 77 89 97
72 c 45 30 248 508 748 10 17 19 77 84 87 88 92 93 94 95 100
73 c 53 12 339 519 759 10 6 1 79 81 89 90 93
74 c 25 21 339 523 763 10 12 19 77 79 86 87 91 96
75 c 49 73 339 523 763 10 25 23 77 79 85 92
76 c 22 27 339 529 769 10 11 12 89 98
77 c 20 20 339 530 770 10 8 6
78 c 23 3 339 543 783 10 7 14 84 90 92 96
79 c 63 23 339 560 800 10 2 4 82 86 91 98
80 c 57 29 339 568 808 10 18 20 82 84 86 90 91 93
81 c 56 39 339 575 815 10 36 42 90 95 96
82 c 35 69 339 599 839 10 23 29 85 87 92 94 96 100
83 c 55 20 398 620 860 10 19 26
84 c 46 13 398 622 862 10 8 12 85 86 88 92 93
85 c 63 65 398 630 870 10 8 6 87 92 94 96
86 c 30 25 398 639 879 10 23 15 87 100
87 c 65 35 398 656 896 10 3 1 90
88 c 41 49 398 658 898 10 10 15 91 94 97 100
89 c 17 34 423 672 912 10 3 11 95
90 c 5 30 423 682 922 10 2 4 94
91 c 15 19 423 683 923 10 1 1 99
92 c 65 20 458 716 956 10 6 15 98
93 c 26 35 458 718 958 10 15 11 95 100
94 c 13 52 465 720 960 10 36 42 99
95 c 18 18 465 725 965 10 17 7
96 c 56 37 468 728 968 10 6 12 98 100
97 c 37 56 468 728 968 10 5 1
98 c 18 24 469 729 969 10 22 22
99 c 53 43 470 730 970 10 14 8
100 c 36 26 480 740 980 10 18 15

