StringID Type x y release ReadyTime DueDate ServiceTime weight volume Item_Conflitante1 Item_Conflitante2 Item_Conflitante3 Item_Conflitante4 Item_Conflitante5 Item_Conflitante6 Item_Conflitante7 Item_Conflitante8 Item_Conflitante9 Item_Conflitante10 Item_Conflitante11 Item_Conflitante12 Item_Conflitante13 Item_Conflitante14 Item_Conflitante15 Item_Conflitante16 Item_Conflitante17 Item_Conflitante18 Item_Conflitante19 Item_Conflitante20 Item_Conflitante21 Peso_Total Volume_Total
0 d 40 50 0 0 240 0 0 0                      200 200
1 c 38 5 0 65 95 10 30 31 7 10 14 16 18 30 57 58 60 61 62 78 89 96
2 c 45 30 0 53 83 10 17 14 6 15 19 21 25 40 42 45 46 58 77 79 84 87 92 93 96
3 c 65 20 0 39 69 10 6 15 13 26 38 43 45 48 51 55 61 69 86 87 90 97
4 c 65 35 0 52 82 10 3 4 6 18 36 37 50 53 54 58 65 75 77 79 82 83 88 99
5 c 95 35 0 62 92 10 20 26 15 24 28 31 42 44 48 54 57 59 73 74 77 85
6 c 92 30 0 62 92 10 10 13 12 23 27 33 40 44 45 54 55 58 65 67 69 73 78 79 83 95
7 c 90 35 0 67 97 10 10 7 10 14 20 26 27 32 38 43 55 58 59 67 69 70 82 87 90 92 94
8 c 88 30 0 74 104 10 10 16 14 15 18 19 23 30 31 35 37 38 40 41 51 55 59 62 76 78 80 96 99
9 c 35 40 0 11 41 10 16 8 14 25 27 30 38 41 42 45 47 52 55 56 57 58 69 79 81 83 90 92
10 c 45 65 0 66 96 10 9 1 13 16 42 44 49 54 58 69 70 72 74 78 82 85 95 97 98
11 c 55 20 0 83 113 10 19 19 14 15 50 65 67 87 88 92
12 c 26 35 0 77 107 10 15 5 15 16 19 35 37 38 42 61 64 67 68 76 88 89 95 99
13 c 65 85 0 43 73 10 40 50 14 22 33 35 37 43 49 54 56 67 78 79 88
14 c 2 45 0 45 75 10 10 14 18 27 30 35 40 45 49 67 73 74 80 83 84 87
15 c 62 80 0 75 105 10 30 20 16 26 32 38 45 47 66 68 70 81 85 90 91 96 99
16 c 60 80 0 37 67 10 10 5 22 29 31 38 41 43 44 45 58 61 62 63 64 84 89 98
17 c 60 85 0 85 115 10 30 28 23 34 35 48 57 73 87 89 92 94 95
18 c 20 82 0 37 67 10 10 19 31 33 44 53 60 73 76 83 88 98
19 c 85 25 0 51 81 10 10 6 27 32 37 39 41 52 53 65 80 85 86 95
20 c 55 80 0 33 63 10 10 13 25 35 45 54 58 60 66 70 73 89
21 c 64 42 0 70 100 10 9 8 29 31 37 38 40 42 44 45 52 54 58 72 73 76 80 81 82 84 85 88 92
22 c 42 10 0 72 102 10 40 50 30 33 63 64 66 69 74 83 85 88 89 91 97 99 100
23 c 49 58 0 86 116 10 10 5 25 27 40 43 45 60 62 63 64 67 76 81 84 85 92 94 97 100
24 c 21 24 0 87 117 10 28 19 36 41 43 45 46 48 51 66 69 71 79 87 89 94 96
25 c 6 68 0 89 119 10 30 21 31 32 39 46 57 58 63 79 83 86 90 98
26 c 8 56 0 90 120 10 27 32 28 31 44 61 63 65 66 67 68 79 90 91
27 c 60 12 0 75 105 10 31 33 32 36 38 47 53 60 64 67 69 74 75 77 79 89 93 94 95
28 c 2 60 0 77 107 10 5 12 29 38 43 47 52 55 57 59 66 70 73 87 90 94
29 c 53 43 0 14 44 10 14 7 37 39 48 49 53 69 80 82 85 88 91 96
30 c 31 52 0 41 71 10 27 29 56 61 78 79 82 84 93 100
31 c 55 82 0 64 94 10 10 9 35 39 60 67 78 84
32 c 8 40 0 59 89 10 40 43 37 55 56 59 70 78 80 81 83 88 89 93 94 96
33 c 37 47 0 86 116 10 6 1 35 36 39 43 47 49 53 56 61 64 65 84 90 96
34 c 65 55 0 65 95 10 14 11 44 47 50 52 63 64 67 68 70 73 75 77 78 81 84 95 100
35 c 5 45 0 35 65 10 10 10 45 57 58 64 69 78 81 82 89 91 95
36 c 2 40 0 58 88 10 20 23 37 38 42 47 48 52 54 55 57 69 86 90 98
37 c 0 40 0 72 102 10 20 28 38 39 41 45 61 67 69 70 80 87 89
38 c 24 58 0 67 97 10 19 27 39 52 55 64 88
39 c 44 5 0 87 117 10 20 25 41 44 47 53 55 59 69 76 79 81 87 91 92 96
40 c 12 24 0 90 120 10 13 22 46 55 57 59 70 76 82 83 88 94 95
41 c 10 35 14 91 121 10 20 16 42 54 57 62 76 77 79 82 85 86 99
42 c 15 80 14 91 121 10 10 18 43 54 76 79 98
43 c 20 50 14 91 121 10 5 11 50 55 75 95
44 c 58 75 14 92 122 10 20 12 51 55 69 73 76 80 91
45 c 40 15 14 92 122 10 40 40 53 55 57 61 65 69 71 79 83 85 90 92
46 c 18 75 14 95 125 10 20 30 47 52 53 56 65 70 87 89 91 94 99 100
47 c 57 29 14 96 126 10 18 20 50 54 59 69 70 97 98
48 c 30 25 14 96 126 10 23 33 49 62 67 74 85 95
49 c 42 12 14 104 134 10 10 5 62 63 70 72 83 89 95 99
50 c 18 80 32 113 143 10 10 7 53 59 65 72 80 85 86 92 100
51 c 10 40 32 119 149 10 30 36 53 58 62 80 82 93
52 c 4 18 32 120 150 10 35 40 53 58 65 68 71 83
53 c 42 15 32 122 152 10 10 2 59 66 68 69 78 95 96 100
54 c 55 85 43 128 158 10 20 30 65 81 86 93 96 100
55 c 50 35 43 130 160 10 19 22 59 82 99
56 c 87 30 43 131 161 10 10 12 57 63 64 65 67 70 82
57 c 41 37 43 133 163 10 16 12 61 65 66 67 68 72 78 79 80 82 83 89 93 99 100
58 c 55 60 49 139 169 10 16 14 59 67 78 84 93
59 c 67 85 49 139 169 10 20 10 64 81 84 89
60 c 30 60 51 140 170 10 16 15 69 83 86 93 97
61 c 20 20 51 141 171 10 8 1 62 68 71 73 80 86 95 97
62 c 95 30 51 0 171 10 30 28 64 69 74 76 91 92 97
63 c 20 80 51 141 171 10 40 32 70 75 78 93 94 97 98 100
64 c 5 35 60 142 172 10 10 5 72 73 79 92 94 95 96 99
65 c 5 5 60 0 172 10 16 25 74 87 89
66 c 67 5 60 144 174 10 25 23 71 75 76 84 85 86 97
67 c 40 60 60 144 174 10 21 25 72 78 82 87 100
68 c 38 15 60 148 178 10 10 13 76 84 85 87 95 96
69 c 0 45 60 149 179 10 20 19 90 92 100
70 c 88 35 60 0 179 10 20 13 88 93
71 c 23 3 60 150 180 10 7 6 82 84 88 90 92 93 95
72 c 15 10 62 152 182 10 20 11 80 85
73 c 85 35 62 0 182 10 30 35 80 82 86 91 97
74 c 35 5 64 154 184 10 20 15 80 98 100
75 c 42 5 64 0 184 10 10 8 78 93 97
76 c 15 60 65 155 185 10 17 24 78 80 81 91 93
77 c 40 5 65 0 185 10 10 6 83 84 95 100
78 c 10 20 67 0 187 10 19 13 85 92
79 c 20 85 69 0 189 10 20 11 93 100
80 c 65 82 74 0 189 10 10 12
81 c 22 85 74 0 190 10 10 17 83 86 87 92 98 100
82 c 25 85 74 0 191 10 20 10 88 95 100
83 c 63 23 74 0 194 10 2 10 87 88 91 97 99
84 c 72 35 74 0 194 10 30 36 86 92 93
85 c 15 75 74 0 194 10 20 19 93 94
86 c 8 45 77 0 197 10 20 10 92 100
87 c 22 75 79 0 199 10 30 32 89 90 99 100
88 c 63 65 82 0 202 10 8 8
89 c 25 30 85 0 205 10 3 1 92
90 c 61 52 90 178 208 10 3 1 96
91 c 56 37 90 0 209 10 6 1
92 c 35 69 90 180 210 10 23 32 93 96 98
93 c 37 31 90 0 210 10 14 10
94 c 31 67 90 180 210 10 3 1 97 98
95 c 57 48 92 0 212 10 23 18 97
96 c 55 54 94 0 214 10 26 34 99
97 c 27 43 95 0 215 10 9 19 98
98 c 26 52 95 0 215 10 9 11 99
99 c 49 42 97 0 217 10 13 19 100
100 c 47 47 102 192 222 10 13 21

