StringID Type x y release ReadyTime DueDate ServiceTime weight volume Item_Conflitante1 Item_Conflitante2 Item_Conflitante3 Item_Conflitante4 Item_Conflitante5 Item_Conflitante6 Item_Conflitante7 Item_Conflitante8 Item_Conflitante9 Item_Conflitante10 Item_Conflitante11 Item_Conflitante12 Item_Conflitante13 Item_Conflitante14 Item_Conflitante15 Item_Conflitante16 Item_Conflitante17 Item_Conflitante18 Item_Conflitante19 Item_Conflitante20 Item_Conflitante21 Item_Conflitante22 Item_Conflitante23 Item_Conflitante24 Peso_Total Volume_Total
0 d 35 35 0 0 1000 0 0 0                         1000 1000
1 c 5 5 94 234 474 10 16 11 2 4 16 47 52 60 68 70 72 87 89 94 98 100
2 c 67 5 94 228 468 10 25 32 7 9 12 20 28 31 33 37 41 51 52 58 60 65 66 68 71 76 78 80 81 85 86 99
3 c 37 47 94 108 348 10 6 12 13 14 17 23 30 33 44 51 52 56 58 60 62 67 72 83 91 93 97
4 c 24 58 94 113 353 10 19 25 6 19 25 29 31 42 49 53 56 58 63 64 74 75 83 86 90 92 96
5 c 49 42 94 212 452 10 13 19 10 11 13 14 17 18 25 35 44 49 58 59 72 81 83 85 89 94 98 99
6 c 55 5 94 146 386 10 29 38 8 11 12 20 33 36 42 69 73 80 88 90 91 98
7 c 30 5 94 118 358 10 8 3 9 20 22 29 30 31 50 51 56 59 60 63 66 70 73 74 76 78 83 89 90 91
8 c 20 65 94 146 386 10 12 10 15 20 28 29 37 41 44 46 48 53 54 57 75 77 78 84 87 90
9 c 11 14 94 167 407 10 18 21 21 24 26 27 35 36 47 57 64 68 72 75 82 95 99
10 c 22 22 94 18 258 10 2 7 15 17 34 36 39 43 51 53 54 57 60 63 64 66 80 81 89 91 92 94
11 c 20 26 94 263 503 10 9 8 17 30 33 38 42 45 47 57 60 63 67 73 75 76 77 81 82 91 94 99
12 c 57 48 94 307 547 10 23 24 17 18 40 47 48 66 84 87 93
13 c 28 18 94 314 554 10 26 30 17 21 24 26 33 36 42 43 44 46 48 54 55 63 64 70 73 81 82 83 86 87 98 100
14 c 10 43 94 323 563 10 9 11 25 28 39 53 56 58 59 65 70 77 79 92 97
15 c 55 60 94 329 569 10 16 23 24 32 40 41 45 54 55 57 59 72 78 79 90
16 c 37 31 94 332 572 10 14 16 18 21 32 33 41 58 65 67 74 80 85 87 91 93 95
17 c 11 31 94 354 594 10 7 6 21 25 28 34 35 38 43 44 46 58 59 62 65 67 70 75 86
18 c 63 23 379 560 800 10 2 1 19 36 45 58 61 67 79 83 86 87 89
19 c 55 20 379 620 860 10 19 20 20 39 42 44 46 50 54 68 88 93 100
20 c 46 13 379 622 862 10 8 15 22 24 25 27 29 37 41 44 47 51 62 69 91
21 c 30 25 379 639 879 10 23 30 22 23 28 29 34 48 57 61 64 67 68 77 78 80 86 93
22 c 62 77 440 0 940 10 20 26 25 32 39 41 49 59 60 61 70 75 78 83 87 88 95 96
23 c 15 77 443 0 943 10 9 6 24 25 29 39 40 46 47 52 53 63 72 76 86 95
24 c 6 68 446 0 946 10 30 28 28 30 38 50 51 66 67 69 70 72 81 88 93 95
25 c 2 60 448 0 948 10 5 1 27 29 36 37 43 53 54 55 59 70 72 76 77 80 85 91 95
26 c 63 65 450 0 948 10 8 1 31 38 49 55 61 65 90 91 94 96 97
27 c 49 73 450 0 949 10 25 23 28 32 35 42 52 56 62 63 75 78 88 95
28 c 57 68 450 0 950 10 15 17 29 36 39 40 42 44 47 54 60 63 68 75 80 86 89 91 95
29 c 65 55 453 0 953 10 14 9 32 42 50 52 54 69 76 86 91 93 95
30 c 2 48 454 0 954 10 1 1 52 69 70 73 75 80 82 84 85 87 90 92 96 98
31 c 4 18 454 0 954 10 35 43 34 37 43 46 49 54 71 74 77 83 87 94
32 c 23 3 455 0 955 10 7 5 45 47 53 55 58 63 66 73 80 90 92 94
33 c 8 56 455 0 955 10 27 32 37 38 42 45 46 51 54 63 77 80 86 88 89 92
34 c 27 69 455 0 955 10 10 1 39 42 47 53 58 59 64 65 69 79 81 83 91 92 93
35 c 60 12 456 0 956 10 31 26 37 38 40 42 52 53 55 57 63 71 83 86 89
36 c 65 20 456 716 956 10 6 11 38 39 44 48 50 51 52 60 66 82 90 100
37 c 35 69 456 0 956 10 23 16 46 55 56 58 59 63 64 65 68 79 82 84 94
38 c 15 60 457 0 957 10 17 14 42 48 57 58 63 67 70 71 79 80 81 86 87 90 94
39 c 15 10 457 0 957 10 20 14 43 60 67 69 75 86 89 91 92 96 97 100
40 c 31 67 457 0 957 10 3 1 43 45 54 57 61 69 77 85 92 96
41 c 45 65 458 0 958 10 9 11 43 51 53 58 63 64 75 82 84 88
42 c 61 52 458 0 958 10 3 1 43 46 47 53 62 64 70 78 82 84 86 91 92 94 95 99
43 c 5 30 459 0 959 10 2 1 44 50 52 63 65 66 69 76 77 78 90
44 c 53 12 460 0 960 10 6 1 48 52 55 58 67 72 74 81 94 95
45 c 64 42 460 0 960 10 9 2 54 57 61 65 69 76 77 89
46 c 65 35 460 0 960 10 3 7 51 52 59 61 68 69 70 74 77 80 81 85 87 97
47 c 10 20 460 0 960 10 19 26 51 52 55 62 63 74 78 82 86 90 100
48 c 6 38 460 0 960 10 16 26 49 50 79 80 82 85 86 87 90 92 94
49 c 42 7 461 0 961 10 5 9 64 67 75 79 82 85 95 100
50 c 13 52 462 0 962 10 36 26 53 61 67 68 69 73 74 76 83 90 97 100
51 c 49 11 462 0 962 10 18 9 58 63 69 74 76 80 82 83 87
52 c 55 54 463 0 962 10 26 24 55 56 68 69 74 76 85 89 92 100
53 c 49 58 463 0 963 10 10 1 57 58 62 69 71 92 93 95 96
54 c 45 10 463 0 963 10 18 24 62 63 68 75 76 77 88 92 99 100
55 c 24 12 464 0 964 10 5 10 59 64 81 86 89 96
56 c 40 60 464 0 964 10 21 31 57 60 64 67 75 78 80 81 82 92 99
57 c 30 60 464 0 964 10 16 12 67 71 84 86 91 94
58 c 15 19 464 0 964 10 1 2 61 66 80 81 86 89 90 100
59 c 12 24 464 0 964 10 13 22 60 63 68 70 73 78 82 88
60 c 18 18 465 725 965 10 17 21 61 70 82 91 95
61 c 53 52 465 0 965 10 11 4 63 65 84 87
62 c 32 12 466 0 966 10 7 7 65 74 75 91 96
63 c 16 22 466 0 966 10 41 41 64 72 81 94 98
64 c 15 47 466 0 966 10 16 18 73 88 92
65 c 47 16 467 0 967 10 25 35 66 81 92 95
66 c 57 29 467 0 967 10 18 20 89 90 94 99
67 c 55 45 467 0 967 10 13 12 69 72 77 82 92
68 c 20 50 468 0 968 10 5 1 69 84 86 92
69 c 37 56 468 0 968 10 5 2 75 86 96
70 c 56 37 468 0 968 10 6 10 73 74 75 76 77 78 90 99
71 c 20 20 468 0 968 10 8 15 75 77 80 81 84 90
72 c 19 21 468 0 968 10 10 11 83 88 89
73 c 56 39 468 0 968 10 36 39 79 80 82 85 86 94 95 96 100
74 c 14 37 468 0 968 10 11 14 77 79 90 99
75 c 44 17 469 0 969 10 9 12 78 81 82 92 93 97
76 c 18 24 469 0 969 10 22 30 80 81 86
77 c 15 30 469 0 969 10 26 24 92 99 100
78 c 26 52 470 0 970 10 9 4 79 85 97
79 c 53 43 470 730 970 10 14 8 92 94 95 98
80 c 45 20 471 0 971 10 11 2 81 85 87
81 c 17 34 471 0 971 10 3 3 82 85 98
82 c 35 17 472 0 972 10 7 8 89 92 94
83 c 25 21 472 0 972 10 12 14 89 90 93
84 c 21 24 472 0 972 10 28 20 93 97 98
85 c 31 52 472 0 972 10 27 37 88 92 94
86 c 47 47 473 0 973 10 13 21 90 99
87 c 20 40 474 0 974 10 12 12 90 94
88 c 41 49 474 0 974 10 10 18 95 98
89 c 22 27 474 0 974 10 11 6
90 c 25 24 475 0 975 10 20 14 92 94
91 c 50 35 475 0 975 10 19 29 95
92 c 26 27 477 0 977 10 27 20 93 94 100
93 c 25 30 478 0 978 10 3 10
94 c 45 30 478 0 978 10 17 13
95 c 40 25 478 0 978 10 9 14
96 c 27 43 478 0 978 10 9 6
97 c 36 26 480 740 980 10 18 19 98 100
98 c 26 35 481 0 981 10 15 24
99 c 41 37 483 0 983 10 16 22 100
100 c 35 40 485 0 985 10 16 26

