StringID Type x y release ReadyTime DueDate ServiceTime weight volume Item_Conflitante1 Item_Conflitante2 Item_Conflitante3 Item_Conflitante4 Item_Conflitante5 Item_Conflitante6 Item_Conflitante7 Item_Conflitante8 Item_Conflitante9 Item_Conflitante10 Item_Conflitante11 Item_Conflitante12 Item_Conflitante13 Item_Conflitante14 Item_Conflitante15 Item_Conflitante16 Item_Conflitante17 Item_Conflitante18 Item_Conflitante19 Item_Conflitante20 Item_Conflitante21 Item_Conflitante22 Peso_Total Volume_Total
0 d 35 35 0 0 1000 0 0 0                       1000 1000
1 c 55 5 0 206 325 10 29 37 2 3 4 6 7 8 9 10 11 13 14 15 16 17 18 19 20 21 22 23 24 25
2 c 30 5 0 175 300 10 8 3 3 4 5 6 7 8 9 10 12 13 14 15 16 17 18 19 20 21 22 23 24
3 c 20 65 0 206 325 10 12 20 4 5 6 7 8 10 11 12 13 14 15 16 17 18 19 20 21 22 23 24
4 c 55 60 0 400 497 10 16 7 5 6 7 8 9 10 11 12 13 14 15 16 17 18 19 20 21 23 24 25
5 c 10 43 0 404 481 10 9 11 6 7 8 10 11 12 13 14 15 16 17 18 19 20 21 22 23 24 25
6 c 55 20 327 678 801 10 19 13 7 8 9 10 11 12 13 14 15 17 18 19 20 21 22 23 24 25
7 c 30 25 327 690 827 10 23 32 8 9 10 11 12 13 14 15 16 18 19 20 21 22 23 24
8 c 65 20 456 817 956 10 6 7 9 10 12 13 14 16 17 18 19 20 21 22 23 25
9 c 15 10 457 0 957 10 20 24 12 13 14 15 16 17 18 19 20 21 22 23 24
10 c 15 60 457 0 957 10 17 21 11 12 13 14 15 16 18 19 20 21 22 23 24 25
11 c 45 65 458 0 958 10 9 10 12 13 14 15 16 17 18 19 20 21 22 23 24 25
12 c 5 30 460 0 959 10 2 1 13 14 15 16 17 18 19 20 21 22 23 24 25
13 c 65 35 460 0 960 10 3 1 14 15 16 17 18 19 20 21 23 24 25
14 c 10 20 460 0 960 10 19 12 15 16 17 18 19 21 22 23 24 25
15 c 45 10 463 0 963 10 18 26 17 18 19 20 21 22 23 25
16 c 30 60 464 0 964 10 16 12 17 18 20 21 22 23 24 25
17 c 55 45 467 0 967 10 13 23 18 19 20 21 22 23 24 25
18 c 20 50 468 0 968 10 5 8 19 20 21 23 24 25
19 c 15 30 469 0 969 10 26 21 20 21 22 23 24 25
20 c 45 20 471 0 971 10 11 21 21 22 23 25
21 c 35 17 472 0 972 10 7 13 22 23 24 25
22 c 20 40 474 0 974 10 12 3 23 24 25
23 c 41 49 474 0 974 10 10 10 24 25
24 c 50 35 475 0 975 10 19 22 25
25 c 25 30 478 0 978 10 3 2

