StringID Type x y release ReadyTime DueDate ServiceTime weight volume Item_Conflitante1 Item_Conflitante2 Item_Conflitante3 Item_Conflitante4 Item_Conflitante5 Item_Conflitante6 Item_Conflitante7 Item_Conflitante8 Item_Conflitante9 Item_Conflitante10 Item_Conflitante11 Item_Conflitante12 Item_Conflitante13 Item_Conflitante14 Item_Conflitante15 Item_Conflitante16 Item_Conflitante17 Item_Conflitante18 Item_Conflitante19 Item_Conflitante20 Item_Conflitante21 Item_Conflitante22 Peso_Total Volume_Total
0 d 40 50 0 0 3390 0 0 0                       700 700
1 c 52 75 0 231 551 90 10 19 2 3 4 5 6 8 10 12 13 14 15 16 17 18 19 20 21 22 23 24 25
2 c 45 70 0 133 453 90 30 23 3 4 5 6 7 9 10 11 12 13 14 15 16 17 18 19 20 21 22 23 24 25
3 c 62 69 0 1087 1407 90 10 7 4 5 6 7 8 9 10 11 12 13 14 15 16 17 18 19 20 21 22 23 24 25
4 c 60 66 0 1181 1501 90 10 17 5 6 8 9 10 11 12 13 14 15 16 17 18 19 20 21 22 23 24 25
5 c 42 65 0 15 335 90 10 20 6 7 8 9 10 11 13 14 15 16 17 18 19 20 21 23 24 25
6 c 16 42 0 417 737 90 20 29 7 10 11 12 13 14 15 16 17 18 19 20 21 22 23 24
7 c 58 70 0 993 1313 90 20 21 8 9 10 11 12 13 14 15 17 18 19 20 21 22 23 24 25
8 c 28 52 0 12 332 90 20 27 9 11 12 14 15 16 17 18 19 20 21 22 23 24 25
9 c 30 50 0 10 330 90 10 5 10 11 12 13 15 16 17 18 19 20 23 24 25
10 c 25 50 0 36 356 90 10 11 11 12 13 14 15 16 17 18 19 20 21 22 23 24 25
11 c 14 66 856 1563 1883 90 10 1 12 13 14 15 16 17 18 19 20 21 22 23 24 25
12 c 15 75 856 1662 1982 90 20 21 14 15 16 17 18 19 20 21 22 23 24 25
13 c 15 80 856 1757 2077 90 10 18 14 15 16 17 18 19 20 21 22 23 24 25
14 c 20 85 856 1854 2174 90 40 40 15 16 17 18 19 20 21 22 23 24 25
15 c 22 85 856 1946 2266 90 10 16 16 17 18 19 21 22 23 24 25
16 c 25 85 856 2039 2359 90 20 30 18 19 20 21 22 23 24
17 c 20 80 856 2136 2456 90 40 35 18 19 20 21 23 24 25
18 c 18 75 856 2231 2551 90 20 17 19 20 21 22 23 24 25
19 c 22 75 1243 2325 2645 90 30 34 20 21 22 23 24 25
20 c 22 66 1243 2424 2744 90 40 41 22 23 24 25
21 c 28 70 1243 2521 2841 90 10 17 22 23 24 25
22 c 35 69 1243 2618 2938 90 10 15 23 24 25
23 c 35 66 1432 2711 3031 90 10 2 25
24 c 34 60 1432 2807 3127 90 20 24 25
25 c 30 56 1528 2903 3223 90 20 18

