StringID Type x y release ReadyTime DueDate ServiceTime weight volume Item_Conflitante1 Item_Conflitante2 Item_Conflitante3 Item_Conflitante4 Item_Conflitante5 Peso_Total Volume_Total
0 d 40 50 0 0 3390 0 0 0      700 700
1 c 5 35 251 636 1276 90 10 4 42 63
2 c 5 45 251 1013 1653 90 10 4 30 32 62 78 84
3 c 2 40 251 731 1371 90 20 26 86
4 c 0 40 251 823 1463 90 30 23
5 c 0 45 251 918 1558 90 20 18 37
6 c 48 20 251 727 1367 90 10 1 7 24 67
7 c 55 80 251 167 807 90 10 14
8 c 44 5 251 1016 1656 90 20 22 25 41 88 93
9 c 42 10 251 920 1560 90 40 50 40
10 c 42 15 251 825 1465 90 10 7 28 45
11 c 50 30 251 161 801 90 10 17 27 46 61 65
12 c 50 35 251 18 658 90 20 22 73 84
13 c 50 40 251 14 654 90 50 40 24 25 51 65
14 c 8 40 251 445 1085 90 40 47 95
15 c 48 30 251 253 893 90 10 7 23 59
16 c 47 35 251 348 988 90 10 13
17 c 47 40 251 12 652 90 10 5 32 66 83
18 c 42 30 251 536 1176 90 10 5 63
19 c 45 35 251 440 1080 90 10 10 36
20 c 53 30 251 68 708 90 10 7 40 58
21 c 53 35 251 19 659 90 50 42 98
22 c 45 65 251 15 655 90 20 27 27 75
23 c 67 85 251 454 1094 90 20 27
24 c 42 58 251 8 648 90 40 35 97
25 c 65 82 251 548 1188 90 10 5 42 67 84 95
26 c 62 80 251 641 1281 90 30 32
27 c 60 85 251 357 997 90 30 38
28 c 58 75 251 738 1378 90 20 10 52
29 c 44 25 251 631 1271 90 10 16 51 80
30 c 10 40 251 353 993 90 30 26 57 85
31 c 55 85 251 262 902 90 20 23 72 75
32 c 20 55 251 63 703 90 10 7 57
33 c 10 35 251 541 1181 90 20 11 34 66 72
34 c 30 50 251 10 650 90 10 16 76 88
35 c 28 52 251 12 652 90 20 16 37 43 71
36 c 16 42 251 257 897 90 20 26 68
37 c 42 65 251 15 655 90 10 19
38 c 60 66 251 1021 1661 90 10 20 69
39 c 62 69 251 927 1567 90 10 17
40 c 45 70 251 20 660 90 30 22 43
41 c 58 70 251 833 1473 90 20 17 47 70 73
42 c 25 50 251 15 655 90 10 12 64 82 86
43 c 52 75 251 71 711 90 10 14 83
44 c 20 50 251 158 798 90 10 3
45 c 23 52 251 17 657 90 10 18 54 61 76 86
46 c 8 45 251 1106 1746 90 20 30 65
47 c 40 5 251 1110 1750 90 30 21
48 c 56 64 251 1115 1755 90 10 12 61
49 c 38 5 251 1202 1842 90 30 22 90
50 c 4 55 251 1207 1847 90 20 27 60
51 c 60 60 251 1211 1851 90 10 3 77 79 95 97
52 c 35 5 251 1295 1935 90 20 30 79
53 c 8 62 251 1305 1945 90 10 15 77
54 c 65 60 251 1306 1946 90 30 21
55 c 38 10 931 1390 2030 90 10 16 84
56 c 70 58 931 1401 2041 90 20 17
57 c 14 66 931 1403 2043 90 10 1 77
58 c 38 15 931 1485 2125 90 40 30 78 87
59 c 66 55 931 1496 2136 90 10 9 64 94
60 c 15 75 931 1502 2142 90 20 24
61 c 36 18 931 1579 2219 90 10 8
62 c 72 55 931 1592 2232 90 10 13
63 c 15 80 931 1597 2237 90 10 5 94
64 c 32 20 931 1673 2313 90 10 19
65 c 75 55 931 1685 2325 90 20 14 83
66 c 20 85 931 1694 2334 90 40 47
67 c 34 25 931 1769 2409 90 30 30 75
68 c 22 85 931 1786 2426 90 10 17 98
69 c 86 46 931 1789 2429 90 30 40
70 c 30 30 931 1865 2505 90 10 14 90
71 c 25 85 931 1879 2519 90 20 26 85
72 c 90 35 931 1891 2531 90 10 13 85
73 c 25 30 931 1960 2600 90 10 17
74 c 20 80 931 1976 2616 90 40 35 86 89
75 c 95 35 931 1986 2626 90 20 22 85 94
76 c 26 32 1278 2052 2692 90 10 12 82 92
77 c 18 75 1278 2071 2711 90 20 16
78 c 95 30 1278 2081 2721 90 30 35
79 c 25 35 1278 2145 2785 90 10 8 86 94
80 c 22 75 1278 2165 2805 90 30 31 81 85
81 c 92 30 1278 2174 2814 90 10 4
82 c 30 35 1278 2240 2880 90 10 8 86
83 c 22 66 1278 2264 2904 90 40 48
84 c 85 25 1278 2273 2913 90 10 8
85 c 33 35 1278 2333 2973 90 10 5
86 c 28 70 1463 2361 3001 90 10 19 98
87 c 87 30 1463 2368 3008 90 10 2 98
88 c 33 32 1463 2426 3066 90 20 21
89 c 35 69 1463 2458 3098 90 10 10 95
90 c 85 35 1463 2463 3103 90 30 24
91 c 35 32 1463 2518 3158 90 10 8
92 c 35 66 1507 2551 3191 90 10 8
93 c 78 40 1507 2562 3202 90 20 18 99
94 c 36 40 1584 2616 3256 90 10 11
95 c 72 45 1584 2627 3267 90 10 12
96 c 62 40 1584 2635 3275 90 10 8
97 c 64 46 1584 2635 3275 90 20 28
98 c 60 55 1584 2639 3279 90 10 14
99 c 34 60 1592 2647 3287 90 20 10
100 c 30 56 1593 2648 3288 90 20 14

