StringID Type x y release ReadyTime DueDate ServiceTime weight volume Item_Conflitante1 Item_Conflitante2 Item_Conflitante3 Item_Conflitante4 Peso_Total Volume_Total
0 d 40 50 0 0 960 0 0 0     1000 1000
1 c 60 80 16 64 184 10 10 2 48 94 96
2 c 62 80 16 278 398 10 30 21
3 c 55 80 16 33 153 10 10 4 66
4 c 65 85 16 43 163 10 40 34
5 c 55 82 16 217 337 10 10 12
6 c 85 25 16 80 200 10 10 10 20
7 c 20 82 16 37 157 10 10 10 10 41 51 89
8 c 88 30 16 246 366 10 10 15 30 53 56 86
9 c 26 35 16 308 428 10 15 10 48 56 99
10 c 95 35 16 146 266 10 20 19 55
11 c 6 68 16 352 472 10 30 20 75
12 c 38 5 16 201 321 10 30 28 46 56
13 c 60 85 16 329 449 10 30 20 29 44
14 c 60 12 16 268 388 10 31 38 29
15 c 65 35 16 167 287 10 3 13 47 93 97
16 c 12 24 16 359 479 10 13 22
17 c 2 40 16 174 294 10 20 28 61 75
18 c 24 58 16 260 380 10 19 9
19 c 31 52 16 157 277 10 27 30 22 66
20 c 64 42 16 268 388 10 9 16
21 c 53 43 16 14 134 10 14 18 58 66
22 c 35 40 16 11 131 10 16 6 29 66 69
23 c 45 30 16 191 311 10 17 26 42
24 c 8 40 16 195 315 10 40 46
25 c 8 56 16 365 485 10 27 29 31 70 98
26 c 15 80 16 367 487 10 10 3 98
27 c 10 35 16 371 491 10 20 13 65 67 82
28 c 20 50 16 375 495 10 5 13 63
29 c 40 15 16 375 495 10 40 48
30 c 58 75 16 376 496 10 20 10
31 c 18 75 197 388 508 10 20 22 56 60
32 c 57 29 197 395 515 10 18 10 39 99
33 c 42 12 197 440 560 10 10 15 70
34 c 10 40 197 519 639 10 30 26
35 c 50 35 197 557 677 10 19 20 79 96 100
36 c 41 37 297 566 686 10 16 24 76
37 c 30 60 297 599 719 10 16 7 49
38 c 40 60 297 612 732 10 21 24
39 c 20 80 297 644 764 10 40 45 52 53 61
40 c 20 20 297 645 765 10 8 15 67
41 c 5 35 297 653 773 10 10 10 82
42 c 67 85 297 657 777 10 20 16
43 c 0 45 343 703 823 10 20 10 45 99
44 c 23 3 404 764 884 10 7 1 56
45 c 95 30 411 0 891 10 30 35 51 79 99
46 c 5 5 412 0 892 10 16 21 55 80
47 c 92 30 414 0 894 10 10 8
48 c 90 35 417 0 897 10 10 13 55 72 92
49 c 67 5 417 0 897 10 25 35
50 c 87 30 418 0 898 10 10 16 54
51 c 88 35 419 0 899 10 20 13
52 c 4 18 424 0 901 10 35 38
53 c 85 35 424 0 902 10 30 34
54 c 15 10 424 782 902 10 20 27 95
55 c 44 5 424 0 904 10 20 26
56 c 35 5 424 784 904 10 20 19
57 c 42 5 424 0 904 10 10 2 58
58 c 40 5 425 0 905 10 10 1 89
59 c 10 20 427 0 907 10 19 22 91
60 c 0 40 428 0 908 10 20 14
61 c 65 82 429 0 909 10 10 11
62 c 20 85 429 0 909 10 20 16
63 c 42 10 429 0 909 10 40 32
64 c 22 85 430 0 910 10 10 14
65 c 2 60 430 0 910 10 5 6 86 96
66 c 65 20 430 0 910 10 6 1
67 c 2 45 431 0 911 10 10 18 83
68 c 25 85 432 0 911 10 20 29
69 c 55 85 432 0 911 10 20 20 82
70 c 18 80 432 0 912 10 10 3
71 c 63 23 434 0 914 10 2 1
72 c 72 35 434 0 914 10 30 39 75
73 c 15 75 434 0 914 10 20 20
74 c 5 45 434 0 914 10 10 5 82
75 c 42 15 434 0 914 10 10 5
76 c 38 15 434 0 914 10 10 10 96
77 c 55 20 436 0 916 10 19 11 78
78 c 21 24 437 0 917 10 28 24
79 c 8 45 437 0 917 10 20 19
80 c 22 75 443 0 919 10 30 37 96
81 c 63 65 443 0 922 10 8 16
82 c 15 60 443 0 923 10 17 9
83 c 30 25 443 0 923 10 23 28 86
84 c 65 55 444 0 924 10 14 22 87
85 c 25 30 445 0 925 10 3 7
86 c 61 52 448 808 928 10 3 9
87 c 56 37 449 0 929 10 6 10
88 c 35 69 450 810 930 10 23 25
89 c 37 31 450 0 930 10 14 15
90 c 31 67 451 810 930 10 3 9 93
91 c 55 60 451 0 931 10 16 26
92 c 57 48 452 0 932 10 23 29
93 c 45 65 454 0 934 10 9 14
94 c 55 54 454 0 934 10 26 21
95 c 27 43 455 0 935 10 9 3
96 c 26 52 455 0 935 10 9 1
97 c 49 58 457 0 937 10 10 5
98 c 49 42 457 0 937 10 13 12
99 c 47 47 462 822 942 10 13 8
100 c 37 47 465 0 945 10 6 16

