StringID Type x y release ReadyTime DueDate ServiceTime weight volume Item_Conflitante1 Item_Conflitante2 Item_Conflitante3 Item_Conflitante4 Item_Conflitante5 Peso_Total Volume_Total
0 d 40 50 0 0 240 0 0 0      200 200
1 c 38 5 0 65 95 10 30 33
2 c 6 68 0 89 119 10 30 31 44 64 74
3 c 62 80 0 75 105 10 30 39 25 79 83 87
4 c 55 82 0 64 94 10 10 15 5 30 63 75
5 c 2 40 0 58 88 10 20 16 79 97
6 c 60 12 0 75 105 10 31 34 57 97
7 c 8 40 0 59 89 10 40 42 54 77
8 c 12 24 0 90 120 10 13 12 33 92
9 c 26 35 0 77 107 10 15 8 54
10 c 31 52 0 41 71 10 27 19
11 c 53 43 0 14 44 10 14 9 52 89
12 c 64 42 1 70 100 10 9 9 13 22 43 66
13 c 65 35 1 52 82 10 3 4 51 58
14 c 15 80 1 91 121 10 10 18 79
15 c 20 50 1 91 121 10 5 8 45 50
16 c 10 35 1 91 121 10 20 22 27
17 c 57 29 6 96 126 10 18 11 61
18 c 30 60 50 140 170 10 16 18 100
19 c 20 80 51 141 171 10 40 31 95 98 100
20 c 20 20 51 141 171 10 8 11 27
21 c 95 30 51 0 171 10 30 39 46 70
22 c 5 35 52 142 172 10 10 6 72 87
23 c 5 5 52 0 172 10 16 9 41 50 69 89 99
24 c 95 35 52 0 172 10 20 17 34 44 55 84
25 c 92 30 54 0 174 10 10 15
26 c 90 35 57 0 177 10 10 12 37 76
27 c 67 5 57 0 177 10 25 20 88
28 c 88 30 58 0 178 10 10 4 78
29 c 87 30 58 0 178 10 10 7 41 97
30 c 85 25 58 0 178 10 10 19 46 80
31 c 88 35 59 0 179 10 20 13 46 48 50 65
32 c 23 3 60 150 180 10 7 8 53 74
33 c 4 18 61 0 181 10 35 35 61
34 c 15 10 62 152 182 10 20 26 60 81 92
35 c 85 35 62 0 182 10 30 34 62
36 c 42 5 64 0 184 10 10 5 43
37 c 35 5 64 154 184 10 20 22 67
38 c 44 5 64 0 184 10 20 30 71 74
39 c 40 5 65 0 185 10 10 15 57
40 c 67 85 65 0 185 10 20 28 96
41 c 65 85 66 0 186 10 40 35 45
42 c 10 20 67 0 187 10 19 10
43 c 0 40 68 0 188 10 20 26
44 c 60 85 69 0 189 10 30 26 85
45 c 65 82 69 0 189 10 10 7
46 c 20 85 69 0 189 10 20 14 59
47 c 42 10 69 0 189 10 40 33
48 c 0 45 69 0 189 10 20 18
49 c 65 20 70 0 190 10 6 13 50 63
50 c 22 85 70 0 190 10 10 1
51 c 2 60 70 0 190 10 5 1
52 c 42 12 71 0 191 10 10 11 63 69
53 c 2 45 72 0 191 10 10 9
54 c 25 85 72 0 191 10 20 16
55 c 55 85 72 0 191 10 20 11 67
56 c 18 80 72 0 192 10 10 9
57 c 20 82 72 0 192 10 10 4 86
58 c 60 80 73 0 193 10 10 4 83
59 c 63 23 74 0 194 10 2 1 60
60 c 72 35 74 0 194 10 30 25
61 c 5 45 74 0 194 10 10 18 77
62 c 42 15 74 0 194 10 10 13
63 c 38 15 74 0 194 10 10 8 74 79 81 82
64 c 15 75 76 0 194 10 20 14 89
65 c 40 15 76 0 195 10 40 32
66 c 18 75 76 0 196 10 20 16
67 c 55 80 76 0 196 10 10 5
68 c 55 20 77 0 196 10 19 28
69 c 21 24 77 0 197 10 28 31 70 75 93
70 c 8 45 77 0 197 10 20 16
71 c 8 56 77 0 197 10 27 29 86 95
72 c 10 40 78 0 198 10 30 37
73 c 58 75 79 0 199 10 20 25 74
74 c 22 75 79 0 199 10 30 25 82 83
75 c 63 65 82 0 202 10 8 17 85
76 c 30 25 83 0 203 10 23 15
77 c 15 60 83 0 203 10 17 22 98
78 c 65 55 84 0 204 10 14 11
79 c 25 30 85 0 205 10 3 1
80 c 61 52 89 0 208 10 3 1 81
81 c 56 37 89 0 209 10 6 1
82 c 45 30 89 0 209 10 17 14
83 c 37 31 90 0 210 10 14 10 98
84 c 35 69 90 0 210 10 23 32
85 c 31 67 90 180 210 10 3 12
86 c 55 60 91 0 211 10 16 10 91
87 c 50 35 91 0 211 10 19 26 97
88 c 57 48 92 0 212 10 23 21
89 c 24 58 92 0 212 10 19 11
90 c 55 54 94 0 214 10 26 34
91 c 45 65 94 0 214 10 9 10
92 c 27 43 95 0 215 10 9 1
93 c 26 52 95 0 215 10 9 10
94 c 41 37 96 0 216 10 16 22
95 c 49 58 97 0 217 10 10 8
96 c 49 42 97 0 217 10 13 8
97 c 35 40 98 0 218 10 16 24
98 c 40 60 100 0 220 10 21 26
99 c 47 47 102 0 222 10 13 16
100 c 37 47 105 0 225 10 6 13

