StringID Type x y release ReadyTime DueDate ServiceTime weight volume Item_Conflitante1 Item_Conflitante2 Item_Conflitante3 Item_Conflitante4 Peso_Total Volume_Total
0 d 40 50 0 0 240 0 0 0     200 200
1 c 2 45 1 38 109 10 10 3
2 c 45 65 1 55 106 10 9 8 35
3 c 65 20 1 39 108 10 6 9 20
4 c 65 55 1 52 107 10 14 11
5 c 63 65 1 27 101 10 8 5 28 66 73
6 c 2 60 1 65 118 10 5 11 62 65
7 c 5 5 1 60 117 10 16 24 8 28 47 77
8 c 88 35 1 50 110 10 20 23 31
9 c 90 35 1 52 112 10 10 18 65
10 c 92 30 1 55 120 10 10 8 89
11 c 27 43 1 26 87 10 9 1
12 c 37 31 1 19 87 10 14 4 49 52 84 89
13 c 40 5 1 52 111 10 10 4 71
14 c 42 10 1 58 115 10 40 45 19 41 53
15 c 0 40 1 59 114 10 20 14 58
16 c 25 30 1 36 97 10 3 4 20 70 74
17 c 22 75 1 32 97 10 30 22 82 95
18 c 5 45 1 35 117 10 10 19
19 c 56 37 1 20 84 10 6 3 32 34
20 c 15 75 1 69 118 10 20 27 59 66 67
21 c 8 45 1 49 108 10 20 30 80 97
22 c 26 52 1 30 91 10 9 16 61
23 c 20 85 1 40 113 10 20 14 24 52
24 c 49 58 1 80 121 10 10 4
25 c 44 5 4 79 124 10 20 22 83
26 c 10 20 5 42 125 10 19 13
27 c 55 20 6 69 126 10 19 28 88
28 c 21 24 7 77 126 10 28 28 76
29 c 63 23 7 76 127 10 2 1 37 52
30 c 37 47 7 74 127 10 6 1 61
31 c 57 48 14 86 133 10 23 17 59 77
32 c 31 52 14 9 134 10 27 36 38 71
33 c 45 30 19 20 139 10 17 10 66
34 c 24 58 21 24 139 10 19 13 90
35 c 30 25 21 82 139 10 23 14 88
36 c 35 40 21 11 140 10 16 25
37 c 12 24 21 68 141 10 13 11 47
38 c 64 42 21 28 141 10 9 7
39 c 60 12 32 42 143 10 31 32
40 c 22 85 32 101 146 10 10 1 43
41 c 26 35 32 37 146 10 15 9 95
42 c 62 80 32 37 148 10 30 20 63
43 c 55 82 32 35 148 10 10 2
44 c 60 85 32 50 149 10 30 34
45 c 85 35 32 100 151 10 30 33
46 c 8 40 32 33 152 10 40 42 70
47 c 6 68 33 54 153 10 30 29
48 c 20 50 34 57 154 10 5 1 52
49 c 95 30 38 105 154 10 30 32 59
50 c 15 80 38 56 155 10 10 13
51 c 53 43 38 14 155 10 14 15 62
52 c 4 18 38 112 157 10 35 39
53 c 72 35 38 104 157 10 30 31
54 c 18 80 38 98 157 10 10 9 86
55 c 42 12 38 79 158 10 10 15
56 c 65 35 38 29 158 10 3 1 67 99
57 c 40 15 38 55 158 10 40 38 65
58 c 57 29 39 62 159 10 18 8
59 c 88 30 39 52 159 10 10 9
60 c 10 35 42 51 160 10 20 17
61 c 2 40 42 39 161 10 20 11 74
62 c 42 15 42 111 162 10 10 15
63 c 8 56 43 46 163 10 27 18 82 87
64 c 18 75 55 55 164 10 20 10 66 73 74 82
65 c 38 5 55 45 164 10 30 22 94
66 c 65 82 55 113 164 10 10 19 90 98
67 c 58 75 55 48 165 10 20 24
68 c 55 80 55 33 166 10 10 1
69 c 55 85 55 117 168 10 20 30
70 c 95 35 55 57 172 10 20 17 85
71 c 55 54 55 121 172 10 26 20 83
72 c 87 30 55 116 175 10 10 12 90
73 c 20 82 57 37 177 10 10 19 75
74 c 67 5 57 105 177 10 25 27 84
75 c 10 40 57 90 177 10 30 27 98
76 c 85 25 58 51 178 10 10 18
77 c 55 60 60 127 180 10 16 25
78 c 23 3 60 52 180 10 7 5
79 c 15 10 62 56 182 10 20 15
80 c 35 5 66 54 184 10 20 16 82 93
81 c 42 5 66 120 184 10 10 5 86
82 c 67 85 66 61 185 10 20 12 93
83 c 65 85 66 43 186 10 40 40 99
84 c 0 45 69 60 189 10 20 21
85 c 25 85 71 125 191 10 20 12
86 c 60 80 71 36 191 10 10 3
87 c 5 35 71 62 191 10 10 17 90
88 c 20 80 73 71 193 10 40 37
89 c 20 20 73 72 193 10 8 4 96
90 c 38 15 82 128 194 10 10 10
91 c 50 35 82 88 201 10 19 26
92 c 15 60 82 137 202 10 17 24
93 c 41 37 83 92 203 10 16 20
94 c 61 52 88 69 208 10 3 1
95 c 35 69 90 60 210 10 23 26 100
96 c 31 67 90 66 210 10 3 11
97 c 49 42 92 151 212 10 13 14
98 c 30 60 94 95 214 10 16 11
99 c 40 60 97 100 217 10 21 16
100 c 47 47 102 97 222 10 13 22

