StringID Type x y release ReadyTime DueDate ServiceTime weight volume Item_Conflitante1 Item_Conflitante2 Item_Conflitante3 Item_Conflitante4 Peso_Total Volume_Total
0 d 35 35 0 0 230 0 0 0     200 200
1 c 12 24 6 59 102 10 13 22 9 32
2 c 27 69 6 34 112 10 10 16 29 62 68
3 c 57 68 6 57 106 10 15 14 93 94
4 c 47 16 6 22 110 10 25 33 41 72
5 c 44 17 6 60 105 10 9 5 47 67
6 c 49 11 6 46 101 10 18 17 26 50
7 c 31 52 6 24 85 10 27 21
8 c 64 42 6 37 98 10 9 1 65
9 c 41 37 6 8 79 10 16 16
10 c 55 54 6 87 110 10 26 19 76 85 94
11 c 15 47 6 28 91 10 16 19 41
12 c 14 37 6 21 97 10 11 13 28 98
13 c 45 20 6 37 96 10 11 21 14 85
14 c 15 60 6 53 108 10 17 23
15 c 20 40 6 77 106 10 12 7 57 91
16 c 27 43 6 25 88 10 9 18
17 c 25 24 6 14 83 10 20 24 19 68 91
18 c 28 18 6 84 111 10 26 30 22 84 96
19 c 10 20 6 54 105 10 19 26
20 c 50 35 6 38 97 10 19 23 28
21 c 15 30 6 20 107 10 26 27 91
22 c 20 50 6 66 105 10 5 1
23 c 19 21 6 32 93 10 10 1 34 42
24 c 35 17 6 20 89 10 7 1 45 95
25 c 8 56 6 34 116 10 27 20 62
26 c 16 22 6 74 117 10 41 34 45
27 c 4 18 6 79 118 10 35 42 47 49 55 86
28 c 49 42 6 36 119 10 13 15 29
29 c 49 58 6 66 119 10 10 4 34 99
30 c 26 27 6 88 121 10 27 31 69 88
31 c 40 60 23 28 123 10 21 23 50 62 75
32 c 31 67 23 76 123 10 3 1 61
33 c 21 24 23 17 123 10 28 33
34 c 40 25 23 51 128 10 9 13
35 c 6 68 23 93 132 10 30 36 70
36 c 26 52 23 24 133 10 9 17 46
37 c 32 12 23 78 133 10 7 1 63
38 c 57 48 23 58 135 10 23 31 77
39 c 55 45 23 106 135 10 13 9 42 44
40 c 37 31 23 62 137 10 14 22 93 97
41 c 15 10 23 32 137 10 20 24 44 78
42 c 20 26 23 38 137 10 9 14 69
43 c 10 43 23 61 138 10 9 11 95
44 c 11 14 23 31 138 10 18 17 97
45 c 37 47 29 12 142 10 6 7 99
46 c 11 31 29 68 143 10 7 2 63 77
47 c 65 55 29 100 143 10 14 23 59 79
48 c 45 10 29 59 144 10 18 16 59 71
49 c 5 5 30 42 145 10 16 11 90
50 c 67 5 43 43 150 10 25 15 76 96
51 c 55 60 43 53 150 10 16 23 72 84 97
52 c 2 48 43 93 150 10 1 1
53 c 47 47 43 105 152 10 13 5 56 100
54 c 20 65 43 33 152 10 12 19
55 c 45 65 43 109 152 10 9 6 58 94
56 c 25 21 43 122 153 10 12 16
57 c 25 30 43 54 153 10 3 3
58 c 30 5 43 30 154 10 8 12 95 97
59 c 55 5 43 36 155 10 29 29
60 c 45 30 43 117 156 10 17 10 63
61 c 35 40 43 5 156 10 16 18 71 90
62 c 30 60 43 101 156 10 16 7 99
63 c 23 3 43 115 158 10 7 11 93
64 c 61 52 43 43 158 10 3 1
65 c 42 7 44 44 159 10 5 8
66 c 22 27 45 119 160 10 11 15
67 c 20 20 45 117 160 10 8 8
68 c 24 58 53 25 164 10 19 25
69 c 15 77 53 46 165 10 9 2
70 c 57 29 53 121 168 10 18 13
71 c 62 77 55 49 170 10 20 22 83 92
72 c 24 12 63 25 172 10 5 12
73 c 35 69 63 116 175 10 23 26
74 c 2 60 63 41 178 10 5 14
75 c 63 65 63 50 178 10 8 13 81
76 c 53 52 64 24 179 10 11 17 82
77 c 49 73 64 77 179 10 25 19 92 98
78 c 22 22 66 18 181 10 2 2 84
79 c 65 20 71 47 186 10 6 1 84
80 c 60 12 71 33 186 10 31 32 88
81 c 53 12 73 81 188 10 6 1
82 c 6 38 74 29 189 10 16 25 83
83 c 5 30 74 51 189 10 2 1
84 c 63 23 74 70 189 10 2 1
85 c 65 35 75 118 190 10 3 1
86 c 13 52 77 125 192 10 36 40 93
87 c 15 19 79 130 194 10 1 11
88 c 55 20 80 71 195 10 19 13
89 c 18 18 80 28 195 10 17 10
90 c 46 13 80 73 195 10 8 1 97
91 c 56 37 83 69 198 10 6 9 100
92 c 37 56 83 21 198 10 5 1 96
93 c 56 39 83 82 198 10 36 40
94 c 18 24 85 41 199 10 22 16
95 c 53 43 85 65 200 10 14 15
96 c 17 34 86 130 201 10 3 10
97 c 41 49 86 130 201 10 10 10
98 c 30 25 93 70 208 10 23 21
99 c 36 26 95 79 210 10 18 20
100 c 26 35 96 128 211 10 15 5

