StringID Type x y release ReadyTime DueDate ServiceTime weight volume Item_Conflitante1 Item_Conflitante2 Item_Conflitante3 Item_Conflitante4 Item_Conflitante5 Peso_Total Volume_Total
0 d 40 50 0 0 1236 0 0 0      200 200
1 c 8 40 146 33 393 90 40 41 70
2 c 60 55 146 20 380 90 10 9 9
3 c 5 35 146 134 494 90 10 12 12 50
4 c 53 35 146 203 563 90 50 47 32 50
5 c 35 30 146 113 473 90 10 3 92
6 c 35 32 146 21 381 90 10 6 10 69
7 c 33 32 146 19 379 90 20 19 96
8 c 33 35 146 16 376 90 10 2 92 98
9 c 32 30 146 206 566 90 10 3
10 c 65 55 146 25 385 90 20 17 81
11 c 66 55 146 26 386 90 10 12 19
12 c 72 55 146 122 482 90 10 10 22 29
13 c 10 40 146 31 391 90 30 35 45 48
14 c 44 5 146 137 497 90 20 13
15 c 42 15 146 35 395 90 10 5 45 52 95
16 c 40 5 146 231 591 90 30 21 37 38 99
17 c 40 15 146 35 395 90 40 31 50
18 c 75 55 146 215 575 90 20 29 33 39 46 83 91
19 c 50 35 146 110 470 90 20 10 50 60 63 95
20 c 50 40 146 15 375 90 50 46 52 68
21 c 48 40 146 12 372 90 10 1 65 88
22 c 85 35 146 47 407 90 30 35 99
23 c 47 40 146 12 372 90 10 16 69
24 c 88 35 146 50 410 90 20 29 33 64 95
25 c 95 30 146 242 602 90 30 34 61
26 c 95 35 146 147 507 90 20 20 80
27 c 42 10 146 42 402 90 40 38
28 c 10 35 146 39 399 90 20 13 61 71 90 96
29 c 2 40 146 229 589 90 20 29 87
30 c 20 80 146 227 587 90 40 35 87
31 c 58 75 146 30 390 90 20 13 49
32 c 42 66 146 16 376 90 10 7
33 c 60 80 146 36 396 90 10 12 69 92
34 c 42 65 146 15 375 90 10 7 59
35 c 40 66 146 18 378 90 20 25 57 64 97
36 c 38 68 146 110 470 90 20 24 77
37 c 35 66 146 204 564 90 10 12
38 c 62 80 146 38 398 90 30 25 44
39 c 22 75 146 30 390 90 30 27
40 c 20 50 146 202 562 90 10 7 43 59
41 c 18 75 146 33 393 90 20 19
42 c 15 75 146 37 397 90 20 24
43 c 90 35 146 52 412 90 10 17 87
44 c 30 50 146 10 370 90 10 18 45
45 c 23 52 146 109 469 90 10 12
46 c 25 52 146 17 377 90 40 36 60 87 91
47 c 65 82 146 131 491 90 10 14 72 73
48 c 25 50 146 15 375 90 10 8 92
49 c 15 80 146 132 492 90 10 10 79
50 c 67 85 146 225 585 90 20 25 58
51 c 35 69 146 297 657 90 10 18 61
52 c 20 55 146 297 657 90 10 3
53 c 53 30 146 298 658 90 10 6 72 90
54 c 30 32 146 299 659 90 30 22 66
55 c 70 58 146 311 671 90 20 11 82
56 c 65 85 146 317 677 90 40 30 65
57 c 0 40 146 321 681 90 30 20 67
58 c 20 85 146 322 682 90 40 45
59 c 38 5 146 323 683 90 30 30 60 73 93
60 c 92 30 146 335 695 90 10 12 62 80
61 c 38 70 146 390 750 90 10 18 75 88
62 c 23 55 146 390 750 90 20 19 81 99
63 c 50 30 146 391 751 90 10 6 79 97
64 c 30 30 146 391 751 90 10 12 71 85
65 c 68 60 146 404 764 90 30 25
66 c 60 85 332 412 772 90 30 40 81
67 c 22 85 332 414 774 90 10 4 82
68 c 35 5 332 416 776 90 20 10
69 c 0 45 332 416 776 90 20 10
70 c 88 30 332 429 789 90 10 12 75 88
71 c 40 69 332 482 842 90 20 14 72
72 c 25 55 332 482 842 90 10 17
73 c 28 30 332 483 843 90 10 1
74 c 48 30 332 483 843 90 10 18 97
75 c 65 60 332 497 857 90 30 32 85
76 c 55 85 332 507 867 90 20 18
77 c 25 85 332 507 867 90 20 14 91
78 c 5 45 332 511 871 90 10 2
79 c 38 15 332 516 876 90 10 14 84
80 c 87 30 332 520 880 90 10 20
81 c 42 68 332 575 935 90 10 9
82 c 28 55 332 575 935 90 10 1
83 c 45 30 332 576 936 90 10 1
84 c 25 30 332 576 936 90 10 17
85 c 63 58 332 590 950 90 10 1
86 c 55 80 425 602 962 90 10 16
87 c 8 45 425 604 964 90 20 14
88 c 85 25 425 615 975 90 10 1
89 c 45 70 425 668 1028 90 30 28
90 c 28 52 425 668 1028 90 20 13
91 c 26 32 425 668 1028 90 10 13
92 c 47 35 425 671 1031 90 10 2
93 c 60 60 425 683 1043 90 10 6
94 c 30 52 502 760 1120 90 20 10
95 c 45 68 502 760 1120 90 10 15
96 c 25 35 503 761 1121 90 10 20
97 c 45 35 505 763 1123 90 10 4
98 c 28 35 508 766 1126 90 10 8
99 c 30 35 509 767 1127 90 10 6
100 c 45 65 512 770 1130 90 20 24

