StringID Type x y release ReadyTime DueDate ServiceTime weight volume Item_Conflitante1 Item_Conflitante2 Item_Conflitante3 Peso_Total Volume_Total
0 d 40 50 0 0 240 0 0 0    200 200
1 c 88 30 0 59 119 10 10 8 32
2 c 88 35 0 50 110 10 20 26 7
3 c 85 25 0 51 111 10 10 12 17 80
4 c 65 55 0 50 110 10 14 6 89
5 c 65 85 0 43 103 10 40 46 73 99 100
6 c 37 31 0 20 80 10 14 7 35 95
7 c 62 80 0 60 120 10 30 22 26 64
8 c 60 80 0 36 96 10 10 12 64
9 c 55 80 0 33 93 10 10 15
10 c 27 43 0 27 87 10 9 10 32 49
11 c 55 82 0 49 109 10 10 6 23 34
12 c 90 35 0 52 112 10 10 1 32 47 69
13 c 20 82 0 37 97 10 10 16 60
14 c 25 30 0 37 97 10 3 6 28
15 c 60 12 0 60 120 10 31 28 17 57 86
16 c 5 5 0 59 119 10 16 21
17 c 10 20 0 42 102 10 19 15 68
18 c 45 65 0 51 111 10 9 4
19 c 65 35 0 37 97 10 3 1 30 61
20 c 65 20 0 39 99 10 6 2 78
21 c 45 30 0 38 98 10 17 23 99
22 c 35 40 0 11 71 10 16 16 23 89 94
23 c 63 65 0 27 87 10 8 18
24 c 64 42 0 55 115 10 9 8 90 99
25 c 2 45 0 38 98 10 10 15 66 84
26 c 92 30 0 55 115 10 10 19 48
27 c 31 52 0 26 86 10 27 35 47 83 84
28 c 8 45 0 49 109 10 20 26
29 c 56 37 0 20 80 10 6 3 90
30 c 20 85 0 40 100 10 20 16 75 90 95
31 c 8 40 0 44 104 10 40 39 38 72
32 c 95 35 0 57 117 10 20 13
33 c 26 52 0 31 91 10 9 17 90 95
34 c 53 43 0 14 74 10 14 4 44 72
35 c 5 45 2 35 95 10 10 1 88
36 c 2 40 2 43 103 10 20 29
37 c 0 40 2 57 117 10 20 20 66
38 c 22 75 2 35 95 10 30 22 84 85
39 c 38 5 2 50 110 10 30 36 86
40 c 42 10 2 57 117 10 40 50 85
41 c 24 58 2 52 112 10 19 14 93
42 c 40 5 2 52 112 10 10 14
43 c 2 60 2 62 122 10 5 12 97
44 c 26 35 2 62 122 10 15 7
45 c 15 75 20 64 124 10 20 23
46 c 55 20 20 68 128 10 19 13 52
47 c 60 85 20 70 130 10 30 37 80 90
48 c 37 47 20 71 131 10 6 1 57 97
49 c 49 58 20 71 131 10 10 4
50 c 21 24 20 72 132 10 28 28 85 92
51 c 44 5 20 72 132 10 20 21
52 c 63 23 20 72 132 10 2 6
53 c 6 68 20 74 134 10 30 26 83 87 100
54 c 8 56 20 75 135 10 27 29 61
55 c 12 24 20 75 135 10 13 17
56 c 20 50 20 76 136 10 5 1 98
57 c 10 35 20 76 136 10 20 22 64 86 96
58 c 15 80 20 76 136 10 10 11 64
59 c 40 15 20 77 137 10 40 30 100
60 c 58 75 20 77 137 10 20 19
61 c 57 48 20 80 140 10 23 19
62 c 18 75 20 80 140 10 20 28 65 71
63 c 30 25 29 81 141 10 23 24 69
64 c 57 29 29 81 141 10 18 19
65 c 42 12 29 89 149 10 10 20
66 c 22 85 45 94 154 10 10 1 77 90
67 c 85 35 45 96 156 10 30 23
68 c 18 80 45 98 158 10 10 14 82
69 c 95 30 45 100 160 10 30 32 71 88 95
70 c 72 35 45 101 161 10 30 29
71 c 10 40 45 104 164 10 30 25
72 c 4 18 45 105 165 10 35 34
73 c 42 15 47 107 167 10 10 20
74 c 65 82 49 109 169 10 10 7
75 c 55 85 53 113 173 10 20 20
76 c 50 35 55 115 175 10 19 19
77 c 87 30 56 116 176 10 10 6 87
78 c 67 5 57 117 177 10 25 16 90
79 c 55 54 57 117 177 10 26 17
80 c 41 37 64 118 178 10 16 6
81 c 23 3 64 120 180 10 7 2 84
82 c 15 10 64 122 182 10 20 29
83 c 42 5 64 124 184 10 10 14
84 c 67 85 64 124 184 10 20 20
85 c 35 5 64 124 184 10 20 11 97
86 c 55 60 64 124 184 10 16 14 92 99
87 c 30 60 65 125 185 10 16 24
88 c 20 80 66 126 186 10 40 46
89 c 20 20 66 126 186 10 8 6 90
90 c 5 35 73 127 187 10 10 2 95
91 c 40 60 73 129 189 10 21 31
92 c 0 45 73 129 189 10 20 17
93 c 25 85 73 130 190 10 20 10 100
94 c 38 15 73 133 193 10 10 4
95 c 15 60 80 140 200 10 17 20
96 c 61 52 88 148 208 10 3 4
97 c 35 69 90 150 210 10 23 21
98 c 31 67 90 150 210 10 3 8
99 c 49 42 92 152 212 10 13 4
100 c 47 47 102 162 222 10 13 15

