StringID Type x y release ReadyTime DueDate ServiceTime weight volume Item_Conflitante1 Item_Conflitante2 Item_Conflitante3 Item_Conflitante4 Item_Conflitante5 Peso_Total Volume_Total
0 d 35 35 0 0 230 0 0 0      200 200
1 c 14 37 0 44 54 10 11 5 15 19 47
2 c 2 60 0 41 51 10 5 3 92
3 c 15 47 0 55 65 10 16 13 97
4 c 5 5 0 83 93 10 16 12 92
5 c 60 12 0 44 54 10 31 23 35 66
6 c 40 25 0 85 95 10 9 17 62 65
7 c 42 7 0 97 107 10 5 12 72 79
8 c 24 12 0 31 41 10 5 14 33
9 c 55 54 0 94 104 10 26 22 27 28 75
10 c 11 14 0 69 79 10 18 25 68 89
11 c 6 38 0 32 42 10 16 19 13 78 82 93
12 c 8 56 0 51 61 10 27 24
13 c 57 48 0 92 102 10 23 31 14 81 82
14 c 20 26 0 83 93 10 9 3 26 38 87
15 c 67 5 0 83 93 10 25 32 50 85
16 c 49 58 0 88 98 10 10 14 50 66
17 c 37 31 0 95 105 10 14 16 20 69
18 c 61 52 0 96 106 10 3 1 35 57 95
19 c 49 42 0 73 83 10 13 5 80
20 c 49 11 0 69 79 10 18 28 22 53
21 c 32 12 0 101 111 10 7 1 30
22 c 44 17 0 78 88 10 9 3 51
23 c 21 24 0 18 28 10 28 19
24 c 47 16 0 35 45 10 25 15 92
25 c 12 24 0 76 86 10 13 15 72
26 c 24 58 0 58 68 10 19 21 27 54
27 c 27 69 0 34 44 10 10 13 33 35 87
28 c 15 77 0 73 83 10 9 3 53
29 c 62 77 0 51 61 10 20 28 81
30 c 57 68 0 77 87 10 15 24 48 59 63 66 84
31 c 27 43 0 52 62 10 9 3
32 c 53 52 0 37 47 10 11 18 53 71
33 c 37 47 0 50 60 10 6 13 62 94
34 c 31 52 0 50 60 10 27 19
35 c 19 21 0 58 68 10 10 7 49 73 81
36 c 35 17 0 50 60 10 7 9 47 85 91 96
37 c 25 24 0 39 49 10 20 14 50 52
38 c 15 30 0 34 44 10 26 25
39 c 25 30 0 99 109 10 3 1 81
40 c 20 50 0 81 91 10 5 7 41
41 c 10 43 0 95 105 10 9 10 45
42 c 55 60 0 97 107 10 16 11 70 77
43 c 26 27 0 100 110 10 27 24
44 c 20 65 0 67 77 10 12 11
45 c 50 35 0 63 73 10 19 13
46 c 22 22 0 18 28 10 2 3 55
47 c 15 10 0 32 42 10 20 25 82 88 94
48 c 30 5 0 61 71 10 8 15 77
49 c 11 31 0 101 111 10 7 6 69 72 99
50 c 10 20 0 75 85 10 19 11
51 c 28 18 0 93 103 10 26 32 82 89
52 c 20 40 0 87 97 10 12 11
53 c 15 60 0 76 86 10 17 13
54 c 40 60 0 71 81 10 21 25 62 90
55 c 26 52 0 74 84 10 9 1
56 c 45 20 0 62 72 10 11 10
57 c 45 10 0 97 107 10 18 27 75
58 c 55 5 0 68 78 10 29 37
59 c 31 67 0 95 105 10 3 1
60 c 4 18 0 94 104 10 35 44 84
61 c 16 22 0 91 101 10 41 42 73
62 c 35 40 0 37 47 10 16 20
63 c 41 37 0 39 49 10 16 14 84
64 c 64 42 0 63 73 10 9 18 65
65 c 6 68 3 108 118 10 30 21 78
66 c 55 45 19 116 126 10 13 4
67 c 2 48 19 117 127 10 1 1
68 c 65 55 19 117 127 10 14 9
69 c 47 47 19 124 134 10 13 7
70 c 30 60 19 124 134 10 16 26
71 c 45 65 28 126 136 10 9 2 77
72 c 49 73 28 127 137 10 25 18 92
73 c 53 12 28 130 140 10 6 9 85
74 c 45 30 28 132 142 10 17 27 79 84
75 c 23 3 28 132 142 10 7 15
76 c 25 21 28 133 143 10 12 9
77 c 20 20 38 134 144 10 8 4
78 c 22 27 38 135 145 10 11 17
79 c 63 23 38 136 146 10 2 8
80 c 57 29 38 140 150 10 18 20
81 c 35 69 38 141 151 10 23 16
82 c 56 39 38 142 152 10 36 32
83 c 63 65 38 143 153 10 8 10 90
84 c 55 20 44 149 159 10 19 25 89 90
85 c 46 13 44 149 159 10 8 2 98
86 c 65 35 48 153 163 10 3 11 88
87 c 5 30 55 157 167 10 2 1
88 c 30 25 55 159 169 10 23 13
89 c 15 19 55 160 170 10 1 1
90 c 41 49 56 161 171 10 10 6 93
91 c 17 34 60 162 172 10 3 11
92 c 13 52 60 165 175 10 36 38
93 c 65 20 67 172 182 10 6 11
94 c 26 35 77 176 186 10 15 22
95 c 53 43 77 179 189 10 14 23
96 c 37 56 77 182 192 10 5 2
97 c 56 37 77 182 192 10 6 4
98 c 18 18 80 185 195 10 17 8
99 c 18 24 83 188 198 10 22 32
100 c 36 26 95 200 210 10 18 13

