StringID Type x y release ReadyTime DueDate ServiceTime weight volume Item_Conflitante1 Item_Conflitante2 Item_Conflitante3 Item_Conflitante4 Item_Conflitante5 Peso_Total Volume_Total
0 d 40 50 0 0 960 0 0 0      1000 1000
1 c 40 5 108 158 391 10 10 1 97 100
2 c 37 31 108 19 326 10 14 8 4 46
3 c 92 30 108 68 349 10 10 9 42 59 62 92
4 c 90 35 108 131 376 10 10 16 46 83
5 c 10 20 108 42 466 10 19 13 47 58 99
6 c 88 35 108 102 347 10 20 14
7 c 27 43 108 85 338 10 9 12 8 70
8 c 49 58 108 369 460 10 10 1 37 71
9 c 5 5 108 183 400 10 16 20
10 c 2 60 108 255 436 10 5 11 49 50 70
11 c 63 65 108 27 382 10 8 13
12 c 65 55 108 201 400 10 14 20 60
13 c 2 45 108 38 366 10 10 1 75
14 c 25 30 108 109 360 10 3 5 34
15 c 65 20 108 39 353 10 6 1 61 91
16 c 12 24 108 365 472 10 13 12 57 72
17 c 42 10 108 205 422 10 40 43 67
18 c 45 65 108 230 405 10 9 13 31
19 c 15 75 108 281 438 10 20 13
20 c 0 40 108 214 415 10 20 30 38
21 c 26 52 108 109 354 10 9 16
22 c 22 75 108 73 350 10 30 33
23 c 5 45 108 35 457 10 10 13 40 96
24 c 56 37 108 20 299 10 6 1 26 32 37
25 c 8 45 108 166 399 10 20 18 53 59
26 c 20 85 108 40 390 10 20 29 100
27 c 44 5 108 338 451 10 20 11 84
28 c 21 24 108 332 485 10 28 27 58 64 86
29 c 63 23 108 318 489 10 2 1 30 67 68 83 94
30 c 55 20 108 281 490 10 19 19 31 43
31 c 55 82 108 62 491 10 10 16 89
32 c 60 12 108 162 493 10 31 21 97
33 c 45 30 108 20 497 10 17 11 86
34 c 88 30 108 114 497 10 10 17 73
35 c 8 40 108 33 510 10 40 31 48 75
36 c 37 47 108 324 513 10 6 2 74
37 c 57 48 108 385 518 10 23 23
38 c 38 5 108 45 522 10 30 23 56
39 c 31 52 108 9 532 10 27 22 46 60
40 c 2 40 108 39 538 10 20 19 50 96 100
41 c 24 58 108 100 539 10 19 22 43 58
42 c 64 42 108 112 543 10 9 15 48
43 c 62 80 108 131 544 10 30 24 77
44 c 60 85 108 233 544 10 30 22
45 c 26 35 108 170 565 10 15 21 63 72 78 90
46 c 6 68 108 258 565 10 30 35 62
47 c 30 25 108 347 566 10 23 29 48 61
48 c 35 40 108 11 570 10 16 8 88
49 c 42 12 108 423 576 10 10 13
50 c 15 80 108 272 581 10 10 11 58 88
51 c 20 50 108 284 585 10 5 15 59 64 91
52 c 65 35 108 29 587 10 3 1
53 c 22 85 108 473 588 10 10 14
54 c 57 29 238 304 605 10 18 20 77
55 c 40 15 238 263 606 10 40 49 60 82 97
56 c 55 80 238 33 624 10 10 10
57 c 10 35 238 236 625 10 20 19
58 c 85 35 238 462 631 10 30 35 86 92
59 c 18 75 238 249 646 10 20 27 79
60 c 8 56 238 195 654 10 27 19 63
61 c 72 35 238 471 662 10 30 36 79 96 99
62 c 18 80 238 435 662 10 10 4
63 c 95 35 238 57 664 10 20 10 81
64 c 58 75 238 207 664 10 20 30
65 c 4 18 238 546 667 10 35 27 80
66 c 95 30 238 509 668 10 30 26
67 c 53 43 238 14 669 10 14 23 71 75
68 c 85 25 238 51 673 10 10 19 74 96 100
69 c 20 82 238 37 677 10 10 11
70 c 42 15 238 511 682 10 10 15
71 c 10 40 238 470 687 10 30 36
72 c 65 82 238 530 703 10 10 4 73 99
73 c 55 54 238 538 705 10 26 21 99
74 c 65 85 238 43 712 10 40 34 79
75 c 55 85 238 549 718 10 20 23
76 c 55 60 320 568 753 10 16 7
77 c 87 30 320 564 797 10 10 2
78 c 60 80 320 36 800 10 10 11
79 c 41 37 349 423 828 10 16 26 95
80 c 50 35 349 404 829 10 19 18 95
81 c 25 85 416 591 874 10 20 18 97
82 c 38 15 416 598 883 10 10 11
83 c 15 60 416 613 894 10 17 18
84 c 30 60 416 421 896 10 16 15
85 c 67 5 417 565 897 10 25 28 95
86 c 23 3 420 360 900 10 7 9
87 c 15 10 422 380 902 10 20 25
88 c 40 60 422 441 902 10 21 25
89 c 42 5 424 636 904 10 10 11
90 c 35 5 433 348 904 10 20 20
91 c 67 85 433 396 905 10 20 29
92 c 49 42 433 651 906 10 13 16
93 c 0 45 433 359 909 10 20 14
94 c 5 35 433 359 911 10 10 4
95 c 20 20 433 427 913 10 8 13
96 c 20 80 433 418 913 10 40 38
97 c 61 52 448 298 928 10 3 13
98 c 35 69 450 211 930 10 23 21
99 c 31 67 450 262 930 10 3 6
100 c 47 47 462 426 942 10 13 21

