StringID Type x y release ReadyTime DueDate ServiceTime weight volume Item_Conflitante1 Item_Conflitante2 Item_Conflitante3 Item_Conflitante4 Item_Conflitante5 Peso_Total Volume_Total
0 d 40 50 0 0 960 0 0 0      1000 1000
1 c 35 40 16 11 131 10 16 11 8 40 73
2 c 45 30 16 191 311 10 17 8
3 c 65 20 16 39 159 10 6 14 5
4 c 95 35 16 146 266 10 20 16 5
5 c 92 30 16 149 269 10 10 16 76 92
6 c 90 35 16 194 314 10 10 17 62 97
7 c 88 30 16 246 366 10 10 14 16 63
8 c 65 35 16 167 287 10 3 13 71
9 c 38 5 16 201 321 10 30 29
10 c 45 65 16 258 378 10 9 8
11 c 55 20 16 326 446 10 19 24
12 c 65 85 16 43 163 10 40 34 24 81
13 c 26 35 16 308 428 10 15 5 30
14 c 62 80 16 278 398 10 30 34 90
15 c 60 80 16 64 184 10 10 13
16 c 60 85 16 329 449 10 30 38 40 67
17 c 2 45 16 105 225 10 10 11
18 c 55 80 16 33 153 10 10 13 60 67 92
19 c 85 25 16 80 200 10 10 11 73 80 83
20 c 20 82 16 37 157 10 10 6 41
21 c 55 82 16 217 337 10 10 8 53 77
22 c 31 52 16 157 277 10 27 23
23 c 60 12 16 268 388 10 31 35 39 78
24 c 2 60 16 286 406 10 5 13 43 95
25 c 53 43 16 14 134 10 14 19 56 98
26 c 49 58 16 355 475 10 10 8 68
27 c 64 42 16 268 388 10 9 18
28 c 12 24 16 359 479 10 13 16 81 94
29 c 6 68 16 352 472 10 30 29 52
30 c 8 40 16 195 315 10 40 38 33 65 90 97
31 c 65 55 16 241 361 10 14 18
32 c 5 45 16 35 155 10 10 2
33 c 2 40 16 174 294 10 20 13 44 77
34 c 0 40 16 255 375 10 20 20
35 c 24 58 16 260 380 10 19 23 45
36 c 44 5 16 335 455 10 20 19 73 87
37 c 42 10 16 254 374 10 40 46 65 92
38 c 37 47 16 359 479 10 6 3 67 74
39 c 21 24 16 349 469 10 28 34 51 97
40 c 8 56 16 365 485 10 27 27 57 70
41 c 15 80 16 367 487 10 10 7 45 79
42 c 10 35 16 371 491 10 20 14 99
43 c 20 50 16 375 495 10 5 1 73
44 c 40 15 16 375 495 10 40 38
45 c 58 75 16 376 496 10 20 17
46 c 18 75 206 388 508 10 20 23 68
47 c 57 29 206 395 515 10 18 8
48 c 30 25 206 397 517 10 23 26 96
49 c 42 12 206 440 560 10 10 12
50 c 18 80 206 489 609 10 10 7 64
51 c 10 40 206 519 639 10 30 24 52 59 79 80 81
52 c 42 15 206 537 657 10 10 2 73 93
53 c 4 18 206 547 667 10 35 27 91
54 c 50 35 206 557 677 10 19 14 58 63
55 c 41 37 206 566 686 10 16 20
56 c 55 85 297 574 694 10 20 29
57 c 30 60 297 599 719 10 16 18
58 c 55 60 297 601 721 10 16 13
59 c 40 60 297 612 732 10 21 20
60 c 87 30 297 621 741 10 10 19
61 c 20 80 297 644 764 10 40 42
62 c 20 20 297 645 765 10 8 6 77
63 c 5 35 297 653 773 10 10 1
64 c 67 85 297 657 777 10 20 19
65 c 38 15 353 681 801 10 10 4 78 82
66 c 15 60 353 694 814 10 17 10 91
67 c 0 45 353 703 823 10 20 23 82 96
68 c 67 5 353 713 833 10 25 24
69 c 23 3 419 764 884 10 7 6 74 77
70 c 95 30 419 0 891 10 30 33
71 c 5 5 419 0 892 10 16 23
72 c 88 35 419 0 899 10 20 11
73 c 15 10 422 782 902 10 20 14
74 c 85 35 422 0 902 10 30 23 84
75 c 35 5 424 784 904 10 20 15 85
76 c 42 5 424 0 904 10 10 16 82 99
77 c 40 5 425 0 905 10 10 15 79
78 c 10 20 427 0 907 10 19 22 96 97
79 c 20 85 429 0 909 10 20 13 89
80 c 65 82 434 0 909 10 10 1
81 c 22 85 434 0 910 10 10 11 98
82 c 25 85 434 0 911 10 20 30
83 c 63 23 434 0 914 10 2 2 100
84 c 72 35 434 0 914 10 30 29 96
85 c 15 75 434 0 914 10 20 11
86 c 8 45 437 0 917 10 20 19
87 c 22 75 439 0 919 10 30 34
88 c 63 65 442 0 922 10 8 1 90
89 c 25 30 445 0 925 10 3 4
90 c 61 52 450 808 928 10 3 2
91 c 56 37 450 0 929 10 6 13
92 c 35 69 450 810 930 10 23 33
93 c 37 31 450 0 930 10 14 10
94 c 31 67 450 810 930 10 3 1
95 c 57 48 452 0 932 10 23 21
96 c 55 54 454 0 934 10 26 21
97 c 27 43 455 0 935 10 9 8
98 c 26 52 455 0 935 10 9 15
99 c 49 42 457 0 937 10 13 13
100 c 47 47 462 822 942 10 13 20

