StringID Type x y release ReadyTime DueDate ServiceTime weight volume Item_Conflitante1 Item_Conflitante2 Item_Conflitante3 Item_Conflitante4 Item_Conflitante5 Peso_Total Volume_Total
0 d 35 35 0 0 1000 0 0 0      1000 1000
1 c 35 40 54 44 315 10 16 24 31 56 58 63 91
2 c 40 60 54 199 414 10 21 26 20 30 80
3 c 53 52 54 24 299 10 11 10 25 90 97
4 c 2 60 54 41 328 10 5 13 36
5 c 26 52 54 219 448 10 9 18 42 48 51 61
6 c 5 5 54 298 409 10 16 14 37
7 c 60 12 54 33 344 10 31 22 23 36
8 c 57 48 54 377 476 10 23 25 44
9 c 24 12 54 25 292 10 5 12 21
10 c 22 22 54 18 159 10 2 10 39 81 84 85
11 c 11 14 54 230 343 10 18 21 51 89
12 c 28 18 54 397 470 10 26 20 63
13 c 20 26 54 328 437 10 9 9 46
14 c 37 31 54 403 500 10 14 9 20 21 25
15 c 24 58 54 168 297 10 19 23 22
16 c 15 77 54 154 393 10 9 11 84
17 c 62 77 54 49 308 10 20 28
18 c 67 5 54 291 404 10 25 32 47 49
19 c 37 47 54 165 290 10 6 1 22
20 c 49 42 54 281 382 10 13 19 30
21 c 6 38 54 29 309 10 16 26 90
22 c 55 5 54 206 325 10 29 21 27
23 c 40 25 54 300 497 10 9 18 31 57 58 62
24 c 10 43 54 393 492 10 9 17 58 99
25 c 20 65 54 206 325 10 12 21 30
26 c 30 5 54 176 299 10 8 10
27 c 55 60 54 394 503 10 16 14 92
28 c 64 42 54 29 513 10 9 11 75
29 c 11 31 54 425 522 10 7 12
30 c 41 37 54 6 526 10 16 7 83
31 c 57 68 54 98 537 10 15 25 46
32 c 12 24 54 126 541 10 13 12
33 c 10 20 54 102 543 10 19 14 75 98
34 c 15 60 54 95 552 10 17 27 79 96
35 c 45 10 54 349 554 10 18 16
36 c 61 52 227 324 559 10 3 5 43 53
37 c 44 17 227 143 564 10 9 7 48 53
38 c 42 7 227 336 571 10 5 1
39 c 25 30 227 355 574 10 3 1
40 c 20 40 227 229 582 10 12 2 47 68
41 c 27 69 227 34 588 10 10 3
42 c 55 54 227 268 599 10 26 19
43 c 6 68 227 441 600 10 30 34
44 c 8 56 227 34 602 10 27 21 75
45 c 4 18 227 230 623 10 35 39 50
46 c 49 58 227 176 625 10 10 7 53 62 92
47 c 31 67 227 225 654 10 3 1
48 c 20 50 227 72 669 10 5 1
49 c 30 60 227 517 692 10 16 13 96
50 c 15 10 227 32 694 10 20 12
51 c 32 12 227 246 705 10 7 1 71
52 c 49 11 227 27 711 10 18 11
53 c 50 35 227 15 725 10 19 10 99
54 c 45 20 227 18 727 10 11 19 70
55 c 16 22 227 110 727 10 41 34 69 92
56 c 63 23 329 620 739 10 2 1
57 c 31 52 329 17 744 10 27 25 61
58 c 19 21 329 21 748 10 10 13 66
59 c 27 43 329 11 748 10 9 3 90
60 c 26 27 329 190 749 10 27 28
61 c 53 12 329 525 752 10 6 1
62 c 49 73 329 532 753 10 25 16 74
63 c 15 47 329 23 761 10 16 18
64 c 35 17 329 18 792 10 7 16
65 c 25 24 329 14 793 10 20 29
66 c 55 20 329 679 800 10 19 16
67 c 46 13 329 681 802 10 8 3 70 82
68 c 2 48 329 338 805 10 1 8
69 c 56 39 329 577 812 10 36 44
70 c 55 45 329 289 822 10 13 18 82
71 c 30 25 329 694 823 10 23 18
72 c 25 21 329 462 823 10 12 13
73 c 45 65 329 418 829 10 9 18
74 c 14 37 378 21 842 10 11 13
75 c 23 3 378 458 867 10 7 13 100
76 c 63 65 378 626 873 10 8 16 82
77 c 65 55 378 265 878 10 14 9 93 96
78 c 57 29 417 475 900 10 18 18
79 c 15 30 417 20 906 10 26 32
80 c 47 16 417 22 915 10 25 17
81 c 47 47 417 272 917 10 13 23 93
82 c 45 30 430 328 927 10 17 8
83 c 5 30 430 673 930 10 2 1 88 89
84 c 53 43 448 821 948 10 14 22
85 c 22 27 453 344 953 10 11 10
86 c 35 69 455 482 955 10 23 16
87 c 65 20 456 826 956 10 6 10
88 c 65 35 460 435 960 10 3 1
89 c 20 20 460 339 960 10 8 1 93
90 c 13 52 462 200 962 10 36 27
91 c 15 19 464 222 964 10 1 1
92 c 18 18 465 821 965 10 17 24
93 c 37 56 468 668 968 10 5 4
94 c 56 37 469 719 968 10 6 14
95 c 18 24 469 691 969 10 22 31
96 c 17 34 471 449 971 10 3 1
97 c 21 24 472 17 972 10 28 32
98 c 41 49 474 190 974 10 10 12
99 c 36 26 480 854 980 10 18 11
100 c 26 35 481 409 981 10 15 25

