StringID Type x y release ReadyTime DueDate ServiceTime weight volume Item_Conflitante1 Item_Conflitante2 Item_Conflitante3 Item_Conflitante4 Item_Conflitante5 Peso_Total Volume_Total
0 d 40 50 0 0 3390 0 0 0      700 700
1 c 5 35 90 666 1245 90 10 8
2 c 5 45 90 1076 1589 90 10 1 30 46
3 c 2 40 90 772 1329 90 20 26 4 63
4 c 0 40 90 890 1395 90 30 30 44 50 60
5 c 0 45 90 1036 1439 90 20 13 19
6 c 48 20 90 812 1281 90 10 11
7 c 55 80 90 272 701 90 10 20 14 77
8 c 44 5 90 1078 1593 90 20 14 86 93
9 c 42 10 90 998 1481 90 40 49 17 76 94 98
10 c 42 15 90 897 1392 90 10 8 62 82 90
11 c 40 5 90 1199 1660 90 30 32 16 25 84 92 100
12 c 50 30 90 223 738 90 10 2 74
13 c 50 35 90 18 474 90 20 28 31
14 c 50 40 90 14 360 90 50 59
15 c 48 30 90 246 899 90 10 16 38 41
16 c 44 25 90 704 1197 90 10 15
17 c 47 35 90 393 942 90 10 18 47 65 67 82
18 c 47 40 90 12 424 90 10 13 33 64 87
19 c 42 30 90 641 1070 90 10 17 34
20 c 45 35 90 534 985 90 10 12 27 45
21 c 53 30 90 131 644 90 10 9 60 62 90
22 c 53 35 90 87 498 90 50 47 26 32 35 53 55
23 c 45 65 90 15 607 90 20 30
24 c 67 85 90 518 1029 90 20 19
25 c 42 58 90 8 509 90 40 47 75
26 c 65 82 90 549 1186 90 10 4 32 34 67
27 c 62 80 90 744 1177 90 30 21 44
28 c 60 85 90 397 956 90 30 39 31 92
29 c 58 75 90 839 1276 90 20 26 33 55 79
30 c 8 45 90 1190 1661 90 20 13 80
31 c 8 40 90 499 1030 90 40 35 69
32 c 55 85 90 373 790 90 20 17
33 c 10 35 90 585 1136 90 20 16 77 86
34 c 20 55 90 170 595 90 10 13 66 74
35 c 20 50 90 168 787 90 10 8 46 60
36 c 10 40 90 448 897 90 30 37 71
37 c 23 52 90 93 484 90 10 1 47
38 c 30 50 90 10 645 90 10 8
39 c 52 75 90 213 568 90 10 17 65
40 c 58 70 90 965 1340 90 20 18
41 c 45 70 90 22 563 90 30 36 82
42 c 62 69 90 1030 1463 90 10 8 59 71
43 c 60 66 90 1154 1527 90 10 15
44 c 28 52 90 12 505 90 20 14 48
45 c 25 50 90 23 368 90 10 12 54 60 93
46 c 42 65 90 15 402 90 10 3
47 c 16 42 90 331 822 90 20 21 59
48 c 60 60 90 1349 1712 90 10 2 66
49 c 56 64 90 1116 1753 90 10 20
50 c 38 5 90 1263 1780 90 30 37 79
51 c 4 55 90 1268 1785 90 20 21 83
52 c 35 5 849 1325 1904 90 20 27
53 c 65 60 849 1338 1913 90 30 37
54 c 8 62 849 1330 1919 90 10 16
55 c 38 10 849 1498 1921 90 10 18 56
56 c 14 66 849 1519 1926 90 10 1
57 c 70 58 849 1513 1928 90 20 29
58 c 66 55 849 1604 2027 90 10 9 65
59 c 38 15 849 1552 2057 90 40 44
60 c 15 75 849 1560 2083 90 20 14 74 75 91 97
61 c 15 80 849 1689 2144 90 10 4 64
62 c 36 18 849 1612 2185 90 10 2 65
63 c 75 55 849 1783 2226 90 20 28 72 98
64 c 72 55 849 1591 2232 90 10 4
65 c 32 20 849 1745 2240 90 10 6 68
66 c 20 85 849 1763 2264 90 40 45 72 86
67 c 34 25 849 1884 2293 90 30 30 75
68 c 22 85 849 1846 2365 90 10 11
69 c 86 46 849 1829 2388 90 30 29
70 c 25 85 849 1985 2412 90 20 15 77 81
71 c 90 35 849 2002 2419 90 10 4
72 c 30 30 849 1932 2437 90 10 12 87
73 c 20 80 849 2077 2514 90 40 44
74 c 95 35 849 2079 2532 90 20 22 80
75 c 25 30 849 2015 2544 90 10 3
76 c 18 75 1257 2143 2638 90 20 29 90
77 c 22 75 1257 2310 2659 90 30 24 79
78 c 95 30 1257 2119 2682 90 30 28
79 c 26 32 1257 2018 2725 90 10 9
80 c 25 35 1257 2201 2728 90 10 20
81 c 30 35 1257 2348 2771 90 10 19 85
82 c 22 66 1257 2380 2787 90 40 30
83 c 85 25 1257 2369 2816 90 10 17 90
84 c 92 30 1257 2169 2818 90 10 1
85 c 33 35 1257 2463 2842 90 10 20
86 c 87 30 1257 2505 2870 90 10 4
87 c 35 69 1257 2603 2952 90 10 12
88 c 33 32 1418 2529 2962 90 20 27
89 c 28 70 1418 2385 2976 90 10 3
90 c 85 35 1418 2563 3002 90 30 34
91 c 35 32 1418 2599 3076 90 10 1
92 c 35 66 1418 2628 3113 90 10 13
93 c 36 40 1469 2715 3156 90 10 19
94 c 78 40 1469 2599 3164 90 20 23
95 c 72 45 1585 2701 3258 90 10 8
96 c 62 40 1585 2713 3275 90 10 11
97 c 64 46 1585 2976 3275 90 20 23
98 c 60 55 1585 2789 3279 90 10 12
99 c 34 60 1585 2653 3280 90 20 29
100 c 30 56 1593 2675 3288 90 20 24

