StringID Type x y release ReadyTime DueDate ServiceTime weight volume Item_Conflitante1 Item_Conflitante2 Item_Conflitante3 Item_Conflitante4 Item_Conflitante5 Peso_Total Volume_Total
0 d 35 35 0 0 230 0 0 0      200 200
1 c 11 31 0 101 111 10 7 14 32
2 c 53 52 0 37 47 10 11 17 4 14 17 56 75
3 c 2 60 0 41 51 10 5 2 9
4 c 55 54 0 94 104 10 26 29 23 67 96
5 c 60 12 0 44 54 10 31 29 6 13 51 99
6 c 40 25 0 85 95 10 9 12 43 47 73
7 c 42 7 0 97 107 10 5 7 76 100
8 c 24 12 0 31 41 10 5 3 24
9 c 11 14 0 69 79 10 18 23 21
10 c 6 38 0 32 42 10 16 9 22 29 49 70
11 c 8 56 0 51 61 10 27 21 44 67
12 c 20 26 0 83 93 10 9 4 43 56
13 c 40 60 0 71 81 10 21 28 28 39 56 62
14 c 49 58 0 88 98 10 10 1 33 39
15 c 32 12 0 101 111 10 7 11 45 83
16 c 57 48 0 92 102 10 23 14 44 85
17 c 61 52 0 96 106 10 3 8 21 38 97
18 c 12 24 0 76 86 10 13 9 97
19 c 24 58 0 58 68 10 19 21 87 96
20 c 27 69 0 34 44 10 10 17 59
21 c 15 77 0 73 83 10 9 9 71
22 c 62 77 0 51 61 10 20 17 83
23 c 67 5 0 83 93 10 25 18 50 51 53 60 74
24 c 37 47 0 50 60 10 6 1
25 c 57 68 0 77 87 10 15 6 42 84
26 c 44 17 0 78 88 10 9 12 29
27 c 37 31 0 95 105 10 14 18 93 99
28 c 64 42 0 63 73 10 9 5 55 71 99
29 c 5 5 0 83 93 10 16 11 40 68
30 c 35 40 0 37 47 10 16 25
31 c 22 22 0 18 28 10 2 8
32 c 31 67 0 95 105 10 3 1 63
33 c 25 30 0 99 109 10 3 9 72
34 c 10 43 0 95 105 10 9 11 45 85
35 c 55 60 0 97 107 10 16 22
36 c 20 65 0 67 77 10 12 13 52
37 c 26 52 0 74 84 10 9 5 78 84 86
38 c 41 37 0 39 49 10 16 13 39
39 c 15 10 0 32 42 10 20 21
40 c 30 5 3 61 71 10 8 16 50 58 82 84 92
41 c 10 20 3 75 85 10 19 11 49
42 c 20 40 3 87 97 10 12 12
43 c 49 42 3 73 83 10 13 4 61
44 c 15 60 3 76 86 10 17 21 100
45 c 28 18 3 93 103 10 26 17 88
46 c 45 10 3 97 107 10 18 27 51
47 c 4 18 3 94 104 10 35 30
48 c 55 5 3 68 78 10 29 23
49 c 6 68 3 108 118 10 30 29
50 c 2 48 38 117 127 10 1 6
51 c 30 60 38 124 134 10 16 7 65 74
52 c 45 65 38 126 136 10 9 17
53 c 49 73 38 127 137 10 25 31 62 84 85 93
54 c 53 12 38 130 140 10 6 1 64 71
55 c 23 3 38 132 142 10 7 15 94
56 c 25 21 38 133 143 10 12 14
57 c 63 23 38 136 146 10 2 1
58 c 57 29 38 140 150 10 18 20
59 c 35 69 38 141 151 10 23 29
60 c 56 39 38 142 152 10 36 44 78
61 c 63 65 38 143 153 10 8 18
62 c 46 13 44 149 159 10 8 7 71 75 98
63 c 55 20 44 149 159 10 19 21
64 c 65 35 48 153 163 10 3 1 79 92
65 c 5 30 52 157 167 10 2 3
66 c 30 25 54 159 169 10 23 28
67 c 17 34 57 162 172 10 3 1 68 74 83
68 c 65 20 68 172 182 10 6 13
69 c 65 55 68 0 183 10 14 19 87 88
70 c 26 35 71 176 186 10 15 5 77
71 c 53 43 74 179 189 10 14 17
72 c 37 56 77 182 192 10 5 4 79 83 85
73 c 49 11 77 0 192 10 18 26
74 c 56 37 77 182 192 10 6 6
75 c 13 52 77 0 192 10 36 30
76 c 15 19 79 0 194 10 1 10 95
77 c 18 18 80 185 195 10 17 25
78 c 15 47 81 0 196 10 16 23
79 c 16 22 81 0 196 10 41 39
80 c 55 45 82 0 197 10 13 5 100
81 c 47 16 82 0 197 10 25 34
82 c 20 50 83 0 198 10 5 6
83 c 19 21 83 0 198 10 10 13
84 c 18 24 83 188 198 10 22 24
85 c 20 20 83 0 198 10 8 14 89
86 c 14 37 83 0 198 10 11 1
87 c 15 30 84 0 199 10 26 34 91
88 c 45 20 86 0 201 10 11 19
89 c 35 17 87 0 202 10 7 1
90 c 21 24 87 0 202 10 28 19
91 c 31 52 87 0 202 10 27 35
92 c 47 47 88 0 203 10 13 19 100
93 c 22 27 89 0 204 10 11 1
94 c 41 49 89 0 204 10 10 3
95 c 25 24 90 0 205 10 20 20
96 c 50 35 90 0 205 10 19 19
97 c 26 27 92 0 207 10 27 28
98 c 45 30 93 0 208 10 17 24 99
99 c 27 43 93 0 208 10 9 1
100 c 36 26 95 200 210 10 18 28

