StringID Type x y release ReadyTime DueDate ServiceTime weight volume Item_Conflitante1 Item_Conflitante2 Item_Conflitante3 Item_Conflitante4 Item_Conflitante5 Item_Conflitante6 Peso_Total Volume_Total
0 d 35 35 0 0 230 0 0 0       200 200
1 c 31 52 0 24 85 10 27 26
2 c 53 52 0 24 92 10 11 20 12 62 78
3 c 57 68 0 54 109 10 15 13 64
4 c 2 60 0 41 112 10 5 1 33 92 97
5 c 14 37 0 21 89 10 11 11 23 26 63
6 c 5 5 0 60 115 10 16 10 28 49 97
7 c 60 12 0 33 110 10 31 32 18 25 31 40 84 85
8 c 40 25 0 65 114 10 9 2 48
9 c 24 12 0 25 91 10 5 7 26 52
10 c 15 47 0 29 90 10 16 17 26
11 c 11 14 0 45 102 10 18 24 85
12 c 6 38 0 29 99 10 16 24 32 37 41 51 83
13 c 8 56 0 34 105 10 27 23 30 73 76
14 c 20 26 0 60 115 10 9 11 41 89 92 97
15 c 27 43 0 26 87 10 9 13 35
16 c 49 42 0 52 103 10 13 7 98
17 c 49 11 0 45 102 10 18 23 25 60 94 99
18 c 21 24 0 17 100 10 28 25
19 c 44 17 0 56 109 10 9 1
20 c 12 24 0 55 106 10 13 23 41 84 96
21 c 24 58 0 30 95 10 19 16 90
22 c 27 69 0 34 103 10 10 2 87
23 c 15 77 0 48 107 10 9 1 43
24 c 62 77 0 49 113 10 20 11 91
25 c 47 16 0 22 96 10 25 31
26 c 40 60 0 49 102 10 21 27
27 c 64 42 0 37 98 10 9 14
28 c 37 47 0 23 86 10 6 14 78
29 c 35 40 0 8 75 10 16 21 40 74
30 c 20 50 0 61 110 10 5 5 83
31 c 35 17 0 22 87 10 7 13 39 73
32 c 19 21 0 32 93 10 10 5 94
33 c 20 65 0 42 101 10 12 20 72
34 c 50 35 0 38 97 10 19 24
35 c 41 37 0 11 76 10 16 18 42 44
36 c 15 30 4 20 93 10 26 16
37 c 15 10 4 32 114 10 20 22 47 88 95
38 c 30 5 4 35 96 10 8 15 74
39 c 10 20 4 52 107 10 19 26 44 52 60 84 89
40 c 22 22 4 18 88 10 2 6 68
41 c 25 24 4 14 78 10 20 15 82
42 c 20 40 4 69 114 10 12 20 51 84 94
43 c 55 5 4 43 102 10 29 37 64
44 c 45 20 4 37 96 10 11 12
45 c 26 52 4 50 107 10 9 1 61 68
46 c 15 60 4 52 109 10 17 18
47 c 67 5 4 59 116 10 25 26 66 95
48 c 28 18 4 79 116 10 26 30
49 c 55 54 4 78 119 10 26 23 90 91
50 c 16 22 17 70 121 10 41 51 71
51 c 57 48 17 72 121 10 23 30 62 82 91
52 c 49 58 17 64 121 10 10 9 66
53 c 4 18 17 74 123 10 35 27 55 64
54 c 37 31 17 75 124 10 14 18 80
55 c 10 43 17 75 124 10 9 10 83
56 c 31 67 17 73 126 10 3 1 66 92
57 c 45 10 17 76 127 10 18 13
58 c 26 27 17 81 128 10 27 21 60
59 c 55 60 17 74 129 10 16 20 64
60 c 61 52 17 71 130 10 3 1 97
61 c 11 31 17 81 130 10 7 8 76 81
62 c 42 7 17 72 131 10 5 13 98
63 c 25 30 17 76 131 10 3 3
64 c 6 68 17 93 132 10 30 25
65 c 32 12 19 77 134 10 7 15 83
66 c 55 45 28 98 143 10 13 18
67 c 65 55 32 96 147 10 14 19 82 85
68 c 30 60 40 107 150 10 16 6
69 c 2 48 40 92 151 10 1 9 89
70 c 47 47 40 102 155 10 13 10 87
71 c 45 65 41 105 156 10 9 18 94
72 c 49 73 50 104 159 10 25 16
73 c 25 21 50 115 160 10 12 16
74 c 45 30 50 112 161 10 17 27
75 c 23 3 50 111 162 10 7 2
76 c 53 12 50 106 163 10 6 12
77 c 20 20 50 113 164 10 8 4 93
78 c 22 27 50 114 165 10 11 13
79 c 63 23 56 111 170 10 2 6
80 c 57 29 56 118 171 10 18 11
81 c 35 69 60 116 175 10 23 23
82 c 56 39 63 117 176 10 36 34 92
83 c 63 65 63 116 178 10 8 2
84 c 46 13 69 123 184 10 8 3
85 c 55 20 69 123 184 10 19 19 88 99
86 c 65 20 71 121 186 10 6 1
87 c 5 30 75 124 189 10 2 1 98
88 c 65 35 75 124 190 10 3 12
89 c 13 52 77 128 192 10 36 42
90 c 15 19 79 132 194 10 1 1
91 c 18 18 80 123 195 10 17 14
92 c 30 25 81 131 196 10 23 30
93 c 37 56 83 123 198 10 5 8
94 c 41 49 84 133 198 10 10 14
95 c 56 37 84 135 198 10 6 10
96 c 18 24 84 129 199 10 22 28
97 c 17 34 84 134 199 10 3 10
98 c 53 43 85 136 200 10 14 13
99 c 36 26 95 147 210 10 18 13
100 c 26 35 96 139 211 10 15 21

