StringID Type x y release ReadyTime DueDate ServiceTime weight volume Item_Conflitante1 Item_Conflitante2 Item_Conflitante3 Item_Conflitante4 Peso_Total Volume_Total
0 d 35 35 0 0 230 0 0 0     200 200
1 c 20 26 0 83 93 10 9 10 47 77
2 c 45 10 0 97 107 10 18 26 85 91
3 c 55 5 0 68 78 10 29 21 14 40 97
4 c 6 38 0 32 42 10 16 21
5 c 11 14 0 69 79 10 18 28 49
6 c 24 12 0 31 41 10 5 1 10 36
7 c 35 40 0 37 47 10 16 23 31 43 76
8 c 57 48 0 92 102 10 23 27 9 56 61
9 c 42 7 0 97 107 10 5 5 21 69 82 93
10 c 40 60 0 71 81 10 21 27 60 70 87 100
11 c 61 52 0 96 106 10 3 10 93
12 c 40 25 0 85 95 10 9 1 55 56 79
13 c 53 52 0 37 47 10 11 6 74 90 93
14 c 67 5 0 83 93 10 25 25 17 28 31
15 c 60 12 0 44 54 10 31 32 58 67 71
16 c 49 42 0 73 83 10 13 9 21 44 51
17 c 2 60 0 41 51 10 5 1
18 c 11 31 0 101 111 10 7 15 33 66 98
19 c 10 43 0 95 105 10 9 3 67 95
20 c 22 22 0 18 28 10 2 10 83
21 c 62 77 3 51 61 10 20 13
22 c 15 77 3 73 83 10 9 11
23 c 26 52 3 74 84 10 9 9
24 c 25 30 3 99 109 10 3 9
25 c 28 18 3 93 103 10 26 29 50
26 c 37 31 3 95 105 10 14 15 61
27 c 5 5 3 83 93 10 16 16 34 91
28 c 20 65 3 67 77 10 12 10 72 79
29 c 24 58 3 58 68 10 19 28 48
30 c 37 47 3 50 60 10 6 7 50 52
31 c 30 5 3 61 71 10 8 1 62
32 c 55 60 3 97 107 10 16 8 49 74 77
33 c 6 68 3 108 118 10 30 40 67
34 c 30 60 25 124 134 10 16 13 42
35 c 49 73 25 127 137 10 25 23
36 c 53 12 25 130 140 10 6 8 45 49 56 87
37 c 63 23 31 136 146 10 2 9
38 c 56 39 37 142 152 10 36 35 95
39 c 63 65 38 143 153 10 8 16 80
40 c 55 20 44 149 159 10 19 28 50
41 c 46 13 44 149 159 10 8 1
42 c 5 30 52 157 167 10 2 1 50 51 93
43 c 30 25 54 159 169 10 23 18 75 86
44 c 57 68 65 0 180 10 15 13
45 c 65 20 67 172 182 10 6 9 70 89
46 c 65 55 68 0 183 10 14 6 92
47 c 2 48 69 0 184 10 1 1 91
48 c 4 18 69 0 184 10 35 34
49 c 27 69 70 0 185 10 10 17
50 c 23 3 70 0 185 10 7 17
51 c 8 56 70 0 185 10 27 25 88
52 c 35 69 72 0 186 10 23 20
53 c 15 60 72 0 187 10 17 13 66
54 c 31 67 72 0 187 10 3 1
55 c 15 10 72 0 187 10 20 18
56 c 45 65 73 0 188 10 9 14 66
57 c 53 43 74 179 189 10 14 5 61 76 84
58 c 10 20 75 0 190 10 19 25 73
59 c 64 42 75 0 190 10 9 8 68
60 c 65 35 75 0 190 10 3 1 75
61 c 37 56 77 182 192 10 5 12 73
62 c 13 52 77 0 192 10 36 28
63 c 55 54 77 0 192 10 26 33
64 c 56 37 77 182 192 10 6 6 85
65 c 49 11 77 0 192 10 18 18 94
66 c 49 58 78 0 193 10 10 9
67 c 15 19 79 0 194 10 1 7 88
68 c 12 24 79 0 194 10 13 7
69 c 18 18 80 185 195 10 17 8
70 c 16 22 81 0 196 10 41 45 99
71 c 15 47 81 0 196 10 16 17
72 c 32 12 81 0 196 10 7 1
73 c 47 16 82 0 197 10 25 15
74 c 57 29 82 0 197 10 18 18
75 c 55 45 82 0 197 10 13 16
76 c 14 37 83 0 198 10 11 6
77 c 18 24 83 188 198 10 22 29
78 c 19 21 83 0 198 10 10 1 98
79 c 20 20 83 0 198 10 8 16
80 c 20 50 83 0 198 10 5 15
81 c 44 17 84 0 199 10 9 15
82 c 15 30 84 0 199 10 26 29
83 c 17 34 86 0 201 10 3 1
84 c 45 20 86 0 201 10 11 7
85 c 35 17 87 0 202 10 7 4
86 c 25 21 87 0 202 10 12 5
87 c 21 24 87 0 202 10 28 36
88 c 31 52 87 0 202 10 27 21 96
89 c 47 47 88 0 203 10 13 21
90 c 20 40 89 0 204 10 12 18 94
91 c 41 49 89 0 204 10 10 3 92
92 c 22 27 89 0 204 10 11 9
93 c 25 24 90 0 205 10 20 24 95
94 c 50 35 90 0 205 10 19 15 96
95 c 26 27 92 0 207 10 27 18 99
96 c 45 30 93 0 208 10 17 18
97 c 27 43 93 0 208 10 9 13
98 c 36 26 95 200 210 10 18 18
99 c 26 35 96 0 211 10 15 24
100 c 41 37 98 0 213 10 16 17

