StringID Type x y release ReadyTime DueDate ServiceTime weight volume Item_Conflitante1 Item_Conflitante2 Item_Conflitante3 Item_Conflitante4 Item_Conflitante5 Peso_Total Volume_Total
0 d 35 35 0 0 1000 0 0 0      1000 1000
1 c 37 31 11 414 489 10 14 12 34 51 100
2 c 20 26 11 333 432 10 9 1 18 80
3 c 11 14 11 233 340 10 18 25 10 48
4 c 67 5 11 294 401 10 25 18 86
5 c 5 5 11 302 405 10 16 17 6 86
6 c 37 47 11 162 293 10 6 10 55
7 c 24 58 11 163 302 10 19 17 13 15
8 c 55 5 11 206 325 10 29 22 22 27 68 71
9 c 57 48 11 388 465 10 23 22 10 52
10 c 30 5 11 175 300 10 8 2 22 26 38 90 97
11 c 49 42 11 290 373 10 13 5 28
12 c 22 22 11 18 181 10 2 5 30 59 85
13 c 55 60 11 400 497 10 16 18
14 c 28 18 11 420 447 10 26 16 29 38 64 79
15 c 10 43 11 404 481 10 9 14 30
16 c 20 65 11 206 325 10 12 20 33 87
17 c 11 31 11 436 511 10 7 1 78
18 c 63 23 327 620 739 10 2 9 37 74
19 c 55 20 327 678 801 10 19 21 84
20 c 46 13 327 681 802 10 8 13
21 c 30 25 327 690 827 10 23 20 66
22 c 62 77 440 0 940 10 20 26
23 c 15 77 443 0 943 10 9 1 33
24 c 6 68 446 0 946 10 30 32 29 70
25 c 2 60 448 0 948 10 5 1 32
26 c 63 65 450 0 948 10 8 11 28 68
27 c 49 73 450 0 949 10 25 34 84 90
28 c 57 68 450 0 950 10 15 7 42 68 83
29 c 53 43 452 817 952 10 14 11 49 60
30 c 65 55 453 0 953 10 14 5 95
31 c 4 18 454 0 954 10 35 39
32 c 2 48 454 0 954 10 1 1
33 c 8 56 455 0 955 10 27 26 37 72 78
34 c 27 69 455 0 955 10 10 19 75
35 c 23 3 455 0 955 10 7 1
36 c 65 20 456 817 956 10 6 7 84
37 c 60 12 456 0 956 10 31 22 39 64 67
38 c 35 69 456 0 956 10 23 15 54 61
39 c 15 10 457 0 957 10 20 12
40 c 15 60 457 0 957 10 17 8
41 c 31 67 457 0 957 10 3 11 90
42 c 61 52 458 0 958 10 3 2
43 c 45 65 458 0 958 10 9 10 87 94 98
44 c 5 30 459 0 959 10 2 1 87
45 c 10 20 460 0 960 10 19 11 61 83 86
46 c 64 42 460 0 960 10 9 16 75
47 c 53 12 460 0 960 10 6 11 80 86 87
48 c 65 35 460 0 960 10 3 12 58 91
49 c 6 38 460 0 960 10 16 17 67
50 c 42 7 461 0 961 10 5 5 55 75
51 c 13 52 462 0 962 10 36 31
52 c 49 11 462 0 962 10 18 28 56 67 91
53 c 55 54 462 0 962 10 26 27 61 98
54 c 49 58 463 0 963 10 10 16 76
55 c 45 10 463 0 963 10 18 15 92
56 c 40 60 464 0 964 10 21 21 80
57 c 30 60 464 0 964 10 16 25 70 99
58 c 15 19 464 0 964 10 1 1
59 c 24 12 464 0 964 10 5 2 83
60 c 12 24 464 0 964 10 13 23
61 c 18 18 465 798 965 10 17 13 77
62 c 53 52 465 0 965 10 11 10
63 c 16 22 466 0 966 10 41 40
64 c 32 12 466 0 966 10 7 14
65 c 15 47 466 0 966 10 16 16
66 c 57 29 467 0 967 10 18 17
67 c 47 16 467 0 967 10 25 33
68 c 55 45 467 0 967 10 13 3
69 c 19 21 468 0 968 10 10 15
70 c 14 37 468 0 968 10 11 9 73
71 c 56 39 468 0 968 10 36 33
72 c 20 20 468 0 968 10 8 2 78
73 c 37 56 468 0 968 10 5 2 80
74 c 20 50 468 0 968 10 5 1
75 c 56 37 468 0 968 10 6 1
76 c 15 30 469 0 969 10 26 24
77 c 44 17 469 0 969 10 9 11
78 c 18 24 469 0 969 10 22 18
79 c 26 52 470 0 970 10 9 3
80 c 45 20 471 0 971 10 11 6
81 c 17 34 471 0 971 10 3 10
82 c 35 17 472 0 972 10 7 16
83 c 31 52 472 0 972 10 27 19
84 c 25 21 472 0 972 10 12 12 87 88
85 c 21 24 472 0 972 10 28 30
86 c 47 47 473 0 973 10 13 9
87 c 20 40 474 0 974 10 12 7
88 c 41 49 474 0 974 10 10 1
89 c 22 27 474 0 974 10 11 15
90 c 25 24 475 0 975 10 20 16
91 c 50 35 475 0 975 10 19 21
92 c 26 27 477 0 977 10 27 20 95
93 c 45 30 478 0 978 10 17 16
94 c 40 25 478 0 978 10 9 6 97
95 c 27 43 478 0 978 10 9 19
96 c 25 30 478 0 978 10 3 2
97 c 36 26 480 849 980 10 18 24 99
98 c 26 35 481 0 981 10 15 25
99 c 41 37 483 0 983 10 16 20
100 c 35 40 485 0 985 10 16 16

