StringID Type x y release ReadyTime DueDate ServiceTime weight volume Item_Conflitante1 Item_Conflitante2 Item_Conflitante3 Item_Conflitante4 Item_Conflitante5 Item_Conflitante6 Peso_Total Volume_Total
0 d 40 50 0 0 1236 0 0 0       200 200
1 c 10 40 0 31 100 90 30 37 3 16 32 36 97
2 c 8 40 0 87 158 90 40 37 24 30 58 75 78
3 c 53 35 0 353 412 90 50 52 7 9 96
4 c 5 35 0 283 344 90 10 16
5 c 92 30 0 478 551 90 10 11 18 70
6 c 0 40 0 479 522 90 30 38 44
7 c 35 30 0 264 321 90 10 11 23 52 67 93
8 c 35 32 0 166 235 90 10 14 10 18 48 79 91 93
9 c 33 32 0 68 149 90 20 18 40
10 c 33 35 0 16 80 90 10 17 65
11 c 32 30 0 359 412 90 10 19
12 c 30 30 0 541 600 90 10 1
13 c 30 32 0 448 509 90 30 32 30 43 95
14 c 95 35 0 293 360 90 20 26 53
15 c 95 30 0 387 456 90 30 24
16 c 47 40 0 12 77 90 10 16 51 95
17 c 48 40 4 76 129 90 10 17
18 c 50 40 4 171 218 90 50 46 19 71
19 c 44 5 4 286 347 90 20 23 25 29 30 39 40
20 c 42 10 4 186 257 90 40 31
21 c 42 15 4 95 158 90 10 15 86
22 c 40 5 4 385 436 90 30 31 31 89
23 c 40 15 4 35 87 90 40 48 28
24 c 38 5 4 471 534 90 30 37 66 81
25 c 50 35 4 262 317 90 20 16 33 55
26 c 90 35 4 203 260 90 10 16 50 51 61
27 c 20 50 4 358 405 90 10 13 36
28 c 20 55 4 449 504 90 10 15 32 57
29 c 23 52 4 261 316 90 10 11 31 67 84
30 c 65 85 4 475 518 90 40 43 41
31 c 67 85 4 368 441 90 20 21
32 c 60 55 4 20 84 90 10 1
33 c 65 55 4 85 144 90 20 27 62 87
34 c 38 68 4 255 324 90 20 27 55 98
35 c 38 70 4 534 605 90 10 19 68
36 c 35 66 4 357 410 90 10 19 45 49 96
37 c 35 69 4 448 505 90 10 10
38 c 66 55 4 173 238 90 10 14 74 88
39 c 22 75 4 30 92 90 30 39 79 85 94
40 c 23 55 4 546 593 90 20 10
41 c 20 80 4 384 429 90 40 37 64 76 99
42 c 20 85 4 475 528 90 40 50 83
43 c 50 30 4 531 610 90 10 5 59
44 c 15 75 4 179 254 90 20 27 99
45 c 25 52 4 169 224 90 40 48
46 c 25 50 4 65 144 90 10 5 51 76
47 c 18 75 4 99 148 90 20 12 70
48 c 85 35 4 47 124 90 30 37 57
49 c 88 35 4 109 170 90 20 18 99 100
50 c 70 58 4 458 523 90 20 11 68
51 c 30 50 4 10 73 90 10 2 86 87
52 c 15 80 4 278 345 90 10 2 75
53 c 22 85 4 567 620 90 10 1 64
54 c 60 85 4 561 622 90 30 34 83
55 c 0 45 265 567 624 90 20 10 62
56 c 35 5 265 562 629 90 20 18
57 c 88 30 265 574 643 90 10 7 65 88 92
58 c 48 30 265 632 693 90 10 8 88
59 c 40 69 265 621 702 90 20 13
60 c 65 60 265 645 708 90 30 39 62 93 99
61 c 5 45 265 665 716 90 10 5
62 c 55 85 265 647 726 90 20 21 75
63 c 87 30 265 668 731 90 10 9
64 c 45 30 265 734 777 90 10 2
65 c 28 55 265 732 777 90 10 5
66 c 42 68 265 727 782 90 10 5 77
67 c 25 30 265 725 786 90 10 8
68 c 63 58 265 737 802 90 10 16
69 c 55 80 265 743 820 90 10 5 73
70 c 85 25 265 769 820 90 10 8
71 c 47 35 265 826 875 90 10 20 72 90
72 c 28 52 265 812 883 90 20 19
73 c 45 35 351 916 969 90 10 14 85
74 c 28 35 498 1001 1066 90 10 10
75 c 65 82 498 0 1105 90 10 15
76 c 2 40 498 0 1106 90 20 25
77 c 25 85 498 0 1107 90 20 13
78 c 62 80 498 0 1108 90 30 20 79
79 c 60 80 498 0 1109 90 10 9
80 c 75 55 498 0 1110 90 20 22
81 c 38 15 498 0 1110 90 10 10
82 c 10 35 498 0 1112 90 20 23 98
83 c 72 55 498 0 1113 90 10 6
84 c 8 45 498 0 1113 90 20 18
85 c 58 75 498 0 1115 90 20 13
86 c 68 60 498 0 1116 90 30 28
87 c 28 30 504 0 1122 90 10 16
88 c 53 30 504 0 1122 90 10 6
89 c 60 60 505 0 1123 90 10 19 100
90 c 26 32 505 0 1123 90 10 13
91 c 25 35 506 0 1124 90 10 1
92 c 45 70 507 0 1125 90 30 27
93 c 45 68 509 0 1127 90 10 1 97
94 c 30 35 509 1054 1127 90 10 12
95 c 42 66 511 0 1129 90 10 4
96 c 40 66 512 0 1130 90 20 11
97 c 25 55 512 0 1130 90 10 5
98 c 45 65 512 0 1130 90 20 24
99 c 42 65 512 0 1130 90 10 16
100 c 30 52 517 0 1135 90 20 23

