StringID Type x y release ReadyTime DueDate ServiceTime weight volume Item_Conflitante1 Item_Conflitante2 Item_Conflitante3 Item_Conflitante4 Item_Conflitante5 Peso_Total Volume_Total
0 d 40 50 0 0 240 0 0 0      200 200
1 c 60 80 0 37 67 10 10 1 25 92
2 c 85 25 0 51 81 10 10 7 51 65
3 c 60 85 0 85 115 10 30 32 62
4 c 88 30 0 74 104 10 10 1 39 42 86
5 c 55 80 0 33 63 10 10 1 17 21
6 c 55 82 0 64 94 10 10 16 93
7 c 95 35 0 62 92 10 20 23 27 57 71
8 c 20 82 0 37 67 10 10 19 10 27 43 63
9 c 26 35 0 77 107 10 15 10 71
10 c 38 5 0 65 95 10 30 21 84 99
11 c 12 24 0 90 120 10 13 15
12 c 6 68 0 89 119 10 30 40 97
13 c 62 80 0 75 105 10 30 33 15 38
14 c 8 56 0 90 120 10 27 23 57 60 88
15 c 65 85 0 43 73 10 40 35 17 42 53 94
16 c 24 58 0 67 97 10 19 16 55 99
17 c 60 12 0 75 105 10 31 23
18 c 65 35 0 52 82 10 3 12 36 60 92
19 c 8 40 0 59 89 10 40 44 21 30 40 49 92
20 c 31 52 0 41 71 10 27 34
21 c 64 42 0 70 100 10 9 16 99
22 c 35 40 0 11 41 10 16 16
23 c 45 30 0 53 83 10 17 15 26 56 64 65 70
24 c 53 43 0 14 44 10 14 10 65 83
25 c 2 40 0 58 88 10 20 26 42 94
26 c 15 80 1 91 121 10 10 19
27 c 20 50 1 91 121 10 5 3
28 c 10 35 1 91 121 10 20 22 72 80
29 c 58 75 6 92 122 10 20 17 43
30 c 40 15 6 92 122 10 40 39 42
31 c 18 75 6 95 125 10 20 29 79 82
32 c 57 29 6 96 126 10 18 16
33 c 42 12 14 104 134 10 10 4
34 c 10 40 29 119 149 10 30 40 36 38 55 78
35 c 50 35 40 130 160 10 19 17
36 c 41 37 43 133 163 10 16 17 57
37 c 67 85 49 139 169 10 20 28 52
38 c 30 60 50 140 170 10 16 14
39 c 20 20 51 141 171 10 8 14 56
40 c 20 80 51 141 171 10 40 50 87
41 c 95 30 52 0 171 10 30 27 98
42 c 5 5 52 0 172 10 16 12 52 79 99
43 c 5 35 52 142 172 10 10 17 57 88
44 c 40 60 54 144 174 10 21 11 59 92
45 c 92 30 54 0 174 10 10 3
46 c 90 35 57 0 177 10 10 6 70
47 c 67 5 57 0 177 10 25 23 80 85
48 c 87 30 58 0 178 10 10 5 84
49 c 0 45 59 149 179 10 20 20 96
50 c 88 35 59 0 179 10 20 17 57 91
51 c 23 3 60 150 180 10 7 2 61 96
52 c 4 18 64 0 181 10 35 45
53 c 85 35 64 0 182 10 30 40 86 96
54 c 15 10 64 152 182 10 20 11 92
55 c 42 5 64 0 184 10 10 19 57 77 88
56 c 44 5 64 0 184 10 20 17
57 c 35 5 64 154 184 10 20 22 78 83
58 c 40 5 65 0 185 10 10 8
59 c 10 20 67 0 187 10 19 17 84
60 c 0 40 68 0 188 10 20 16
61 c 42 10 69 0 189 10 40 50
62 c 20 85 69 0 189 10 20 18
63 c 65 82 69 0 189 10 10 12 81 97
64 c 22 85 70 0 190 10 10 1
65 c 65 20 70 0 190 10 6 1 73 74 94
66 c 2 60 70 0 190 10 5 1 82 86
67 c 25 85 71 0 191 10 20 25
68 c 2 45 72 0 191 10 10 13 90
69 c 55 85 72 0 191 10 20 19
70 c 18 80 72 0 192 10 10 11 74
71 c 63 23 74 0 194 10 2 4
72 c 72 35 74 0 194 10 30 31
73 c 15 75 74 0 194 10 20 29 98
74 c 5 45 74 0 194 10 10 6 83 89
75 c 42 15 74 0 194 10 10 9 98
76 c 38 15 74 0 194 10 10 8
77 c 55 20 76 0 196 10 19 17 96
78 c 21 24 77 0 197 10 28 33
79 c 8 45 77 0 197 10 20 29 88
80 c 22 75 83 0 199 10 30 24
81 c 63 65 83 0 202 10 8 16
82 c 15 60 83 0 203 10 17 18
83 c 30 25 83 0 203 10 23 17
84 c 65 55 84 0 204 10 14 16
85 c 25 30 85 0 205 10 3 1
86 c 61 52 88 178 208 10 3 1
87 c 56 37 89 0 209 10 6 4
88 c 35 69 90 180 210 10 23 15
89 c 37 31 90 0 210 10 14 19 94
90 c 31 67 91 180 210 10 3 1
91 c 55 60 91 0 211 10 16 20
92 c 57 48 92 0 212 10 23 22 93 94
93 c 45 65 94 0 214 10 9 1
94 c 55 54 94 0 214 10 26 24
95 c 27 43 95 0 215 10 9 9
96 c 26 52 95 0 215 10 9 1
97 c 49 58 97 0 217 10 10 19
98 c 49 42 97 0 217 10 13 18
99 c 47 47 102 192 222 10 13 16
100 c 37 47 105 0 225 10 6 9

