StringID Type x y release ReadyTime DueDate ServiceTime weight volume Item_Conflitante1 Item_Conflitante2 Item_Conflitante3 Item_Conflitante4 Item_Conflitante5 Peso_Total Volume_Total
0 d 40 50 0 0 3390 0 0 0      700 700
1 c 67 85 0 694 854 90 20 23 57 90
2 c 53 35 0 213 373 90 50 50 94
3 c 45 35 0 680 840 90 10 15 8 15
4 c 47 40 0 12 172 90 10 6 74
5 c 50 35 0 120 280 90 20 25 11 13 31 86 90
6 c 38 5 0 1442 1602 90 30 32 26 44
7 c 42 15 0 1065 1225 90 10 13 15
8 c 44 5 0 1256 1416 90 20 12 74
9 c 55 80 0 407 567 90 10 2 28
10 c 0 40 0 1063 1223 90 30 24 23 83
11 c 55 85 0 502 662 90 20 16 58
12 c 60 66 0 1261 1421 90 10 4 20 78 81 94
13 c 70 58 681 1641 1801 90 20 17 76
14 c 14 66 681 1643 1803 90 10 1 19 37 71
15 c 32 20 681 1913 2073 90 10 3 93 99
16 c 90 35 681 2131 2291 90 10 8 32 79 92
17 c 20 80 681 2216 2376 90 40 34 64
18 c 22 75 1163 2405 2565 90 30 35 38 40 60 68
19 c 22 66 1163 2504 2664 90 40 33 58 66
20 c 28 70 1163 2601 2761 90 10 12
21 c 87 30 1163 2608 2768 90 10 20 37
22 c 35 69 1163 2698 2858 90 10 5 25 70
23 c 34 60 1365 2887 3047 90 20 10 58
24 c 72 45 1365 2900 3060 90 10 2 65
25 c 95 30 1579 0 3241 90 30 33 54
26 c 95 35 1579 0 3242 90 20 29 100
27 c 92 30 1579 0 3244 90 10 1
28 c 85 25 1579 0 3248 90 10 17 36 41 54
29 c 85 35 1579 0 3252 90 30 26 87
30 c 86 46 1579 0 3253 90 30 37 61 99 100
31 c 35 5 1579 0 3254 90 20 23 32 34 57
32 c 40 5 1579 0 3255 90 30 31 64
33 c 64 46 1579 3097 3257 90 20 11 42 43 97
34 c 60 85 1579 0 3259 90 30 40
35 c 38 10 1579 0 3259 90 10 3 43 55 86
36 c 65 82 1579 0 3259 90 10 17 39 99
37 c 0 45 1579 0 3259 90 20 23
38 c 42 10 1579 0 3259 90 40 33 41 66
39 c 20 85 1579 0 3259 90 40 38 52 67 86
40 c 78 40 1579 0 3260 90 20 18 64
41 c 22 85 1579 0 3260 90 10 5 43 96
42 c 2 40 1579 0 3260 90 20 25
43 c 15 80 1579 0 3260 90 10 1 81
44 c 25 85 1579 0 3261 90 20 16
45 c 5 35 1579 0 3261 90 10 20
46 c 62 80 1579 0 3262 90 30 22
47 c 4 55 1579 0 3263 90 20 22
48 c 5 45 1579 0 3264 90 10 3 66 94
49 c 75 55 1579 0 3264 90 20 24 97
50 c 38 15 1579 0 3264 90 40 39 75 84
51 c 15 75 1579 0 3264 90 20 26
52 c 8 62 1579 0 3265 90 10 15 68
53 c 8 40 1579 0 3266 90 40 42 96
54 c 10 35 1579 0 3266 90 20 13
55 c 18 75 1579 0 3266 90 20 29 94
56 c 72 55 1579 0 3267 90 10 15
57 c 8 45 1579 0 3267 90 20 13 98
58 c 36 18 1579 0 3267 90 10 4 65 100
59 c 10 40 1579 0 3268 90 30 32 64
60 c 48 20 1579 0 3268 90 10 19
61 c 58 75 1579 0 3269 90 20 16 100
62 c 62 69 1579 0 3270 90 10 5 87
63 c 52 75 1579 0 3272 90 10 16
64 c 58 70 1579 0 3273 90 20 18 83
65 c 65 60 1579 0 3273 90 30 33
66 c 66 55 1579 0 3273 90 10 17
67 c 44 25 1579 0 3274 90 10 9 75
68 c 16 42 1579 0 3274 90 20 25 88
69 c 34 25 1579 0 3274 90 30 40
70 c 62 40 1580 0 3275 90 10 17 79 80
71 c 25 30 1580 0 3275 90 10 6
72 c 53 30 1582 0 3276 90 10 19 75
73 c 60 60 1582 0 3277 90 10 10
74 c 30 30 1582 0 3277 90 10 15 92
75 c 26 32 1582 0 3277 90 10 3
76 c 50 30 1582 0 3277 90 10 1
77 c 25 35 1587 0 3278 90 10 11
78 c 56 64 1587 0 3278 90 10 8
79 c 48 30 1587 0 3278 90 10 1
80 c 42 30 1587 0 3279 90 10 17
81 c 60 55 1587 0 3279 90 10 20
82 c 45 70 1587 0 3279 90 30 34
83 c 20 55 1587 0 3279 90 10 9 89
84 c 20 50 1587 0 3280 90 10 3
85 c 33 32 1587 0 3280 90 20 17
86 c 30 35 1587 0 3281 90 10 16
87 c 35 32 1587 0 3281 90 10 8
88 c 23 52 1587 0 3282 90 10 8
89 c 33 35 1588 0 3283 90 10 7 96
90 c 47 35 1588 0 3283 90 10 13
91 c 35 66 1588 0 3283 90 10 4
92 c 45 65 1589 0 3284 90 20 14
93 c 42 65 1589 0 3284 90 10 8
94 c 50 40 1590 0 3285 90 50 46
95 c 25 50 1590 0 3285 90 10 13
96 c 28 52 1592 0 3287 90 20 27
97 c 30 56 1593 0 3288 90 20 30
98 c 36 40 1594 0 3289 90 10 19
99 c 30 50 1595 0 3290 90 10 1
100 c 42 58 1596 0 3291 90 40 47

