StringID Type x y release ReadyTime DueDate ServiceTime weight volume Item_Conflitante1 Item_Conflitante2 Item_Conflitante3 Item_Conflitante4 Item_Conflitante5 Peso_Total Volume_Total
0 d 40 50 0 0 1236 0 0 0      200 200
1 c 5 35 43 224 404 90 10 16 25 49
2 c 53 35 43 293 473 90 50 54 12
3 c 0 40 43 411 591 90 30 38 4 25 53 79 89
4 c 35 30 43 203 383 90 10 1 38 67
5 c 35 32 43 111 291 90 10 1 29 96
6 c 33 32 43 19 199 90 20 30 91
7 c 33 35 43 16 196 90 10 19 34 44 88
8 c 32 30 43 296 476 90 10 7
9 c 30 32 43 389 569 90 30 28
10 c 65 55 43 25 205 90 20 16 33 40
11 c 66 55 43 116 296 90 10 5 33 34 36 64
12 c 70 58 43 401 581 90 20 19 33 44 86
13 c 72 55 43 212 392 90 10 4 30 73
14 c 44 5 43 227 407 90 20 27 21 25 67
15 c 60 55 43 20 200 90 10 6 18 52 80
16 c 42 10 43 132 312 90 40 38 72 98
17 c 40 5 43 321 501 90 30 29 35 37 55 72 88
18 c 40 15 43 35 215 90 40 48 22
19 c 38 5 43 413 593 90 30 28 52
20 c 75 55 43 305 485 90 20 24 58 81
21 c 50 35 43 200 380 90 20 15
22 c 50 40 43 105 285 90 50 57 35 59 68
23 c 48 40 43 13 193 90 10 11 27
24 c 85 35 43 47 227 90 30 35 67
25 c 47 40 43 12 192 90 10 13
26 c 88 35 43 50 230 90 20 13 78 81 97
27 c 95 30 43 332 512 90 30 26 53 71 72 74
28 c 95 35 43 237 417 90 20 28 54
29 c 53 30 43 388 568 90 10 12 75
30 c 92 30 43 425 605 90 10 6 64 100
31 c 42 15 43 37 217 90 10 9 72
32 c 8 40 43 33 213 90 40 33 52 74
33 c 2 40 43 319 499 90 20 10
34 c 10 35 43 129 309 90 20 13 80
35 c 58 75 43 30 210 90 20 28 47
36 c 42 66 43 16 196 90 10 1
37 c 60 80 43 36 216 90 10 17
38 c 42 65 43 15 195 90 10 9 48 75
39 c 40 66 43 108 288 90 20 30 95
40 c 38 68 43 200 380 90 20 14 80
41 c 35 66 43 294 474 90 10 2
42 c 35 69 43 387 567 90 10 16 48
43 c 62 80 43 128 308 90 30 31
44 c 22 75 43 30 210 90 30 38 60 69
45 c 20 80 43 317 497 90 40 39 79 86
46 c 10 40 43 31 211 90 30 33
47 c 18 75 43 34 214 90 20 26 61 70
48 c 15 75 43 127 307 90 20 21 74
49 c 15 80 43 222 402 90 10 16 77
50 c 20 85 43 412 592 90 40 40 89 93
51 c 30 50 43 10 190 90 10 1
52 c 20 55 43 387 567 90 10 3
53 c 20 50 43 292 472 90 10 14 60
54 c 23 52 43 199 379 90 10 14 64
55 c 25 52 43 107 287 90 40 41
56 c 25 50 43 15 195 90 10 9
57 c 90 35 43 142 322 90 10 17 63
58 c 65 82 43 221 401 90 10 12
59 c 65 85 43 407 587 90 40 40 95 100
60 c 67 85 43 315 495 90 20 28 61
61 c 38 70 43 480 660 90 10 15 64
62 c 23 55 43 480 660 90 20 13
63 c 30 30 43 481 661 90 10 20
64 c 50 30 43 481 661 90 10 12 88 91
65 c 68 60 267 494 674 90 30 32
66 c 60 85 267 502 682 90 30 26
67 c 22 85 267 504 684 90 10 17 71 77
68 c 35 5 267 506 686 90 20 10
69 c 0 45 267 506 686 90 20 18
70 c 88 30 267 519 699 90 10 20
71 c 25 55 267 572 752 90 10 19
72 c 40 69 267 572 752 90 20 26
73 c 48 30 267 573 753 90 10 6
74 c 28 30 267 573 753 90 10 14
75 c 65 60 267 587 767 90 30 39
76 c 55 85 267 597 777 90 20 26 85
77 c 25 85 267 597 777 90 20 23 86
78 c 5 45 267 601 781 90 10 9
79 c 38 15 267 606 786 90 10 5 91
80 c 87 30 267 610 790 90 10 14
81 c 42 68 267 665 845 90 10 19 96
82 c 28 55 267 665 845 90 10 16
83 c 45 30 267 666 846 90 10 6
84 c 25 30 267 666 846 90 10 11 96
85 c 63 58 267 680 860 90 10 16
86 c 55 80 267 692 872 90 10 1
87 c 8 45 267 694 874 90 20 22 88
88 c 85 25 267 705 885 90 10 18
89 c 45 70 415 758 938 90 30 33
90 c 28 52 415 758 938 90 20 22
91 c 26 32 415 758 938 90 10 10 94
92 c 47 35 415 761 941 90 10 19
93 c 60 60 415 773 953 90 10 18
94 c 30 52 415 850 1030 90 20 12
95 c 45 68 415 850 1030 90 10 15
96 c 25 35 415 851 1031 90 10 7 100
97 c 45 35 415 853 1033 90 10 20
98 c 45 65 505 943 1123 90 20 30
99 c 28 35 506 944 1124 90 10 9
100 c 30 35 509 947 1127 90 10 20

