StringID Type x y release ReadyTime DueDate ServiceTime weight volume Item_Conflitante1 Item_Conflitante2 Item_Conflitante3 Item_Conflitante4 Item_Conflitante5 Item_Conflitante6 Item_Conflitante7 Peso_Total Volume_Total
0 d 40 50 0 0 960 0 0 0        1000 1000
1 c 38 5 0 231 291 10 30 39 18
2 c 12 24 0 389 449 10 13 13 54 98
3 c 20 50 0 405 465 10 5 1
4 c 53 43 0 14 74 10 14 8 90
5 c 95 35 0 138 273 10 20 18 28
6 c 92 30 0 78 339 10 10 3 34 54 87
7 c 90 35 0 132 375 10 10 7 10 37 41
8 c 88 30 0 252 359 10 10 8 82 83
9 c 26 35 0 338 398 10 15 25 22 35 74
10 c 24 58 0 262 377 10 19 27 92 97 98
11 c 85 25 0 71 208 10 10 15 60
12 c 2 45 0 38 322 10 10 15 50 83
13 c 20 82 0 37 177 10 10 6 43 44 76
14 c 65 85 0 43 186 10 40 32 31 38 44 69
15 c 55 82 0 247 307 10 10 4 34 41
16 c 62 80 0 308 368 10 30 29 58 89
17 c 60 80 0 46 201 10 10 1 34 68
18 c 45 65 0 214 421 10 9 19 22 34
19 c 60 85 0 339 438 10 30 27 33 69 74
20 c 65 35 0 197 257 10 3 1 21 62
21 c 10 35 0 401 461 10 20 15 67
22 c 6 68 0 382 442 10 30 27 34 50 84
23 c 60 12 0 298 358 10 31 39 41 55 62 72 74 76 91
24 c 2 60 0 240 451 10 5 14 40
25 c 65 55 0 191 410 10 14 18 96
26 c 31 52 0 187 247 10 27 20 90
27 c 15 80 0 397 457 10 10 1 43
28 c 42 10 0 199 428 10 40 36 94
29 c 64 42 0 298 358 10 9 17 92
30 c 55 80 0 33 166 10 10 11
31 c 35 40 0 11 140 10 16 26 44 54 55
32 c 45 30 0 191 310 10 17 27
33 c 5 45 0 35 366 10 10 5 45
34 c 2 40 0 204 264 10 20 18 38 69
35 c 0 40 0 204 425 10 20 13 43
36 c 65 20 0 39 316 10 6 1
37 c 8 40 0 225 285 10 40 39 57 81
38 c 8 56 201 366 483 10 27 24 74
39 c 44 5 201 306 483 10 20 22 72
40 c 57 29 201 425 485 10 18 17 85
41 c 40 15 201 383 486 10 40 47 60 71
42 c 58 75 201 377 494 10 20 14
43 c 27 43 201 14 494 10 9 8
44 c 26 52 201 14 494 10 9 3
45 c 49 58 201 332 497 10 10 9 50
46 c 55 20 201 273 498 10 19 26 53
47 c 37 31 201 19 499 10 14 7 77 92
48 c 56 37 201 20 500 10 6 5 59 97
49 c 18 75 201 393 502 10 20 26
50 c 25 30 201 25 505 10 3 1
51 c 21 24 201 310 507 10 28 24 83 86
52 c 63 65 201 27 507 10 8 12 56
53 c 22 75 201 30 510 10 30 32 71
54 c 20 85 201 40 520 10 20 30 67
55 c 10 20 201 42 522 10 19 12 59 64
56 c 8 45 201 43 523 10 20 10 87
57 c 40 5 201 45 525 10 10 12
58 c 37 47 201 311 526 10 6 11
59 c 88 35 201 50 530 10 20 30 61
60 c 5 5 201 57 537 10 16 6 67 73
61 c 42 12 201 460 539 10 10 9
62 c 30 25 201 342 571 10 23 28
63 c 15 75 201 120 600 10 20 25 80
64 c 10 40 201 535 622 10 30 31
65 c 63 23 201 164 644 10 2 1
66 c 18 80 201 432 665 10 10 6
67 c 50 35 201 560 673 10 19 24 94 95
68 c 41 37 201 570 681 10 16 23 81
69 c 30 60 307 629 689 10 16 12
70 c 57 48 307 212 692 10 23 29
71 c 4 18 307 516 697 10 35 42
72 c 42 15 307 494 699 10 10 20
73 c 40 60 307 613 730 10 21 18
74 c 20 80 307 674 734 10 40 34 92 93
75 c 20 20 307 675 735 10 8 11
76 c 55 85 307 531 736 10 20 16 88
77 c 5 35 307 683 743 10 10 11
78 c 55 60 307 554 767 10 16 21 94
79 c 22 85 307 291 771 10 10 7
80 c 67 85 307 655 778 10 20 11
81 c 85 35 307 307 787 10 30 27
82 c 87 30 377 562 799 10 10 3
83 c 72 35 377 327 807 10 30 31
84 c 0 45 377 698 827 10 20 12
85 c 95 30 377 349 829 10 30 21 97
86 c 23 3 377 794 854 10 7 3
87 c 65 82 377 377 857 10 10 13
88 c 55 54 382 382 862 10 26 26
89 c 38 15 392 609 872 10 10 13 97
90 c 35 5 424 821 881 10 20 24
91 c 15 60 424 623 884 10 17 21
92 c 67 5 424 611 897 10 25 29
93 c 15 10 424 842 902 10 20 29 97
94 c 42 5 424 424 904 10 10 19
95 c 25 85 431 431 911 10 20 30
96 c 61 52 448 789 928 10 3 13
97 c 35 69 450 780 930 10 23 27 98
98 c 31 67 450 870 930 10 3 4
99 c 49 42 457 457 937 10 13 4
100 c 47 47 462 817 942 10 13 9

