StringID Type x y release ReadyTime DueDate ServiceTime weight volume Item_Conflitante1 Item_Conflitante2 Item_Conflitante3 Item_Conflitante4 Item_Conflitante5 Peso_Total Volume_Total
0 d 35 35 0 0 1000 0 0 0      1000 1000
1 c 5 5 94 234 474 10 16 11 48 78
2 c 67 5 94 228 468 10 25 32 14
3 c 37 47 94 108 348 10 6 12 23 50 66
4 c 24 58 94 113 353 10 19 25 31 54 93
5 c 49 42 94 212 452 10 13 19 89
6 c 55 5 94 146 386 10 29 38 14 37 68 84
7 c 30 5 94 118 358 10 8 3 41 73 99
8 c 20 65 94 146 386 10 12 10 41
9 c 11 14 94 167 407 10 18 21 33 58 61
10 c 22 22 94 18 258 10 2 7 31 50
11 c 20 26 94 263 503 10 9 8 12 75 98
12 c 57 48 94 307 547 10 23 24
13 c 28 18 94 314 554 10 26 30 45 63 72 88 93
14 c 10 43 94 323 563 10 9 11 56
15 c 55 60 94 329 569 10 16 23 49 53 61
16 c 37 31 94 332 572 10 14 16 33 78
17 c 11 31 94 354 594 10 7 6 42 100
18 c 63 23 379 560 800 10 2 1 95
19 c 55 20 379 620 860 10 19 20 55 68
20 c 46 13 379 622 862 10 8 15
21 c 30 25 379 639 879 10 23 30 48 52
22 c 62 77 440 0 940 10 20 26 68 83 87
23 c 15 77 443 0 943 10 9 6 53
24 c 6 68 446 0 946 10 30 28 91
25 c 2 60 448 0 948 10 5 1
26 c 63 65 450 0 948 10 8 1 37
27 c 49 73 450 0 949 10 25 23 51 58
28 c 57 68 450 0 950 10 15 17 67 73 88
29 c 65 55 453 0 953 10 14 9 60
30 c 2 48 454 0 954 10 1 1 41 93
31 c 4 18 454 0 954 10 35 43 57 69
32 c 23 3 455 0 955 10 7 5 60
33 c 8 56 455 0 955 10 27 32 40 67
34 c 27 69 455 0 955 10 10 1
35 c 60 12 456 0 956 10 31 26
36 c 65 20 456 716 956 10 6 11
37 c 35 69 456 0 956 10 23 16 52 58
38 c 15 60 457 0 957 10 17 14 49 64 71
39 c 15 10 457 0 957 10 20 14
40 c 31 67 457 0 957 10 3 1 88
41 c 45 65 458 0 958 10 9 11 95
42 c 61 52 458 0 958 10 3 1 58
43 c 5 30 459 0 959 10 2 1 94
44 c 53 12 460 0 960 10 6 1
45 c 64 42 460 0 960 10 9 2 51
46 c 65 35 460 0 960 10 3 7
47 c 10 20 460 0 960 10 19 26 51 52 89
48 c 6 38 460 0 960 10 16 26 61 85 88
49 c 42 7 461 0 961 10 5 9 55
50 c 13 52 462 0 962 10 36 26 51 76 84
51 c 49 11 462 0 962 10 18 9
52 c 55 54 463 0 962 10 26 24 92
53 c 49 58 463 0 963 10 10 1 63
54 c 45 10 463 0 963 10 18 24 94
55 c 24 12 464 0 964 10 5 10
56 c 40 60 464 0 964 10 21 31 70
57 c 30 60 464 0 964 10 16 12
58 c 15 19 464 0 964 10 1 2 60
59 c 12 24 464 0 964 10 13 22
60 c 18 18 465 725 965 10 17 21 98
61 c 53 52 465 0 965 10 11 4
62 c 32 12 466 0 966 10 7 7 82
63 c 16 22 466 0 966 10 41 41
64 c 15 47 466 0 966 10 16 18 77
65 c 47 16 467 0 967 10 25 35
66 c 57 29 467 0 967 10 18 20 82
67 c 55 45 467 0 967 10 13 12
68 c 20 50 468 0 968 10 5 1
69 c 37 56 468 0 968 10 5 2
70 c 56 37 468 0 968 10 6 10
71 c 20 20 468 0 968 10 8 15
72 c 19 21 468 0 968 10 10 11 77
73 c 56 39 468 0 968 10 36 39 100
74 c 14 37 468 0 968 10 11 14
75 c 44 17 469 0 969 10 9 12 79
76 c 18 24 469 0 969 10 22 30 79
77 c 15 30 469 0 969 10 26 24 91 98
78 c 26 52 470 0 970 10 9 4 100
79 c 53 43 470 730 970 10 14 8 94
80 c 45 20 471 0 971 10 11 2 94
81 c 17 34 471 0 971 10 3 3
82 c 35 17 472 0 972 10 7 8 89
83 c 25 21 472 0 972 10 12 14 98
84 c 21 24 472 0 972 10 28 20 91
85 c 31 52 472 0 972 10 27 37
86 c 47 47 473 0 973 10 13 21
87 c 20 40 474 0 974 10 12 12
88 c 41 49 474 0 974 10 10 18
89 c 22 27 474 0 974 10 11 6
90 c 25 24 475 0 975 10 20 14 100
91 c 50 35 475 0 975 10 19 29 94
92 c 26 27 477 0 977 10 27 20
93 c 25 30 478 0 978 10 3 10
94 c 45 30 478 0 978 10 17 13
95 c 40 25 478 0 978 10 9 14
96 c 27 43 478 0 978 10 9 6
97 c 36 26 480 740 980 10 18 19
98 c 26 35 481 0 981 10 15 24
99 c 41 37 483 0 983 10 16 22
100 c 35 40 485 0 985 10 16 26

