StringID Type x y release ReadyTime DueDate ServiceTime weight volume Item_Conflitante1 Item_Conflitante2 Item_Conflitante3 Item_Conflitante4 Peso_Total Volume_Total
0 d 40 50 0 0 1236 0 0 0     200 200
1 c 0 40 10 474 527 90 30 25
2 c 35 30 10 240 345 90 10 19 44 45
3 c 35 32 10 123 278 90 10 2 35 87
4 c 33 32 10 19 225 90 20 17 43 66 93
5 c 32 30 10 338 433 90 10 15 33 36 44 47
6 c 30 32 10 415 542 90 30 20 23 54
7 c 62 80 10 163 272 90 30 25 67 76
8 c 65 82 10 227 394 90 10 16 22 33 88
9 c 65 85 10 442 551 90 40 40
10 c 67 85 10 229 580 90 20 26 14 52
11 c 44 5 10 221 412 90 20 30 15 91 93
12 c 42 10 10 96 347 90 40 44 18 87 89
13 c 42 15 10 35 233 90 10 20 100
14 c 40 5 10 347 474 90 30 27 17 37
15 c 40 15 10 35 172 90 40 37 38
16 c 38 5 10 403 602 90 30 30
17 c 50 35 10 217 362 90 20 25 76 81 97
18 c 72 55 10 127 476 90 10 15 34 94
19 c 75 55 10 311 478 90 20 17 51
20 c 85 35 10 47 331 90 30 33
21 c 88 35 10 50 237 90 20 20 25 53
22 c 90 35 10 153 310 90 10 17 68
23 c 65 55 10 25 256 90 20 29
24 c 2 40 10 365 452 90 20 30 31 63 85 91
25 c 53 35 10 294 471 90 50 48 56 82
26 c 95 35 10 181 472 90 20 30 56
27 c 95 30 10 266 577 90 30 27 49 94
28 c 47 40 10 12 226 90 10 1 94 97 98
29 c 60 55 10 20 293 90 10 2 41 87
30 c 48 40 10 34 171 90 10 16 71
31 c 50 40 10 142 247 90 50 60 35
32 c 53 30 10 402 553 90 10 11 36
33 c 5 35 10 251 376 90 10 5 84
34 c 33 35 10 16 153 90 10 16 43 61
35 c 8 40 10 42 203 90 40 36
36 c 15 80 10 274 349 90 10 9 60
37 c 15 75 10 172 261 90 20 19 67 81 94 99
38 c 18 75 10 105 142 90 20 19 55
39 c 20 85 10 478 525 90 40 47
40 c 20 80 10 392 421 90 40 41 52
41 c 22 85 10 571 616 90 10 5
42 c 30 50 10 10 77 90 10 14 43 96 98 100
43 c 22 75 10 30 95 90 30 39
44 c 35 66 10 361 406 90 10 2 47
45 c 38 68 10 250 329 90 20 13 54 71
46 c 40 66 10 172 223 90 20 29 51 57
47 c 42 65 10 15 60 90 10 16 62 73
48 c 42 66 10 55 156 90 10 18
49 c 58 75 10 30 227 90 20 22 84
50 c 35 69 10 450 503 90 10 5 66 92 100
51 c 60 80 10 36 291 90 10 4 69
52 c 66 55 10 67 344 90 10 8 66 72
53 c 25 50 10 55 154 90 10 13 86
54 c 10 40 10 31 189 90 30 26 77 84
55 c 25 52 10 172 221 90 40 48
56 c 10 35 10 204 233 90 20 11 69 90
57 c 23 52 10 264 313 90 10 15 69
58 c 20 55 10 452 501 90 10 12 87 92
59 c 23 55 10 553 586 90 20 30 62
60 c 20 50 10 365 398 90 10 11 100
61 c 30 30 10 513 628 90 10 12 75
62 c 70 58 291 349 632 90 20 26 67
63 c 0 45 291 541 650 90 20 15
64 c 38 70 291 489 650 90 10 17
65 c 92 30 291 345 684 90 10 1
66 c 68 60 291 476 691 90 30 36
67 c 35 5 291 487 704 90 20 12
68 c 25 55 291 612 711 90 10 8 69
69 c 60 85 291 469 714 90 30 40 88
70 c 50 30 291 422 719 90 10 3
71 c 25 85 291 647 726 90 20 18 74
72 c 28 30 291 599 726 90 10 2 88
73 c 5 45 291 648 733 90 10 4 75
74 c 48 30 291 567 758 90 10 19 86
75 c 40 69 291 559 764 90 20 12
76 c 88 30 291 450 767 90 10 14 79 99
77 c 28 55 291 739 770 90 10 7
78 c 45 30 291 716 795 90 10 12 79
79 c 42 68 291 703 806 90 10 13 94
80 c 65 60 291 546 807 90 30 32 81
81 c 25 30 291 695 816 90 10 5
82 c 87 30 291 567 832 90 10 10 97
83 c 8 45 291 715 852 90 20 24
84 c 38 15 291 521 870 90 10 4 100
85 c 85 25 291 713 876 90 10 19
86 c 45 70 291 816 879 90 30 35 87
87 c 55 85 291 493 880 90 20 16
88 c 28 52 291 806 889 90 20 13 95
89 c 47 35 291 794 907 90 10 13
90 c 63 58 291 630 909 90 10 19
91 c 26 32 406 779 916 90 10 17
92 c 60 60 406 769 956 90 10 13 98
93 c 30 52 406 918 961 90 20 13
94 c 55 80 406 595 968 90 10 9
95 c 45 68 406 890 989 90 10 8
96 c 45 35 406 873 1012 90 10 7
97 c 25 35 406 857 1024 90 10 12
98 c 45 65 496 951 1114 90 20 27
99 c 28 35 508 917 1126 90 10 1
100 c 30 35 509 872 1127 90 10 6

