StringID Type x y release ReadyTime DueDate ServiceTime weight volume Item_Conflitante1 Item_Conflitante2 Item_Conflitante3 Peso_Total Volume_Total
0 d 35 35 0 0 1000 0 0 0    1000 1000
1 c 8 56 123 34 362 10 27 22 19 77
2 c 57 68 123 218 417 10 15 11 7
3 c 28 18 123 380 487 10 26 25 49 84
4 c 47 16 123 22 377 10 25 20 49 76 100
5 c 41 37 123 44 325 10 16 10 91 92
6 c 64 42 123 129 374 10 9 19
7 c 40 60 123 115 498 10 21 23
8 c 31 52 123 91 336 10 27 30 35
9 c 44 17 123 263 444 10 9 14 60
10 c 49 11 123 182 399 10 18 19 82
11 c 27 43 123 111 362 10 9 1 42 46
12 c 14 37 123 21 328 10 11 18 41 60 76
13 c 15 47 123 99 352 10 16 8 31 74
14 c 55 54 123 388 479 10 26 16 89
15 c 49 42 123 166 497 10 13 14 16 95
16 c 15 60 123 215 432 10 17 14 61
17 c 20 40 123 349 462 10 12 6 21
18 c 45 20 123 156 389 10 11 7
19 c 10 20 123 222 423 10 19 21
20 c 19 21 123 122 367 10 10 14 36 74
21 c 35 17 123 74 351 10 7 13 70 81
22 c 25 24 123 22 301 10 20 28
23 c 15 30 123 20 370 10 26 24 25
24 c 27 69 123 34 348 10 10 13 45 48 86
25 c 20 50 123 292 449 10 5 14 30
26 c 50 35 123 170 403 10 19 19 47
27 c 12 24 123 246 421 10 13 18
28 c 21 24 123 17 441 10 28 28
29 c 15 10 123 32 454 10 20 12 40 70
30 c 11 14 123 72 501 10 18 26 74
31 c 4 18 123 350 503 10 35 44
32 c 16 22 123 333 504 10 41 32 71
33 c 49 58 123 296 505 10 10 4 53 76 81
34 c 20 65 123 33 510 10 12 19 50 70 100
35 c 55 5 123 36 513 10 29 34 77 93
36 c 15 77 123 46 523 10 9 4
37 c 30 5 123 30 529 10 8 1
38 c 31 67 123 345 534 10 3 1
39 c 37 47 123 12 535 10 6 1 68
40 c 26 27 123 403 536 10 27 17
41 c 26 52 123 114 553 10 9 4 64 77
42 c 40 25 123 243 554 10 9 7
43 c 5 5 123 147 560 10 16 12
44 c 67 5 123 132 563 10 25 29 50
45 c 20 26 123 185 580 10 9 11 86
46 c 57 48 123 273 580 10 23 30 67 90
47 c 24 58 123 25 583 10 19 25
48 c 32 12 123 366 585 10 7 5 73
49 c 6 68 123 444 597 10 30 28
50 c 10 43 123 288 597 10 9 16 67
51 c 37 31 123 301 602 10 14 16 68
52 c 62 77 123 49 608 10 20 13
53 c 35 40 123 5 612 10 16 18
54 c 55 45 123 498 613 10 13 17
55 c 24 12 123 25 616 10 5 2 98
56 c 45 10 123 280 623 10 18 10
57 c 11 31 280 323 624 10 7 7 65
58 c 55 60 280 254 643 10 16 10
59 c 53 52 280 24 646 10 11 20 80
60 c 65 55 280 487 656 10 14 4 88 93
61 c 25 30 280 266 663 10 3 13
62 c 6 38 280 29 669 10 16 18 63 72 80
63 c 61 52 280 212 671 10 3 13
64 c 22 22 280 18 673 10 2 1 76
65 c 42 7 280 225 682 10 5 4
66 c 2 48 280 458 685 10 1 2 69 70
67 c 47 47 280 499 690 10 13 3
68 c 25 21 280 582 703 10 12 21
69 c 45 30 280 548 707 10 17 21
70 c 45 65 280 538 709 10 9 9 88
71 c 2 60 280 41 710 10 5 13
72 c 30 60 280 496 713 10 16 6 95
73 c 22 27 280 565 732 10 11 18 93
74 c 20 20 280 563 736 10 8 8 91
75 c 23 3 280 578 747 10 7 9
76 c 57 29 280 595 780 10 18 9 78 84
77 c 60 12 351 33 797 10 31 39
78 c 35 69 351 602 835 10 23 27
79 c 49 73 351 440 845 10 25 35
80 c 53 12 351 426 851 10 6 1
81 c 63 23 430 442 917 10 2 5
82 c 65 35 430 633 918 10 3 5 86 89
83 c 41 49 430 636 919 10 10 3 98
84 c 56 39 430 464 925 10 36 44
85 c 15 19 430 675 930 10 1 1
86 c 17 34 432 651 932 10 3 1 94
87 c 63 65 448 439 948 10 8 15
88 c 65 20 456 400 956 10 6 15
89 c 5 30 459 409 959 10 2 5
90 c 13 52 462 694 962 10 36 37
91 c 46 13 465 479 965 10 8 3
92 c 55 20 465 470 965 10 19 21
93 c 18 18 465 297 965 10 17 8
94 c 56 37 469 452 968 10 6 1
95 c 37 56 469 249 968 10 5 4
96 c 18 24 469 339 969 10 22 28
97 c 53 43 470 430 970 10 14 23
98 c 30 25 478 426 978 10 23 26
99 c 36 26 480 458 980 10 18 28
100 c 26 35 481 649 981 10 15 10

