StringID Type x y release ReadyTime DueDate ServiceTime weight volume Item_Conflitante1 Item_Conflitante2 Item_Conflitante3 Item_Conflitante4 Item_Conflitante5 Item_Conflitante6 Peso_Total Volume_Total
0 d 40 50 0 0 240 0 0 0       200 200
1 c 65 55 0 65 95 10 14 14 10 29 73 92 99
2 c 65 85 0 43 73 10 40 43 3 33
3 c 37 31 0 35 65 10 14 14
4 c 62 80 0 75 105 10 30 38
5 c 60 80 0 37 67 10 10 8 14
6 c 60 85 0 85 115 10 30 32
7 c 55 80 0 33 63 10 10 19 13 71
8 c 27 43 0 42 72 10 9 7 15 42 43 72
9 c 55 82 0 64 94 10 10 11 25 51 76 77 88 98
10 c 20 82 0 37 67 10 10 19 47 73
11 c 2 45 0 45 75 10 10 2
12 c 49 58 0 86 116 10 10 13
13 c 26 35 0 77 107 10 15 12 14 26 56
14 c 85 25 0 51 81 10 10 19 33 67 74
15 c 55 20 0 83 113 10 19 24 90
16 c 6 68 0 89 119 10 30 31 61
17 c 8 56 0 90 120 10 27 26 60 74 90
18 c 60 12 0 75 105 10 31 21
19 c 5 5 0 74 104 10 16 9 56
20 c 10 20 0 42 72 10 19 28 37 82 98
21 c 2 60 0 77 107 10 5 11 71 72
22 c 45 65 0 66 96 10 9 1 85
23 c 65 35 0 52 82 10 3 1 54
24 c 65 20 0 39 69 10 6 15 44
25 c 45 30 0 53 83 10 17 14 44
26 c 35 40 0 11 41 10 16 23 29 38 62
27 c 63 65 0 30 60 10 8 12 28 58
28 c 64 42 0 70 100 10 9 8 61
29 c 25 30 0 52 82 10 3 6
30 c 63 23 0 87 117 10 2 4 71
31 c 31 52 0 41 71 10 27 36 47
32 c 88 30 0 74 104 10 10 1
33 c 26 52 0 46 76 10 9 1
34 c 22 75 0 50 80 10 30 32 39 68 74 82
35 c 56 37 0 34 64 10 6 1 38
36 c 20 85 0 41 71 10 20 28 48
37 c 15 75 0 79 109 10 20 16 79
38 c 8 40 0 59 89 10 40 45 59 91 92
39 c 8 45 0 64 94 10 20 22 79
40 c 53 43 0 14 44 10 14 19 46
41 c 5 45 1 35 65 10 10 3 68
42 c 2 40 1 58 88 10 20 23
43 c 88 35 1 61 91 10 20 30
44 c 37 47 1 86 116 10 6 1
45 c 44 5 1 87 117 10 20 25 82
46 c 0 40 1 72 102 10 20 16
47 c 42 10 1 72 102 10 40 50
48 c 24 58 1 67 97 10 19 18
49 c 90 35 1 67 97 10 10 17 69
50 c 40 5 1 67 97 10 10 1 87 96
51 c 38 5 1 65 95 10 30 29 98
52 c 12 24 1 90 120 10 13 12 70 84
53 c 21 24 1 87 117 10 28 22 72 81 83
54 c 92 30 1 62 92 10 10 8
55 c 95 35 1 62 92 10 20 30 83 86 89 99 100
56 c 20 50 1 91 121 10 5 11 76 86
57 c 10 35 1 91 121 10 20 19 68
58 c 15 80 1 91 121 10 10 15 62 73
59 c 40 15 14 92 122 10 40 34 93
60 c 58 75 14 92 122 10 20 23
61 c 18 75 14 95 125 10 20 20
62 c 57 48 14 95 125 10 23 29 94
63 c 57 29 14 96 126 10 18 18
64 c 30 25 14 96 126 10 23 19
65 c 42 12 14 104 134 10 10 8 96
66 c 22 85 34 109 139 10 10 1
67 c 85 35 34 111 141 10 30 29 74
68 c 18 80 34 113 143 10 10 16
69 c 95 30 34 115 145 10 30 38
70 c 72 35 34 116 146 10 30 29
71 c 10 40 34 119 149 10 30 35 75
72 c 4 18 34 120 150 10 35 34 86 92
73 c 42 15 34 122 152 10 10 8 95
74 c 65 82 34 124 154 10 10 5 95
75 c 55 85 38 128 158 10 20 19
76 c 50 35 40 130 160 10 19 17
77 c 87 30 41 131 161 10 10 10 82 94 98
78 c 55 54 43 132 162 10 26 20
79 c 41 37 43 133 163 10 16 14
80 c 55 60 51 139 169 10 16 18
81 c 67 85 51 139 169 10 20 24
82 c 30 60 51 140 170 10 16 21 87 99
83 c 20 20 51 141 171 10 8 3
84 c 20 80 51 141 171 10 40 42 91
85 c 5 35 52 142 172 10 10 1
86 c 67 5 54 144 174 10 25 17
87 c 40 60 54 144 174 10 21 29
88 c 25 85 55 145 175 10 20 16
89 c 38 15 58 148 178 10 10 10
90 c 0 45 65 149 179 10 20 11
91 c 23 3 65 150 180 10 7 13 95
92 c 42 5 65 151 181 10 10 9
93 c 15 10 65 152 182 10 20 11
94 c 35 5 65 154 184 10 20 23
95 c 15 60 65 155 185 10 17 10
96 c 49 42 77 167 197 10 13 22
97 c 61 52 88 178 208 10 3 13
98 c 35 69 90 180 210 10 23 23
99 c 31 67 90 180 210 10 3 1
100 c 47 47 102 192 222 10 13 3

