StringID Type x y release ReadyTime DueDate ServiceTime weight volume Item_Conflitante1 Item_Conflitante2 Item_Conflitante3 Item_Conflitante4 Item_Conflitante5 Peso_Total Volume_Total
0 d 40 50 0 0 1236 0 0 0      200 200
1 c 32 30 0 359 412 90 10 18 15
2 c 44 5 0 286 347 90 20 27 42
3 c 20 80 0 384 429 90 40 33 61
4 c 42 15 0 95 158 90 10 10 50
5 c 22 75 0 30 92 90 30 21 84
6 c 38 5 0 471 534 90 30 33 11 45 58 69 92
7 c 35 69 0 448 505 90 10 2 15 21 48 70
8 c 50 35 0 262 317 90 20 22 23
9 c 38 70 0 534 605 90 10 4 20 85
10 c 38 68 0 255 324 90 20 14 37
11 c 47 40 0 12 77 90 10 10 25 36 45 67
12 c 53 35 0 353 412 90 50 43
13 c 90 35 0 203 260 90 10 19
14 c 70 58 0 458 523 90 20 28
15 c 65 55 0 85 144 90 20 22 33 94
16 c 67 85 0 368 441 90 20 12 53
17 c 0 40 0 479 522 90 30 38 88
18 c 25 52 0 169 224 90 40 47 64 68 73 93
19 c 88 30 202 574 643 90 10 7 90
20 c 55 85 202 647 726 90 20 28 60 79
21 c 87 30 202 668 731 90 10 2 72 97 100
22 c 28 55 202 732 777 90 10 8 32 98
23 c 42 68 202 727 782 90 10 11 60 61
24 c 55 80 202 743 820 90 10 9 42 45 63 86
25 c 45 35 469 916 969 90 10 18
26 c 95 30 469 0 1087 90 30 37 29 35
27 c 95 35 505 0 1088 90 20 13 49
28 c 92 30 505 0 1090 90 10 14 52
29 c 85 25 505 0 1094 90 10 8
30 c 88 35 505 0 1095 90 20 13 91
31 c 85 35 505 0 1098 90 30 21 46
32 c 35 5 505 0 1100 90 20 19 38
33 c 40 5 505 0 1101 90 30 20 61
34 c 65 85 505 0 1102 90 40 49 51
35 c 60 85 505 0 1105 90 30 20
36 c 20 85 505 0 1105 90 40 32
37 c 42 10 505 0 1105 90 40 43 62
38 c 0 45 505 0 1105 90 20 13 46
39 c 65 82 505 0 1105 90 10 1 75
40 c 2 40 505 0 1106 90 20 16 49 76
41 c 15 80 505 0 1106 90 10 7 44
42 c 22 85 505 0 1106 90 10 18 46 63 71 86 91
43 c 5 35 505 0 1107 90 10 13 63
44 c 25 85 505 0 1107 90 20 15
45 c 62 80 505 0 1108 90 30 23 54 81
46 c 60 80 505 0 1109 90 10 14 93
47 c 75 55 505 0 1110 90 20 15 58 70 88
48 c 15 75 505 0 1110 90 20 17
49 c 5 45 505 0 1110 90 10 5
50 c 38 15 505 0 1110 90 10 3 65 72
51 c 40 15 505 0 1111 90 40 43
52 c 8 40 505 0 1112 90 40 42
53 c 18 75 505 0 1112 90 20 27 67
54 c 10 35 505 0 1112 90 20 19
55 c 72 55 505 0 1113 90 10 17 86 98
56 c 8 45 505 0 1113 90 20 18
57 c 10 40 505 0 1114 90 30 35
58 c 58 75 505 0 1115 90 20 20 61 78
59 c 68 60 505 0 1116 90 30 23 100
60 c 66 55 505 0 1119 90 10 6 91
61 c 65 60 505 0 1119 90 30 40 93
62 c 63 58 505 0 1121 90 10 10 71
63 c 25 30 505 0 1121 90 10 1
64 c 28 30 505 0 1122 90 10 1
65 c 53 30 505 0 1122 90 10 1 68 85
66 c 60 60 505 0 1123 90 10 9
67 c 26 32 505 0 1123 90 10 19 76
68 c 50 30 505 0 1123 90 10 10 74
69 c 30 30 505 0 1123 90 10 14 93
70 c 48 30 506 0 1124 90 10 12
71 c 25 35 506 0 1124 90 10 10 78
72 c 30 32 507 0 1125 90 30 32 78
73 c 35 30 507 0 1125 90 10 2 74 94
74 c 45 70 510 0 1125 90 30 22 84
75 c 60 55 510 0 1125 90 10 10 94
76 c 45 30 510 0 1125 90 10 19 77
77 c 20 55 510 0 1125 90 10 14 97
78 c 20 50 510 0 1126 90 10 3 86
79 c 28 35 510 0 1126 90 10 8 84
80 c 33 32 510 0 1126 90 20 16
81 c 40 69 510 0 1127 90 20 29
82 c 45 68 510 0 1127 90 10 17
83 c 30 35 510 0 1127 90 10 15
84 c 35 32 510 0 1127 90 10 11 93
85 c 23 55 510 0 1128 90 20 18
86 c 23 52 510 0 1128 90 10 5
87 c 42 66 511 0 1129 90 10 17
88 c 35 66 511 0 1129 90 10 6
89 c 47 35 511 0 1129 90 10 9
90 c 33 35 511 0 1129 90 10 6
91 c 40 66 512 0 1130 90 20 17 100
92 c 42 65 512 0 1130 90 10 11
93 c 45 65 512 0 1130 90 20 12
94 c 25 55 512 0 1130 90 10 8
95 c 50 40 513 0 1131 90 50 42
96 c 25 50 513 0 1131 90 10 14
97 c 48 40 515 0 1133 90 10 2
98 c 28 52 515 0 1133 90 20 30
99 c 30 52 517 0 1135 90 20 28
100 c 30 50 518 0 1136 90 10 20

