StringID Type x y release ReadyTime DueDate ServiceTime weight volume Item_Conflitante1 Item_Conflitante2 Item_Conflitante3 Item_Conflitante4 Item_Conflitante5 Item_Conflitante6 Item_Conflitante7 Item_Conflitante8 Item_Conflitante9 Item_Conflitante10 Item_Conflitante11 Item_Conflitante12 Item_Conflitante13 Peso_Total Volume_Total
0 d 40 50 0 0 240 0 0 0              200 200
1 c 38 5 1 65 95 10 30 27 2 3 4 5 6 10 11 15 17 18 19 22 23
2 c 2 40 1 58 88 10 20 17 4 5 7 10 11 12 13 14 15 16 23
3 c 8 40 1 59 89 10 40 48 4 5 7 8 9 11 12 14 19 21 24 25
4 c 10 35 1 91 121 10 20 21 13 15 16 20 22
5 c 15 80 1 91 121 10 10 15 10 11 13 17 19 20 22 25
6 c 20 80 51 141 171 10 40 49 10 11 12 13 14 15 16 20 21 22 23 25
7 c 5 35 52 142 172 10 10 20 9 10 12 14 15 16 17 21 23
8 c 44 5 64 0 184 10 20 26 11 14 15 21 22 24 25
9 c 35 5 64 154 184 10 20 28 10 11 13 15 19 21 22 24
10 c 40 5 65 0 185 10 10 16 11 12 13 14 15 17 19 20 22 23 24 25
11 c 0 40 68 0 188 10 20 21 12 13 14 19 20 22 24 25
12 c 20 85 69 0 189 10 20 28 15 20 21 24 25
13 c 0 45 69 0 189 10 20 28 17 18 20 23 24 25
14 c 42 10 69 0 189 10 40 39 16 19 20 22 23
15 c 22 85 70 0 190 10 10 5 17 18 19 20 21 22 24 25
16 c 25 85 71 0 191 10 20 23 18 19 22 25
17 c 38 15 74 0 194 10 10 13 20 21 22 23 24 25
18 c 5 45 74 0 194 10 10 13 19 20 21 22 25
19 c 42 15 74 0 194 10 10 11 21 23 24
20 c 15 75 74 0 194 10 20 29
21 c 40 15 75 0 195 10 40 30 22 25
22 c 18 75 76 0 196 10 20 25 24 25
23 c 8 45 77 0 197 10 20 29 25
24 c 10 40 78 0 198 10 30 23
25 c 22 75 79 0 199 10 30 22

