StringID Type x y release ReadyTime DueDate ServiceTime weight volume Item_Conflitante1 Item_Conflitante2 Item_Conflitante3 Item_Conflitante4 Item_Conflitante5 Item_Conflitante6 Item_Conflitante7 Item_Conflitante8 Item_Conflitante9 Item_Conflitante10 Item_Conflitante11 Item_Conflitante12 Peso_Total Volume_Total
0 d 40 50 0 0 3390 0 0 0             700 700
1 c 60 66 681 1261 1421 90 10 1 4 5 6 7 8 9 14 20 21 23 24 25
2 c 14 66 681 1643 1803 90 10 10 3 5 8 11 12 13 14 15 18 20 22
3 c 20 80 681 2216 2376 90 40 43 4 7 8 10 11 12 14 19 22 24 25
4 c 22 75 1163 2405 2565 90 30 24 8 9 10 11 12 14 18 21 25
5 c 22 66 1163 2504 2664 90 40 47 7 10 11 12 13 17 18 19 20 21
6 c 28 70 1163 2601 2761 90 10 1 8 10 11 13 14 16 18 19 21 23 24
7 c 35 69 1163 2698 2858 90 10 18 10 12 16 18 19 20 21 22 23
8 c 34 60 1352 2887 3047 90 20 11 9 10 14 18 19 20 23
9 c 20 85 1592 0 3259 90 40 44 10 11 12 14 15 21 23 24
10 c 15 80 1592 0 3260 90 10 16 11 12 13 15 17 19 20 21 22 23 24
11 c 22 85 1592 0 3260 90 10 9 14 15 18 19 21 23 25
12 c 25 85 1592 0 3261 90 20 21 16 20 21 22 23 24 25
13 c 15 75 1592 0 3264 90 20 14 14 15 19 22 23 24
14 c 18 75 1592 0 3266 90 20 30 16 17 20 21 22 23 24
15 c 62 69 1592 0 3270 90 10 15 18 22 24
16 c 52 75 1592 0 3272 90 10 11 17 18 19 20
17 c 58 70 1592 0 3273 90 20 22 19 22 24 25
18 c 16 42 1592 0 3274 90 20 10 22 23
19 c 45 70 1592 0 3279 90 30 38 21 22
20 c 35 66 1592 0 3283 90 10 1 22 24 25
21 c 42 65 1592 0 3284 90 10 19 22 23
22 c 25 50 1592 0 3285 90 10 17 24
23 c 28 52 1592 0 3287 90 20 27 24
24 c 30 56 1593 0 3288 90 20 25 25
25 c 30 50 1595 0 3290 90 10 1

