StringID Type x y release ReadyTime DueDate ServiceTime weight volume Item_Conflitante1 Item_Conflitante2 Item_Conflitante3 Item_Conflitante4 Item_Conflitante5 Item_Conflitante6 Item_Conflitante7 Item_Conflitante8 Item_Conflitante9 Item_Conflitante10 Item_Conflitante11 Item_Conflitante12 Peso_Total Volume_Total
0 d 40 50 0 0 960 0 0 0             1000 1000
1 c 38 5 11 201 321 10 30 31 2 3 4 5 6 9 10 11 13 16 23 24
2 c 2 40 11 174 294 10 20 16 6 8 10 12 13 17 18 19 21 22 24
3 c 8 40 11 195 315 10 40 38 4 7 12 13 14 15 16 21
4 c 15 80 11 367 487 10 10 1 5 7 10 11 12 13 16 17 22 23
5 c 10 35 11 371 491 10 20 11 8 9 10 13 15 16 17 19 20 24 25
6 c 20 80 293 644 764 10 40 31 10 11 12 14 16 18 19 22 24 25
7 c 5 35 293 653 773 10 10 16 9 10 11 12 14 15 18 19 20 21 24 25
8 c 44 5 424 0 904 10 20 21 13 14 16 25
9 c 35 5 424 784 904 10 20 18 11 12 14 15 21 24
10 c 40 5 425 0 905 10 10 2 12 13 14 16 18 20 21
11 c 0 40 428 0 908 10 20 24 12 13 17 19 20 21 22 23
12 c 20 85 429 0 909 10 20 23 14 18 21 22 23 24 25
13 c 0 45 429 0 909 10 20 26 14 15 16 20 22
14 c 42 10 429 0 909 10 40 45 15 17 18 19 21 22 23 24 25
15 c 22 85 430 0 910 10 10 1 16 18 19 23 24
16 c 25 85 431 0 911 10 20 25 18 21
17 c 38 15 434 0 914 10 10 14 18
18 c 5 45 434 0 914 10 10 14 19 22 23 24
19 c 42 15 434 0 914 10 10 18 21 22 24
20 c 15 75 434 0 914 10 20 13 21 22 24
21 c 40 15 435 0 915 10 40 33 22 24 25
22 c 18 75 436 0 916 10 20 10 23 24 25
23 c 8 45 437 0 917 10 20 25 25
24 c 10 40 438 0 918 10 30 28
25 c 22 75 439 0 919 10 30 34

