StringID Type x y release ReadyTime DueDate ServiceTime weight volume Item_Conflitante1 Item_Conflitante2 Item_Conflitante3 Item_Conflitante4 Peso_Total Volume_Total
0 d 40 50 0 0 240 0 0 0     200 200
1 c 40 5 4 52 111 10 10 13 2
2 c 42 10 4 58 115 10 40 33 7
3 c 0 40 4 59 114 10 20 10 23
4 c 5 45 4 35 117 10 10 3 12 22
5 c 15 75 4 69 118 10 20 20 17
6 c 8 45 4 49 108 10 20 25
7 c 20 85 4 40 113 10 20 12
8 c 22 75 4 32 97 10 30 34 9 14 15 21
9 c 44 5 4 79 124 10 20 20
10 c 22 85 40 101 146 10 10 18 11 13
11 c 8 40 40 33 152 10 40 40 15 20
12 c 15 80 40 56 155 10 10 3 16
13 c 40 15 40 55 158 10 40 41 25
14 c 10 35 40 51 160 10 20 28 18
15 c 2 40 41 39 161 10 20 16 22
16 c 42 15 42 111 162 10 10 2
17 c 18 75 44 55 164 10 20 29 24
18 c 38 5 44 45 164 10 30 32 20
19 c 10 40 57 90 177 10 30 39 21
20 c 35 5 64 54 184 10 20 14
21 c 0 45 69 60 189 10 20 29 23
22 c 5 35 71 62 191 10 10 15
23 c 25 85 71 125 191 10 20 22
24 c 20 80 73 71 193 10 40 31
25 c 38 15 74 128 194 10 10 4

