StringID Type x y release ReadyTime DueDate ServiceTime weight volume Item_Conflitante1 Item_Conflitante2 Item_Conflitante3 Peso_Total Volume_Total
0 d 35 35 0 0 1000 0 0 0    1000 1000
1 c 55 5 14 206 325 10 29 35 2 12
2 c 45 10 14 409 494 10 18 25 5
3 c 45 20 14 214 331 10 11 13 20
4 c 15 60 14 269 378 10 17 27 7 16 25
5 c 20 40 14 377 434 10 12 22 16
6 c 10 20 14 272 373 10 19 21
7 c 30 5 14 175 300 10 8 1 9
8 c 15 10 14 32 243 10 20 19 12
9 c 20 65 14 206 325 10 12 4
10 c 50 35 14 228 345 10 19 14 16 21
11 c 55 60 14 400 497 10 16 25
12 c 10 43 14 404 481 10 9 14 13 25
13 c 20 50 14 331 410 10 5 14 15 18
14 c 15 30 14 34 209 10 26 24 17
15 c 35 17 14 143 282 10 7 3
16 c 25 30 14 415 514 10 3 5
17 c 55 45 166 527 584 10 13 3 25
18 c 30 60 166 577 632 10 16 26 20 23
19 c 45 65 166 581 666 10 9 1 24 25
20 c 55 20 348 678 801 10 19 20
21 c 30 25 348 690 827 10 23 16 23 25
22 c 65 35 348 704 847 10 3 10
23 c 41 49 348 707 848 10 10 9 24
24 c 5 30 370 733 870 10 2 10
25 c 65 20 456 817 956 10 6 9

