StringID Type x y release ReadyTime DueDate ServiceTime weight volume Item_Conflitante1 Item_Conflitante2 Peso_Total Volume_Total
0 d 40 50 0 0 960 0 0 0   1000 1000
1 c 8 40 217 33 511 10 40 38 3
2 c 40 5 217 45 517 10 10 8
3 c 8 45 217 46 519 10 20 11 23 25
4 c 38 5 217 45 523 10 30 40 21 23
5 c 2 40 217 39 528 10 20 23
6 c 0 40 217 94 535 10 20 26
7 c 42 10 217 85 542 10 40 34 11 21
8 c 22 75 217 30 546 10 30 27 12
9 c 15 75 217 161 558 10 20 20 24
10 c 44 5 217 218 571 10 20 12 13 15
11 c 15 80 217 229 624 10 10 16
12 c 20 85 217 40 630 10 20 25 18 19
13 c 40 15 217 229 640 10 40 31 22
14 c 10 35 217 213 648 10 20 18 18 25
15 c 18 75 217 228 667 10 20 12
16 c 5 45 217 35 697 10 10 3
17 c 22 85 273 353 708 10 10 4 20
18 c 10 40 273 404 753 10 30 33 19
19 c 42 15 322 391 802 10 10 20
20 c 35 5 424 386 904 10 20 10
21 c 0 45 429 394 909 10 20 30 22 25
22 c 25 85 431 388 911 10 20 22
23 c 5 35 431 395 911 10 10 4
24 c 20 80 433 425 913 10 40 41 25
25 c 38 15 434 389 914 10 10 15

