StringID Type x y release ReadyTime DueDate ServiceTime weight volume Item_Conflitante1 Item_Conflitante2 Item_Conflitante3 Item_Conflitante4 Item_Conflitante5 Item_Conflitante6 Item_Conflitante7 Item_Conflitante8 Item_Conflitante9 Item_Conflitante10 Item_Conflitante11 Item_Conflitante12 Item_Conflitante13 Item_Conflitante14 Item_Conflitante15 Item_Conflitante16 Item_Conflitante17 Item_Conflitante18 Item_Conflitante19 Item_Conflitante20 Item_Conflitante21 Item_Conflitante22 Item_Conflitante23 Item_Conflitante24 Item_Conflitante25 Item_Conflitante26 Item_Conflitante27 Item_Conflitante28 Item_Conflitante29 Item_Conflitante30 Item_Conflitante31 Item_Conflitante32 Item_Conflitante33 Item_Conflitante34 Item_Conflitante35 Item_Conflitante36 Item_Conflitante37 Item_Conflitante38 Peso_Total Volume_Total
0 d 40 50 0 0 240 0 0 0                                       200 200
1 c 38 5 0 65 95 10 30 33 2 3 6 7 10 11 19 23 28 30 31 33 55 56 57 59 63 65 66 67 69 72 79 80 82 85 86 87 88 89 91 92 94 95 96 100
2 c 6 68 0 89 119 10 30 31 5 13 14 15 17 21 22 25 31 39 43 46 50 51 64 65 66 72 75 76 78 81 83 86 91 92 95 99
3 c 62 80 0 75 105 10 30 39 5 8 9 15 17 20 22 23 26 31 34 35 36 37 39 42 43 47 51 52 56 57 59 60 61 64 69 72 85 87 88 93 99 100
4 c 55 82 0 64 94 10 10 15 11 14 24 27 31 37 40 44 47 49 50 57 64 65 70 71 72 75 84 87 88 89 90 94 95 96 98 100
5 c 2 40 0 58 88 10 20 16 6 8 9 10 12 13 18 23 25 26 27 29 30 34 35 39 45 47 50 53 61 62 63 64 65 66 70 75 83 92 94 100
6 c 60 12 0 75 105 10 31 34 12 14 17 18 21 27 28 29 31 33 34 40 41 42 50 51 52 54 56 57 59 60 61 64 67 68 69 73 74 78 80 81 82 84 89 93 95 96
7 c 8 40 0 59 89 10 40 42 13 14 15 16 19 21 22 23 25 29 30 36 38 41 44 45 47 50 52 55 57 59 61 66 67 68 72 78 79 82 83 84 90 92 98 100
8 c 12 24 0 90 120 10 13 12 17 22 25 26 29 33 34 43 44 45 49 52 56 57 61 62 68 72 78 82 83 85 86 91 92 93 96 97
9 c 26 35 0 77 107 10 15 8 11 16 17 22 24 27 28 35 38 41 42 44 45 46 48 49 55 56 57 61 63 64 66 73 76 77 79 85 98 100
10 c 31 52 0 41 71 10 27 19 13 30 35 36 37 46 47 48 50 56 57 64 80 82 95 98 100
11 c 53 43 0 14 44 10 14 9 19 21 26 28 29 32 36 37 38 39 40 43 44 50 53 56 57 62 65 71 75 79 81 87 88 90 98
12 c 64 42 1 70 100 10 9 9 15 17 19 20 22 23 29 31 33 37 39 40 41 51 52 53 60 61 64 68 75 77 78 79 81 82 88 92 93 95 96
13 c 65 35 1 52 82 10 3 4 20 22 23 25 35 36 39 40 43 44 46 47 50 51 59 60 62 63 64 66 67 71 72 86 87 88 92 93 95 96 97 100
14 c 15 80 1 91 121 10 10 18 15 19 23 27 32 37 39 41 45 48 55 64 65 67 68 70 73 80 84 91 92 95
15 c 20 50 1 91 121 10 5 8 16 17 19 21 23 30 32 39 43 45 46 48 50 51 52 54 60 62 64 65 66 68 70 75 80 81 82 89 93 100
16 c 10 35 1 91 121 10 20 22 17 18 19 21 26 28 35 40 47 48 49 50 51 55 63 76 85 86 87 91 92 98
17 c 57 29 6 96 126 10 18 11 18 22 24 26 27 32 33 34 44 49 53 57 59 63 64 66 71 82 86 87 95 100
18 c 30 60 50 140 170 10 16 18 23 33 34 51 52 55 59 67 68 76 79 81 82 91 92 96 99 100
19 c 20 80 51 141 171 10 40 31 25 26 28 30 34 35 41 43 47 51 52 53 55 59 60 61 63 65 68 70 72 81 85 88 100
20 c 20 20 51 141 171 10 8 11 21 22 27 28 33 37 45 60 61 63 64 67 69 75 80 81 82 86 93 96
21 c 95 30 51 0 171 10 30 39 24 25 29 31 39 40 43 44 45 46 47 49 53 54 56 60 61 64 68 70 74 76 78 84 85 86 87 89 90 92 93 98 100
22 c 5 35 52 142 172 10 10 6 27 28 29 32 38 39 41 44 56 62 64 65 66 67 71 77 78 87 88 92 95 97 100
23 c 5 5 52 0 172 10 16 9 25 27 29 32 37 39 42 46 49 53 54 60 64 66 67 70 76 78 79 80 81 82 85 97
24 c 95 35 52 0 172 10 20 17 26 27 28 32 33 36 37 39 42 43 45 46 47 52 55 65 67 68 70 73 75 78 80 81 82 83 87 88 89 90 95 96 98
25 c 92 30 54 0 174 10 10 15 30 31 42 49 50 55 66 68 70 74 75 78 81 83 85 88 91 93 95 98 99
26 c 90 35 57 0 177 10 10 12 33 37 38 42 46 48 49 50 52 57 58 61 62 71 73 75 80 82 85 88 90 98 99
27 c 67 5 57 0 177 10 25 20 30 33 35 41 44 51 52 55 56 59 63 70 74 81 83 85 87 90 93 98 100
28 c 88 30 58 0 178 10 10 4 34 35 36 37 38 41 42 43 44 45 55 57 58 63 70 73 77 80 81 82 93 94 98 100
29 c 87 30 58 0 178 10 10 7 34 41 44 48 50 58 59 69 70 76 77 78 80 81 85 86 88 89 90 92 94 100
30 c 85 25 58 0 178 10 10 19 31 34 37 44 46 48 51 54 56 57 60 63 66 68 69 71 81 82 83 86 88 97
31 c 88 35 59 0 179 10 20 13 35 42 46 47 49 51 55 58 60 66 72 73 74 79 82 88 91 92 98
32 c 23 3 60 150 180 10 7 8 33 35 41 42 46 49 52 57 61 66 68 69 76 78 80 86 95
33 c 4 18 61 0 181 10 35 35 34 37 38 40 41 42 49 50 54 62 65 66 67 68 72 73 78 82 84 88 89 90 92 93 95 96 98 99
34 c 15 10 62 152 182 10 20 26 40 41 42 43 51 52 55 56 59 60 62 64 72 77 78 82 85 86 88 92 94 95 100
35 c 85 35 62 0 182 10 30 34 41 54 59 61 64 66 74 76 77 80 81 82 84 85 87 92 93 95 96 99
36 c 42 5 64 0 184 10 10 5 37 39 41 44 45 46 47 50 51 53 58 64 68 69 72 75 81 86 88 91 95 97
37 c 35 5 64 154 184 10 20 22 39 41 43 45 53 57 62 65 66 74 79 80 81 84 88 89 90 92 93 98 99
38 c 44 5 64 0 184 10 20 30 40 45 46 47 48 56 57 61 63 65 70 72 77 78 83 86 88
39 c 40 5 65 0 185 10 10 15 43 45 48 51 58 61 63 65 71 74 82 84 90 91 93 95
40 c 67 85 65 0 185 10 20 28 41 42 47 51 57 60 61 65 68 72 73 81 85 86 93 94
41 c 65 85 66 0 186 10 40 35 43 44 46 47 49 51 52 56 57 61 62 72 73 77 78 80 85 88 92 93 94 95 96 98
42 c 10 20 67 0 187 10 19 10 43 44 48 49 54 55 58 59 60 65 66 68 69 72 74 75 81 82 84 87 88 90 92 93 94 98
43 c 0 40 68 0 188 10 20 26 46 50 65 66 71 75 76 77 78 81 83 87 91 95
44 c 60 85 69 0 189 10 30 26 45 48 49 50 52 56 59 63 66 69 72 73 77 78 81 82 83 85 87 90 93 94 96 98
45 c 65 82 69 0 189 10 10 7 46 48 54 56 57 59 61 63 65 67 68 74 75 77 79 82 88 93 94 97 100
46 c 20 85 69 0 189 10 20 14 52 53 55 60 61 66 70 72 77 78 79 84 91 92 95 96 99 100
47 c 42 10 69 0 189 10 40 33 48 50 58 59 68 75 77 80 89 91 93 98
48 c 0 45 69 0 189 10 20 18 50 51 53 55 57 59 61 62 66 68 74 75 77 78 79 81 85 87 92 95 100
49 c 65 20 70 0 190 10 6 13 51 55 56 63 64 65 70 71 74 76 80 81 82 83 86 91 92 93 98 100
50 c 22 85 70 0 190 10 10 1 54 57 58 60 64 66 68 69 76 77 83 87 92 94 96 97 98
51 c 2 60 70 0 190 10 5 1 53 55 61 66 67 70 71 76 77 79 81 83 89 90 92
52 c 42 12 71 0 191 10 10 11 53 57 62 68 70 77 82 87 92 93 94 97 98
53 c 2 45 72 0 191 10 10 9 58 60 62 63 66 67 71 73 79 81 82 87 88 89 93 94 95 96
54 c 25 85 72 0 191 10 20 16 55 56 59 60 65 71 74 78 80 82 83 86 88 90 91 98 99 100
55 c 55 85 72 0 191 10 20 11 60 66 67 74 76 78 81 87 93 95 99
56 c 18 80 72 0 192 10 10 9 58 62 72 75 77 81 84 85 86 88 89 90 92 97 98
57 c 20 82 72 0 192 10 10 4 58 59 64 67 69 80 82 89 90 93 95 96 97 98 99
58 c 60 80 73 0 193 10 10 4 61 64 65 68 72 76 79 85 95 99
59 c 63 23 74 0 194 10 2 1 60 62 67 69 70 72 74 76 77 78 82 83 89 91 94 96 98 100
60 c 72 35 74 0 194 10 30 25 64 66 67 71 72 73 75 76 78 82 88 90 94 99 100
61 c 5 45 74 0 194 10 10 18 63 65 68 69 74 75 76 78 80 84 91
62 c 42 15 74 0 194 10 10 13 66 75 80 88 91 97 98 100
63 c 38 15 74 0 194 10 10 8 71 73 76 77 80 81 82 86 89 91
64 c 15 75 76 0 194 10 20 14 70 76 83 85 91 92 93 98
65 c 40 15 76 0 195 10 40 32 68 79 80 88 97 98 99
66 c 18 75 76 0 196 10 20 16 67 69 70 75 76 77 78 82 83 84 86 87 97 99
67 c 55 80 76 0 196 10 10 5 68 69 70 72 73 75 78 79 80 82 84 86 87 88 91 92 93 96 97 99 100
68 c 55 20 77 0 196 10 19 28 69 70 72 74 76 77 79 81 88 93 94 98 100
69 c 21 24 77 0 197 10 28 31 71 75 76 77 85 90 93 96 98
70 c 8 45 77 0 197 10 20 16 77 80 83 84 85 86 89 95 98 99
71 c 8 56 77 0 197 10 27 29 72 74 81 84 87 88 92 93 97
72 c 10 40 78 0 198 10 30 37 74 77 81 84 85 87 91 94 100
73 c 58 75 79 0 199 10 20 25 76 78 80 86 88 90 93 94
74 c 22 75 79 0 199 10 30 25 75 78 79 81 82 87 90 92 94 95 97 98 99 100
75 c 63 65 82 0 202 10 8 17 76 78 79 80 81 84 85 86 87 90 98
76 c 30 25 83 0 203 10 23 15 78 79 81 83 84 90 94 98
77 c 15 60 83 0 203 10 17 22 86 89 95 96 97
78 c 65 55 84 0 204 10 14 11 79 81 84 85 86 87 90 94 95 96
79 c 25 30 85 0 205 10 3 1 86 89 90 91 93 98 100
80 c 61 52 89 0 208 10 3 1 81 85 92 93 95 96 97 100
81 c 56 37 89 0 209 10 6 1 85 88 94 96 97 100
82 c 45 30 89 0 209 10 17 14 86 89 90 91 94 95 98
83 c 37 31 90 0 210 10 14 10 87 92 96 97 98 99
84 c 35 69 90 0 210 10 23 32 85 92 95 99
85 c 31 67 90 180 210 10 3 12 87 95 99
86 c 55 60 91 0 211 10 16 10 90 92 99
87 c 50 35 91 0 211 10 19 26 90 92 93 96
88 c 57 48 92 0 212 10 23 21 89 95 98
89 c 24 58 92 0 212 10 19 11 92 94 95 96
90 c 55 54 94 0 214 10 26 34 91 92 93 95 96 98
91 c 45 65 94 0 214 10 9 10 96
92 c 27 43 95 0 215 10 9 1 94 96 98 100
93 c 26 52 95 0 215 10 9 10 96 99 100
94 c 41 37 96 0 216 10 16 22 97
95 c 49 58 97 0 217 10 10 8
96 c 49 42 97 0 217 10 13 8
97 c 35 40 98 0 218 10 16 24 98
98 c 40 60 100 0 220 10 21 26
99 c 47 47 102 0 222 10 13 16
100 c 37 47 105 0 225 10 6 13

