StringID Type x y release ReadyTime DueDate ServiceTime weight volume Item_Conflitante1 Item_Conflitante2 Item_Conflitante3 Item_Conflitante4 Item_Conflitante5 Item_Conflitante6 Item_Conflitante7 Item_Conflitante8 Item_Conflitante9 Item_Conflitante10 Item_Conflitante11 Item_Conflitante12 Item_Conflitante13 Item_Conflitante14 Item_Conflitante15 Item_Conflitante16 Item_Conflitante17 Item_Conflitante18 Item_Conflitante19 Item_Conflitante20 Item_Conflitante21 Item_Conflitante22 Item_Conflitante23 Item_Conflitante24 Item_Conflitante25 Item_Conflitante26 Item_Conflitante27 Item_Conflitante28 Item_Conflitante29 Item_Conflitante30 Item_Conflitante31 Item_Conflitante32 Item_Conflitante33 Item_Conflitante34 Item_Conflitante35 Item_Conflitante36 Item_Conflitante37 Item_Conflitante38 Peso_Total Volume_Total
0 d 40 50 0 0 1236 0 0 0                                       200 200
1 c 10 40 0 31 100 90 30 37 2 3 5 10 20 23 25 29 31 41 46 47 49 50 68 69 75 76 77 78 79 83 84 85 86 88 89 91 94
2 c 8 40 0 87 158 90 40 37 7 9 10 12 17 19 22 24 25 29 34 36 38 42 45 46 51 53 54 58 67 73 75 78 79 84 87 94 95 96 97 99
3 c 53 35 0 353 412 90 50 52 5 9 15 17 21 25 30 32 33 34 36 44 46 47 49 50 54 57 60 69 73 74 75 76 77 78 84 86 88 89 90 94 95 96
4 c 5 35 0 283 344 90 10 16 9 10 11 12 13 15 16 29 31 32 36 38 39 40 42 47 51 57 58 59 62 64 65 69 71 72 73 74 78 80 85 89 92 95 98
5 c 92 30 0 478 551 90 10 11 7 8 9 10 14 16 21 23 24 25 26 29 30 33 40 42 43 44 48 51 71 76 82 86 87 89 90 95
6 c 0 40 0 479 522 90 30 38 10 13 20 22 24 25 32 34 41 43 51 54 55 59 62 63 64 70 71 72 73 81 84 85 90 91 93 99
7 c 35 30 0 264 321 90 10 11 10 14 18 19 22 24 31 32 36 38 41 50 54 57 62 63 64 66 67 69 72 73 76 77 78 80 81 85 86 87 92 94 95 97 98 99
8 c 35 32 0 166 235 90 10 14 9 11 13 17 19 20 22 23 25 27 34 40 43 46 48 51 53 54 58 64 75 80 81 82 87 88 89 90 98
9 c 33 32 0 68 149 90 20 18 11 13 14 19 24 26 27 30 31 33 35 37 43 45 47 48 50 51 53 58 59 60 67 68 72 74 75 76 78 79 80 81 86 89 90 94 95 96
10 c 33 35 0 16 80 90 10 17 17 21 28 31 32 33 35 38 41 47 50 61 62 68 73 80 85 86 88 89 91 92 93 94 96
11 c 32 30 0 359 412 90 10 19 12 13 15 18 25 26 29 32 33 38 49 51 53 55 61 63 70 77 82 83 85 89 93 96 97 98 99 100
12 c 30 30 0 541 600 90 10 1 14 27 28 31 35 37 39 40 42 44 49 50 51 53 54 55 59 66 67 69 70 71 73 75 76 78 80 82 86 88 89 90 93 95 97 98 99
13 c 30 32 0 448 509 90 30 32 18 21 22 23 29 31 34 43 45 48 49 54 55 57 59 64 72 76 84 85 87 90 99 100
14 c 95 35 0 293 360 90 20 26 16 20 21 26 30 32 39 41 43 48 54 55 60 63 65 67 68 73 75 80 82 86 87 93 95 97
15 c 95 30 0 387 456 90 30 24 17 18 22 25 26 31 42 43 55 56 58 61 68 74 77 80 83 87 92 96 97
16 c 47 40 0 12 77 90 10 16 19 22 25 27 33 36 37 39 40 42 44 48 49 50 52 55 56 66 68 69 74 78 79 83 84 88 92 96
17 c 48 40 4 76 129 90 10 17 19 20 21 25 26 31 34 37 40 41 42 43 60 68 71 75 81 87 88 93 95
18 c 50 40 4 171 218 90 50 46 20 22 23 24 27 29 30 31 33 34 36 41 43 48 53 54 57 60 66 72 88 93 99
19 c 44 5 4 286 347 90 20 23 25 28 29 30 34 38 39 41 54 61 62 63 66 68 69 72 74 75 77 84 87 88 91 92 94 95 98
20 c 42 10 4 186 257 90 40 31 21 22 31 32 34 37 46 54 58 60 62 67 71 75 76 78 82 88 89 91 96 97 98 100
21 c 42 15 4 95 158 90 10 15 37 39 40 41 42 43 44 45 46 47 49 50 53 55 59 60 63 64 67 68 71 78 80 82 84 85 89 91 94 95 99 100
22 c 40 5 4 385 436 90 30 31 24 27 29 34 39 51 52 57 61 64 65 69 72 74 77 80 82 97 100
23 c 40 15 4 35 87 90 40 48 24 32 35 38 41 47 50 51 52 58 60 61 64 66 67 71 74 75 76 77 80 81 83 85 87 88 93 94 95 96 97 100
24 c 38 5 4 471 534 90 30 37 31 33 36 37 38 39 40 42 47 48 53 56 60 65 71 83 84 89 92 93 94 98 99 100
25 c 50 35 4 262 317 90 20 16 31 38 41 54 55 58 60 64 68 69 70 73 74 80 82 86 89 92 95 99 100
26 c 90 35 4 203 260 90 10 16 27 28 37 43 46 50 51 52 60 63 65 69 77 82 83 94 95 99
27 c 20 50 4 358 405 90 10 13 28 29 31 37 39 42 44 47 51 59 66 72 74 75 77 78 80 81 83 85 88 90 91 92 93
28 c 20 55 4 449 504 90 10 15 31 32 33 43 44 46 47 54 62 71 74 75 78 80 81 88 91 99
29 c 23 52 4 261 316 90 10 11 32 34 36 37 38 39 45 46 50 59 63 64 69 70 71 73 74 75 76 78 81 82 84 89 92 95 97 98 100
30 c 65 85 4 475 518 90 40 43 32 45 47 49 54 55 56 62 66 71 72 74 77 81 82 89 91 92 94
31 c 67 85 4 368 441 90 20 21 32 33 34 38 40 41 43 47 48 49 50 51 59 66 67 69 72 74 75 79 80 81 84 85 86 87 94 96 98 100
32 c 60 55 4 20 84 90 10 1 33 41 44 46 53 55 61 70 74 75 77 78 79 84 88 92
33 c 65 55 4 85 144 90 20 27 34 35 40 42 45 47 48 49 54 57 62 63 70 75 76 77 78 83 88 89 90 93 94 95
34 c 38 68 4 255 324 90 20 27 37 38 40 43 45 47 48 49 50 55 67 68 69 71 72 77 81 86 87 91 98
35 c 38 70 4 534 605 90 10 19 37 39 46 47 51 59 60 61 63 69 70 71 76 77 81 84 86 87 93 99
36 c 35 66 4 357 410 90 10 19 41 42 46 48 59 60 61 63 65 70 71 73 74 77 78 80 83 87 89 90 93 96
37 c 35 69 4 448 505 90 10 10 40 41 43 44 47 53 54 55 59 60 62 63 66 67 70 72 75 87 92 94 97 99
38 c 66 55 4 173 238 90 10 14 39 41 45 46 47 50 51 52 59 65 68 71 72 76 80 83 86 87 89 93 96 97 100
39 c 22 75 4 30 92 90 30 39 42 44 45 46 48 50 54 55 59 62 64 66 67 68 74 75 77 79 83 86 89 92 97 98
40 c 23 55 4 546 593 90 20 10 43 48 49 52 60 62 72 81 82 90 94 96 98 99
41 c 20 80 4 384 429 90 40 37 55 56 59 60 66 74 77 79 82 85 86 88 89 92 97 98
42 c 20 85 4 475 528 90 40 50 43 44 47 55 61 65 68 75 77 80 84 86 91 92 96
43 c 50 30 4 531 610 90 10 5 48 49 52 53 54 55 57 58 61 63 66 72 79 85 89 94 98 100
44 c 15 75 4 179 254 90 20 27 51 57 59 64 66 67 68 69 70 72 75 80 83 88 94 97 98
45 c 25 52 4 169 224 90 40 48 46 48 52 60 63 64 69 76 79 85 86 87 88 91 95 97
46 c 25 50 4 65 144 90 10 5 48 57 60 68 70 76 79 86 87 89 90 95 98 100
47 c 18 75 4 99 148 90 20 12 50 56 57 58 62 69 70 72 74 75 76 77 78 80 82 86 89 96
48 c 85 35 4 47 124 90 30 37 52 56 57 60 63 65 66 67 68 70 72 75 78 81 87 89 90 92 94 96 100
49 c 88 35 4 109 170 90 20 18 51 53 54 58 59 61 62 65 73 76 77 78 81 88 94 95 97 99
50 c 70 58 4 458 523 90 20 11 52 66 69 71 72 76 78 83 85 94 95 96 99
51 c 30 50 4 10 73 90 10 2 55 59 62 65 69 73 78 80 81 84 89 90 93 99 100
52 c 15 80 4 278 345 90 10 2 56 57 58 61 64 66 69 71 75 77 78 79 82 84 87 90 91 93 95 96 97 98
53 c 22 85 4 567 620 90 10 1 54 59 61 65 67 71 73 76 82 88 92 94 96 98
54 c 60 85 4 561 622 90 30 34 61 62 63 65 66 70 74 77 78 80 86 91 92 95 96 100
55 c 0 45 265 567 624 90 20 10 56 58 61 62 63 64 66 68 69 71 75 80 82 86 87 89 90 92 97 100
56 c 35 5 265 562 629 90 20 18 58 64 69 73 74 75 83 89 90 92 96 99
57 c 88 30 265 574 643 90 10 7 59 64 65 74 81 91 92 95 98
58 c 48 30 265 632 693 90 10 8 65 68 69 71 73 75 78 82 83 84 86 88 93 94 96 98 99 100
59 c 40 69 265 621 702 90 20 13 61 62 63 67 69 70 73 76 84 93 95 98
60 c 65 60 265 645 708 90 30 39 62 67 70 71 72 73 76 78 81 87 88 89 90 93 95 100
61 c 5 45 265 665 716 90 10 5 66 68 74 79 84 86 88 89 92 100
62 c 55 85 265 647 726 90 20 21 68 70 71 74 75 77 79 81 82 85 86 88 89 91 92 93 99
63 c 87 30 265 668 731 90 10 9 64 68 69 74 81 87 89 91 93 98
64 c 45 30 265 734 777 90 10 2 67 68 72 80 85 86 89 98 99
65 c 28 55 265 732 777 90 10 5 66 70 78 81 90 91 100
66 c 42 68 265 727 782 90 10 5 67 68 69 71 72 74 76 84 87 91 94 97 100
67 c 25 30 265 725 786 90 10 8 69 71 72 73 77 80 84 87 91 95 96 97 98 99 100
68 c 63 58 265 737 802 90 10 16 69 70 72 78 86 89 90 92 94 95 98 99
69 c 55 80 265 743 820 90 10 5 75 85 86 91 94 95 97 98 100
70 c 85 25 265 769 820 90 10 8 82 90 91 93 94 96
71 c 47 35 265 826 875 90 10 20 73 76 87 88 89 90 91 93 98
72 c 28 52 265 812 883 90 20 19 73 81 83 84 85 88 90 94
73 c 45 35 351 916 969 90 10 14 74 75 82 83 86 89 99
74 c 28 35 498 1001 1066 90 10 10 84 86 88 95 97
75 c 65 82 498 0 1105 90 10 15 77 84 90 91 93 94 98
76 c 2 40 498 0 1106 90 20 25 80 82 86 91 95 97
77 c 25 85 498 0 1107 90 20 13 78 79 82 84 85 86 87 88 89 92 93 95 99
78 c 62 80 498 0 1108 90 30 20 79 81 82 87 89 95 96 97 98
79 c 60 80 498 0 1109 90 10 9 84 86 87 89 91 95 96 97 99
80 c 75 55 498 0 1110 90 20 22 82 84 85 87 89 91 94
81 c 38 15 498 0 1110 90 10 10 84 87 88 90 91 93 97 98 99 100
82 c 10 35 498 0 1112 90 20 23 93 97
83 c 72 55 498 0 1113 90 10 6 84 85 86 87 89 91 96
84 c 8 45 498 0 1113 90 20 18 88 92 99
85 c 58 75 498 0 1115 90 20 13 88 89 93 95 98
86 c 68 60 498 0 1116 90 30 28 88 91 94 96
87 c 28 30 504 0 1122 90 10 16 89 97 99
88 c 53 30 504 0 1122 90 10 6 92 94
89 c 60 60 505 0 1123 90 10 19 90 95 97 100
90 c 26 32 505 0 1123 90 10 13 93 96 100
91 c 25 35 506 0 1124 90 10 1
92 c 45 70 507 0 1125 90 30 27 93 96 97 100
93 c 45 68 509 0 1127 90 10 1 95
94 c 30 35 509 1054 1127 90 10 12 95 97 98
95 c 42 66 511 0 1129 90 10 4 98 99 100
96 c 40 66 512 0 1130 90 20 11
97 c 25 55 512 0 1130 90 10 5 98
98 c 45 65 512 0 1130 90 20 24 100
99 c 42 65 512 0 1130 90 10 16
100 c 30 52 517 0 1135 90 20 23

