StringID Type x y release ReadyTime DueDate ServiceTime weight volume Item_Conflitante1 Item_Conflitante2 Item_Conflitante3 Item_Conflitante4 Item_Conflitante5 Item_Conflitante6 Item_Conflitante7 Item_Conflitante8 Item_Conflitante9 Item_Conflitante10 Item_Conflitante11 Item_Conflitante12 Item_Conflitante13 Item_Conflitante14 Item_Conflitante15 Item_Conflitante16 Item_Conflitante17 Item_Conflitante18 Item_Conflitante19 Item_Conflitante20 Item_Conflitante21 Item_Conflitante22 Item_Conflitante23 Item_Conflitante24 Item_Conflitante25 Item_Conflitante26 Item_Conflitante27 Item_Conflitante28 Item_Conflitante29 Item_Conflitante30 Item_Conflitante31 Item_Conflitante32 Item_Conflitante33 Item_Conflitante34 Item_Conflitante35 Item_Conflitante36 Peso_Total Volume_Total
0 d 40 50 0 0 1236 0 0 0                                     200 200
1 c 32 30 0 359 412 90 10 18 4 6 10 11 12 13 14 16 17 21 23 39 42 46 47 48 49 52 53 61 62 68 75 82 86 87
2 c 44 5 0 286 347 90 20 27 4 7 9 11 18 19 20 24 25 32 35 36 37 39 42 46 53 55 56 57 59 61 64 65 67 70 75 76 77 81 83 92 96 100
3 c 20 80 0 384 429 90 40 33 9 10 16 17 18 21 23 25 26 27 28 30 34 36 40 41 48 50 61 65 68 69 75 79 80 81 87 95 96
4 c 42 15 0 95 158 90 10 10 8 11 13 16 18 19 20 21 24 25 31 33 40 43 44 46 47 48 51 53 59 60 65 66 68 72 78 79 85 88 89 90 93 94 99
5 c 22 75 0 30 92 90 30 21 6 10 14 16 18 22 29 35 36 38 39 41 44 46 47 53 54 57 58 59 60 62 65 68 70 71 72 75 76 80 86 87 91 94 95
6 c 38 5 0 471 534 90 30 33 8 13 17 25 30 33 34 35 38 39 40 41 46 48 49 50 51 61 63 65 69 73 76 77 79 81 86 87 88 89 92 93 95 96 99 100
7 c 35 69 0 448 505 90 10 2 8 9 11 12 14 16 17 18 19 27 30 32 34 36 40 48 49 58 59 68 69 70 72 77 83 88 94 98
8 c 50 35 0 262 317 90 20 22 16 17 18 25 28 39 41 48 50 51 57 58 69 71 74 79 80 81 82 84 87 94 95
9 c 38 70 0 534 605 90 10 4 12 13 18 19 20 22 23 27 30 32 34 37 39 40 43 45 46 54 55 56 58 61 68 69 77 79 82 83 84 88 90 93 94 95 96
10 c 38 68 0 255 324 90 20 14 12 18 21 23 24 31 34 39 40 41 48 49 54 66 77 78 79 80 87 88 89 91 92 95 97 98 99
11 c 47 40 0 12 77 90 10 10 15 16 18 19 21 22 23 25 38 47 48 51 53 56 58 62 67 69 74 78 79 81 85 89 93 96 98 100
12 c 53 35 0 353 412 90 50 43 13 15 17 20 24 26 34 40 42 46 50 51 56 59 71 75 76 81 83 87 89 90 93 98
13 c 90 35 0 203 260 90 10 19 16 17 22 23 24 28 35 41 42 44 45 49 56 57 58 59 63 66 67 68 73 78 79 85 91 95 97 98
14 c 70 58 0 458 523 90 20 28 16 18 23 24 25 26 27 28 53 54 56 57 60 65 67 71 73 75 81 82 83 86 89 91 95 98
15 c 65 55 0 85 144 90 20 22 21 22 23 24 26 31 32 35 37 42 44 45 46 51 52 55 56 63 66 74 80 82 83 84 87 90 97 99
16 c 67 85 0 368 441 90 20 12 18 21 27 30 31 39 41 47 49 50 51 54 55 56 61 63 65 70 72 75 78 81 85 87 89 94 96 100
17 c 0 40 0 479 522 90 30 38 19 21 25 26 30 32 34 36 37 38 41 42 47 51 52 53 56 61 65 66 67 68 73 75 78 79 80 81 82 86 87 94 96 97
18 c 25 52 0 169 224 90 40 47 19 24 26 31 33 34 35 37 39 40 42 43 44 48 50 51 55 58 59 61 63 64 65 70 79 84 87 95 96 97 98
19 c 88 30 202 574 643 90 10 7 22 26 29 35 36 46 49 52 53 55 58 59 63 65 70 71 73 79 84 89 90 95 98
20 c 55 85 202 647 726 90 20 28 22 23 24 25 27 28 31 32 35 38 39 42 44 46 47 49 51 56 59 65 71 72 73 74 78 82 83 85 86 91 93 95 97
21 c 87 30 202 668 731 90 10 2 23 24 26 28 29 32 34 35 41 43 47 50 52 54 56 57 58 60 62 63 68 70 72 80 81 85 91 95 99 100
22 c 28 55 202 732 777 90 10 8 25 27 31 33 38 41 44 49 52 55 58 60 65 67 73 78 82 83 87 92 95 96
23 c 42 68 202 727 782 90 10 11 24 30 32 37 41 42 43 48 49 52 56 57 61 62 82 83 94 97 100
24 c 55 80 202 743 820 90 10 9 25 26 27 29 30 39 40 42 46 47 51 55 62 65 66 68 69 73 78 80 83 84 88 98
25 c 45 35 469 916 969 90 10 18 26 27 28 32 35 39 41 42 49 54 56 65 66 71 73 74 76 79 88 93
26 c 95 30 469 0 1087 90 30 37 27 30 31 36 39 42 43 44 45 54 56 57 58 68 72 75 78 81 82 83 90
27 c 95 35 505 0 1088 90 20 13 29 30 31 32 33 37 38 41 42 43 45 49 50 51 57 58 59 60 64 67 69 72 73 79 83 85 88 92 95 96 100
28 c 92 30 505 0 1090 90 10 14 30 34 35 38 40 57 60 66 72 78 90 94 99
29 c 85 25 505 0 1094 90 10 8 30 33 40 41 45 46 52 55 57 63 66 68 71 74 86 92 95 97 98
30 c 88 35 505 0 1095 90 20 13 32 36 40 42 44 45 48 62 64 66 69 70 73 74 75 81 84 85 86 91 92 98 99
31 c 85 35 505 0 1098 90 30 21 34 35 38 40 45 48 50 51 52 53 54 63 64 66 67 69 75 78 84 85 90 91 95
32 c 35 5 505 0 1100 90 20 19 35 39 46 47 50 51 60 62 63 64 65 66 67 68 69 71 74 75 76 78 79 81 82 85 86 94 97 98 100
33 c 40 5 505 0 1101 90 30 20 36 39 44 48 52 59 63 65 67 69 70 74 75 76 77 78 79 80 83 88 98
34 c 65 85 505 0 1102 90 40 49 37 38 41 49 54 56 58 61 70 73 77 79 83 89 94
35 c 60 85 505 0 1105 90 30 20 42 45 54 56 61 67 72 78 80 83 87 88 90 93 96 98
36 c 20 85 505 0 1105 90 40 32 37 39 42 46 49 50 51 52 53 55 57 59 63 66 67 69 72 74 76 77 79 80 82 85 87 88 91 94 98 100
37 c 42 10 505 0 1105 90 40 43 41 43 46 49 50 55 57 62 64 69 72 75 76 77 78 81 82 84 85 91 95 98 100
38 c 0 45 505 0 1105 90 20 13 42 46 47 51 55 56 59 61 65 66 69 70 71 77 79 84 92 99
39 c 65 82 505 0 1105 90 10 1 41 45 47 49 54 56 60 64 69 70 72 73 77 79 81 85 92 95 99
40 c 2 40 505 0 1106 90 20 16 42 44 46 47 49 54 55 59 60 61 62 66 68 71 76 77 79 84 87 90 91 92 93 97
41 c 15 80 505 0 1106 90 10 7 42 44 49 53 54 56 57 59 60 64 72 76 78 79 81 82 90 96
42 c 22 85 505 0 1106 90 10 18 44 51 53 54 55 60 61 66 68 71 74 76 77 78 82 85 94 97
43 c 5 35 505 0 1107 90 10 13 44 46 49 55 56 64 65 68 69 71 75 96 99
44 c 25 85 505 0 1107 90 20 15 48 51 52 53 58 59 60 64 70 77 79 84 85 89
45 c 62 80 505 0 1108 90 30 23 46 47 48 53 65 68 70 75 77 80 82 83 85 86 88
46 c 60 80 505 0 1109 90 10 14 48 54 56 59 60 62 66 72 74 77 81 82 85 86 89 93 95 97
47 c 75 55 505 0 1110 90 20 15 55 56 58 63 68 71 72 73 74 81 82 83 89 92 96 99
48 c 15 75 505 0 1110 90 20 17 51 53 55 57 62 63 66 68 71 73 75 77 79 83 91 92 97
49 c 5 45 505 0 1110 90 10 5 56 57 58 62 69 74 76 77 78 82 83 85 87 88 91 93 96 97
50 c 38 15 505 0 1110 90 10 3 53 54 56 58 61 63 64 65 69 71 75 78 92 93 97
51 c 40 15 505 0 1111 90 40 43 58 63 69 74 77 83 84 85 86 88 89 95 99
52 c 8 40 505 0 1112 90 40 42 63 67 73 75 80 81 83 88 89 90 97
53 c 18 75 505 0 1112 90 20 27 54 56 58 62 74 85 87 88 93 95 98 99
54 c 10 35 505 0 1112 90 20 19 56 61 62 65 69 70 78 79 86 87 92 94 98 99 100
55 c 72 55 505 0 1113 90 10 17 58 61 62 77 78 80 81 86 88 89 92 94 95 96 98 100
56 c 8 45 505 0 1113 90 20 18 59 60 61 63 64 65 67 68 69 71 74 75 79 85 86 91 98 100
57 c 10 40 505 0 1114 90 30 35 60 64 66 67 69 70 73 78 83 85 92 99
58 c 58 75 505 0 1115 90 20 20 59 62 63 67 69 71 78 80 85 86 90 93 94 97
59 c 68 60 505 0 1116 90 30 23 61 63 69 82 83 88 89 90 91 94 96 97 98 99
60 c 66 55 505 0 1119 90 10 6 62 68 70 74 75 78 81 85 91 94 99
61 c 65 60 505 0 1119 90 30 40 62 66 70 74 75 76 78 79 81 82 84 85 95 98
62 c 63 58 505 0 1121 90 10 10 64 67 68 71 74 78 81 83 86 96 98 99
63 c 25 30 505 0 1121 90 10 1 68 69 73 82 83 85 89 91 92 94 95 96 97 100
64 c 28 30 505 0 1122 90 10 1 65 67 71 78 80 82 86 87 89 90 91 95 96
65 c 53 30 505 0 1122 90 10 1 68 71 78 82 86 87 88 90 93 97
66 c 60 60 505 0 1123 90 10 9 67 71 73 76 79 84 85 86 90 91 92 94
67 c 26 32 505 0 1123 90 10 19 68 74 76 78 80 83 84 86 89 90 92 93 96
68 c 50 30 505 0 1123 90 10 10 74 81 82 91 92 93 97 100
69 c 30 30 505 0 1123 90 10 14 71 77 80 82 83 87 94 99 100
70 c 48 30 506 0 1124 90 10 12 72 76 78 79 82 91 92
71 c 25 35 506 0 1124 90 10 10 72 74 84 86 88 90 91 94
72 c 30 32 507 0 1125 90 30 32 77 82 83 86 91 92 95 96 97 98 100
73 c 35 30 507 0 1125 90 10 2 74 81 83 84 87 88 97 99 100
74 c 45 70 510 0 1125 90 30 22 76 77 88 91 93 96 97 99 100
75 c 60 55 510 0 1125 90 10 10 76 77 85 92 95 100
76 c 45 30 510 0 1125 90 10 19 80 85 86 87 93 94 98 99
77 c 20 55 510 0 1125 90 10 14 80 84 89 92 93 95 99
78 c 20 50 510 0 1126 90 10 3 82 84 85 90 96 98
79 c 28 35 510 0 1126 90 10 8 86 88 92 93 95 98 99
80 c 33 32 510 0 1126 90 20 16 81 82 91 97 100
81 c 40 69 510 0 1127 90 20 29 84 87 88 89 90 91 93 95 96 97 99
82 c 45 68 510 0 1127 90 10 17 84 88 92 95 96 97 99 100
83 c 30 35 510 0 1127 90 10 15 90 91 93 95
84 c 35 32 510 0 1127 90 10 11 85 88 89 92 97 99
85 c 23 55 510 0 1128 90 20 18 88 91 98
86 c 23 52 510 0 1128 90 10 5 90 91 92 93 98
87 c 42 66 511 0 1129 90 10 17 91 98 99
88 c 35 66 511 0 1129 90 10 6 94 95 96 99
89 c 47 35 511 0 1129 90 10 9 91 92 93 96 97 98 99
90 c 33 35 511 0 1129 90 10 6 97 100
91 c 40 66 512 0 1130 90 20 17 93 98 99 100
92 c 42 65 512 0 1130 90 10 11 93 97 99
93 c 45 65 512 0 1130 90 20 12 96 98 100
94 c 25 55 512 0 1130 90 10 8 98
95 c 50 40 513 0 1131 90 50 42
96 c 25 50 513 0 1131 90 10 14 97
97 c 48 40 515 0 1133 90 10 2 98 99
98 c 28 52 515 0 1133 90 20 30
99 c 30 52 517 0 1135 90 20 28
100 c 30 50 518 0 1136 90 10 20

