StringID Type x y release ReadyTime DueDate ServiceTime weight volume Item_Conflitante1 Item_Conflitante2 Item_Conflitante3 Item_Conflitante4 Item_Conflitante5 Item_Conflitante6 Item_Conflitante7 Item_Conflitante8 Item_Conflitante9 Item_Conflitante10 Item_Conflitante11 Item_Conflitante12 Item_Conflitante13 Item_Conflitante14 Item_Conflitante15 Item_Conflitante16 Item_Conflitante17 Item_Conflitante18 Item_Conflitante19 Item_Conflitante20 Item_Conflitante21 Item_Conflitante22 Item_Conflitante23 Item_Conflitante24 Item_Conflitante25 Item_Conflitante26 Item_Conflitante27 Item_Conflitante28 Item_Conflitante29 Item_Conflitante30 Item_Conflitante31 Item_Conflitante32 Item_Conflitante33 Item_Conflitante34 Peso_Total Volume_Total
0 d 40 50 0 0 1236 0 0 0                                   200 200
1 c 50 35 0 262 317 90 20 27 3 6 10 21 22 25 33 34 35 36 37 39 45 46 51 52 55 59 61 66 67 76 78 80 82 85 86 92 93 96 98
2 c 38 5 0 471 534 90 30 27 9 11 14 15 17 18 26 27 35 36 38 41 43 44 53 57 58 60 61 65 70 71 74 75 80 82 84 86 88 90 91 94 96 100
3 c 40 5 0 385 436 90 30 40 5 6 12 15 16 19 20 22 26 29 46 57 60 61 72 81 86 94 95 98
4 c 25 52 0 169 224 90 40 46 5 6 7 8 11 12 13 15 16 21 36 37 40 42 43 46 49 55 56 58 66 67 70 71 72 78 85 88 90 92 96
5 c 42 15 0 95 158 90 10 14 8 9 10 11 16 17 19 24 25 27 34 36 41 45 53 63 66 67 68 72 75 77 78 85 90 91 92 94 97 99
6 c 23 52 0 261 316 90 10 7 9 10 14 16 24 27 28 34 40 45 46 48 50 53 55 57 58 67 69 71 75 77 80 82 85 88 92 93 94 96 100
7 c 44 5 0 286 347 90 20 26 10 11 15 22 27 31 33 36 38 48 52 58 60 66 68 69 71 74 75 81 86 89 97
8 c 30 30 0 541 600 90 10 20 11 16 22 24 26 28 31 39 40 44 48 52 54 57 60 63 64 65 67 73 75 82 85 87 93 95
9 c 20 55 0 449 504 90 10 1 10 14 15 17 18 19 24 26 31 33 36 44 45 47 49 50 51 52 54 56 64 65 67 74 81 83 93 96
10 c 32 30 0 359 412 90 10 12 11 14 19 20 29 32 33 36 37 42 44 46 52 58 60 73 74 80 81 83 85 86 87 89 90 91 94 95 98
11 c 33 32 0 68 149 90 20 28 14 15 17 20 23 26 28 31 33 35 36 38 41 42 44 45 48 50 52 58 59 60 61 62 70 71 74 76 82 85 89 90 93 98
12 c 8 40 0 87 158 90 40 40 19 29 34 35 41 42 52 54 55 56 58 67 70 71 75 76 81 89 95 97 100
13 c 35 32 0 166 235 90 10 20 14 16 19 22 28 29 33 36 37 40 41 51 58 60 66 69 71 79 80 86 90 93 98 99
14 c 5 35 0 283 344 90 10 13 19 22 28 34 38 44 45 48 49 52 53 55 58 60 61 62 63 64 65 67 68 70 76 83 85 87 88 90 93 97 98 100
15 c 35 30 0 264 321 90 10 1 16 17 19 21 22 31 32 39 40 41 45 48 49 50 51 58 59 62 65 66 67 71 76 77 78 80 86 90 91 95
16 c 48 40 0 76 129 90 10 9 20 21 30 32 34 44 46 48 54 58 60 61 62 66 70 71 75 76 80 88 89 91 96 98
17 c 0 40 0 479 522 90 30 24 26 29 33 34 37 43 46 48 54 56 57 59 71 72 76 77 78 79 80 83 84 85 88 90 92 93 97 100
18 c 47 40 0 12 77 90 10 6 21 25 30 32 33 39 42 44 46 47 49 50 59 61 65 66 70 71 74 77 79 80 81 84 86 89 96 97 98
19 c 18 75 0 99 148 90 20 11 27 34 35 41 47 50 53 56 58 67 69 70 73 74 75 76 78 80 84 91 94 95
20 c 65 85 0 475 518 90 40 39 21 26 43 45 47 48 51 54 57 58 59 63 69 72 74 76 77 80 81 83 86 89 91 92 93 94
21 c 67 85 0 368 441 90 20 12 22 24 34 36 38 41 42 45 48 66 70 71 73 77 81 83 86 94
22 c 65 55 0 85 144 90 20 12 25 28 31 32 33 38 40 41 47 48 51 59 60 66 69 78 85 87 91 94 96 97 98 100
23 c 70 58 0 458 523 90 20 19 24 25 27 31 36 44 45 47 48 54 55 56 59 61 62 63 67 69 70 73 75 78 80 90 97 98 99
24 c 88 35 0 109 170 90 20 19 28 29 34 35 37 42 46 52 55 58 60 61 63 65 69 74 75 77 80 82 83 84 92 94 96 98 99
25 c 95 30 0 387 456 90 30 25 26 29 32 46 50 51 52 53 54 56 61 64 66 68 69 77 78 79 80 81 82 83 85 87 90 91 92
26 c 38 70 0 534 605 90 10 13 28 32 38 45 47 49 52 53 54 56 60 62 71 72 79 87 90 94 96 97 100
27 c 38 68 0 255 324 90 20 28 30 31 37 43 45 46 48 49 50 54 56 57 59 65 67 68 73 82 87 94 96 97 99
28 c 35 69 0 448 505 90 10 8 30 36 47 48 51 53 54 58 59 65 69 70 72 80 81 83 90 91 94 95 100
29 c 22 75 0 30 92 90 30 24 31 32 33 34 35 38 39 45 47 56 57 62 63 67 69 76 79 80 82 84 87 88 92
30 c 90 35 0 203 260 90 10 1 31 33 38 39 40 46 51 55 58 62 63 68 72 77 80 81 82 86 87 90 91 93 97
31 c 20 80 0 384 429 90 40 47 32 35 36 43 52 54 56 61 73 74 78 80 85 86
32 c 53 35 0 353 412 90 50 41 35 40 41 42 45 46 47 50 51 52 54 58 65 68 74 82 87 99
33 c 35 66 0 357 410 90 10 18 35 36 37 39 44 47 48 49 52 55 59 60 61 70 74 75 81 82 87 88 90 91 98
34 c 0 45 265 567 624 90 20 16 36 40 41 49 50 63 65 67 68 75 76 77 78 79 82 86 88 98
35 c 88 30 265 574 643 90 10 18 46 47 51 57 64 66 68 70 79 83 85 88 89 92 93 94 97 99
36 c 48 30 265 632 693 90 10 14 39 43 52 54 55 58 61 62 71 74 87 90 93
37 c 40 69 265 621 702 90 20 15 39 41 42 46 51 52 53 55 57 58 59 68 69 71 72 81 84 87 88 89 93 96 97
38 c 65 60 265 645 708 90 30 39 41 42 45 50 57 67 70 76 78 83 84 86 89 90 91 96 98 99
39 c 5 45 265 665 716 90 10 16 43 49 51 52 54 55 59 63 67 72 79 82 91 100
40 c 55 85 265 647 726 90 20 11 42 46 47 49 53 59 61 68 71 72 74 80 81 90 92 93 96
41 c 87 30 265 668 731 90 10 12 43 46 47 49 52 55 57 63 65 72 77 83 88 91 97 99 100
42 c 28 55 265 732 777 90 10 6 43 46 47 49 51 54 56 57 58 60 61 62 69 75 77 78 80 84 85 86 87 89 90 92 95 99
43 c 45 30 265 734 777 90 10 11 44 49 51 52 54 58 62 65 68 69 71 81 82 85 86 89 91 92 95 99
44 c 42 68 265 727 782 90 10 3 48 52 54 57 58 63 68 69 71 72 73 79 81 85 88 89 96 97
45 c 85 25 265 769 820 90 10 6 47 49 50 51 53 55 58 59 60 62 63 65 68 70 75 76 77 79 80 83 97 99
46 c 55 80 265 743 820 90 10 18 52 59 68 70 72 73 77 82 86 88 89 97 98
47 c 47 35 265 826 875 90 10 13 51 52 53 56 60 63 65 72 74 75 78 79 83 86 95 96 98 99
48 c 28 52 265 812 883 90 20 28 51 57 58 60 63 65 66 67 68 69 71 72 79 91 92 98 99
49 c 45 35 448 916 969 90 10 6 51 57 58 67 69 70 75 78 81 86 87 88 89 91 98 100
50 c 28 35 448 1001 1066 90 10 15 54 57 65 66 68 70 74 75 81 82 83 84 85 87 90 91 93 99
51 c 95 35 497 0 1088 90 20 13 53 57 59 61 64 67 69 71 72 73 77 79 92 100
52 c 92 30 497 0 1090 90 10 12 54 55 61 63 70 73 74 75 78 83 84 85 87 88 93 94
53 c 85 35 497 0 1098 90 30 29 55 56 57 58 59 60 61 65 66 67 70 71 73 77 81 84 85 86 88 90 97 99 100
54 c 35 5 497 0 1100 90 20 26 65 67 69 74 78 80 81 86 88 92 93 97 99
55 c 42 10 497 0 1105 90 40 45 59 61 62 65 66 68 70 74 77 78 79 82 92 96 98 100
56 c 20 85 497 0 1105 90 40 30 58 62 66 68 69 70 71 79 80 81 83 97
57 c 60 85 497 0 1105 90 30 30 59 61 66 68 72 83 88 94 95
58 c 65 82 497 0 1105 90 10 19 60 61 63 64 68 69 71 78 79 80 82 83 92 94 96 97 98 100
59 c 22 85 497 0 1106 90 10 12 64 65 67 68 69 70 79 83 84 95 97 99
60 c 15 80 497 0 1106 90 10 9 69 73 74 77 81 82 83 85 92 93
61 c 2 40 497 0 1106 90 20 10 63 64 68 69 72 78 79 81 83 84 86 87 91 93 94 95 96 98
62 c 25 85 497 0 1107 90 20 15 64 67 68 69 76 77 79 83 85 87 88 89 90 92 94 96 97 99
63 c 62 80 497 0 1108 90 30 26 66 68 70 73 76 79 83 87 90 93
64 c 60 80 497 0 1109 90 10 10 66 67 69 73 74 75 81 83 85 87 89 90 95 99
65 c 75 55 497 0 1110 90 20 28 74 81 84 85 95 98
66 c 38 15 497 0 1110 90 10 4 69 72 76 79 83 84 85 93
67 c 15 75 497 0 1110 90 20 20 68 70 76 80 85 91 92 93 96 98
68 c 40 15 497 0 1111 90 40 43 76 77 79 82 84 86 87 88 90 94 95 96
69 c 10 35 497 0 1112 90 20 16 70 72 77 78 80 87 90 95 99 100
70 c 72 55 497 0 1113 90 10 8 71 72 74 79 80 88 89 92 93 94 98 99 100
71 c 8 45 497 0 1113 90 20 13 73 75 78 79 80 82 88 89 92 93 98 100
72 c 10 40 497 0 1114 90 30 32 77 82 85 86 87 88 89 96 97
73 c 58 75 497 0 1115 90 20 27 77 81 82 85 87 90 93 94 95 96 99
74 c 68 60 508 0 1116 90 30 31 75 78 83 85 86 92 95
75 c 66 55 508 0 1119 90 10 17 80 81 83 85 91 95 100
76 c 63 58 508 0 1121 90 10 15 82 87 88 92 93
77 c 25 30 508 0 1121 90 10 17 81 82 94 100
78 c 28 30 508 0 1122 90 10 7 81 82 85 89 90 92 94 97 98
79 c 53 30 508 0 1122 90 10 2 82 85 89 92 98
80 c 26 32 508 0 1123 90 10 1 82 85 86 95 99
81 c 60 60 508 0 1123 90 10 2 82 83 85 86 87 91 92 97 98
82 c 50 30 508 0 1123 90 10 4 84 87 88 89 90 96 97
83 c 25 35 508 0 1124 90 10 5 85 91 93
84 c 30 32 508 0 1125 90 30 25 86 88 90 94 98
85 c 45 70 508 0 1125 90 30 37 86 90 98
86 c 60 55 508 0 1125 90 10 6 87 88 90 92 97 99
87 c 20 50 508 0 1126 90 10 8 89 92 93 94
88 c 30 35 509 0 1127 90 10 10 93 94 95 96
89 c 45 68 509 0 1127 90 10 19 90 92 94 96 97 100
90 c 23 55 510 0 1128 90 20 26 91 98 99
91 c 42 66 511 0 1129 90 10 8 92 98 100
92 c 33 35 511 0 1129 90 10 11 93 94 98 99
93 c 45 65 512 0 1130 90 20 20 94 96 100
94 c 25 55 512 0 1130 90 10 10 96 100
95 c 42 65 512 0 1130 90 10 3 98 100
96 c 40 66 512 0 1130 90 20 19 100
97 c 25 50 513 0 1131 90 10 7 98 99
98 c 50 40 513 0 1131 90 50 59 99
99 c 30 52 517 0 1135 90 20 25 100
100 c 30 50 518 0 1136 90 10 4

