StringID Type x y release ReadyTime DueDate ServiceTime weight volume Item_Conflitante1 Item_Conflitante2 Item_Conflitante3 Item_Conflitante4 Item_Conflitante5 Item_Conflitante6 Item_Conflitante7 Item_Conflitante8 Item_Conflitante9 Item_Conflitante10 Item_Conflitante11 Item_Conflitante12 Item_Conflitante13 Item_Conflitante14 Item_Conflitante15 Item_Conflitante16 Item_Conflitante17 Item_Conflitante18 Item_Conflitante19 Item_Conflitante20 Item_Conflitante21 Item_Conflitante22 Item_Conflitante23 Item_Conflitante24 Item_Conflitante25 Item_Conflitante26 Item_Conflitante27 Item_Conflitante28 Item_Conflitante29 Item_Conflitante30 Item_Conflitante31 Item_Conflitante32 Item_Conflitante33 Item_Conflitante34 Item_Conflitante35 Item_Conflitante36 Item_Conflitante37 Item_Conflitante38 Item_Conflitante39 Item_Conflitante40 Item_Conflitante41 Item_Conflitante42 Item_Conflitante43 Item_Conflitante44 Peso_Total Volume_Total
0 d 35 35 0 0 230 0 0 0                                             200 200
1 c 35 40 2 27 57 10 16 19 3 6 11 14 26 30 39 40 43 50 52 57 61 65 66 67 71 73 74 76 79 80 81 82 86 87 91
2 c 40 60 2 61 91 10 21 19 10 12 15 17 19 22 24 25 26 31 32 33 34 35 37 40 44 45 46 50 54 56 59 61 62 66 69 71 72 74 76 78 80 82 85 87 93 94 96 97 98 99
3 c 49 42 2 63 93 10 13 20 5 7 12 17 18 21 37 44 47 55 57 58 59 63 66 68 69 71 73 74 77 78 81 83 92 95 100
4 c 15 77 2 63 93 10 9 8 6 9 15 19 27 29 30 31 32 33 36 37 38 42 46 47 54 58 62 68 71 72 75 83 84 87 90 93 97 99
5 c 53 52 2 27 57 10 11 11 7 16 25 26 34 40 42 43 48 50 51 52 54 58 60 61 64 71 75 79 83 84 91 92 99
6 c 2 60 2 41 71 10 5 6 10 12 14 15 16 17 19 31 33 38 40 43 44 51 54 59 60 62 65 66 67 70 72 78 80 83 85 93 94 95 98
7 c 5 5 2 73 103 10 16 19 10 17 20 21 22 30 33 42 45 46 47 49 51 52 58 63 68 70 71 74 75 80 87 88 89 90 91 92 94 96 98
8 c 60 12 2 34 64 10 31 35 9 11 12 14 20 21 22 24 26 28 31 32 35 36 37 38 40 45 47 52 53 56 58 59 60 61 62 63 67 70 71 75 77 78 79 80 82 85 88 89 95 96 97 98
9 c 40 25 2 75 105 10 9 10 13 16 17 22 23 24 30 33 34 36 41 42 43 49 50 54 58 59 63 65 68 71 72 78 79 81 85 86 87 89 90 92 97 99 100
10 c 24 12 2 25 55 10 5 6 11 17 20 23 26 29 30 32 33 37 39 44 45 51 52 55 60 62 70 72 74 75 76 79 80 85 91 95 97
11 c 11 14 2 59 89 10 18 18 15 25 30 33 37 38 43 48 50 51 55 57 62 67 70 73 75 77 85 87 88 92 97
12 c 6 38 2 29 59 10 16 18 13 18 19 21 22 23 24 31 34 37 48 51 52 56 63 64 65 66 70 81 83 85 87 90 92 100
13 c 20 26 2 73 103 10 9 14 16 20 24 27 29 30 36 40 42 43 44 46 47 48 50 51 52 54 55 57 63 68 70 71 75 77 80 83 91 96 98 99
14 c 37 31 2 85 115 10 14 20 15 20 22 28 31 32 33 46 47 51 60 63 64 66 67 71 73 74 78 79 82 86 89 91 93 96 98
15 c 37 47 2 40 70 10 6 1 18 21 22 24 26 36 45 47 51 52 54 56 61 62 63 64 65 71 75 84 86 88
16 c 67 5 2 73 103 10 25 26 17 19 24 30 32 33 42 43 44 45 48 53 55 56 57 59 62 65 66 69 74 76 78 79 80 82 85 86 88 91 96 97 99
17 c 24 58 2 48 78 10 19 13 18 21 23 24 30 32 34 38 43 49 54 61 62 63 65 69 70 74 75 76 77 79 80 85 86 89 92 95 99 100
18 c 57 48 2 82 112 10 23 22 19 31 40 41 45 46 47 49 52 55 58 61 65 68 71 75 76 92 93 95 96 100
19 c 55 5 2 58 88 10 29 24 20 23 25 27 29 33 35 43 44 46 47 48 54 58 59 60 64 68 69 72 74 75 78 80 87 93 94 98 99
20 c 62 77 2 49 79 10 20 19 22 23 25 26 27 32 38 39 50 56 58 59 60 63 66 68 69 72 73 75 86 87 92
21 c 26 52 2 64 94 10 9 17 25 26 28 29 30 33 34 35 39 41 47 52 53 54 55 58 67 74 76 80 82 85 86 88 90 93 94 97 98
22 c 10 43 2 85 115 10 9 3 23 27 29 31 34 45 46 47 51 60 62 67 70 71 73 75 77 80 81 82 83 86 88 97 98
23 c 30 5 2 51 81 10 8 15 26 27 33 36 38 41 45 47 48 49 54 60 62 63 65 66 68 74 77 79 80 83 86 100
24 c 28 18 2 83 113 10 26 20 26 27 28 32 36 37 38 39 46 47 48 49 53 54 58 68 70 83 88 95 99
25 c 20 65 2 57 87 10 12 7 28 29 34 35 37 41 44 47 48 49 50 53 56 63 64 65 66 67 69 70 76 81 85 90 98
26 c 22 22 2 18 48 10 2 6 27 28 35 38 40 48 61 65 67 72 74 75 81 86 88 89 91 96 97 98 99 100
27 c 61 52 2 86 116 10 3 13 32 37 43 44 49 56 58 63 80 82 84 86 88 90 93 94 96
28 c 45 10 2 87 117 10 18 28 29 30 33 35 36 39 42 43 47 49 50 51 62 66 68 74 84 88 93 96 97 99
29 c 42 7 2 87 117 10 5 1 31 32 37 43 49 50 51 52 54 65 71 72 78 79 82 85 86 94 96 99
30 c 55 60 2 87 117 10 16 10 31 32 33 35 38 43 47 50 58 61 64 65 66 69 77 78 85 97
31 c 25 30 13 89 119 10 3 1 32 36 40 44 48 50 55 69 73 76 80 81 83 85 87 88 90 91 93 96 97 100
32 c 11 31 13 91 121 10 7 1 34 40 41 43 53 54 56 58 60 66 69 72 73 74 75 79 83 86 89 93
33 c 6 68 13 98 128 10 30 39 34 36 37 45 50 52 55 63 72 77 98
34 c 30 60 32 114 144 10 16 14 35 40 41 47 48 49 52 55 57 64 73 74 78 81 87 90 95 98
35 c 49 73 32 117 147 10 25 22 36 37 39 51 52 53 55 57 62 64 75 76 79 81 83 84 91 92 96 98 99
36 c 53 12 35 120 150 10 6 7 37 38 40 42 43 48 50 53 55 59 61 65 68 71 72 74 79 82 87 88 89 92 94 98 99 100
37 c 63 23 41 126 156 10 2 12 41 44 46 48 50 51 54 55 59 61 62 63 65 69 70 73 74 75 83 84 86 93 100
38 c 56 39 47 132 162 10 36 36 40 41 48 55 62 63 64 66 68 73 79 81 82 85 86 94 95 98
39 c 63 65 48 133 163 10 8 3 42 44 48 51 56 64 68 76 78 79 85 88 91 92 95 96 97 99 100
40 c 55 20 54 139 169 10 19 17 41 44 45 46 47 48 49 50 53 57 63 64 65 72 76 79 85 92 97 98 100
41 c 46 13 54 139 169 10 8 13 43 50 53 55 57 58 59 62 70 72 73 74 75 77 81 83 84 85 91 98
42 c 5 30 62 147 177 10 2 1 49 50 58 60 64 68 69 71 73 74 76 83 86 87 94 95 97 100
43 c 30 25 64 149 179 10 23 15 46 54 62 72 75 85 88 93 96
44 c 57 68 65 0 180 10 15 18 53 54 55 57 60 69 71 79 86 88 95 96 99
45 c 65 55 68 0 183 10 14 8 46 48 49 51 56 58 59 61 63 65 66 73 75 79 80 82 83 85 95 96 98
46 c 4 18 69 0 184 10 35 42 47 51 52 55 59 63 69 70 74 75 76 78 81 82 85 98 99 100
47 c 2 48 69 0 184 10 1 2 53 55 58 59 60 64 65 66 69 71 74 79 82 87 91 96 98
48 c 27 69 70 0 185 10 10 14 50 51 52 53 63 67 68 69 70 73 79 81 83 84
49 c 8 56 70 0 185 10 27 20 51 52 53 55 58 67 69 70 73 77 78 83 85 86 87 89 93 96 97 99
50 c 23 3 70 0 185 10 7 1 52 53 55 56 58 61 71 72 75 76 78 79 81 83 86 97 98 99
51 c 35 69 71 0 186 10 23 23 54 57 60 61 69 71 73 75 79 83 85 96 97
52 c 65 20 72 156 186 10 6 1 62 64 65 70 71 73 74 78 79 86 89 91 95 96 98 99
53 c 15 10 72 0 187 10 20 15 55 57 63 64 66 71 72 75 77 79 80 85 89 92 94 95 98 99
54 c 31 67 72 0 187 10 3 8 57 58 60 62 63 66 67 68 71 73 75 78 83 84 86 92 96 98
55 c 15 60 72 0 187 10 17 24 57 58 63 68 71 80 82 83 87 95 97
56 c 45 65 73 0 188 10 9 1 60 61 65 68 69 74 75 76 78 83 84 88 89 90 91 92 96 99
57 c 10 20 75 0 190 10 19 10 60 65 67 72 73 77 80 81 88 91 96 97 100
58 c 64 42 77 0 190 10 9 5 59 60 64 65 66 72 84 85 92 95 96 97 98
59 c 65 35 77 0 190 10 3 13 76 78 83 84 85 92 95 96 98
60 c 13 52 77 0 192 10 36 37 61 71 74 82 86 89 91 93 97
61 c 49 11 77 0 192 10 18 19 63 65 66 68 74 76 83 84 85 89 90 92 93 94
62 c 55 54 77 0 192 10 26 32 64 67 68 70 73 74 75 76 78 82 87 90 91 94 96
63 c 49 58 78 0 193 10 10 11 65 68 69 74 75 77 78 86 89 90 92 94 96
64 c 15 19 79 0 194 10 1 7 66 69 70 71 73 74 83 89 90 91 93 96 99 100
65 c 12 24 79 0 194 10 13 23 66 67 73 74 85 92 95 97
66 c 18 18 80 165 195 10 17 18 68 69 71 73 77 88 89 91 92 95 96 97
67 c 15 47 81 0 196 10 16 16 72 74 75 76 81 91 92 93 96
68 c 32 12 81 0 196 10 7 17 73 75 77 78 79 81 83 88 92 96
69 c 16 22 81 0 196 10 41 34 70 75 77 85 88 95 97 99
70 c 57 29 82 0 197 10 18 13 72 73 77 83 85 87 89 90 91 92 93 98
71 c 47 16 82 0 197 10 25 27 77 86 90 94 98 99
72 c 55 45 82 0 197 10 13 4 75 77 78 82 89 90 91 94 95 99
73 c 14 37 83 0 198 10 11 9 78 81 82 84 86 88 92 93 95 97 99 100
74 c 56 37 83 168 198 10 6 15 75 76 77 79 80 84 89 91 96
75 c 20 50 83 0 198 10 5 1 77 80 86 90 92 96 100
76 c 37 56 83 168 198 10 5 1 77 81 82 87 89 91 95 98 100
77 c 19 21 83 0 198 10 10 7 78 84 87 88 90
78 c 20 20 83 0 198 10 8 7 88 89 90 100
79 c 53 43 84 169 199 10 14 14 89 95 97 100
80 c 44 17 84 0 199 10 9 17 82 85 89 92 93 98 100
81 c 15 30 84 0 199 10 26 28 85 86 87 93 94 100
82 c 18 24 84 169 199 10 22 19 84 86 88 89 95 97 99 100
83 c 45 20 86 0 201 10 11 12 86 87 88 90 92 93 96 97 98
84 c 17 34 86 0 201 10 3 1 85 90 91 94 96
85 c 25 21 87 0 202 10 12 9 87 89 93 96 100
86 c 35 17 87 0 202 10 7 6 89 92 93 94 96 98 99
87 c 21 24 87 0 202 10 28 36 90 91 92 97 98
88 c 31 52 87 0 202 10 27 17 90 91 99
89 c 47 47 88 0 203 10 13 9 93 95 96
90 c 20 40 89 0 204 10 12 5 91 94 96 100
91 c 41 49 89 0 204 10 10 4 94 95 97
92 c 22 27 89 0 204 10 11 8 93 100
93 c 25 24 90 0 205 10 20 21 94 99 100
94 c 50 35 90 0 205 10 19 25
95 c 26 27 92 0 207 10 27 25 96 99 100
96 c 45 30 93 0 208 10 17 11 98
97 c 27 43 93 0 208 10 9 4 99 100
98 c 36 26 95 180 210 10 18 15
99 c 26 35 96 0 211 10 15 7
100 c 41 37 98 0 213 10 16 15

