StringID Type x y release ReadyTime DueDate ServiceTime weight volume Item_Conflitante1 Item_Conflitante2 Item_Conflitante3 Item_Conflitante4 Item_Conflitante5 Item_Conflitante6 Item_Conflitante7 Item_Conflitante8 Item_Conflitante9 Item_Conflitante10 Item_Conflitante11 Item_Conflitante12 Item_Conflitante13 Item_Conflitante14 Item_Conflitante15 Item_Conflitante16 Item_Conflitante17 Item_Conflitante18 Item_Conflitante19 Item_Conflitante20 Item_Conflitante21 Item_Conflitante22 Item_Conflitante23 Item_Conflitante24 Item_Conflitante25 Item_Conflitante26 Item_Conflitante27 Item_Conflitante28 Item_Conflitante29 Item_Conflitante30 Item_Conflitante31 Item_Conflitante32 Item_Conflitante33 Item_Conflitante34 Item_Conflitante35 Peso_Total Volume_Total
0 d 35 35 0 0 1000 0 0 0                                    1000 1000
1 c 24 58 94 113 353 10 19 19 3 9 10 11 12 13 22 26 32 33 35 36 38 40 43 45 47 55 66 68 70 73 79 80 83 86 87 89 90 91 95 97
2 c 67 5 94 228 468 10 25 19 3 4 6 10 16 19 20 26 27 28 36 39 41 43 44 45 47 50 51 56 61 67 68 70 75 77 80 82 85 87 92 93 96 97 99
3 c 37 47 94 108 348 10 6 14 7 11 13 16 18 21 23 25 26 32 34 35 38 41 44 53 61 63 64 71 74 78 79 90 99 100
4 c 6 38 94 29 269 10 16 11 8 9 13 15 17 20 24 25 27 28 31 33 35 39 45 49 58 62 69 71 72 73 75 77 89 94 96 98 100
5 c 11 14 94 167 407 10 18 21 10 20 24 26 27 30 34 36 42 44 45 48 51 54 55 56 60 62 70 72 77 78 79 83 84 92 95 96
6 c 24 12 94 25 265 10 5 4 12 14 15 22 24 26 27 37 38 40 42 45 47 49 50 57 64 66 68 71 74 80 81 83 84 92 98 99
7 c 60 12 94 33 273 10 31 35 11 13 17 18 19 20 31 34 35 37 40 41 44 47 51 55 56 57 61 71 73 74 77 78 93 94 95
8 c 5 5 94 234 474 10 16 13 10 13 15 16 21 24 25 28 32 35 36 38 39 41 43 45 47 50 51 52 61 65 69 75 77 78 79 84 86 87 93 95
9 c 2 60 94 41 281 10 5 10 11 12 13 17 19 25 26 27 34 36 37 39 40 42 48 50 56 57 70 71 72 76 80 81 82 85 87 92 95 99
10 c 53 52 94 24 264 10 11 13 11 12 16 18 22 23 24 48 49 52 55 56 60 62 64 66 76 77 78 79 83 85 86 89 92 93 94 95
11 c 15 77 94 154 394 10 9 1 12 16 22 25 26 33 35 38 43 48 51 52 53 55 57 59 60 62 65 66 69 70 74 75 78 81 84 86 88 92 93 94 95
12 c 49 42 94 212 452 10 13 19 13 14 19 20 25 27 28 29 36 37 40 41 42 44 51 52 54 60 64 70 72 75 78 84 92 93 96 97 100
13 c 40 60 94 187 427 10 21 19 16 18 19 22 25 28 32 39 42 43 47 52 53 55 57 58 62 63 66 67 69 70 71 76 78 79 81 89 91 92 98 100
14 c 35 40 94 60 300 10 16 9 18 25 26 28 29 37 41 42 52 54 60 63 65 67 70 73 76 78 79 80 88 89 91 92 94 98
15 c 55 5 94 146 386 10 29 28 17 21 23 25 26 27 32 36 37 46 49 54 58 59 67 68 70 76 83 88 89 93 100
16 c 62 77 94 49 289 10 20 18 20 26 27 29 30 31 34 36 37 38 45 50 52 55 56 58 59 60 61 64 65 68 77 80 86 93 94
17 c 22 22 94 18 258 10 2 1 20 22 23 26 29 30 33 34 35 44 47 50 54 59 60 63 65 67 68 74 75 78 85 87 91 92 95 99
18 c 30 5 94 118 358 10 8 16 23 27 34 40 43 47 56 57 58 59 63 78 79 84 85 87 94 95 96
19 c 20 65 94 146 386 10 12 4 28 39 42 43 44 46 47 50 53 62 64 68 69 70 73 74 78 80 81 86 87 89 94 97
20 c 26 52 94 214 454 10 9 9 21 24 31 32 37 39 45 50 51 52 57 59 65 69 71 73 75 77 80 84 86 91 93 95 96 99 100
21 c 20 26 94 263 503 10 9 19 31 35 41 42 43 48 50 54 57 59 63 66 67 71 73 75 78 80 82 87 88 90 91 93 94 95
22 c 40 25 94 279 519 10 9 15 26 27 28 29 33 37 42 45 46 49 51 54 57 58 60 61 62 64 65 68 71 73 76 83 88 89 92 94 95 98 99 100
23 c 57 48 94 307 547 10 23 18 26 27 30 41 48 53 58 64 69 74 77 79 82 83 84 88 100
24 c 28 18 94 314 554 10 26 23 27 32 38 42 44 46 48 49 51 56 57 58 62 63 65 69 72 74 78 80 83 85 86 89 94 98
25 c 61 52 94 322 562 10 3 2 32 33 36 38 39 40 42 44 47 62 65 69 70 72 75 77 79 82 85 89 91 94 99 100
26 c 10 43 94 323 563 10 9 1 27 28 31 47 50 51 60 61 64 67 68 73 78 84 85 87 91 98
27 c 55 60 94 329 569 10 16 11 29 33 36 37 42 46 47 51 59 61 62 78 80 87 90 91 95 98
28 c 45 10 94 332 572 10 18 22 30 35 41 42 44 47 48 51 53 62 65 70 89 92 93 99
29 c 37 31 94 332 572 10 14 15 33 36 40 42 45 49 52 54 56 57 67 68 70 75 76 83 84 85 86 88 89
30 c 42 7 94 334 574 10 5 7 33 35 36 38 46 47 48 49 54 59 64 73 74 81 82 92 93 95 98
31 c 25 30 94 345 585 10 3 13 35 36 41 43 44 51 54 55 57 59 61 62 66 68 69 72 74 76 79 81 93 96 97 99 100
32 c 11 31 94 354 594 10 7 11 38 39 42 43 44 47 56 58 59 64 66 69 70 74 75 76 77 80 83 84 94
33 c 6 68 263 401 641 10 30 35 35 36 39 42 45 48 51 53 58 61 62 63 64 65 68 73 74 75 78 79 80 81 82 83 84 85 87 91 99
34 c 30 60 263 485 725 10 16 9 40 46 47 48 52 60 62 63 65 74 75 76 79 82 84 85 86 90 95
35 c 53 12 263 519 759 10 6 14 37 38 41 42 44 47 52 53 57 58 60 62 69 71 75 76 79 82 83 84 89 92
36 c 49 73 263 523 763 10 25 30 39 41 44 49 53 54 55 57 59 62 70 72 77 79 84 86 87 91 93 94 95 96 97 100
37 c 63 23 362 560 800 10 2 10 56 58 59 64 66 69 70 71 72 74 75 76 79 80 82 87 88 91 93 94 96 97 99
38 c 56 39 362 575 815 10 36 28 41 42 43 46 50 55 58 59 61 68 72 74 75 79 86 87 89 91 92 96 97 100
39 c 55 20 362 620 860 10 19 10 40 42 47 48 52 58 61 69 76 82 86 89 91 92 95 97 98
40 c 46 13 362 622 862 10 8 1 41 42 43 44 45 46 51 53 68 69 70 73 77 78 82 87 88 94 100
41 c 63 65 379 630 870 10 8 1 42 45 46 49 52 54 56 60 61 62 63 69 75 77 80 87 88 89 93 95 98 100
42 c 30 25 379 639 879 10 23 21 45 46 50 55 57 62 65 71 77 78 81 83 86 92
43 c 5 30 422 682 922 10 2 1 45 46 49 55 56 57 58 61 62 66 69 71 72 74 79 80 90 91 94 98 99 100
44 c 57 68 450 0 950 10 15 13 48 53 65 67 69 74 82 87 88 93 94 98 99 100
45 c 65 55 453 0 953 10 14 13 53 54 58 62 63 64 65 71 76 79 85 86 89 90 91 92 94 97 100
46 c 2 48 454 0 954 10 1 1 49 59 60 67 68 71 72 76 79 91 96 97 99
47 c 4 18 454 0 954 10 35 42 49 55 60 63 66 67 68 71 79 80 82 95
48 c 27 69 455 0 955 10 10 15 49 50 51 58 59 62 63 64 68 69 73 78 83 86 97
49 c 8 56 455 0 955 10 27 36 55 56 57 58 59 60 61 65 75 78 79 86 88 91 93 94 100
50 c 23 3 455 0 955 10 7 7 52 53 57 58 59 64 66 70 72 73 74 78 83 85 88 91 100
51 c 65 20 456 716 956 10 6 1 59 61 62 63 64 67 82 86 97 99 100
52 c 35 69 457 0 956 10 23 27 53 54 57 58 65 66 72 76 77 82 86 93 97 100
53 c 15 10 457 0 957 10 20 20 55 56 59 65 72 81 88 92 94
54 c 31 67 457 0 957 10 3 1 55 56 57 59 66 67 74 75 76 78 80 82 85 86 87 93 97 99
55 c 15 60 457 0 957 10 17 14 56 63 66 67 71 72 80 86 88 90 92 94 95
56 c 45 65 458 0 958 10 9 10 59 60 67 71 72 75 77 82 85 87 88 92 94 100
57 c 65 35 460 0 960 10 3 1 59 62 63 73 81 82 84
58 c 64 42 462 0 960 10 9 1 59 60 63 74 75 76 81 82 83 86 90 91 96 97 98 99 100
59 c 10 20 462 0 960 10 19 23 61 64 67 68 71 75 77 78 81 84 87 88 89 90 92 94 96
60 c 13 52 462 0 962 10 36 42 61 66 69 74 75 78 79 80 82 85
61 c 55 54 462 0 962 10 26 22 63 64 66 67 69 71 73 74 76 83 87 88 92 94 95 96
62 c 49 11 462 0 962 10 18 20 64 66 67 71 73 78 79 85 86 87 92 95 97
63 c 49 58 463 0 963 10 10 4 64 65 68 70 71 75 76 84 85 88 89 90 93 95
64 c 15 19 464 0 964 10 1 1 66 69 71 74 79 81 82 84 86 88 91 92 99
65 c 12 24 464 0 964 10 13 10 77 78 83 86 87 88 89 92 93 95 100
66 c 18 18 465 725 965 10 17 9 67 69 70 72 81 82 86 87 97
67 c 15 47 466 0 966 10 16 18 75 77 78 85 87 90 92 93 95 98 99
68 c 32 12 466 0 966 10 7 1 72 74 77 79 81 86 95 96 97
69 c 16 22 466 0 966 10 41 36 70 71 74 82 84 86 97
70 c 57 29 467 0 967 10 18 18 74 77 79 82 86 89 90 94 95 96 99
71 c 47 16 467 0 967 10 25 15 73 74 75 78 82 85 87 92 94 95 97 98
72 c 55 45 467 0 967 10 13 17 74 76 78 81 83 85 86 89 96
73 c 14 37 468 0 968 10 11 18 75 79 87 97
74 c 56 37 468 728 968 10 6 15 81 86 90 97 98 100
75 c 20 50 468 0 968 10 5 11 76 78 79 86 88 90 91 93 100
76 c 37 56 468 728 968 10 5 1 80 88 91 94 96 99
77 c 19 21 468 0 968 10 10 1 79 80 81 82 84 89 91 93 94 96
78 c 20 20 468 0 968 10 8 11 80 82 84 85 86 96 97 98 99
79 c 44 17 469 0 969 10 9 6 83 87 88 91 92 97 100
80 c 15 30 469 0 969 10 26 24 81 84 85 92 96 99
81 c 18 24 469 729 969 10 22 28 83 86 91 92 95 100
82 c 53 43 470 730 970 10 14 18 88 90 91 98
83 c 45 20 471 0 971 10 11 7 84 85 93 98 99
84 c 17 34 471 0 971 10 3 1 86 91 95 98
85 c 25 21 472 0 972 10 12 21 90 95 96
86 c 35 17 472 0 972 10 7 9 88 89
87 c 21 24 472 0 972 10 28 31 88 90 97 98 100
88 c 31 52 472 0 972 10 27 29 89 94 95
89 c 47 47 473 0 973 10 13 19 90 92 93 96 98
90 c 20 40 474 0 974 10 12 15 91 92 93 96 100
91 c 41 49 474 0 974 10 10 8 94 99
92 c 22 27 474 0 974 10 11 15 95 99 100
93 c 25 24 475 0 975 10 20 20 94 97
94 c 50 35 475 0 975 10 19 27 95 96 97 98 100
95 c 26 27 477 0 977 10 27 17
96 c 45 30 478 0 978 10 17 9 97 99
97 c 27 43 478 0 978 10 9 14 100
98 c 36 26 480 740 980 10 18 21
99 c 26 35 481 0 981 10 15 10
100 c 41 37 483 0 983 10 16 19

