StringID Type x y release ReadyTime DueDate ServiceTime weight volume Item_Conflitante1 Item_Conflitante2 Item_Conflitante3 Item_Conflitante4 Item_Conflitante5 Item_Conflitante6 Item_Conflitante7 Item_Conflitante8 Item_Conflitante9 Item_Conflitante10 Item_Conflitante11 Item_Conflitante12 Item_Conflitante13 Item_Conflitante14 Item_Conflitante15 Item_Conflitante16 Item_Conflitante17 Item_Conflitante18 Item_Conflitante19 Item_Conflitante20 Item_Conflitante21 Item_Conflitante22 Item_Conflitante23 Item_Conflitante24 Item_Conflitante25 Item_Conflitante26 Item_Conflitante27 Item_Conflitante28 Item_Conflitante29 Item_Conflitante30 Item_Conflitante31 Item_Conflitante32 Item_Conflitante33 Item_Conflitante34 Peso_Total Volume_Total
0 d 35 35 0 0 1000 0 0 0                                   1000 1000
1 c 5 5 94 234 474 10 16 11 2 3 4 15 17 24 26 33 36 38 41 42 47 50 55 57 58 59 73 75 76 78 79 82 84 91 94 97
2 c 67 5 94 228 468 10 25 32 3 7 9 17 18 21 34 35 38 42 50 52 53 55 56 63 64 69 71 75 78 88 91 96
3 c 37 47 94 108 348 10 6 12 4 6 9 10 12 17 29 32 33 38 42 44 45 50 51 53 60 62 63 66 69 71 74 76 77 79 80 83 86 90 92 94 97
4 c 24 58 94 113 353 10 19 25 5 8 10 13 14 18 19 21 23 27 28 31 38 39 40 48 51 52 55 56 60 63 64 66 69 72 73 77 82 83 85 88 92 99
5 c 49 42 94 212 452 10 13 19 13 14 15 19 20 21 22 23 25 26 28 29 30 39 42 44 50 52 55 56 58 82 84 87 89 90 91 92 94
6 c 55 5 94 146 386 10 29 38 7 11 13 21 25 31 32 34 35 36 37 40 41 43 46 48 50 52 58 59 61 62 65 67 71 75 76 77 89 90 92 95 97 99
7 c 30 5 94 118 358 10 8 3 13 18 20 21 22 27 32 39 40 41 42 43 48 53 56 60 65 66 69 73 75 76 77 85 94 97
8 c 20 65 94 146 386 10 12 10 10 15 16 21 24 26 28 30 31 38 40 42 43 48 50 51 53 56 64 65 69 70 73 74 77 78 80 85 93 98 100
9 c 11 14 94 167 407 10 18 21 11 12 13 16 23 25 28 29 31 46 52 53 55 58 62 64 65 67 68 70 72 73 74 78 79 82 90 91 93
10 c 22 22 94 18 258 10 2 7 13 14 15 16 17 20 21 26 32 33 37 39 40 44 45 49 60 61 62 63 66 69 70 71 72 73 77 80 81 82 83 94 97
11 c 20 26 94 263 503 10 9 8 13 16 17 19 22 24 28 30 34 38 39 40 42 43 47 48 51 58 59 67 68 74 78 79 83 87 91 95 96 97 99
12 c 57 48 94 307 547 10 23 24 13 16 17 20 25 28 31 34 41 43 47 50 54 66 70 79 80 81 83 90 92 98 100
13 c 28 18 94 314 554 10 26 30 14 17 19 20 28 29 33 34 37 38 39 43 45 47 48 51 52 54 62 64 75 79 83 84 88 89 91 92 95 97 98
14 c 10 43 94 323 563 10 9 11 17 19 20 22 23 25 26 27 28 38 39 42 46 52 54 56 57 60 64 73 74 77 79 83 97
15 c 55 60 94 329 569 10 16 23 17 18 25 27 30 40 45 46 47 50 53 54 56 59 60 66 70 71 78 79 80 82 84 96 97 98 100
16 c 37 31 94 332 572 10 14 16 17 18 20 21 23 26 29 30 33 36 37 40 41 51 52 58 62 66 74 81 87 89 90 92 99
17 c 11 31 94 354 594 10 7 6 18 24 26 32 36 37 38 49 51 52 53 59 61 63 64 65 68 69 72 74 81 83 86 88 90 96 97 98 99 100
18 c 63 23 379 560 800 10 2 1 20 24 34 35 36 38 39 43 46 50 52 53 54 56 63 67 68 74 79 83 86 87 89 91 95 100
19 c 55 20 379 620 860 10 19 20 21 27 36 37 42 44 48 53 61 63 71 72 76 77 86 91 92 93 98 100
20 c 46 13 379 622 862 10 8 15 24 30 35 36 37 38 40 41 44 45 49 51 52 53 58 60 63 64 68 71 76 81 85 90 91 94 95 97 98 100
21 c 30 25 379 639 879 10 23 30 22 37 39 40 47 50 53 55 70 73 81 89 98
22 c 62 77 440 0 940 10 20 26 25 29 32 34 36 42 43 44 46 57 58 59 60 63 64 67 68 69 73 74 79 84 86 90 95
23 c 15 77 443 0 943 10 9 6 24 26 27 29 31 34 35 39 44 51 52 56 57 60 64 65 70 73 74 78 79 80 81 82 91 93 96 98
24 c 6 68 446 0 946 10 30 28 28 31 33 34 35 47 52 54 55 59 62 63 64 66 69 71 74 78 80 84 87 93
25 c 2 60 448 0 948 10 5 1 29 33 38 42 52 54 55 58 61 65 66 70 71 75 76 79 82 87 90 94 95 98
26 c 63 65 450 0 948 10 8 1 28 29 30 36 40 41 42 48 50 53 55 61 63 66 85 89 92 93 94 95 96 97 98 99 100
27 c 49 73 450 0 949 10 25 23 31 43 45 49 51 57 59 60 61 62 63 66 67 71 72 75 76 90 92 94 96 100
28 c 57 68 450 0 950 10 15 17 34 36 48 50 60 61 65 66 68 71 72 74 77 86 88 91 93 94 95 96
29 c 65 55 453 0 953 10 14 9 34 38 41 44 48 50 53 55 57 63 65 69 72 73 76 80 82
30 c 2 48 454 0 954 10 1 1 32 33 36 40 48 50 52 53 54 57 61 63 69 71 75 78 81 88 91 94 95
31 c 4 18 454 0 954 10 35 43 37 39 46 48 51 53 57 60 62 63 65 66 71 79 80 85 86 87 89 93 97 99 100
32 c 23 3 455 0 955 10 7 5 33 34 36 42 46 47 48 51 52 53 56 61 67 68 72 78 85 87 89 98
33 c 8 56 455 0 955 10 27 32 38 45 46 49 50 52 60 61 63 68 70 71 72 73 76 78 79 84 87 89 92 95 96
34 c 27 69 455 0 955 10 10 1 35 36 40 43 45 46 49 53 58 68 70 75 76 79 84 85 87 88 89 90 94 95 96
35 c 60 12 456 0 956 10 31 26 41 45 48 49 52 56 68 74 83 89 90 94 98
36 c 65 20 456 716 956 10 6 11 37 44 47 53 55 58 61 62 63 67 70 71 76 77 78 79 80 85 86 87 89 93 98
37 c 35 69 456 0 956 10 23 16 40 45 48 50 61 63 65 66 70 71 74 77 81 89 93 96 97 98
38 c 15 60 457 0 957 10 17 14 49 55 56 62 67 71 77 79 82 86 87 88 90 100
39 c 15 10 457 0 957 10 20 14 41 42 44 46 51 59 63 71 74 75 82 83 84 91 94 99
40 c 31 67 457 0 957 10 3 1 45 47 48 49 50 56 65 74 75 77 79 86 87 92 93 96 98 100
41 c 45 65 458 0 958 10 9 11 44 46 48 50 51 57 61 67 70 73 75 89 90 93
42 c 61 52 458 0 958 10 3 1 45 49 55 70 72 73 76 77 80 86 88 91 94 98
43 c 5 30 459 0 959 10 2 1 48 51 56 61 65 68 69 72 79 81 82 83 86 91 93 94 95 97 99
44 c 53 12 460 0 960 10 6 1 50 58 59 67 73 76 78 79 81 85 89 90 92 95 98 99
45 c 64 42 460 0 960 10 9 2 47 48 52 58 69 73 75 78 79 83 86 92 93 94
46 c 65 35 460 0 960 10 3 7 47 49 52 54 56 58 64 65 66 67 72 75 79 83 84 90 91 94 95 96 98 99 100
47 c 10 20 460 0 960 10 19 26 52 53 59 60 67 68 70 71 75 77 87 89 93 100
48 c 6 38 460 0 960 10 16 26 49 52 54 55 59 62 63 66 72 74 76 77 78 83 85 87 91 93 94 98
49 c 42 7 461 0 961 10 5 9 50 55 56 64 65 70 72 76 77 78 80 82 84 86 87 89 90 91 96 97 98 100
50 c 13 52 462 0 962 10 36 26 54 59 61 63 67 70 78 82 88 90
51 c 49 11 462 0 962 10 18 9 54 62 65 67 72 73 75 77 78 84 88 91 93 99
52 c 55 54 463 0 962 10 26 24 54 61 64 66 69 78 79 81 83 84 85 87 88 89 90 92 93 95 96 98
53 c 49 58 463 0 963 10 10 1 60 62 63 65 66 68 70 71 73 76 79 81 83 87 90 91 94 95 99
54 c 45 10 463 0 963 10 18 24 55 63 69 77 79 80 81 82 83 85 87 93 98 99
55 c 24 12 464 0 964 10 5 10 56 61 62 65 68 74 84 85 86 88 95
56 c 40 60 464 0 964 10 21 31 61 64 65 66 75 76 77 79 81 84 86 90 94 97 100
57 c 30 60 464 0 964 10 16 12 58 59 63 66 67 76 77 78 79 80 82 88 89 90 91 92 93 95
58 c 15 19 464 0 964 10 1 2 60 63 65 78 80 81 83 88 91 92 93 99
59 c 12 24 464 0 964 10 13 22 60 61 63 64 68 69 70 71 72 75 77 81 82 91 94 96 99
60 c 18 18 465 725 965 10 17 21 63 69 71 72 76 77 78 81 89 90 96 98 100
61 c 53 52 465 0 965 10 11 4 64 67 69 70 72 83 85 86 87 89 90 92 95
62 c 32 12 466 0 966 10 7 7 64 69 70 73 74 77 79 81 82 83 84 86 92 94 97 98 99 100
63 c 16 22 466 0 966 10 41 41 64 68 72 76 77 78 80 82 83 87
64 c 15 47 466 0 966 10 16 18 69 71 72 73 76 77 78 83 93 97 100
65 c 47 16 467 0 967 10 25 35 66 67 69 73 74 75 76 79 80 85 87 92 93 99
66 c 57 29 467 0 967 10 18 20 68 73 76 79 80 81 85 94 96 100
67 c 55 45 467 0 967 10 13 12 69 70 74 78 80 84 86 91 94 96 97 100
68 c 20 50 468 0 968 10 5 1 70 71 76 85 88 91 93 96
69 c 37 56 468 0 968 10 5 2 70 71 72 76 81 83 84 87 91 95 96
70 c 56 37 468 0 968 10 6 10 71 73 76 77 82 86 87 90 92 94
71 c 20 20 468 0 968 10 8 15 74 78 84 85 91 93 95 99
72 c 19 21 468 0 968 10 10 11 75 88 89 90 91 94 98 99
73 c 56 39 468 0 968 10 36 39 75 77 78 85 97
74 c 14 37 468 0 968 10 11 14 76 79 82 87 92 93 98
75 c 44 17 469 0 969 10 9 12 76 78 80 84 87 89 93 94 98 99
76 c 18 24 469 0 969 10 22 30 87 93 96 99
77 c 15 30 469 0 969 10 26 24 82 84 86 87 88 89 92 96
78 c 26 52 470 0 970 10 9 4 79 81 82 88 90 91 94 96 98 100
79 c 53 43 470 730 970 10 14 8 80 81 85 87 88 91 96 100
80 c 45 20 471 0 971 10 11 2 82 83 87 92 96 100
81 c 17 34 471 0 971 10 3 3 86 87 89 95
82 c 35 17 472 0 972 10 7 8 83 88 89 92 94 95
83 c 25 21 472 0 972 10 12 14 91 94 95 99 100
84 c 21 24 472 0 972 10 28 20 87 92 93 94 95 96
85 c 31 52 472 0 972 10 27 37 87 90 94
86 c 47 47 473 0 973 10 13 21 87 93 96 98
87 c 20 40 474 0 974 10 12 12 88 89 93 96 97 100
88 c 41 49 474 0 974 10 10 18 93 95 99
89 c 22 27 474 0 974 10 11 6 96
90 c 25 24 475 0 975 10 20 14 92 93 97 99 100
91 c 50 35 475 0 975 10 19 29 94 95
92 c 26 27 477 0 977 10 27 20 94 96 97 99
93 c 25 30 478 0 978 10 3 10 95 98 99
94 c 45 30 478 0 978 10 17 13 97 99
95 c 40 25 478 0 978 10 9 14 96
96 c 27 43 478 0 978 10 9 6 100
97 c 36 26 480 740 980 10 18 19 98 100
98 c 26 35 481 0 981 10 15 24
99 c 41 37 483 0 983 10 16 22
100 c 35 40 485 0 985 10 16 26

