StringID Type x y release ReadyTime DueDate ServiceTime weight volume Item_Conflitante1 Item_Conflitante2 Item_Conflitante3 Item_Conflitante4 Item_Conflitante5 Item_Conflitante6 Item_Conflitante7 Item_Conflitante8 Item_Conflitante9 Item_Conflitante10 Item_Conflitante11 Item_Conflitante12 Item_Conflitante13 Item_Conflitante14 Item_Conflitante15 Item_Conflitante16 Item_Conflitante17 Item_Conflitante18 Item_Conflitante19 Item_Conflitante20 Item_Conflitante21 Item_Conflitante22 Item_Conflitante23 Item_Conflitante24 Item_Conflitante25 Item_Conflitante26 Item_Conflitante27 Item_Conflitante28 Item_Conflitante29 Item_Conflitante30 Item_Conflitante31 Item_Conflitante32 Item_Conflitante33 Item_Conflitante34 Item_Conflitante35 Item_Conflitante36 Item_Conflitante37 Item_Conflitante38 Peso_Total Volume_Total
0 d 40 50 0 0 3390 0 0 0                                       700 700
1 c 5 35 0 377 1534 90 10 1 7 8 11 12 15 16 18 19 20 22 33 41 44 48 50 53 54 55 56 64 66 71 76 79 84 86 87 91 97 98 99 100
2 c 2 40 0 494 1607 90 20 13 4 7 8 13 18 21 22 23 29 32 37 39 40 43 46 49 50 52 55 58 59 60 66 68 73 78 79 83 88 92
3 c 0 40 0 637 1648 90 30 35 8 18 22 23 27 28 30 32 34 35 38 42 43 44 47 49 50 52 56 58 59 60 66 67 68 70 71 73 77 78 80 84 91 95 96 97 99 100
4 c 0 45 0 834 1641 90 20 11 10 13 14 15 19 20 24 29 31 32 38 44 46 51 52 55 56 58 60 64 65 72 75 76 77 86 87 91 94 95 97 100
5 c 48 20 0 812 1281 90 10 20 6 7 8 9 15 21 22 26 29 31 32 34 38 41 42 43 45 46 47 48 49 52 54 55 62 63 66 70 75 76 79 81 87 90 94 95 98
6 c 55 80 0 379 594 90 10 1 9 15 20 25 35 36 37 39 40 44 55 56 57 61 62 64 72 73 75 77 87 89 93 94 97 100
7 c 44 5 0 1078 1593 90 20 11 8 10 13 14 16 23 24 31 32 34 39 43 54 57 62 64 70 72 73 77 79 82 85 86 89 90 95 97 98 99 100
8 c 42 10 0 998 1481 90 40 33 11 12 13 15 19 21 24 25 27 34 35 37 45 50 51 53 54 58 61 66 67 69 71 73 80 83 87 88 93 95
9 c 42 15 0 897 1392 90 10 18 12 26 30 32 34 35 37 38 39 53 54 57 60 63 65 67 75 76 78 81 86 90 98
10 c 50 30 0 223 738 90 10 4 13 16 20 23 27 31 32 39 43 46 47 49 58 62 64 67 73 77 79 81 86 97 98 99
11 c 50 35 0 18 474 90 20 26 12 13 18 19 22 24 31 32 34 39 41 42 44 50 51 53 56 60 61 63 67 69 71 73 77 80 81 82 83 84 86 99 100
12 c 50 40 0 14 360 90 50 56 16 20 21 23 24 29 33 36 42 49 50 53 61 63 67 78 85 92 95 96 97
13 c 48 30 0 246 899 90 10 11 16 25 34 39 43 48 50 53 54 55 59 64 65 68 70 71 72 74 75 80 84 85 88 91 92 98
14 c 44 25 0 704 1197 90 10 17 19 26 29 30 32 34 35 36 39 40 43 45 47 49 56 64 66 67 69 70 72 77 80 83 84 86 89 96 97 99
15 c 47 35 0 393 942 90 10 8 17 18 20 22 26 28 29 30 34 40 46 48 51 62 69 70 73 74 81 85 87 91
16 c 47 40 0 12 424 90 10 18 18 19 22 26 27 30 38 39 40 43 45 46 53 61 64 66 76 78 82 87 90 92 95 96 99 100
17 c 42 30 0 641 1070 90 10 20 18 19 23 28 30 31 34 36 37 40 45 48 51 55 62 63 64 67 70 74 75 79 81 85 86 89 94 96
18 c 45 35 0 534 985 90 10 11 23 29 32 36 42 47 48 49 50 56 62 64 72 73 74 76 77 78 79 80 84 94 96 98 99
19 c 53 30 0 131 644 90 10 15 22 33 38 39 45 46 51 58 59 60 62 68 73 77 79 85 88 92 95 96 98 100
20 c 53 35 0 87 498 90 50 47 21 22 23 32 34 37 39 40 42 43 44 48 51 55 57 59 70 72 73 77 78 85 95 100
21 c 45 65 0 49 346 90 20 29 22 23 24 34 35 36 40 41 46 47 48 51 55 57 58 60 62 69 71 80 88 96 97 100
22 c 56 64 0 1275 1594 90 10 7 24 32 40 41 44 56 64 65 67 70 71 72 73 75 77 79 80 84 85 86 87 89 97
23 c 60 60 0 1440 1621 90 10 3 24 27 28 29 33 36 37 43 44 47 48 50 52 55 57 59 61 73 75 78 82 86 88 89 92 93 97 99
24 c 67 85 0 646 901 90 20 27 29 30 31 34 37 38 40 41 44 46 50 55 58 59 60 65 66 68 69 76 77 78 79 83 89 90 95
25 c 42 58 0 8 258 90 40 41 26 30 31 32 33 35 38 39 40 41 42 43 46 47 50 53 54 56 57 65 69 70 78 83 85 88 89 91 92 95 97 98
26 c 65 82 0 708 1027 90 10 5 27 28 29 32 33 34 37 39 40 42 43 44 46 48 57 66 67 74 76 77 78 79 82 83 91 93 96 97
27 c 62 80 0 852 1069 90 30 23 29 41 45 46 51 52 53 57 61 67 68 69 71 72 73 78 79 80 81 83 87 92 94 96
28 c 60 85 0 537 816 90 30 21 29 30 32 37 40 46 47 48 49 50 54 57 60 61 69 71 72 77 81 82 88 89 97 100
29 c 58 75 0 948 1167 90 20 20 35 41 42 51 62 68 71 72 73 74 76 82 84 88 93 97 98 99
30 c 8 40 0 234 1295 90 40 43 32 34 36 43 45 46 49 51 59 63 66 69 70 73 77 80 86 91 92 94 98
31 c 10 40 0 336 1009 90 30 31 32 33 35 36 38 40 41 42 43 44 47 53 60 64 69 70 83 86 94
32 c 55 85 0 477 686 90 20 18 36 45 48 49 50 51 52 53 54 61 62 68 69 73 76 77 79 80 81 84 85 89 92 99
33 c 20 55 0 63 702 90 10 20 34 36 44 45 52 61 62 63 68 72 75 78 83 85 96
34 c 10 35 0 309 1412 90 20 11 39 41 44 45 50 51 56 60 61 62 67 71 72 75 76 79 82 86 88 91 92 96 99 100
35 c 30 50 0 10 963 90 10 19 37 38 41 42 43 49 58 59 72 77 78 84 86 91 92 93 98 99
36 c 58 70 0 1059 1246 90 20 23 37 42 44 47 48 51 52 54 57 61 63 65 75 77 79 83 87 88 90 95
37 c 25 50 0 15 532 90 10 13 39 40 42 43 46 53 54 55 56 57 59 64 67 69 70 71 74 75 82 83 85 86 89 91 95 99
38 c 16 42 0 209 944 90 20 22 39 40 41 42 46 48 56 62 65 68 72 74 78 79 80 82 87 90 92 94 96 97
39 c 42 65 0 15 208 90 10 11 40 41 43 44 50 52 58 60 61 64 65 66 67 74 77 78 81 84 86 88 89 90 91 94 95 97
40 c 60 66 0 1247 1434 90 10 9 43 47 49 50 52 56 61 64 66 73 74 77 78 79 81 83 87 89 90 94 95 97 98 100
41 c 62 69 0 1138 1355 90 10 10 42 53 55 57 61 65 69 70 75 76 77 83 84 86 90 95 96 97 98
42 c 28 52 0 12 752 90 20 24 43 45 47 48 50 52 54 56 57 58 61 63 70 72 75 78 79 82 87 91 93 94 96 100
43 c 52 75 0 302 479 90 10 7 54 55 56 58 62 68 70 72 74 75 77 79 82 83 86 89 91 95 96
44 c 20 50 0 20 948 90 10 20 48 50 51 54 56 57 58 61 62 63 66 70 73 82 83 87 89 91 93 97 98 100
45 c 45 70 0 157 428 90 30 39 48 51 52 56 58 59 64 66 68 70 72 73 79 80 82 86 87 88 94 99 100
46 c 23 52 0 17 602 90 10 16 47 51 52 53 54 61 73 74 83 90 94
47 c 65 60 820 1482 1769 90 30 24 48 49 57 62 66 67 71 72 74 80 84 86 91
48 c 40 5 820 1083 1776 90 30 21 56 57 63 67 70 72 74 75 76 78 81 87 89 91 95
49 c 70 58 820 1617 1824 90 20 20 51 53 54 57 58 59 61 64 67 68 69 74 75 77 78 81 82 84 85 86 89 90 91
50 c 5 45 820 819 1846 90 10 3 54 56 63 64 66 67 68 72 73 75 83 84 85 98 100
51 c 8 45 820 954 1897 90 20 26 55 56 57 58 66 67 68 70 76 80 83 89 92 94 96 100
52 c 38 5 820 1133 1910 90 30 25 55 56 60 62 65 67 70 75 76 82 84 89 93 99
53 c 66 55 820 1710 1921 90 10 17 58 60 61 65 67 68 71 72 77 84 87 88 89 92 93 98
54 c 38 10 820 1392 2027 90 10 20 56 57 58 61 64 66 67 70 72 76 79 83 90 91 93 96
55 c 4 55 820 1010 2043 90 20 30 57 58 63 68 69 76 77 82 83 87 91 96 97 99
56 c 35 5 820 1180 2049 90 20 25 59 62 63 65 66 67 68 71 73 83 86 87 88 91 92 95 97
57 c 72 55 820 1751 2072 90 10 10 59 63 64 67 70 72 73 76 78 82 83 87 90 91
58 c 75 55 820 1894 2115 90 20 13 60 61 64 67 68 69 75 78 83 87 92 94 95 98 99
59 c 14 66 820 1316 2129 90 10 18 62 63 65 69 71 72 75 82 88 90 95 96 98 99
60 c 38 15 820 1426 2183 90 40 30 62 64 68 74 75 84 85 90 98
61 c 8 62 820 1036 2213 90 10 15 62 67 69 70 71 75 79 80 82 87 90 95 96 99
62 c 86 46 820 1969 2248 90 30 26 66 69 71 74 78 79 81 83 84 86 87 91 92 96 98
63 c 90 35 820 2106 2315 90 10 12 64 74 77 85 92 94 95 96 100
64 c 36 18 820 1468 2329 90 10 20 75 84 87 91 92 94 96 97 99 100
65 c 15 75 820 1299 2344 90 20 15 66 68 69 71 72 75 82 89 90 96 97 99 100
66 c 32 20 820 1621 2364 90 10 12 72 77 78 80 81 82 83 85 91 94 95 96 98 99 100
67 c 15 80 820 1461 2372 90 10 7 70 80 81 89 94 95 99
68 c 34 25 820 1782 2395 90 30 23 73 74 76 78 79 81 84 87 89 93 94
69 c 95 35 820 2192 2419 90 20 17 71 78 79 88 90 91 95 96 97
70 c 20 85 820 1512 2515 90 40 40 73 74 75 76 78 80 81 85 88 94 95 96 98
71 c 30 30 1206 1805 2564 90 10 10 72 75 77 79 80 87 93 94 95 99
72 c 22 85 1206 1586 2625 90 10 7 73 78 79 82 85 89 90 93 97
73 c 25 85 1206 1772 2625 90 20 24 75 77 78 80 85 86 87 99
74 c 25 30 1206 1883 2676 90 10 15 75 80 81 85 86 89 90 92 98 99 100
75 c 95 30 1206 2119 2682 90 30 31 77 78 81 82 84 88 92
76 c 20 80 1206 1858 2733 90 40 45 79 82 87 88 91 92 93 94 95
77 c 85 25 1206 2369 2816 90 10 20 83 86 90 93 94 95 96
78 c 92 30 1206 2169 2818 90 10 6 81 87 91 95 96 100
79 c 22 75 1206 2135 2834 90 30 33 82 84 90 91 96 97 99
80 c 25 35 1206 2070 2859 90 10 14 81 82 95 96 98
81 c 87 30 1206 2505 2870 90 10 12 82 83 86 87 95 96
82 c 30 35 1206 2242 2877 90 10 17 84 90 93 97
83 c 18 75 1206 1895 2886 90 20 13 86
84 c 26 32 1206 1842 2901 90 10 18 88 91
85 c 33 35 1375 2368 2937 90 10 15 86 88 89 96 97 100
86 c 22 66 1375 2177 2990 90 40 38 88 89 91 92 95 96 100
87 c 85 35 1375 2563 3002 90 30 24 88 92 96 97 98 100
88 c 33 32 1375 2421 3070 90 20 14 93 98
89 c 35 69 1500 2428 3127 90 10 1 90 91 92 94 96 97 98 100
90 c 78 40 1500 2599 3164 90 20 22 91 93 99 100
91 c 35 32 1500 2480 3195 90 10 13 92 93 94 99
92 c 72 45 1584 2701 3258 90 10 3 94 96
93 c 36 40 1584 2605 3266 90 10 1 99
94 c 28 70 1584 2090 3271 90 10 20 95 96 97 100
95 c 62 40 1584 2713 3275 90 10 2 96
96 c 64 46 1584 2976 3275 90 20 15 99 100
97 c 60 55 1584 2789 3279 90 10 14 100
98 c 35 66 1588 2311 3283 90 10 12
99 c 34 60 1593 2035 3288 90 20 26
100 c 30 56 1593 2062 3288 90 20 19

