StringID Type x y release ReadyTime DueDate ServiceTime weight volume Item_Conflitante1 Item_Conflitante2 Item_Conflitante3 Item_Conflitante4 Item_Conflitante5 Item_Conflitante6 Item_Conflitante7 Item_Conflitante8 Item_Conflitante9 Item_Conflitante10 Item_Conflitante11 Item_Conflitante12 Item_Conflitante13 Item_Conflitante14 Item_Conflitante15 Item_Conflitante16 Item_Conflitante17 Item_Conflitante18 Item_Conflitante19 Item_Conflitante20 Item_Conflitante21 Item_Conflitante22 Item_Conflitante23 Item_Conflitante24 Item_Conflitante25 Item_Conflitante26 Item_Conflitante27 Item_Conflitante28 Item_Conflitante29 Item_Conflitante30 Item_Conflitante31 Item_Conflitante32 Item_Conflitante33 Item_Conflitante34 Item_Conflitante35 Item_Conflitante36 Item_Conflitante37 Item_Conflitante38 Item_Conflitante39 Item_Conflitante40 Item_Conflitante41 Item_Conflitante42 Item_Conflitante43 Item_Conflitante44 Peso_Total Volume_Total
0 d 35 35 0 0 1000 0 0 0                                             1000 1000
1 c 35 40 54 44 315 10 16 24 7 8 9 12 14 15 16 23 26 27 29 30 31 33 37 41 42 43 45 46 47 52 56 58 61 62 64 68 70 72 74 75 78 79 80 81 85 86 88 90 93 97 98 100
2 c 40 60 54 199 414 10 21 26 3 5 7 19 22 24 27 31 33 34 37 42 43 45 49 50 55 57 60 62 65 76 79 82 83 84 90 92 100
3 c 53 52 54 24 299 10 11 10 4 5 8 10 13 14 15 17 18 24 26 33 35 39 41 42 44 45 46 47 50 51 54 55 61 64 66 71 74 76 82 84 86 87 88 89 90 92 93 94
4 c 2 60 54 41 328 10 5 13 5 7 10 11 13 14 18 19 20 22 28 34 44 47 50 59 60 63 70 71 75 76 77 80 85 89 95 96 98 99 100
5 c 26 52 54 219 448 10 9 18 6 7 11 12 14 15 18 30 33 35 36 37 38 45 46 51 57 58 60 63 65 71 77 80 81 83 85 87 91
6 c 5 5 54 298 409 10 16 14 7 16 17 22 23 24 26 29 38 39 42 52 58 59 64 72 74 76 79 82 85
7 c 60 12 54 33 344 10 31 22 15 17 25 34 37 38 42 44 45 46 47 49 53 60 66 68 72 76 78 81 86 90 92 97 98
8 c 57 48 54 377 476 10 23 25 10 14 15 20 22 24 28 30 33 36 39 43 45 54 57 64 66 68 69 77 78 79 81 85 89 90 92 93 94 99
9 c 24 12 54 25 292 10 5 12 10 12 13 14 16 18 19 20 22 24 25 36 37 38 39 46 47 51 52 53 54 61 62 69 74 76 86 87 95 97 98 100
10 c 22 22 54 18 159 10 2 10 11 20 21 27 31 33 34 39 41 42 45 47 50 51 53 55 57 58 63 67 71 95 96
11 c 11 14 54 230 343 10 18 21 15 18 19 20 23 24 25 31 35 37 39 42 43 46 48 50 51 58 62 64 65 69 78 79 81 85 86 90 91 92 93 100
12 c 28 18 54 397 470 10 26 20 15 16 17 19 23 25 26 27 28 33 39 41 49 51 53 54 56 59 61 62 67 72 81 82 83 89 90 95 97 99
13 c 20 26 54 328 437 10 9 9 20 23 26 27 30 32 36 37 38 40 42 43 48 50 52 56 57 58 60 62 68 69 70 72 74 77 79 80 82 83 85 92 95 96 97 98
14 c 37 31 54 403 500 10 14 9 19 23 24 26 32 39 41 42 46 49 54 57 62 64 65 66 70 75 76 80 82 88 91 92 93 97 98
15 c 24 58 54 168 297 10 19 23 19 22 23 25 28 30 31 36 37 38 40 41 46 48 61 63 65 66 67 71 72 73 77 78 80 83 86 87 89 91 92 93 95 100
16 c 15 77 54 154 393 10 9 11 19 20 21 25 30 33 35 39 40 46 48 49 52 54 56 60 64 68 74 75 78 80 87 90 92 94 98 100
17 c 62 77 54 49 308 10 20 28 19 24 34 35 36 41 43 44 46 56 58 61 62 63 65 68 74 76 77 80 84 89 91 96
18 c 67 5 54 291 404 10 25 32 19 24 27 31 32 34 35 36 37 38 42 45 48 49 50 51 57 58 63 65 66 70 73 78 82 88 92 99
19 c 37 47 54 165 290 10 6 1 25 26 30 31 33 34 35 39 42 46 47 48 49 56 57 67 70 71 78 83 86 90 95 97
20 c 49 42 54 281 382 10 13 19 22 23 27 29 32 33 39 42 43 44 56 57 60 64 67 74 77 79 80 82 86 87 88 90 93 94 95 100
21 c 6 38 54 29 309 10 16 26 27 33 36 41 44 45 50 56 57 62 63 66 67 68 72 77 79 80 84 87 92 94 95 96 99 100
22 c 55 5 54 206 325 10 29 21 24 25 26 37 39 40 51 54 57 58 61 63 71 80 81 85 86 90 91 97 98
23 c 40 25 54 300 497 10 9 18 31 36 41 43 45 49 50 52 54 60 69 74 76 77 80 81 86 88 92 94 98
24 c 10 43 54 393 492 10 9 17 25 26 27 31 38 42 45 48 51 57 58 64 68 70 71 75 76 78 79 80 82 83 87 96
25 c 20 65 54 206 325 10 12 21 30 35 38 42 43 49 53 54 56 57 60 62 65 70 73 81 82 87 89 90 95 96 99
26 c 30 5 54 176 299 10 8 10 27 28 31 39 41 46 47 50 51 56 63 66 68 86 88 91 100
27 c 55 60 54 394 503 10 16 14 28 29 32 35 41 42 43 45 53 54 56 58 62 65 67 72 73 75 78 79 81 87 89 97 100
28 c 64 42 54 29 513 10 9 11 34 35 37 40 46 47 49 53 54 57 60 61 65 71 72 75 76 78 80 81 84 85 87 91 94 97 98
29 c 11 31 54 425 522 10 7 12 33 34 36 38 40 46 55 61 63 64 66 67 73 75 77 80 82 85 91 92 97 99 100
30 c 41 37 54 6 526 10 16 7 31 32 35 36 40 42 55 60 62 69 72 78 81 82 87 89 91 93 96 97
31 c 57 68 54 98 537 10 15 25 33 34 39 42 43 44 46 49 50 55 59 65 66 68 69 72 73 74 79 81 88 97 100
32 c 12 24 54 126 541 10 13 12 33 35 36 40 46 50 55 61 79 91 96
33 c 10 20 54 102 543 10 19 14 34 36 37 39 49 54 56 61 67 68 69 72 76 77 78 82 92 93 94 100
34 c 15 60 54 95 552 10 17 27 37 39 41 48 51 62 65 71 72 75 76 79 81 82 84 85 91 93 94 95 97 98 100
35 c 45 10 54 349 554 10 18 16 39 41 45 47 52 54 57 60 62 66 69 73 75 76 78 81 84 91 93 96 97 100
36 c 61 52 227 324 559 10 3 5 44 57 58 60 61 66 68 69 71 77 80 83 84 85 86 89 90 92 97 98 99
37 c 44 17 227 143 564 10 9 7 41 43 48 51 61 62 63 71 72 76 80 81 82 84 85 87 88 90 97
38 c 42 7 227 336 571 10 5 1 39 41 42 46 52 54 57 58 62 64 69 70 74 79 81 82 85 87 90 91 93 96 97
39 c 25 30 227 355 574 10 3 1 42 45 48 54 61 65 70 76 80 82 83 85 86 91 92 93 95
40 c 20 40 227 229 582 10 12 2 41 51 58 59 64 66 71 73 74 75 77 78 85 90 92 95 96 99
41 c 27 69 227 34 588 10 10 3 44 45 46 48 58 60 63 67 72 76 78 82 83 92 96
42 c 55 54 227 268 599 10 26 19 43 45 47 48 53 56 70 73 74 75 76 80 86 88 89 91 93 97
43 c 6 68 227 441 600 10 30 34 44 45 51 53 63 64 71 78 80 94 95 96 98
44 c 8 56 227 34 602 10 27 21 47 48 51 52 57 60 66 67 68 73 81 85 86 90 91 94 95 96 97 98 99
45 c 4 18 227 230 623 10 35 39 47 49 50 58 64 66 69 71 73 84 86 87 89 91 92 94 98 100
46 c 49 58 227 176 625 10 10 7 50 51 57 58 62 64 66 67 76 81 82 83 86 87 88 97 100
47 c 31 67 227 225 654 10 3 1 48 49 53 54 59 61 62 63 65 66 68 69 73 76 80 86 87 88 92 97 98 100
48 c 20 50 227 72 669 10 5 1 50 54 56 60 61 67 68 69 72 75 76 80 85 92 93 95 98 100
49 c 30 60 227 517 692 10 16 13 53 61 63 65 67 70 71 74 77 78 79 85 95 96
50 c 15 10 227 32 694 10 20 12 53 54 55 61 62 63 66 68 69 71 76 78 83 87 89 90 91 93 99
51 c 32 12 227 246 705 10 7 1 59 61 63 64 65 66 67 69 73 74 77 79 80 81 82 85 86 88 90 93 95 96
52 c 49 11 227 27 711 10 18 11 64 67 68 69 78 82 84 85 86 92 94 98 99
53 c 50 35 227 15 725 10 19 10 55 60 62 69 70 72 73 74 75 77 79 80 85 86 88 90 91 92 93 95 98
54 c 45 20 227 18 727 10 11 19 55 58 60 67 69 74 75 77 78 81 82 83 85 87 88 89 93 94 95 96
55 c 16 22 227 110 727 10 41 34 56 58 59 64 67 70 74 75 76 79 80 87 89 93 95 98 100
56 c 63 23 329 620 739 10 2 1 57 62 65 69 73 74 76 78 100
57 c 31 52 329 17 744 10 27 25 59 67 69 83 85 86 90 91 99
58 c 19 21 329 21 748 10 10 13 63 71 74 77 80 82 85 86 89 94 95 97 98
59 c 27 43 329 11 748 10 9 3 61 62 65 67 68 69 75 78 82 84 93
60 c 26 27 329 190 749 10 27 28 65 67 70 71 76 77 78 81 83 89 90 91 93 97 99
61 c 53 12 329 525 752 10 6 1 65 66 67 69 71 72 74 77 80 83 84 89 95 96 100
62 c 49 73 329 532 753 10 25 16 63 74 76 78 83 84 94 95 97 98
63 c 15 47 329 23 761 10 16 18 65 66 67 70 71 72 78 81 82 86 93 95 96 98 100
64 c 35 17 329 18 792 10 7 16 71 72 76 90 94 100
65 c 25 24 329 14 793 10 20 29 66 67 68 70 75 78 79 82 84 89 91 93 95 98 100
66 c 55 20 329 679 800 10 19 16 69 74 76 78 91 94 97 98
67 c 46 13 329 681 802 10 8 3 68 72 73 77 80 85 86 91 92 96
68 c 2 48 329 338 805 10 1 8 71 75 78 81 83 86 87 91 92 96
69 c 56 39 329 577 812 10 36 44 71 72 74 77 79 81 84 89 90 92 94
70 c 55 45 329 289 822 10 13 18 75 82 84 86 87 91 92 94 97 100
71 c 30 25 329 694 823 10 23 18 73 74 75 76 79 80 91 95
72 c 25 21 329 462 823 10 12 13 77 79 81 85 89 93
73 c 45 65 329 418 829 10 9 18 76 83 84 87 96 99
74 c 14 37 378 21 842 10 11 13 79 82 87 89 90 91 92 95 96
75 c 23 3 378 458 867 10 7 13 78 80 81 85 87 93 100
76 c 63 65 378 626 873 10 8 16 78 79 80 83 85 89 91 92 96 99
77 c 65 55 378 265 878 10 14 9 80 84 89 91 100
78 c 57 29 417 475 900 10 18 18 82 87 92 99 100
79 c 15 30 417 20 906 10 26 32 81 83 84 87 88 89 90 92 94 95 96 97
80 c 47 16 417 22 915 10 25 17 82 86 89 91 92 93
81 c 47 47 417 272 917 10 13 23 82 84 89 90 92 94 97 99 100
82 c 45 30 430 328 927 10 17 8 83 84 88 90 91 94 95 96 97
83 c 5 30 430 673 930 10 2 1 85 88 90 91 92 94 98 100
84 c 53 43 448 821 948 10 14 22 86 87 88 89 92 93 99 100
85 c 22 27 453 344 953 10 11 10 93
86 c 35 69 455 482 955 10 23 16 90 92 97
87 c 65 20 456 826 956 10 6 10 90 98
88 c 65 35 460 435 960 10 3 1 90 92 93 96 100
89 c 20 20 460 339 960 10 8 1 95 99 100
90 c 13 52 462 200 962 10 36 27 92 96 98
91 c 15 19 464 222 964 10 1 1 92 94 96
92 c 18 18 465 821 965 10 17 24 93 95 98
93 c 37 56 468 668 968 10 5 4 94
94 c 56 37 469 719 968 10 6 14 95 96 97 100
95 c 18 24 469 691 969 10 22 31
96 c 17 34 471 449 971 10 3 1
97 c 21 24 472 17 972 10 28 32 100
98 c 41 49 474 190 974 10 10 12 99 100
99 c 36 26 480 854 980 10 18 11 100
100 c 26 35 481 409 981 10 15 25

