StringID Type x y release ReadyTime DueDate ServiceTime weight volume Item_Conflitante1 Item_Conflitante2 Item_Conflitante3 Item_Conflitante4 Item_Conflitante5 Item_Conflitante6 Item_Conflitante7 Item_Conflitante8 Item_Conflitante9 Item_Conflitante10 Item_Conflitante11 Item_Conflitante12 Item_Conflitante13 Item_Conflitante14 Item_Conflitante15 Item_Conflitante16 Item_Conflitante17 Item_Conflitante18 Item_Conflitante19 Item_Conflitante20 Item_Conflitante21 Item_Conflitante22 Item_Conflitante23 Item_Conflitante24 Item_Conflitante25 Item_Conflitante26 Item_Conflitante27 Item_Conflitante28 Item_Conflitante29 Item_Conflitante30 Item_Conflitante31 Item_Conflitante32 Item_Conflitante33 Item_Conflitante34 Item_Conflitante35 Item_Conflitante36 Item_Conflitante37 Item_Conflitante38 Item_Conflitante39 Peso_Total Volume_Total
0 d 40 50 0 0 1236 0 0 0                                        200 200
1 c 8 40 146 33 393 90 40 41 4 7 8 11 13 17 18 22 25 27 28 31 33 34 35 39 41 48 51 52 63 67 75 81 83 84 86 87 88 89 90 92 93 95 97 98
2 c 60 55 146 20 380 90 10 9 3 4 8 9 10 14 16 23 24 25 31 32 34 36 37 38 41 42 44 45 46 47 51 52 55 56 59 60 61 67 71 75 76 86 87 92 94 96
3 c 5 35 146 134 494 90 10 12 5 6 8 11 13 17 19 26 28 34 38 40 42 46 48 50 52 53 59 62 64 71 73 82 91 97
4 c 53 35 146 203 563 90 50 47 5 6 8 9 11 13 14 15 27 28 32 39 54 55 56 72 73 75 76 80 81 84 88 91 95 97 99 100
5 c 35 30 146 113 473 90 10 3 6 10 11 14 18 21 23 24 26 31 34 36 37 38 43 46 50 52 57 60 61 62 69 72 74 76 77 78 82 83 85 87 93 96 97
6 c 35 32 146 21 381 90 10 6 7 9 10 17 20 24 26 27 28 30 31 33 36 37 40 50 54 56 57 58 63 64 67 71 72 74 75 77 78 79 81 93 99
7 c 33 32 146 19 379 90 20 19 8 11 12 14 16 23 28 29 30 35 38 39 45 49 51 56 57 58 61 64 71 72 73 79 80 86 87 93
8 c 33 35 146 16 376 90 10 2 10 11 18 19 20 23 30 31 37 38 39 44 45 46 48 51 52 53 55 62 63 65 67 74 77 79 80 90 96 97 98 99
9 c 32 30 146 206 566 90 10 3 13 20 21 22 26 27 30 31 32 33 39 51 53 54 55 56 59 64 66 72 73 75 76 80 83 87 90 93 95 97 98 100
10 c 65 55 146 25 385 90 20 17 14 16 20 23 25 26 29 31 32 42 49 50 60 68 69 70 72 75 80 81 84 85 86 89 91 94 100
11 c 66 55 146 26 386 90 10 12 12 16 17 26 35 36 39 40 42 43 45 46 49 52 59 62 64 65 71 74 77 79 86 88 96
12 c 72 55 146 122 482 90 10 10 23 24 28 30 32 35 39 41 44 46 47 49 51 52 53 60 62 68 69 70 71 77 79 83 87 88 93 98
13 c 10 40 146 31 391 90 30 35 15 31 33 34 39 40 47 54 56 65 67 70 71 74 75 80 81 82 86 95 96
14 c 44 5 146 137 497 90 20 13 18 24 26 30 33 34 35 44 45 46 48 53 54 56 58 59 60 66 70 81 86 91 92 93 95 98
15 c 42 15 146 35 395 90 10 5 17 19 23 35 46 47 51 54 56 57 58 61 63 65 67 76 77 81 86 88 89 93 95
16 c 40 5 146 231 591 90 30 21 19 27 29 30 34 35 37 38 42 45 51 53 55 60 63 73 76 83 86 95 96
17 c 40 15 146 35 395 90 40 31 20 21 23 24 27 29 31 34 37 38 39 41 42 45 47 48 49 50 55 57 63 64 68 71 75 78 79 82 85 86 88 90 92
18 c 75 55 146 215 575 90 20 29 19 20 22 31 34 36 37 40 43 47 48 60 63 71 72 73 75 81 82 83 84 85 90 92 98 100
19 c 50 35 146 110 470 90 20 10 29 31 33 38 40 47 51 54 60 70 75 78 82 90 91
20 c 50 40 146 15 375 90 50 46 21 22 23 24 25 26 27 32 34 38 39 41 42 44 46 48 50 51 59 65 66 67 70 71 72 77 79 81 82 83 85 89 94 95 96 97 98 99 100
21 c 48 40 146 12 372 90 10 1 23 27 30 31 37 39 40 42 48 49 51 58 59 60 67 69 71 72 79 84 86 88 90 91 92 94
22 c 85 35 146 47 407 90 30 35 23 24 25 30 33 34 35 37 38 45 47 48 49 51 55 56 58 59 70 77 81 82 86 87 88 90 92 94 96
23 c 47 40 146 12 372 90 10 16 24 25 27 28 29 32 43 44 46 47 48 49 51 53 55 58 68 71 73 75 79 81 85 86 87 89 92
24 c 88 35 146 50 410 90 20 29 30 31 32 37 39 41 43 49 51 52 56 57 60 61 63 65 73 74 78 79 84 85 87 92
25 c 95 30 146 242 602 90 30 34 30 31 33 40 46 53 55 58 68 70 73 74 75 77 80 81 82 91 93 98
26 c 95 35 146 147 507 90 20 20 29 31 32 35 37 38 40 43 45 49 53 57 61 63 74 77 81 84 85 87 96 97 98
27 c 42 10 146 42 402 90 40 38 28 32 33 36 37 38 39 42 53 58 59 61 62 63 64 65 67 75 83 84 85 86 89 90 92 95 96 100
28 c 10 35 146 39 399 90 20 13 29 36 37 40 42 47 53 54 56 64 65 69 72 73 76 78 79 82 86 90 94 98
29 c 2 40 146 229 589 90 20 29 30 32 34 35 36 41 48 50 51 54 57 58 61 66 68 69 71 77 78 80 83 95 98
30 c 20 80 146 227 587 90 40 35 31 32 33 48 49 52 53 58 59 61 65 69 74 75 77 83 84 88 90 91 92 94 95 97
31 c 58 75 146 30 390 90 20 13 32 34 40 41 43 45 49 62 68 69 70 75 76 77 82 83 85 93 94 96
32 c 42 66 146 16 376 90 10 7 37 39 40 41 45 49 50 53 54 57 58 59 60 63 74 80 81 84 85 89 90 92 95 97
33 c 60 80 146 36 396 90 10 12 36 37 38 49 53 55 60 61 62 65 70 73 75 78 80 82 84 87 92 93 96 99 100
34 c 42 65 146 15 375 90 10 7 35 39 46 51 52 53 54 55 59 60 64 65 68 80 82 86 91 93 94
35 c 40 66 146 18 378 90 20 25 42 49 59 62 67 73 81 83 84 85 86 94 95 98 99 100
36 c 38 68 146 110 470 90 20 24 40 43 50 54 55 56 57 59 60 61 64 67 70 80 83 85 87 89 96
37 c 35 66 146 204 564 90 10 12 38 41 44 46 49 53 55 56 58 60 61 64 65 87 91 96 97 98 99 100
38 c 62 80 146 38 398 90 30 25 47 49 51 53 55 57 61 66 68 69 72 80 81 85 90 92 94
39 c 22 75 146 30 390 90 30 27 42 44 45 49 58 62 66 70 72 74 75 76 77 82 85 86 93 94 100
40 c 20 50 146 202 562 90 10 7 41 46 47 55 56 69 71 72 73 75 83 87 88 89 92 94 95
41 c 18 75 146 33 393 90 20 19 42 45 50 51 55 59 61 66 68 69 70 71 72 73 80 82 90 92 97 100
42 c 15 75 146 37 397 90 20 24 43 44 52 58 59 61 65 66 69 70 76 80 82 88 91 92 93 94 95 96 99 100
43 c 90 35 146 52 412 90 10 17 44 47 49 54 56 57 59 68 69 71 74 79 81 82 84 85 87 97 98
44 c 30 50 146 10 370 90 10 18 57 58 61 64 67 68 69 71 72 75 80 83 86 87 96 98
45 c 23 52 146 109 469 90 10 12 46 47 49 52 54 65 67 68 79 80 89 90 91 98
46 c 25 52 146 17 377 90 40 36 49 57 60 61 62 64 66 70 72 74 79 80 83 87 89 90 91 95
47 c 65 82 146 131 491 90 10 14 52 59 64 66 68 72 73 79 80 83 84 86 90 93 94 98
48 c 25 50 146 15 375 90 10 8 49 51 60 61 63 65 71 73 74 78 79 82 84 85 90 92 93 96 97 99
49 c 15 80 146 132 492 90 10 10 53 55 56 60 61 65 66 69 70 71 74 76 77 79 82 85 95 96 97 98
50 c 67 85 146 225 585 90 20 25 54 61 62 67 76 77 78 84 85 89 91 92 94
51 c 35 69 146 297 657 90 10 18 52 53 57 61 62 66 69 70 79 87 90 91 92 93 95 100
52 c 20 55 146 297 657 90 10 3 56 57 58 62 63 69 70 71 73 76 77 78 82 87 88 90 97 98
53 c 53 30 146 298 658 90 10 6 60 61 64 66 67 68 70 72 74 77 78 83 86 87 89 90 92 93 97
54 c 30 32 146 299 659 90 30 22 56 58 59 60 70 73 74 76 77 79 80 89 94 95 96 99
55 c 70 58 146 311 671 90 20 11 57 58 60 61 64 67 68 74 76 80 81 84 86 87 94 97
56 c 65 85 146 317 677 90 40 30 57 60 63 67 68 69 70 74 77 79 80 85 87 90 91 92
57 c 0 40 146 321 681 90 30 20 58 62 65 72 73 76 78 82 91 94 96 99 100
58 c 20 85 146 322 682 90 40 45 59 63 65 67 73 75 79 81 83 86 87 88 90 91 94
59 c 38 5 146 323 683 90 30 30 67 72 73 80 92 93 94 95 98
60 c 92 30 146 335 695 90 10 12 61 62 64 70 71 72 73 74 76 77 78 88 90 91 93 94 96 98 99
61 c 38 70 146 390 750 90 10 18 64 65 67 72 74 79 82 84 85 90
62 c 23 55 146 390 750 90 20 19 63 65 69 70 71 73 76 83 87 90 92 96 98 99 100
63 c 50 30 146 391 751 90 10 6 66 68 70 74 77 79 85 93 97 99 100
64 c 30 30 146 391 751 90 10 12 67 68 70 72 73 75 81 83 85 87 91 95
65 c 68 60 146 404 764 90 30 25 68 76 78 86 99
66 c 60 85 332 412 772 90 30 40 67 76 77 78 81 87 88 95 96 98
67 c 22 85 332 414 774 90 10 4 69 74 80 86 98 100
68 c 35 5 332 416 776 90 20 10 69 73 75 77 87 89 90 92
69 c 0 45 332 416 776 90 20 10 70 72 73 75 76 78 85 89 90 95 96
70 c 88 30 332 429 789 90 10 12 71 72 73 76 77 79 82 83 84 86 88 90 95 97 98
71 c 40 69 332 482 842 90 20 14 73 74 77 79 82 83 89 90 99 100
72 c 25 55 332 482 842 90 10 17 74 77 79 81 83 88 92 93 94
73 c 28 30 332 483 843 90 10 1 75 81 82 84 86 91 93 98
74 c 48 30 332 483 843 90 10 18 76 86 90
75 c 65 60 332 497 857 90 30 32 83 87
76 c 55 85 332 507 867 90 20 18 80 85 86 90 91 93 97
77 c 25 85 332 507 867 90 20 14 79 81 83 86 88 91 92 97 99
78 c 5 45 332 511 871 90 10 2 82 83 86 91 94 96 100
79 c 38 15 332 516 876 90 10 14 80 81 83 85 87 88 92 93 98
80 c 87 30 332 520 880 90 10 20 82 83 88 89 91 92 96 98
81 c 42 68 332 575 935 90 10 9 84 85 97 99
82 c 28 55 332 575 935 90 10 1 85 86 89 92 96 97
83 c 45 30 332 576 936 90 10 1 86 88 94 95 97
84 c 25 30 332 576 936 90 10 17 85 88 89 94 96 100
85 c 63 58 332 590 950 90 10 1 86 88 93 94 95 97
86 c 55 80 425 602 962 90 10 16 87 88 89 92 95 98
87 c 8 45 425 604 964 90 20 14 91 96
88 c 85 25 425 615 975 90 10 1
89 c 45 70 425 668 1028 90 30 28 90 91 93 95 96
90 c 28 52 425 668 1028 90 20 13 92
91 c 26 32 425 668 1028 90 10 13 93 99 100
92 c 47 35 425 671 1031 90 10 2 98
93 c 60 60 425 683 1043 90 10 6
94 c 30 52 502 760 1120 90 20 10 95 96
95 c 45 68 502 760 1120 90 10 15 97 100
96 c 25 35 503 761 1121 90 10 20 97 99
97 c 45 35 505 763 1123 90 10 4 100
98 c 28 35 508 766 1126 90 10 8
99 c 30 35 509 767 1127 90 10 6 100
100 c 45 65 512 770 1130 90 20 24

