StringID Type x y release ReadyTime DueDate ServiceTime weight volume Item_Conflitante1 Item_Conflitante2 Item_Conflitante3 Item_Conflitante4 Item_Conflitante5 Item_Conflitante6 Item_Conflitante7 Item_Conflitante8 Item_Conflitante9 Item_Conflitante10 Item_Conflitante11 Item_Conflitante12 Item_Conflitante13 Item_Conflitante14 Item_Conflitante15 Item_Conflitante16 Item_Conflitante17 Item_Conflitante18 Item_Conflitante19 Item_Conflitante20 Item_Conflitante21 Item_Conflitante22 Item_Conflitante23 Item_Conflitante24 Item_Conflitante25 Item_Conflitante26 Item_Conflitante27 Item_Conflitante28 Item_Conflitante29 Item_Conflitante30 Item_Conflitante31 Item_Conflitante32 Item_Conflitante33 Item_Conflitante34 Item_Conflitante35 Item_Conflitante36 Item_Conflitante37 Item_Conflitante38 Item_Conflitante39 Item_Conflitante40 Peso_Total Volume_Total
0 d 35 35 0 0 230 0 0 0                                         200 200
1 c 64 42 0 53 83 10 9 5 2 3 4 5 6 13 17 19 20 22 23 29 30 36 42 43 44 48 55 57 64 65 66 69 71 72 73 75 82 88 93 94 95 97
2 c 40 60 0 61 91 10 21 11 4 5 10 12 18 21 22 24 25 26 29 33 35 42 43 45 46 49 55 56 57 58 61 65 66 82 86 87 88 89 93
3 c 55 54 0 84 114 10 26 17 5 6 11 14 16 18 20 22 29 32 34 38 39 40 41 47 49 50 53 55 59 60 61 63 64 67 71 74 76 82 83 86 87 88 90 95 96 98 99 100
4 c 53 52 0 27 57 10 11 14 5 16 20 21 26 27 28 32 50 53 54 56 64 75 78 80 82 85 88 91 94 97 99 100
5 c 57 68 0 67 97 10 15 5 10 14 16 28 32 33 34 38 52 59 62 63 67 69 71 72 74 75 76 77 78 79 82 88 93 94 96 100
6 c 57 48 0 82 112 10 23 15 11 13 19 20 22 26 28 33 39 41 43 44 48 51 52 56 57 62 64 65 70 71 72 74 79 82 84 85 89 90 91 93 94 99
7 c 5 5 0 73 103 10 16 7 8 11 14 16 17 19 22 28 30 32 36 41 52 56 59 61 64 66 67 72 73 74 76 77 83 86 88
8 c 60 12 0 34 64 10 31 21 9 11 17 21 29 30 35 36 42 43 46 48 49 56 57 58 59 70 76 78 79 80 81 84 87 90 91 93
9 c 40 25 0 75 105 10 9 1 10 15 18 19 24 26 31 33 35 40 41 43 45 46 49 50 61 63 64 65 66 69 72 73 74 78 81 83 86 88 91 92 93
10 c 24 12 0 25 55 10 5 12 15 19 26 28 30 33 34 36 40 46 48 50 52 53 55 56 71 74 81 82 84 86 90 91 92 98 100
11 c 11 14 0 59 89 10 18 18 13 15 16 20 26 28 29 30 32 37 38 39 47 52 54 61 62 68 70 74 75 77 80 89 90 93 94 96 99 100
12 c 41 37 0 29 59 10 16 16 14 20 26 29 31 34 36 39 40 41 51 59 61 62 64 71 73 74 78 85 93 96 97 100
13 c 6 38 0 29 59 10 16 6 22 25 30 31 32 33 35 36 43 46 50 54 55 59 64 71 72 73 74 75 77 86 87 90 95 96 97 99
14 c 20 26 0 73 103 10 9 18 16 24 26 28 36 39 41 49 51 52 55 56 61 62 64 66 68 69 70 72 76 77 80 82 87 88 90 91 92
15 c 49 58 0 78 108 10 10 1 16 18 21 22 24 32 37 39 40 45 47 48 52 57 63 69 72 73 75 81 82 83 85 86 91 94 97 99
16 c 37 31 0 85 115 10 14 21 18 19 23 26 30 40 41 43 46 47 53 55 60 62 64 70 71 74 75 76 79 86 90 95 97
17 c 49 42 0 63 93 10 13 9 18 24 25 27 28 29 32 34 35 39 40 51 54 64 66 70 72 73 81 83 84 85 89 90 95 96 97 100
18 c 12 24 0 66 96 10 13 18 22 26 27 28 30 37 39 41 42 47 48 51 52 57 74 75 77 79 89 90 93 95 96 97 99
19 c 24 58 0 48 78 10 19 15 20 26 27 28 29 31 34 41 42 45 47 48 49 50 51 53 56 59 61 62 63 65 67 71 73 75 76 79 83 89 91 97 99
20 c 27 69 0 34 64 10 10 8 22 27 29 31 32 33 34 35 38 40 42 43 44 46 51 55 56 59 63 65 66 71 72 74 77 79 81 83 84 85 86 87 88 89 90 92 93 95 98
21 c 15 77 0 63 93 10 9 8 22 26 28 31 32 35 36 38 41 47 52 53 56 58 65 66 73 79 80 82 83 87 88 89 90 92 96
22 c 62 77 0 49 79 10 20 28 24 26 28 32 36 40 41 44 50 51 53 55 58 61 67 69 73 76 77 79 81 89 90 99 100
23 c 67 5 0 73 103 10 25 32 30 34 40 43 47 50 54 59 61 62 64 68 73 76 77 78 79 80 82 83 84 89 94 97
24 c 37 47 0 40 70 10 6 12 30 31 32 34 37 39 40 41 50 51 54 55 61 70 72 74 78 80 84 87 92 93 98 100
25 c 8 56 0 41 71 10 27 25 27 32 33 38 39 40 43 49 53 58 59 61 62 63 66 71 73 75 82 87 91 92 95 96 99
26 c 35 40 0 27 57 10 16 13 27 31 32 33 38 43 44 46 47 52 54 55 56 61 62 63 64 68 70 74 79 81 82 85 90 92 93 95 97
27 c 2 60 0 41 71 10 5 1 28 31 32 35 36 45 50 51 57 59 62 63 67 74 83 84 90 91 92 96 100
28 c 20 65 0 57 87 10 12 8 31 35 36 42 45 49 54 55 56 59 62 93 94 99 100
29 c 22 22 0 18 48 10 2 4 31 32 34 35 39 40 42 43 47 48 50 54 62 67 73 74 77 80 84 87 89 90 95 97 98 99
30 c 31 67 0 85 115 10 3 1 35 37 39 42 43 44 49 50 52 53 54 55 58 62 65 70 71 75 79 82 83 84 89 90 93 96 99
31 c 26 52 0 64 94 10 9 6 32 36 37 39 40 42 48 51 52 54 55 58 59 60 62 63 65 70 72 74 75 76 77 80 83 90 94
32 c 10 43 0 85 115 10 9 16 34 35 39 42 46 49 52 55 58 59 68 74 76 81 82 83 86 99 100
33 c 28 18 0 83 113 10 26 30 40 42 44 49 52 55 56 57 59 60 64 66 68 73 77 78 81 85 89 90 94 99
34 c 15 10 0 32 62 10 20 11 38 47 49 52 56 57 59 62 64 67 68 70 74 75 77 79 80 82 83 85 86 87 88 89 94 97 98
35 c 30 5 0 51 81 10 8 8 38 39 41 42 43 47 48 49 53 55 61 64 66 67 69 72 73 77 80 83 84 85 86 89 90 92 94 99
36 c 10 20 6 65 95 10 19 19 37 40 42 43 44 50 51 55 58 59 62 69 73 75 77 78 80 83 84 85 92 93 94 95
37 c 20 40 6 77 107 10 12 15 39 40 42 43 45 46 47 51 55 56 57 58 63 64 65 66 67 70 73 75 77 79 87 97
38 c 44 17 6 68 98 10 9 2 43 45 46 47 48 49 50 52 53 58 65 66 67 68 70 75 76 80 87 91 93 94 95 96 98
39 c 4 18 6 84 114 10 35 25 45 47 50 52 63 64 65 66 67 69 70 74 80 83 84 87 88 91 95 98 100
40 c 15 60 6 66 96 10 17 25 47 50 53 54 55 58 69 72 81 84 87 91 93 99 100
41 c 55 5 6 58 88 10 29 24 42 43 44 47 53 57 59 71 75 76 77 87 89 93 94 95 99 100
42 c 61 52 6 86 116 10 3 9 44 45 48 49 51 52 62 63 66 69 74 75 77 80 87 88 94 98
43 c 42 7 6 87 117 10 5 15 46 50 52 60 61 62 63 67 69 78 79 81 85 86 87 89 94 97 99
44 c 55 60 6 87 117 10 16 8 47 48 54 57 63 65 67 70 76 78 79 80 83 84 86 87 88 97 99 100
45 c 45 10 6 87 117 10 18 13 46 47 48 50 52 54 62 66 81 82 84 86 90 92 93 94 97 99
46 c 25 30 6 89 119 10 3 1 52 55 56 59 66 67 69 73 77 81 83 88 89 94 98
47 c 32 12 6 91 121 10 7 4 49 50 51 61 62 63 65 71 74 75 80 85 87 90 93 94 99
48 c 11 31 6 91 121 10 7 2 50 51 55 57 58 62 67 68 70 71 73 75 76 78 79 83 84 90 91 92 96 97 98 100
49 c 6 68 13 98 128 10 30 29 52 62 71 72 74 76 80 82 87 88 91
50 c 2 48 45 107 137 10 1 1 52 53 54 55 56 63 65 71 74 85 92 94 98 99
51 c 30 60 45 114 144 10 16 7 55 56 60 61 62 63 64 66 67 71 72 75 82 85 86 90 94 95
52 c 45 65 45 116 146 10 9 9 54 58 59 61 66 71 76 80 81 83 86 87 89 90 92 93 94 96 100
53 c 49 73 45 117 147 10 25 19 54 62 64 66 70 71 72 73 78 79 81 84 87 96 99
54 c 53 12 45 120 150 10 6 1 55 56 58 60 61 63 64 65 69 70 73 77 78 79 80 86 93 97
55 c 23 3 45 122 152 10 7 11 63 66 70 71 72 73 74 75 79 82 91 93 94 99 100
56 c 25 21 45 123 153 10 12 6 65 69 71 72 74 77 78 79 85 86 87 91 92 93 94 99
57 c 63 23 45 126 156 10 2 1 61 62 64 65 73 84 91 92 96 98
58 c 57 29 45 130 160 10 18 9 62 68 69 71 76 78 80 82 89 93 95 99
59 c 35 69 54 131 161 10 23 22 64 65 66 74 91
60 c 56 39 54 132 162 10 36 37 61 67 69 70 71 74 75 77 78 83 84 87 90 92
61 c 63 65 54 133 163 10 8 1 63 67 70 74 78 87 88 92 95 98
62 c 46 13 54 139 169 10 8 16 66 67 68 71 77 85 86 88 89 90 91 92 96 97
63 c 55 20 54 139 169 10 19 11 64 73 74 76 80 81 86 90 92 97 98 100
64 c 65 35 58 143 173 10 3 7 76 77 82 83 86 88 91 94 95 100
65 c 5 30 62 147 177 10 2 1 66 72 78 84 85 88 97 98
66 c 30 25 64 149 179 10 23 20 67 71 72 75 80 82 87 90 93
67 c 17 34 67 152 182 10 3 1 70 74 75 81 84 86 95 100
68 c 65 55 68 0 183 10 14 7 69 72 74 75 76 77 79 82 84 85 88 100
69 c 65 20 71 156 186 10 6 1 77 80 88 96 98 99
70 c 49 11 77 0 192 10 18 14 77 85 86 87 99 100
71 c 13 52 77 0 192 10 36 27 72 74 76 80 87 88 89 92 94 95 96 98 99 100
72 c 15 19 79 0 194 10 1 1 77 79 81 82 83 85 97 99 100
73 c 18 18 80 165 195 10 17 9 74 79 82 83 84 92 97 98
74 c 15 47 81 0 196 10 16 13 79 82 87 89 91 92 94 98 100
75 c 26 35 81 166 196 10 15 14 77 79 81 82 84 87 88 89 90 95 98
76 c 16 22 81 0 196 10 41 39 77 78 83 86 87 88 89 91 92 94 95 96 97 98 99 100
77 c 47 16 82 0 197 10 25 31 80 81 82 83 93 95 98 100
78 c 55 45 82 0 197 10 13 16 82 85 86 87 92 94 100
79 c 20 20 83 0 198 10 8 5 81 86 90 93 96 97 99
80 c 56 37 83 168 198 10 6 1 81 82 94 97
81 c 14 37 83 0 198 10 11 9 88 89 91 93 95 96 100
82 c 19 21 83 0 198 10 10 6 83 85 87 92 95 99
83 c 20 50 83 0 198 10 5 5 84 87 93 95 96 98
84 c 37 56 83 168 198 10 5 6 89 93 94 97 98 99
85 c 15 30 84 0 199 10 26 27 88 93 95 96 99
86 c 53 43 84 169 199 10 14 18 93 95
87 c 18 24 84 169 199 10 22 31 88 90 91 93 95 96 98 99 100
88 c 45 20 86 0 201 10 11 13 89 90 91 93 95 96 97
89 c 31 52 87 0 202 10 27 29 90 94 96 97 99
90 c 35 17 87 0 202 10 7 1 91 92 94 95 96 98 99 100
91 c 21 24 87 0 202 10 28 31 93 94 96 97 99
92 c 47 47 88 0 203 10 13 10 97 100
93 c 22 27 89 0 204 10 11 16 100
94 c 41 49 89 0 204 10 10 10 97 100
95 c 25 24 90 0 205 10 20 15
96 c 50 35 90 0 205 10 19 28 97
97 c 26 27 92 0 207 10 27 37
98 c 27 43 93 0 208 10 9 2
99 c 45 30 93 0 208 10 17 14
100 c 36 26 95 180 210 10 18 10

