StringID Type x y release ReadyTime DueDate ServiceTime weight volume Item_Conflitante1 Item_Conflitante2 Item_Conflitante3 Item_Conflitante4 Item_Conflitante5 Item_Conflitante6 Item_Conflitante7 Item_Conflitante8 Item_Conflitante9 Item_Conflitante10 Item_Conflitante11 Item_Conflitante12 Item_Conflitante13 Item_Conflitante14 Item_Conflitante15 Item_Conflitante16 Item_Conflitante17 Item_Conflitante18 Item_Conflitante19 Item_Conflitante20 Item_Conflitante21 Item_Conflitante22 Item_Conflitante23 Item_Conflitante24 Item_Conflitante25 Item_Conflitante26 Item_Conflitante27 Item_Conflitante28 Item_Conflitante29 Item_Conflitante30 Item_Conflitante31 Item_Conflitante32 Item_Conflitante33 Item_Conflitante34 Item_Conflitante35 Item_Conflitante36 Item_Conflitante37 Item_Conflitante38 Peso_Total Volume_Total
0 d 40 50 0 0 960 0 0 0                                       1000 1000
1 c 40 5 108 158 391 10 10 1 3 7 10 15 20 21 23 27 28 31 32 37 38 42 45 49 52 56 58 59 60 63 64 68 69 71 73 75 77 79 80 84 85 87 92 93 98
2 c 37 31 108 19 326 10 14 8 3 4 5 6 11 12 15 16 19 20 25 27 29 35 39 40 42 44 45 46 48 51 59 65 67 69 71 72 76 81 85 86 92 93 95 98 99 100
3 c 92 30 108 68 349 10 10 9 6 7 14 16 23 24 28 31 38 41 44 47 50 55 57 59 63 65 71 76 78 79 80 82 85 93 96 100
4 c 90 35 108 131 376 10 10 16 6 7 10 12 14 15 17 26 29 30 31 32 36 41 43 44 45 48 54 55 58 59 64 66 73 81 85 87 90 100
5 c 10 20 108 42 466 10 19 13 11 12 16 19 23 24 25 28 30 33 34 39 40 42 47 55 56 59 62 67 71 73 80 85 87 92 98 99
6 c 88 35 108 102 347 10 20 14 10 11 12 13 17 20 31 37 38 40 47 50 56 60 64 68 70 73 74 79 80 83 88 90 92 96 97 98
7 c 27 43 108 85 338 10 9 12 8 10 15 19 21 22 31 32 33 34 37 44 46 47 53 54 56 67 72 73 74 78 79 82 86 95 96 99 100
8 c 49 58 108 369 460 10 10 1 12 13 16 17 18 21 25 26 30 31 32 34 36 37 38 42 43 53 56 60 61 64 67 69 70 75 80 86 87 91 93 96 99
9 c 5 5 108 183 400 10 16 20 11 12 13 18 22 24 25 27 32 33 36 37 38 40 41 45 46 49 52 54 57 62 64 69 72 73 75 79 84 85 89 90 92 93 95
10 c 2 60 108 255 436 10 5 11 13 15 18 19 20 21 22 24 25 27 32 34 36 39 40 43 61 73 74 79 81 83 84 88 91 93 99
11 c 63 65 108 27 382 10 8 13 12 17 20 22 23 29 31 34 37 43 46 47 53 56 57 59 68 69 72 75 88 89 92 94 95 96 99
12 c 65 55 108 201 400 10 14 20 13 14 15 17 18 21 22 23 25 26 33 38 42 43 44 48 50 51 52 55 57 61 64 67 69 72 73 74 76 77 86 89 91 93 95 100
13 c 2 45 108 38 366 10 10 1 18 19 29 32 33 35 36 37 38 39 42 43 46 53 55 58 60 61 62 64 70 71 75 77 85 86 93 97 100
14 c 25 30 108 109 360 10 3 5 16 18 19 20 24 25 27 30 31 32 33 36 40 41 43 47 52 57 63 68 72 73 76 77 79 80 82 83 84 86 87 88 89 94 96 97 98 99
15 c 65 20 108 39 353 10 6 1 17 22 26 27 28 30 31 32 34 36 37 41 43 47 48 51 55 56 57 63 67 73 75 83 87 92 93 98
16 c 12 24 108 365 472 10 13 12 21 22 26 28 34 45 50 51 57 59 63 66 70 71 72 74 75 77 82 85 92 95 96 100
17 c 42 10 108 205 422 10 40 43 18 20 21 22 33 35 36 37 43 44 45 50 52 54 56 59 61 62 63 64 67 69 71 72 75 78 80 83 84 85 88 89 94 96 97 99
18 c 45 65 108 230 405 10 9 13 25 28 29 30 32 35 36 37 44 48 51 53 54 56 57 60 61 64 68 69 70 71 78 81 84 85 88 90 92 96 98
19 c 15 75 108 281 438 10 20 13 22 24 26 28 31 32 34 40 41 42 45 46 48 50 52 54 56 58 59 68 76 83 85 89 92 94 95 98
20 c 0 40 108 214 415 10 20 30 23 26 38 40 42 53 66 69 70 71 74 78 82 84 85 86 89 90 92 94 96 97 98
21 c 26 52 108 109 354 10 9 16 22 27 33 37 39 42 43 49 56 61 62 65 67 68 73 74 83 85 91 99 100
22 c 22 75 108 73 350 10 30 33 23 30 31 32 34 45 47 49 50 51 54 57 58 59 61 64 69 70 73 74 79 81 83 87 89 92
23 c 5 45 108 35 457 10 10 13 25 26 28 32 39 40 41 44 45 49 55 62 65 70 71 79 82 85 96 97
24 c 56 37 108 20 299 10 6 1 27 30 31 32 34 39 43 44 59 61 64 67 71 79 80 86 88 89 97
25 c 8 45 108 166 399 10 20 18 28 29 33 34 35 36 38 42 43 49 53 55 56 57 58 60 62 64 72 77 79 80 84 88 89 91 92 94 95 97 100
26 c 20 85 108 40 390 10 20 29 28 32 40 42 45 46 48 50 52 55 58 62 65 66 70 76 77 91 94
27 c 44 5 108 338 451 10 20 11 33 41 43 44 45 47 48 52 56 58 59 60 63 67 71 72 76 78 82 90 91 93 94 97
28 c 21 24 108 332 485 10 28 27 34 36 37 38 40 45 47 51 53 55 58 59 65 66 72 74 76 78 81 85 86 87 88 93 94
29 c 63 23 108 318 489 10 2 1 31 32 36 38 40 41 43 44 49 50 57 59 61 65 67 69 72 75 76 77 82 91 94 96 97 98
30 c 55 20 108 281 490 10 19 19 33 35 46 52 53 58 60 62 67 69 70 79 86 87 91 96 98
31 c 55 82 108 62 491 10 10 16 33 34 36 38 40 43 45 50 53 57 59 61 62 71 72 73 79 80 84 86 97 99
32 c 60 12 108 162 493 10 31 21 35 38 44 51 56 59 61 65 68 75 82 83 88 90 97 98
33 c 45 30 108 20 497 10 17 11 34 39 43 50 52 53 66 67 68 70 73 74 76 78 80 92 93 96 97 99 100
34 c 88 30 108 114 497 10 10 17 37 38 39 41 45 47 50 54 56 59 61 63 65 68 69 74 75 80 82 83 85 86 88 89 90 91 92 93 94 97 98 100
35 c 8 40 108 33 510 10 40 31 42 45 48 49 59 61 64 70 73 75 78 80 81 92 93 94 95 100
36 c 37 47 108 324 513 10 6 2 37 39 48 54 55 56 60 61 62 66 67 80 81 83 84 92 94 95
37 c 57 48 108 385 518 10 23 23 38 39 41 42 43 44 45 46 53 69 77 78 89 93 94 99
38 c 38 5 108 45 522 10 30 23 41 44 46 52 53 58 61 63 64 66 68 70 73 77 78 80 82 83 89 90 91 95 96 98
39 c 31 52 108 9 532 10 27 22 42 44 50 57 68 75 76 78 81 82 85 95 96 97 100
40 c 2 40 108 39 538 10 20 19 43 44 47 49 52 57 58 60 63 67 68 78 79 80 83 86 87 90 92 93 95 96 99
41 c 24 58 108 100 539 10 19 22 42 43 46 47 49 50 54 55 58 61 62 63 67 71 72 73 74 75 76 85 87 92 99 100
42 c 64 42 108 112 543 10 9 15 43 46 48 49 50 54 60 62 63 64 66 67 68 73 75 76 81 86 87 95 96
43 c 62 80 108 131 544 10 30 24 45 47 48 57 68 74 77 81 84 87 89 90 91 93 95 96
44 c 60 85 108 233 544 10 30 22 49 52 56 61 67 71 75 76 78 84 88 90 93 94 98 99 100
45 c 26 35 108 170 565 10 15 21 47 48 53 55 57 60 66 67 68 72 73 80 83 84 96 97 98
46 c 6 68 108 258 565 10 30 35 64 72 79 83 85 87 88 89 97 99
47 c 30 25 108 347 566 10 23 29 50 53 54 57 58 59 60 61 65 69 75 82 84 86 88 89 91
48 c 35 40 108 11 570 10 16 8 49 52 55 56 57 59 63 67 74 75 77 86 89 90 93 94 100
49 c 42 12 108 423 576 10 10 13 51 52 53 56 62 69 71 79 80 81 82 85 90 91 94 97 98
50 c 15 80 108 272 581 10 10 11 51 55 57 58 59 60 62 63 64 65 69 70 73 79 81 85 89 90 91 92 93 99 100
51 c 20 50 108 284 585 10 5 15 53 54 57 62 68 70 71 72 77 83 84 85 89 90 95
52 c 65 35 108 29 587 10 3 1 56 62 63 64 68 71 72 73 75 76 79 80 84 88 89 90 91 92 93 94 95 97
53 c 22 85 108 473 588 10 10 14 54 56 57 59 65 74 79 80 81 85 87 88 89 92 96 97 98 99 100
54 c 57 29 238 304 605 10 18 20 57 58 60 64 65 66 74 78 82 84 85 89 90 92 93 94 97
55 c 40 15 238 263 606 10 40 49 56 57 58 59 63 72 73 78 80 83 87 93 99 100
56 c 55 80 238 33 624 10 10 10 57 67 70 72 73 74 77 81 83 85 95 96 97
57 c 10 35 238 236 625 10 20 19 58 65 66 67 70 71 72 73 74 76 80 83 86 88 90 95 96
58 c 85 35 238 462 631 10 30 35 63 67 69 75 88 94 96
59 c 18 75 238 249 646 10 20 27 60 69 71 74 86 87 90 91 93 99
60 c 8 56 238 195 654 10 27 19 62 64 73 79 90 93 97 98 99 100
61 c 72 35 238 471 662 10 30 36 63 73 74 76 80 83 89 92 94 96
62 c 18 80 238 435 662 10 10 4 68 72 76 78 86 87 96 97 98
63 c 95 35 238 57 664 10 20 10 65 68 70 71 72 84 86 88 93 98 99 100
64 c 58 75 238 207 664 10 20 30 65 69 70 71 72 73 75 77 78 81 87 92 93 94 97 98
65 c 4 18 238 546 667 10 35 27 68 69 79 80 82 86 87 88 89 95 97 99
66 c 95 30 238 509 668 10 30 26 67 73 75 80 82 86 87 88 95 96
67 c 53 43 238 14 669 10 14 23 69 72 82 83 85 87 88 89 96 98
68 c 85 25 238 51 673 10 10 19 69 71 72 76 86 87 94 96 100
69 c 20 82 238 37 677 10 10 11 72 79 80 82 83 84 88 92
70 c 42 15 238 511 682 10 10 15 73 78 83 84 87 93 94 95
71 c 10 40 238 470 687 10 30 36 75 83 84 92 93 94 95 97 98 100
72 c 65 82 238 530 703 10 10 4 78 79 80 83 84 86 89 92 94 97 98
73 c 55 54 238 538 705 10 26 21 76 80 81 85 90 94 95 97 98 100
74 c 65 85 238 43 712 10 40 34 76 82 85 86 89 90 91 96 98
75 c 55 85 238 549 718 10 20 23 81 82 90 93 95 97
76 c 55 60 320 568 753 10 16 7 78 80 81 84 85 89 91 93 98 100
77 c 87 30 320 564 797 10 10 2 79 82 83 84 88 89 90 91 97
78 c 60 80 320 36 800 10 10 11 79 82 83 85 86 87 88 90 91 92 93 96 97 99
79 c 41 37 349 423 828 10 16 26 81 85 88 92 93 94 95 96 97
80 c 50 35 349 404 829 10 19 18 86 88 91 92 93 95
81 c 25 85 416 591 874 10 20 18 88 89 91 93 96 97
82 c 38 15 416 598 883 10 10 11 83 88 90 94 96 98
83 c 15 60 416 613 894 10 17 18 100
84 c 30 60 416 421 896 10 16 15 86 93 94 98
85 c 67 5 417 565 897 10 25 28 89 92 93 96
86 c 23 3 420 360 900 10 7 9 94 96 97 99
87 c 15 10 422 380 902 10 20 25 89 99 100
88 c 40 60 422 441 902 10 21 25 89 94 95 97 99 100
89 c 42 5 424 636 904 10 10 11 91 93 95 100
90 c 35 5 433 348 904 10 20 20 92 99
91 c 67 85 433 396 905 10 20 29 93 99
92 c 49 42 433 651 906 10 13 16 98 99 100
93 c 0 45 433 359 909 10 20 14 94
94 c 5 35 433 359 911 10 10 4 95 99
95 c 20 20 433 427 913 10 8 13 96 97
96 c 20 80 433 418 913 10 40 38 97 98
97 c 61 52 448 298 928 10 3 13 100
98 c 35 69 450 211 930 10 23 21
99 c 31 67 450 262 930 10 3 6
100 c 47 47 462 426 942 10 13 21

