StringID Type x y release ReadyTime DueDate ServiceTime weight volume Item_Conflitante1 Item_Conflitante2 Item_Conflitante3 Item_Conflitante4 Item_Conflitante5 Item_Conflitante6 Item_Conflitante7 Item_Conflitante8 Item_Conflitante9 Item_Conflitante10 Item_Conflitante11 Item_Conflitante12 Item_Conflitante13 Item_Conflitante14 Item_Conflitante15 Item_Conflitante16 Item_Conflitante17 Item_Conflitante18 Item_Conflitante19 Item_Conflitante20 Item_Conflitante21 Item_Conflitante22 Item_Conflitante23 Item_Conflitante24 Item_Conflitante25 Item_Conflitante26 Item_Conflitante27 Item_Conflitante28 Item_Conflitante29 Item_Conflitante30 Item_Conflitante31 Item_Conflitante32 Item_Conflitante33 Item_Conflitante34 Item_Conflitante35 Item_Conflitante36 Peso_Total Volume_Total
0 d 40 50 0 0 960 0 0 0                                     1000 1000
1 c 38 5 0 231 291 10 30 39 6 7 11 17 18 20 28 29 30 38 42 53 54 57 63 65 66 79 81 82 85 91 92
2 c 12 24 0 389 449 10 13 13 4 8 12 15 17 22 24 25 28 29 32 35 36 40 41 45 46 51 58 59 60 63 64 67 70 71 72 75 76 77 79 85 94 95
3 c 20 50 0 405 465 10 5 1 5 6 9 12 16 17 19 27 28 29 33 36 39 44 45 53 55 56 64 68 72 74 77 80 82 90 93 96 100
4 c 53 43 0 14 74 10 14 8 6 7 11 12 17 26 28 30 37 38 39 45 46 47 48 52 58 59 62 66 68 74 75 78 82 87 91 92 95
5 c 95 35 0 138 273 10 20 18 18 24 25 26 30 35 41 42 43 50 53 60 62 65 71 72 73 76 77 81 82 84 98 99
6 c 92 30 0 78 339 10 10 3 9 10 21 23 25 26 28 29 35 38 40 41 43 45 46 51 52 53 56 58 61 63 68 70 75 76 79 80 82 88 90 98
7 c 90 35 0 132 375 10 10 7 8 10 24 30 33 42 47 53 57 60 62 69 75 76 80 81 85 87 91 94 98 100
8 c 88 30 0 252 359 10 10 8 14 15 16 18 19 20 23 30 39 40 43 45 47 50 51 52 58 59 60 66 70 71 72 76 77 78 80 82 89 90 99 100
9 c 26 35 0 338 398 10 15 25 11 18 20 21 23 25 26 27 32 34 35 36 40 41 42 44 46 48 52 53 54 56 63 69 70 75 83 85 87 89 97
10 c 24 58 0 262 377 10 19 27 11 14 15 17 20 21 23 25 33 34 37 38 40 41 48 49 54 58 62 64 66 70 74 75 80 81 82 83 85 89 92 93 96 99
11 c 85 25 0 71 208 10 10 15 12 14 21 24 25 30 31 32 33 35 36 39 40 45 50 53 54 56 60 61 65 66 69 72 74 80 81 82 84 88 97 98
12 c 2 45 0 38 322 10 10 15 15 20 21 24 29 31 32 33 34 35 39 41 42 45 49 53 54 55 57 59 65 67 68 74 75 77 87 95 99
13 c 20 82 0 37 177 10 10 6 16 19 21 23 25 26 29 34 38 46 48 52 53 56 60 61 63 66 70 76 77 80 87 95 97
14 c 65 85 0 43 186 10 40 32 15 17 22 24 29 34 35 36 37 42 46 48 51 54 56 58 62 67 68 70 72 73 74 76 79 82 85 86 87 91 92 94 95 96 98 100
15 c 55 82 0 247 307 10 10 4 19 24 28 31 33 39 43 44 47 48 51 52 56 62 64 66 67 73 77 80 81 90 93 96 98
16 c 62 80 0 308 368 10 30 29 18 25 31 32 34 38 48 53 54 57 58 62 63 67 68 74 80 84 87 88 94 95 96 99
17 c 60 80 0 46 201 10 10 1 18 19 21 24 31 34 35 36 40 47 49 52 58 60 61 62 63 70 72 83 87 88 91 92 93 94 95
18 c 45 65 0 214 421 10 9 19 20 22 23 26 27 30 32 35 36 38 39 41 53 64 65 66 67 70 72 73 77 88 95 96
19 c 60 85 0 339 438 10 30 27 20 21 22 28 30 31 34 35 36 42 46 49 50 53 54 55 58 59 61 63 69 78 80 81 83 87 90 94 97 98 99
20 c 65 35 0 197 257 10 3 1 21 24 30 32 33 35 39 43 44 46 47 56 58 73 74 76 83 88 93 100
21 c 10 35 0 401 461 10 20 15 23 24 33 36 40 45 48 51 52 54 55 69 71 74 77 80 86 89 90
22 c 6 68 0 382 442 10 30 27 26 27 29 32 41 45 47 48 54 55 63 68 70 74 75 79 83 84 86 87 90 96
23 c 60 12 0 298 358 10 31 39 24 34 35 37 39 42 48 50 52 54 57 59 61 67 68 71 74 75 76 79 83 88 93 95 99
24 c 2 60 0 240 451 10 5 14 25 36 38 46 47 58 59 61 68 70 73 76 77 81 83 86 88 89 97 98
25 c 65 55 0 191 410 10 14 18 29 41 47 51 53 62 63 65 72 73 74 76 81 85 92 98
26 c 31 52 0 187 247 10 27 20 30 31 34 38 41 44 46 50 53 54 61 62 63 68 69 70 74 79 83 88 90 94 96 98 100
27 c 15 80 0 397 457 10 10 1 28 29 30 31 37 41 43 44 48 53 54 55 56 57 60 61 65 67 69 70 71 76 84 93 97 100
28 c 42 10 0 199 428 10 40 36 29 34 37 39 44 46 47 53 56 63 64 65 73 74 75 78 81 83 84 86 94 100
29 c 64 42 0 298 358 10 9 17 31 34 35 37 38 39 40 42 43 47 50 51 52 55 56 58 60 61 63 71 73 76 77 78 80 81 85 86 90 91 93 94 95 96 100
30 c 55 80 0 33 166 10 10 11 31 33 36 40 41 45 51 53 54 55 62 63 64 67 70 71 73 79 81 84 89 90 92 93 99
31 c 35 40 0 11 140 10 16 26 32 39 41 42 47 48 49 52 53 55 63 66 71 72 73 74 75 79 80 82 84 92 93 94 95 96 98
32 c 45 30 0 191 310 10 17 27 37 38 39 40 47 51 52 53 57 63 64 65 68 71 73 75 76 77 81 82 83 89 94 95
33 c 5 45 0 35 366 10 10 5 34 35 44 46 51 52 53 55 61 68 74 75 76 84 85 88 95 98 99
34 c 2 40 0 204 264 10 20 18 35 37 44 51 56 62 63 64 68 73 75 76 80 81 82 84 85 86 88 90 93 97
35 c 0 40 0 204 425 10 20 13 41 43 44 46 48 52 53 54 63 71 72 74 78 79 80 82 83 84 87 90 100
36 c 65 20 0 39 316 10 6 1 43 49 53 56 57 58 61 62 65 66 67 68 69 71 78 82 83 85 86 89 90 91 97
37 c 8 40 0 225 285 10 40 39 38 40 42 44 46 48 51 53 55 56 57 58 62 65 74 76 78 85 87 93 94
38 c 8 56 201 366 483 10 27 24 41 42 43 45 46 48 49 53 54 55 56 58 64 65 68 69 77 79 80 81 84 85 86 87 91 92 93 94 97
39 c 44 5 201 306 483 10 20 22 47 50 52 54 55 56 57 59 69 74 77 78 79 82 85 86 87 90 91 93 97 98
40 c 57 29 201 425 485 10 18 17 44 45 49 50 51 56 64 70 71 73 82 86 87 92 99 100
41 c 40 15 201 383 486 10 40 47 53 54 55 56 58 60 61 63 64 65 68 69 71 74 75 77 78 79 80 84 85 86 87 89 93 94 96
42 c 58 75 201 377 494 10 20 14 44 45 57 61 62 66 68 69 70 73 78 84 86 89 91 97
43 c 27 43 201 14 494 10 9 8 46 56 60 61 63 72 81 92 96 99 100
44 c 26 52 201 14 494 10 9 3 45 49 50 51 59 62 63 64 66 70 71 74 78 81 82 83 87 89 98 99
45 c 49 58 201 332 497 10 10 9 48 50 51 52 56 57 59 61 62 69 70 77 78 80 81 85 86 92 95 98
46 c 55 20 201 273 498 10 19 26 49 58 63 64 71 73 80 81 84 87 89 90 92 97 98 99
47 c 37 31 201 19 499 10 14 7 48 55 57 63 64 66 72 78 79 82 83 84 87 92 95 96 97
48 c 56 37 201 20 500 10 6 5 50 53 56 61 63 69 70 71 81 87 89 91 92 95 96 97 98 99
49 c 18 75 201 393 502 10 20 26 53 69 70 72 81 82 83 85 86 90 91 92 94 96 98 100
50 c 25 30 201 25 505 10 3 1 52 53 58 60 80 83 84 85 86 96 100
51 c 21 24 201 310 507 10 28 24 56 57 59 60 63 64 66 72 77 84 85 88 91 94 99
52 c 63 65 201 27 507 10 8 12 54 59 69 71 78 79 81 83 84 86 87 89 92 100
53 c 22 75 201 30 510 10 30 32 67 70 71 72 73 74 76 77 84 86 88 90 94 95 96 99
54 c 20 85 201 40 520 10 20 30 58 59 60 65 67 73 77 78 79 81 83 85 90 93 95 98 100
55 c 10 20 201 42 522 10 19 12 58 59 60 61 65 66 70 72 74 75 78 81 83 86 89 95 99
56 c 8 45 201 43 523 10 20 10 59 60 61 65 68 75 91 92 93 94 99 100
57 c 40 5 201 45 525 10 10 12 62 63 64 68 70 75 76 78 79 80 81 82 83 86 88 92 94 95 99
58 c 37 47 201 311 526 10 6 11 63 64 66 67 71 72 75 80 83 89 91 92 96 97 98
59 c 88 35 201 50 530 10 20 30 60 62 63 64 65 67 70 71 74 75 76 80 81 85 86 87 89 90 93 95 96 100
60 c 5 5 201 57 537 10 16 6 61 63 64 65 66 71 74 78 80 82 86 88 91 93 94 95
61 c 42 12 201 460 539 10 10 9 62 66 70 71 74 75 77 81 84 88 89 92 96
62 c 30 25 201 342 571 10 23 28 64 67 70 71 75 78 87 93 96 97 100
63 c 15 75 201 120 600 10 20 25 64 65 66 70 72 76 78 80 86 87 90 94 96 98 99
64 c 10 40 201 535 622 10 30 31 65 67 72 74 76 82 85 89 92 94 98 100
65 c 63 23 201 164 644 10 2 1 73 81 86 88 90 95 97 100
66 c 18 80 201 432 665 10 10 6 69 70 72 74 76 79 82 84 86 87 89 91 93 100
67 c 50 35 201 560 673 10 19 24 69 70 75 78 81 85 89 91 93 95 96
68 c 41 37 201 570 681 10 16 23 73 75 77 80 87 88 89 90 93 95 98 99 100
69 c 30 60 307 629 689 10 16 12 76 79 87 88 94 100
70 c 57 48 307 212 692 10 23 29 71 82 83 90 93 94 98 99
71 c 4 18 307 516 697 10 35 42 75 76 78 81 83 89 90 94
72 c 42 15 307 494 699 10 10 20 73 75 78 85 87 88 93 94 97 100
73 c 40 60 307 613 730 10 21 18 75 77 80 82 83 91 94 100
74 c 20 80 307 674 734 10 40 34 77 89 90 92 94 95 96 97 98
75 c 20 20 307 675 735 10 8 11 76 79 82 84 86 88 95 98 99 100
76 c 55 85 307 531 736 10 20 16 78 81 83 84 85 87 93 94 95 98
77 c 5 35 307 683 743 10 10 11 83 89 91 95 97 98 100
78 c 55 60 307 554 767 10 16 21 79 81 87 89 91 99
79 c 22 85 307 291 771 10 10 7 81 82
80 c 67 85 307 655 778 10 20 11 81 89 92
81 c 85 35 307 307 787 10 30 27 89 90 93 95
82 c 87 30 377 562 799 10 10 3 84 91 93 94
83 c 72 35 377 327 807 10 30 31 84 85 91 93 95 98 99 100
84 c 0 45 377 698 827 10 20 12 85 90 91 95 96 97
85 c 95 30 377 349 829 10 30 21 86 89 94
86 c 23 3 377 794 854 10 7 3 88 92 97 100
87 c 65 82 377 377 857 10 10 13 88 90 95 97 100
88 c 55 54 382 382 862 10 26 26 89 94 96 97 98
89 c 38 15 392 609 872 10 10 13 95 100
90 c 35 5 424 821 881 10 20 24 94 96 98
91 c 15 60 424 623 884 10 17 21 93 94 96 98
92 c 67 5 424 611 897 10 25 29 98
93 c 15 10 424 842 902 10 20 29 95
94 c 42 5 424 424 904 10 10 19 97 99
95 c 25 85 431 431 911 10 20 30 96
96 c 61 52 448 789 928 10 3 13 99
97 c 35 69 450 780 930 10 23 27 100
98 c 31 67 450 870 930 10 3 4 99
99 c 49 42 457 457 937 10 13 4 100
100 c 47 47 462 817 942 10 13 9

