StringID Type x y release ReadyTime DueDate ServiceTime weight volume Item_Conflitante1 Item_Conflitante2 Item_Conflitante3 Item_Conflitante4 Item_Conflitante5 Item_Conflitante6 Item_Conflitante7 Item_Conflitante8 Item_Conflitante9 Item_Conflitante10 Item_Conflitante11 Item_Conflitante12 Item_Conflitante13 Item_Conflitante14 Item_Conflitante15 Item_Conflitante16 Item_Conflitante17 Item_Conflitante18 Item_Conflitante19 Item_Conflitante20 Item_Conflitante21 Item_Conflitante22 Item_Conflitante23 Item_Conflitante24 Item_Conflitante25 Item_Conflitante26 Item_Conflitante27 Item_Conflitante28 Item_Conflitante29 Item_Conflitante30 Item_Conflitante31 Item_Conflitante32 Item_Conflitante33 Item_Conflitante34 Item_Conflitante35 Item_Conflitante36 Peso_Total Volume_Total
0 d 40 50 0 0 1236 0 0 0                                     200 200
1 c 5 35 43 224 404 90 10 16 4 13 14 17 20 22 23 24 28 34 37 39 43 44 46 49 50 51 55 58 61 65 67 71 72 79 80 81 82 83 86 91 93 94 95 99
2 c 53 35 43 293 473 90 50 54 3 4 5 7 8 9 14 17 24 33 36 37 40 41 43 44 49 50 53 57 59 66 67 79 83 88 90 91 93 97
3 c 0 40 43 411 591 90 30 38 7 10 12 14 16 18 20 24 25 26 27 37 39 43 45 51 55 59 60 64 67 68 69 72 73 76 78 82 83 84 86 90 91 96 100
4 c 35 30 43 203 383 90 10 1 7 9 12 13 17 23 25 41 46 48 50 52 57 66 67 76 77 78 84 85 86 88 94 97 99 100
5 c 35 32 43 111 291 90 10 1 12 14 15 18 19 21 24 25 36 42 44 46 47 49 50 52 53 55 61 66 67 72 75 78 79 80 82 84 88 89 91 92 93 94 95 99
6 c 33 32 43 19 199 90 20 30 7 16 17 20 22 24 27 31 33 34 37 44 49 51 55 56 57 59 60 66 69 70 72 77 80 86 93 97 98 100
7 c 33 35 43 16 196 90 10 19 8 9 11 17 25 26 27 30 32 36 37 46 48 51 53 54 61 62 63 68 70 71 75 80 85 88 89 90 92 93 97
8 c 32 30 43 296 476 90 10 7 11 12 19 23 27 29 30 32 35 37 40 45 46 47 48 49 53 54 55 56 59 63 64 65 67 68 69 74 78 81 85 86 93 94 97 99
9 c 30 32 43 389 569 90 30 28 13 17 34 40 41 47 50 61 62 70 71 77 81 83 84 86 88 94 95 96
10 c 65 55 43 25 205 90 20 16 11 21 23 29 33 35 36 53 54 56 57 60 62 65 68 79 83 85 88 89 91 92 99
11 c 66 55 43 116 296 90 10 5 16 19 20 33 38 40 43 44 56 58 62 63 67 68 69 72 76 83 84 95 96 97 100
12 c 70 58 43 401 581 90 20 19 13 18 19 22 25 27 29 32 35 37 38 39 40 46 47 49 53 54 57 63 65 66 70 78 81 83 84 86 94 96 99 100
13 c 72 55 43 212 392 90 10 4 14 16 21 25 30 39 49 52 57 61 66 67 68 73 86 87 89 90 91 92 96 97 98 100
14 c 44 5 43 227 407 90 20 27 15 16 18 27 28 30 32 35 36 37 38 40 42 43 44 45 47 50 51 53 54 55 56 67 71 72 73 74 81 83 86 92 97 98 100
15 c 60 55 43 20 200 90 10 6 16 18 20 22 31 36 39 40 42 43 44 46 49 51 55 58 62 63 65 67 74 79 82 85 87 92 98 99
16 c 42 10 43 132 312 90 40 38 17 18 20 21 30 33 34 39 40 44 49 52 54 56 59 62 65 68 69 75 77 78 80 81 82 84 85 88 89 96 98
17 c 40 5 43 321 501 90 30 29 20 30 36 37 41 45 46 53 54 56 57 66 68 74 75 77 81 82 84 85 87 92 96 98 99
18 c 40 15 43 35 215 90 40 48 19 26 28 29 30 33 39 40 45 51 56 69 72 73 74 77 79 80 81 82 83 99
19 c 38 5 43 413 593 90 30 28 21 23 37 39 45 51 53 54 55 59 70 73 77 78 80 84 85 86 88 94 95 96 99
20 c 75 55 43 305 485 90 20 24 23 27 29 34 38 40 41 43 47 53 55 60 61 62 65 69 70 73 74 75 76 83 87 91 95
21 c 50 35 43 200 380 90 20 15 23 32 37 38 39 40 48 54 57 58 64 65 67 74 75 82 83 88 97
22 c 50 40 43 105 285 90 50 57 32 35 39 45 48 50 56 57 65 70 77 78 79 80 81 83 84 87 92 94 95 97 98
23 c 48 40 43 13 193 90 10 11 29 31 32 37 38 47 51 53 58 62 64 65 69 70 73 83 84 89 94 96 99 100
24 c 85 35 43 47 227 90 30 35 25 32 34 41 46 47 48 61 67 68 70 74 76 77 80 81 83 86 89 100
25 c 47 40 43 12 192 90 10 13 26 28 29 34 35 36 38 42 49 54 56 57 59 64 65 66 70 72 74 75 76 78 80 82 85 86 87 92 98
26 c 88 35 43 50 230 90 20 13 32 37 40 51 52 54 55 57 61 63 67 70 71 77 79 80 82 84 85 89 93 96
27 c 95 30 43 332 512 90 30 26 29 31 32 36 41 46 47 56 60 65 67 74 77 78 85 93 95 100
28 c 95 35 43 237 417 90 20 28 31 32 34 49 53 55 63 64 67 71 75 78 79 84 88 94 96 97 98 100
29 c 53 30 43 388 568 90 10 12 36 39 40 41 42 48 56 57 59 61 67 68 72 74 78 84 85 87 88 91 94 96 99
30 c 92 30 43 425 605 90 10 6 32 34 38 40 42 44 45 46 50 52 53 62 65 73 75 76 87 89 92 95 96 98 99
31 c 42 15 43 37 217 90 10 9 32 35 39 46 47 56 57 58 60 70 73 77 84 89 95 96
32 c 8 40 43 33 213 90 40 33 38 42 45 54 57 58 60 70 71 73 74 75 79 81 84 88 89 90 94 95 98
33 c 2 40 43 319 499 90 20 10 36 37 42 45 49 55 61 64 69 70 71 73 78 81 83 84 86 87 92 93 97 99
34 c 10 35 43 129 309 90 20 13 38 39 40 41 44 48 49 50 59 60 67 70 78 79 82 92
35 c 58 75 43 30 210 90 20 28 37 41 42 43 44 47 48 49 50 55 60 63 67 69 75 80 81 84 90 91 92 96 99 100
36 c 42 66 43 16 196 90 10 1 37 53 59 60 61 64 65 67 68 77 78 81 89 95 99
37 c 60 80 43 36 216 90 10 17 39 41 45 47 51 52 53 57 58 63 68 72 75 80 82 83 88 98
38 c 42 65 43 15 195 90 10 9 40 43 44 46 47 63 64 68 69 70 75 77 78 79 83 90 95 100
39 c 40 66 43 108 288 90 20 30 41 48 51 53 54 62 64 66 69 72 79 80 87 94 95 98
40 c 38 68 43 200 380 90 20 14 45 47 51 52 57 60 66 67 69 74 75 76 77 81 91 95
41 c 35 66 43 294 474 90 10 2 42 48 49 50 51 54 56 60 65 69 75 79 82 83 84 87 90 91 92 94
42 c 35 69 43 387 567 90 10 16 43 45 51 53 62 63 64 66 67 69 70 77 79 80 99
43 c 62 80 43 128 308 90 30 31 49 51 54 55 57 61 62 63 66 68 69 71 72 74 80 81 82 83 87 88 90 91 92 97 98
44 c 22 75 43 30 210 90 30 38 45 51 52 54 58 63 66 70 75 79 81 84 86 91 96
45 c 20 80 43 317 497 90 40 39 47 50 51 53 54 58 63 66 73 76 83 85 87 88 89 95 97 98
46 c 10 40 43 31 211 90 30 33 49 51 58 59 60 61 63 64 73 81 82 83 84 87 90 91 95 97 98
47 c 18 75 43 34 214 90 20 26 48 49 50 56 62 65 68 69 71 74 77 78 82 91 94 97 100
48 c 15 75 43 127 307 90 20 21 52 56 57 59 60 61 68 72 73 74 76 77 78 80 81 82 85 89 100
49 c 15 80 43 222 402 90 10 16 54 55 59 62 67 68 70 74 77 83 90 95 100
50 c 20 85 43 412 592 90 40 40 55 56 57 61 64 65 70 71 74 77 78 82 83 84 86 99 100
51 c 30 50 43 10 190 90 10 1 53 55 58 59 71 74 77 79 85 89 91 92 97
52 c 20 55 43 387 567 90 10 3 55 60 61 62 68 69 73 77 79 81 84 88 89 91 92 94 97
53 c 20 50 43 292 472 90 10 14 56 63 65 68 70 74 78 79 80 81 83 84 86 91 92 94 95 96 98
54 c 23 52 43 199 379 90 10 14 60 65 66 67 69 71 73 74 77 78 79 80 83 86 88 89 96
55 c 25 52 43 107 287 90 40 41 69 72 73 77 79 80 81 82 84 85 88 92 93 94 97 99 100
56 c 25 50 43 15 195 90 10 9 60 62 72 73 77 78 80 87 92 96 100
57 c 90 35 43 142 322 90 10 17 58 66 70 72 76 78 80 81 82 83 84 86 87 91 92 93 95 96
58 c 65 82 43 221 401 90 10 12 59 60 63 65 67 70 71 74 77 78 80 81 82 83 86 90 92 93 98
59 c 65 85 43 407 587 90 40 40 65 67 70 73 81 85 90 97 98 99
60 c 67 85 43 315 495 90 20 28 63 68 70 71 80 81 83 86 94 96
61 c 38 70 43 480 660 90 10 15 65 67 68 72 73 74 79 81
62 c 23 55 43 480 660 90 20 13 65 71 78 81 85 86 91 98
63 c 30 30 43 481 661 90 10 20 67 74 78 80 83 88 93
64 c 50 30 43 481 661 90 10 12 67 68 69 73 76 82 85 89 90 94 99
65 c 68 60 267 494 674 90 30 32 72 73 75 78 79 81 84 87 88 89 92 95 99 100
66 c 60 85 267 502 682 90 30 26 67 68 73 74 76 79 83 85 86 94 96
67 c 22 85 267 504 684 90 10 17 73 76 82 86 87 92 94 95
68 c 35 5 267 506 686 90 20 10 69 76 78 79 80 81 86 88 93 96
69 c 0 45 267 506 686 90 20 18 70 87 90 97 98
70 c 88 30 267 519 699 90 10 20 71 72 73 76 78 80 81 85 92 93 100
71 c 25 55 267 572 752 90 10 19 73 74 75 76 82 85 99
72 c 40 69 267 572 752 90 20 26 76 80 82 91 92 94 98
73 c 48 30 267 573 753 90 10 6 74 79 82 83 84 86 87 90 92 95 97 99
74 c 28 30 267 573 753 90 10 14 75 79 85 86 89 95 97 99
75 c 65 60 267 587 767 90 30 39 77 78 80 85 88 93 94 96
76 c 55 85 267 597 777 90 20 26 78 79 80 81 90 91 95 99
77 c 25 85 267 597 777 90 20 23 78 82 85 89 90 93 98
78 c 5 45 267 601 781 90 10 9 81 85 90 96 97
79 c 38 15 267 606 786 90 10 5 80 82 85 88 89 90 94 98 99
80 c 87 30 267 610 790 90 10 14 81 83 84 86 93 100
81 c 42 68 267 665 845 90 10 19 86 87 91 96
82 c 28 55 267 665 845 90 10 16 83 88 91 92 93 95 96 97
83 c 45 30 267 666 846 90 10 6 86 90 95 96 97 98
84 c 25 30 267 666 846 90 10 11 87 88 91 93 95 97
85 c 63 58 267 680 860 90 10 16 87 90 96 97
86 c 55 80 267 692 872 90 10 1 87 94 95 98 100
87 c 8 45 267 694 874 90 20 22 89 92 97
88 c 85 25 267 705 885 90 10 18 90 93
89 c 45 70 415 758 938 90 30 33 92 95 100
90 c 28 52 415 758 938 90 20 22 97 98 99
91 c 26 32 415 758 938 90 10 10 93 96
92 c 47 35 415 761 941 90 10 19 94 95 98 99 100
93 c 60 60 415 773 953 90 10 18 97 100
94 c 30 52 415 850 1030 90 20 12 99 100
95 c 45 68 415 850 1030 90 10 15 99 100
96 c 25 35 415 851 1031 90 10 7
97 c 45 35 415 853 1033 90 10 20 100
98 c 45 65 505 943 1123 90 20 30 100
99 c 28 35 506 944 1124 90 10 9
100 c 30 35 509 947 1127 90 10 20

