StringID Type x y release ReadyTime DueDate ServiceTime weight volume Item_Conflitante1 Item_Conflitante2 Item_Conflitante3 Item_Conflitante4 Item_Conflitante5 Item_Conflitante6 Item_Conflitante7 Item_Conflitante8 Item_Conflitante9 Item_Conflitante10 Item_Conflitante11 Item_Conflitante12 Item_Conflitante13 Item_Conflitante14 Item_Conflitante15 Item_Conflitante16 Item_Conflitante17 Item_Conflitante18 Item_Conflitante19 Item_Conflitante20 Item_Conflitante21 Item_Conflitante22 Item_Conflitante23 Item_Conflitante24 Item_Conflitante25 Item_Conflitante26 Item_Conflitante27 Item_Conflitante28 Item_Conflitante29 Item_Conflitante30 Item_Conflitante31 Item_Conflitante32 Item_Conflitante33 Item_Conflitante34 Item_Conflitante35 Item_Conflitante36 Item_Conflitante37 Item_Conflitante38 Item_Conflitante39 Peso_Total Volume_Total
0 d 40 50 0 0 240 0 0 0                                        200 200
1 c 85 25 0 51 85 10 10 18 2 5 6 7 16 18 21 24 31 32 33 40 42 44 45 46 50 52 53 54 56 57 58 62 64 72 73 74 76 81 82 89 91 94 96 99
2 c 65 85 0 43 78 10 40 47 8 11 17 22 23 25 31 32 33 39 44 45 46 47 48 52 54 62 63 64 65 70 73 75 76 78 82 87 90 93 97
3 c 62 80 0 85 95 10 30 27 5 14 15 31 34 36 47 48 57 58 59 63 65 66 68 69 72 73 74 76 78 79 81 82 83 85 86 96 98 99
4 c 60 80 0 36 74 10 10 4 5 10 11 13 25 28 33 35 42 44 45 47 49 53 55 56 57 66 67 72 75 77 79 81 86 87 89 91 94 95 96 97 98
5 c 60 85 0 87 112 10 30 37 9 11 13 19 27 30 38 40 42 50 55 61 69 72 78 81 84 90 94 96 100
6 c 55 80 0 33 66 10 10 18 7 10 14 15 32 41 55 58 59 62 66 70 71 75 76 78 82 84 85 86 87 93 94 96 99
7 c 55 82 0 74 84 10 10 3 8 10 11 14 15 16 22 24 26 33 34 41 43 45 47 48 51 52 54 55 59 60 63 66 69 71 77 78 79 80 81 83 85 90 96 97 98 100
8 c 2 45 0 38 109 10 10 13 10 11 16 18 20 22 23 24 26 27 29 38 40 42 43 48 52 53 54 55 57 60 61 62 67 68 69 72 74 79 80 81 84 85 91 95 96 98 100
9 c 26 35 0 87 97 10 15 18 10 11 12 13 16 17 18 19 25 30 34 37 40 43 46 48 51 52 54 56 62 67 74 75 78 80 84 89 91 92 94
10 c 20 50 0 101 111 10 5 6 11 14 21 22 23 24 25 27 28 29 30 34 39 43 44 46 48 52 53 66 67 68 69 81 83 86 88 97
11 c 45 65 0 55 106 10 9 6 26 35 39 46 47 48 58 60 62 65 71 73 74 78 79 83 85 89 90 94
12 c 65 35 0 62 72 10 3 7 15 18 21 24 28 31 32 33 37 39 41 42 44 46 48 51 65 66 72 74 78 80 81 82 83 87 88 95 97
13 c 88 30 0 75 102 10 10 17 18 20 21 28 31 35 39 51 52 53 54 55 56 57 60 62 65 66 67 69 71 73 75 81 83 84 85 91 92 94 97
14 c 65 20 0 39 108 10 6 8 16 17 24 26 29 31 34 36 41 42 47 48 61 62 64 76 77 82 83 85 86 87 89 90 93 96 97 100
15 c 35 40 0 11 43 10 16 16 17 20 24 26 31 37 39 40 42 44 47 48 56 57 60 61 68 69 70 76 78 79 85 86 87 88 89 91 94 95 96 98
16 c 64 42 0 80 90 10 9 17 18 21 32 38 39 41 47 55 56 60 62 63 65 66 67 70 74 75 78 79 80 90 94 95 96 98
17 c 31 52 0 51 61 10 27 22 18 20 25 28 29 30 31 36 38 43 48 49 51 52 54 56 59 60 62 64 65 69 70 72 73 75 77 79 81 85 86 94
18 c 65 55 0 52 107 10 14 5 29 30 32 36 37 40 41 50 51 54 62 63 64 67 74 77 78 79 83 85 87
19 c 2 60 0 65 118 10 5 1 20 24 27 33 36 40 43 46 50 60 68 70 76 79 84 85 86 89 91 96 99
20 c 60 12 0 85 95 10 31 32 31 34 37 42 44 48 51 53 55 64 66 67 70 76 77 86 87 88 92 98 99
21 c 8 56 0 90 119 10 27 36 23 26 27 28 33 34 41 42 44 50 51 53 54 55 58 59 63 64 67 75 79 80 82 85 91 92 95 96
22 c 6 68 0 99 109 10 30 34 23 27 28 40 43 46 51 52 56 63 64 69 70 72 74 76 77 79 87 90 92 96 97
23 c 53 43 0 15 25 10 14 9 29 34 35 36 37 39 42 44 51 52 54 56 59 67 75 76 78 81 82 83 86 89 90 91 92 93 95 98
24 c 57 29 0 106 116 10 18 22 25 26 27 30 34 35 37 39 46 48 49 50 51 61 65 68 76 80 81 82 83 85 88 90 91 93 94 95 98 100
25 c 12 24 0 100 110 10 13 21 27 28 29 36 37 40 41 43 44 46 52 58 59 60 62 63 65 69 72 75 79 84 85 87 88 89 91 94 97 98 100
26 c 24 58 0 67 96 10 19 20 28 30 42 49 51 53 54 58 62 65 69 71 72 77 79 81 82 85 88 90 98 99
27 c 45 30 0 53 82 10 17 18 30 35 36 38 40 43 54 60 63 66 69 70 73 76 80 82 83 89 97 99 100
28 c 90 35 0 52 112 10 10 4 29 32 37 39 40 41 42 46 48 49 50 54 58 59 60 68 71 73 75 77 81 83 87 92 93 94 98
29 c 20 82 0 37 72 10 10 14 33 40 48 49 51 53 54 56 57 59 61 65 67 69 71 77 80 81 85 86 87 88 89 91 92
30 c 95 35 0 60 93 10 20 16 31 35 40 41 42 48 50 54 56 57 58 60 62 70 72 76 78 79 80 81 86 87 90 92 96
31 c 92 30 0 55 120 10 10 17 37 39 44 45 46 48 50 56 57 61 66 67 68 70 74 76 79 80 87 90 93 95
32 c 0 40 0 59 114 10 20 25 37 39 42 43 44 46 47 48 51 65 73 76 79 81 83 86 89 92 93 95
33 c 40 15 0 94 119 10 40 47 38 47 48 50 55 56 58 61 65 67 69 74 76 79 82 84 85 86 94 96 97
34 c 38 5 0 75 85 10 30 29 37 39 42 43 44 48 49 50 51 54 56 59 61 63 66 68 74 77 79 80 85 86 87 89 93 94
35 c 5 45 0 35 117 10 10 19 36 37 40 43 49 50 52 58 59 61 67 73 78 79 88 91 95 96 98 99
36 c 2 40 0 68 78 10 20 16 38 40 42 43 45 47 48 49 50 52 54 58 60 62 64 71 85 87 89 95 96 97
37 c 10 35 3 101 111 10 20 14 39 40 44 48 49 57 61 63 67 76 79 81 83 85 91 93 94 95 99
38 c 15 80 3 101 111 10 10 19 39 50 55 61 67 71 72 74 79 84 87 89 90 91 92 93 94 96 98 99
39 c 8 40 3 69 79 10 40 37 41 45 46 53 54 55 56 62 66 71 73 76 77 78 83 85 86 88 92 95 96 97
40 c 42 10 3 58 115 10 40 39 42 44 57 58 60 61 62 68 74 75 80 82 89 90 96 97 99
41 c 58 75 3 92 121 10 20 13 42 46 52 54 56 63 64 66 73 76 80 81 86 89 93 96 98 100
42 c 49 58 3 80 121 10 10 2 43 44 47 48 49 50 53 55 56 64 67 69 70 72 76 77 79 80 83 84 86 87 89 91 92 93 95 98
43 c 18 75 3 96 123 10 20 30 44 48 49 50 52 53 54 57 63 65 66 68 71 72 76 78 81 82 94 100
44 c 44 5 14 79 124 10 20 17 46 48 49 51 57 58 63 67 76 77 80 81 83 86 88 90 91 93 95 98
45 c 21 24 14 77 126 10 28 31 54 59 71 72 74 78 94 95 96
46 c 55 20 14 69 126 10 19 25 47 52 53 54 60 66 67 73 75 82 85 89 92 93 98
47 c 37 47 14 74 127 10 6 2 48 52 53 57 60 62 63 64 69 74 78 80 81 83 92 93 94 95
48 c 42 12 14 109 128 10 10 9 51 52 57 62 63 67 70 73 75 78 80 81 82 85 87 91 93 96 99
49 c 26 52 14 14 134 10 9 14 50 51 52 56 57 60 64 65 66 71 73 74 75 82 85 86 87 88 91 99
50 c 27 43 14 14 134 10 9 1 51 57 59 64 66 70 71 72 76 77 78 83 88 89 92 94 95 96 100
51 c 37 31 30 19 139 10 14 16 56 57 58 61 62 63 68 69 71 72 73 78 80 83 87 91 92 94 96 97 100
52 c 30 25 30 82 139 10 23 19 56 59 61 62 63 65 69 70 72 75 85 89 90 95 97
53 c 56 37 30 20 140 10 6 16 56 58 64 66 70 71 74 79 80 83 85 88 89 92 96 98 99
54 c 10 40 30 123 144 10 30 21 55 58 65 66 79 81 83 93 97 99 100
55 c 25 30 30 25 145 10 3 2 57 61 63 66 68 75 76 85 86 93 96 98 99
56 c 63 65 30 27 147 10 8 7 61 65 66 67 69 72 74 85 87 88 92 93 95 96 99
57 c 22 75 30 30 150 10 30 39 59 61 63 64 68 71 78 79 81 85 86 87 89 92 93 98 100
58 c 8 45 32 32 152 10 20 16 61 62 64 66 70 71 72 73 74 76 80 84 85 87 91 92 96 100
59 c 15 75 35 35 155 10 20 23 62 83 89 93 96 98 99
60 c 18 80 40 98 157 10 10 1 63 68 76 81 82 85 89 91 92 95 96 97 98
61 c 4 18 40 112 157 10 35 39 62 66 73 79 80 81 85 86 92 94 95 100
62 c 50 35 40 130 159 10 19 19 66 71 73 75 80 81 82 84 91 94 95 98 100
63 c 20 85 40 40 160 10 20 23 65 66 67 68 75 77 79 82 83 84 89 92 93 94 100
64 c 30 60 40 150 160 10 16 13 65 75 77 80 83 85 89 91 92 97 100
65 c 41 37 45 134 161 10 16 26 72 75 82 83 84 85 87 88 90 91 97 98 100
66 c 20 80 45 151 161 10 40 33 70 71 77 80 81 85 86 88 89 93 99
67 c 20 20 45 151 161 10 8 3 68 70 81 82 83 88 89 93 95
68 c 63 23 45 42 162 10 2 8 69 70 73 75 77 79 82 84 87 92 93 98 99 100
69 c 42 15 45 111 162 10 10 1 71 73 78 79 82 83 90 95 97 99 100
70 c 10 20 45 42 162 10 19 21 81 82 85 87 88 90 91 94 95 98
71 c 5 35 45 152 162 10 10 5 73 76 81 84 85 87 97 100
72 c 40 5 45 45 165 10 10 1 73 76 81 83 84 91 92 95 98 100
73 c 55 85 48 117 168 10 20 26 74 75 76 82 88 89 92 93 97
74 c 67 85 49 138 169 10 20 25 76 77 78 81 89 90 95 96 98 99
75 c 57 48 50 50 170 10 23 28 77 78 81 86 88 92 93 94 95
76 c 88 35 50 50 170 10 20 21 79 80 85 87 88 90 91 92 93 94
77 c 95 30 51 58 171 10 30 37 83 84 85 88 90 93 95
78 c 5 5 52 57 172 10 16 19 79 83 84 85 87 89 94 95 97 100
79 c 23 3 53 163 173 10 7 1 80 82 83 87 94 95
80 c 40 60 60 144 173 10 21 31 82 83 85 88 94 98 100
81 c 87 30 60 116 175 10 10 19 82 84 86 88 89 91 92 95 98 100
82 c 67 5 60 105 177 10 25 28 84 88 89 90 91 92 95 97 99
83 c 55 60 60 127 180 10 16 18 86 89 90 91 92 97 99
84 c 0 45 60 147 180 10 20 17 91 93 94 96
85 c 35 5 61 171 181 10 20 26 87 88 95 96 98 99 100
86 c 15 10 62 172 182 10 20 10 87 93 96 98
87 c 85 35 62 62 182 10 30 37 93 100
88 c 42 5 64 64 184 10 10 20 93 96 97
89 c 22 85 64 64 184 10 10 1 90 92 99 100
90 c 65 82 74 69 189 10 10 20 93 99 100
91 c 72 35 74 71 191 10 30 26 95 98 100
92 c 25 85 74 71 191 10 20 30 93 94 96 97
93 c 38 15 74 128 194 10 10 10 99 100
94 c 15 60 82 137 202 10 17 8 95
95 c 55 54 87 87 207 10 26 20 97 98
96 c 61 52 88 173 208 10 3 7
97 c 35 69 90 172 210 10 23 18 98
98 c 31 67 90 200 210 10 3 7
99 c 49 42 97 97 217 10 13 7 100
100 c 47 47 102 190 222 10 13 7

