StringID Type x y release ReadyTime DueDate ServiceTime weight volume Item_Conflitante1 Item_Conflitante2 Item_Conflitante3 Item_Conflitante4 Item_Conflitante5 Item_Conflitante6 Item_Conflitante7 Item_Conflitante8 Item_Conflitante9 Item_Conflitante10 Item_Conflitante11 Item_Conflitante12 Item_Conflitante13 Item_Conflitante14 Item_Conflitante15 Item_Conflitante16 Item_Conflitante17 Item_Conflitante18 Item_Conflitante19 Item_Conflitante20 Item_Conflitante21 Item_Conflitante22 Item_Conflitante23 Item_Conflitante24 Item_Conflitante25 Item_Conflitante26 Item_Conflitante27 Item_Conflitante28 Item_Conflitante29 Item_Conflitante30 Item_Conflitante31 Item_Conflitante32 Item_Conflitante33 Item_Conflitante34 Item_Conflitante35 Item_Conflitante36 Item_Conflitante37 Peso_Total Volume_Total
0 d 35 35 0 0 1000 0 0 0                                      1000 1000
1 c 40 60 85 187 427 10 21 13 2 4 7 9 13 16 17 25 28 32 33 34 42 44 49 54 59 63 66 72 74 77 82 84 85 87 91 93 95 98
2 c 31 52 85 94 334 10 27 19 3 4 5 7 15 24 26 27 30 37 38 39 41 43 44 45 54 56 57 58 61 62 68 70 76 79 86 90 93 96 99
3 c 53 52 85 24 264 10 11 3 4 5 6 8 10 12 13 15 21 22 24 26 27 30 37 38 40 44 46 47 50 51 53 54 55 59 63 70 79 80 81 82 86 88 91 93 99
4 c 67 5 85 228 468 10 25 22 18 19 23 25 28 32 37 41 46 48 52 53 54 55 59 60 64 66 67 69 71 72 76 84 85 86 87 94 95 96
5 c 14 37 85 53 293 10 11 4 7 14 15 20 22 23 25 26 33 34 38 42 45 47 50 54 59 61 62 64 66 67 68 75 79 90 96 99
6 c 2 60 85 41 281 10 5 11 13 20 22 24 26 28 33 39 40 42 46 48 53 56 58 60 65 68 70 74 75 81 86 91 96 97 99 100
7 c 15 47 85 106 346 10 16 20 8 10 11 13 14 16 17 18 21 25 26 28 29 30 33 34 35 36 39 42 43 47 50 51 53 57 58 62 68 72 75 76 77 89 94 100
8 c 5 5 85 234 474 10 16 23 10 11 12 15 16 21 22 23 24 26 27 28 31 32 33 35 37 38 40 43 44 48 50 51 52 53 57 67 71 73 74 77 81 82 84 87 93
9 c 60 12 85 33 273 10 31 35 12 13 18 20 22 30 34 36 39 42 46 48 49 51 53 55 62 63 80 81 84 85 89 92 96 97 98
10 c 24 12 85 25 265 10 5 1 15 17 23 24 26 27 31 34 40 44 47 49 51 57 59 61 64 65 67 72 73 74 76 78 83 84 88 94 97 99
11 c 11 14 85 167 407 10 18 27 12 17 19 20 21 31 32 37 42 53 62 71 75 80 81 82 85 86 89 90 95 97 99
12 c 6 38 85 29 269 10 16 11 13 15 17 20 22 26 28 31 34 35 36 37 41 42 44 49 50 55 58 62 64 67 69 74 76 77 80 81 84 86 93 94 96
13 c 8 56 85 48 288 10 27 31 18 28 31 34 35 45 47 50 53 56 57 59 60 64 65 68 71 73 74 75 77 79 82 85 90 91 97 98 100
14 c 27 43 85 117 357 10 9 12 22 26 30 31 32 40 42 44 49 70 72 75 81 83 84 86 87 88 90 97 98 99
15 c 49 42 85 212 452 10 13 20 17 18 19 22 26 29 30 32 33 36 39 42 43 44 47 51 52 53 62 64 65 66 70 75 76 78 83 84 87 89 91 94 95 96 99 100
16 c 49 11 85 171 411 10 18 11 18 21 22 23 27 28 29 32 37 38 40 45 48 50 55 56 57 62 67 76 79 84 86 91 94 98 99
17 c 44 17 85 234 474 10 9 5 20 24 25 26 30 31 33 35 47 50 51 55 58 60 61 68 71 75 77 78 84 90 94 95 97 98
18 c 21 24 85 17 257 10 28 18 20 23 26 34 46 48 49 54 56 66 69 77 80 83 84 86 87 95 96 97 98 100
19 c 47 16 85 22 262 10 25 22 20 26 33 34 36 40 42 45 48 52 59 66 73 74 77 80 81 85 86 88 89 91 95 96 97 100
20 c 12 24 85 214 454 10 13 12 21 22 23 24 28 32 33 34 36 39 52 54 65 68 69 70 71 74 76 78 81 82 87 89 92 99
21 c 24 58 85 113 353 10 19 15 32 36 40 42 43 45 47 53 54 59 60 67 69 75 76 78 81 85 88 91 94 99 100
22 c 27 69 85 34 274 10 10 16 23 24 28 31 32 34 46 48 54 58 62 66 68 69 70 72 78 86 93 94 97 99
23 c 15 77 85 154 394 10 9 18 24 27 31 36 39 40 43 50 51 55 60 61 64 65 67 69 70 71 76 80 82 83 88 89 90 92 93 100
24 c 62 77 85 49 289 10 20 19 25 27 29 33 35 38 44 48 50 53 55 60 61 62 63 66 67 68 69 70 72 73 76 79 82 83 85 87 88 92 98
25 c 57 68 85 198 438 10 15 14 26 27 32 34 35 36 40 41 42 44 45 49 53 61 63 67 70 78 79 86 87 90 92 93 99 100
26 c 64 42 85 132 372 10 9 7 28 29 32 34 36 39 45 46 49 51 53 60 66 68 70 73 75 78 79 80 81 82 85 88 89 90 91 92 96 97
27 c 41 37 85 65 305 10 16 17 39 41 43 44 50 51 56 66 71 75 76 77 80 81 85 88 90 91 94 98
28 c 37 47 85 108 348 10 6 4 32 33 38 48 58 61 64 65 67 68 69 70 71 73 77 78 92 93 97 99
29 c 20 50 85 251 491 10 5 4 30 31 38 40 48 49 56 61 62 64 66 67 74 75 77 80 82 83 86 98
30 c 19 21 85 125 365 10 10 1 35 37 40 44 46 51 52 53 54 56 59 66 67 70 71 74 76 77 79 80 86 92 96
31 c 35 17 85 93 333 10 7 1 32 35 43 45 46 47 48 50 52 54 55 57 63 68 70 72 75 79 80 84 85 86 89 93 96 99
32 c 25 24 85 42 282 10 20 10 38 40 41 46 52 58 62 67 73 75 76 79 83 84 87 93 98
33 c 55 5 85 146 386 10 29 39 36 41 46 47 48 51 55 57 64 65 67 70 72 77 82 84 87 92 95 97
34 c 15 30 85 20 260 10 26 30 41 44 48 50 53 57 58 62 75 79 94 96
35 c 45 20 85 153 393 10 11 2 36 39 41 44 46 49 53 57 58 60 63 64 66 67 69 83 92 94 98 100
36 c 26 52 85 214 454 10 9 5 37 40 44 46 49 52 54 56 66 68 71 72 73 82 83 84 85 91 94 96 97
37 c 15 60 85 204 444 10 17 9 38 40 41 43 45 47 49 53 56 57 58 63 70 72 74 79 81 86 94 97 100
38 c 22 22 85 18 258 10 2 2 40 41 42 45 46 51 54 59 62 67 71 82 86 90 93 94 95 96
39 c 35 40 85 60 300 10 16 20 41 44 52 54 55 58 60 78 82 84 85 92 93 96 98
40 c 15 10 85 32 272 10 20 19 43 47 51 52 57 59 65 66 76 78 85 91 93 94 99 100
41 c 20 65 85 146 386 10 12 5 44 46 55 67 68 70 71 72 77 81 82 84 87 91 93 94 95 98
42 c 10 20 85 203 443 10 19 16 47 55 56 63 70 73 79 80 83 89 91 95 100
43 c 50 35 85 167 407 10 19 12 47 53 56 66 67 68 71 72 76 80 82 86 87 88 94 97 99
44 c 30 5 85 118 358 10 8 4 51 55 66 70 71 72 75 76 77 78 79 80 81 89 90 93 97 100
45 c 20 26 85 263 503 10 9 1 48 54 57 59 65 69 70 75 77 79 80 81 86 87 90 93 96 98 99 100
46 c 40 25 85 279 519 10 9 5 49 53 62 64 67 71 72 76 77 78 88 92 93 95 99
47 c 49 58 85 281 521 10 10 20 49 50 54 58 60 61 62 63 64 69 70 72 77 81 84 92 97
48 c 20 40 85 286 526 10 12 6 57 60 61 63 64 65 68 76 80 82 83 84 85 86 89 91 93 96 98 99
49 c 16 22 85 299 539 10 41 50 51 53 57 58 64 66 70 73 74 79 81 85 91 92
50 c 57 48 85 307 547 10 23 32 53 54 58 60 61 62 64 67 71 73 75 80 81 88 90 91 93 96 97 98 99 100
51 c 4 18 85 307 547 10 35 25 53 54 56 57 62 63 64 66 67 68 69 70 72 76 82 84 85 88 90 94 97 98 100
52 c 55 54 85 314 554 10 26 30 53 61 65 69 70 71 75 76 88 91 93 98 100
53 c 28 18 85 314 554 10 26 16 59 62 66 67 71 75 76 79 85 90 98 100
54 c 31 67 85 320 560 10 3 10 55 59 68 74 75 76 78 79 82 83 86 89 90 92 93 98 99
55 c 61 52 85 322 562 10 3 1 59 64 67 71 75 76 78 86 92 94 96 98
56 c 10 43 85 323 563 10 9 14 58 59 68 70 73 74 78 80 82 86 87 88 89 92
57 c 55 60 85 329 569 10 16 11 59 60 61 62 68 70 72 80 82 84 88 91 94 95 97 99
58 c 37 31 85 332 572 10 14 21 64 66 70 71 74 75 76 77 79 81 85 91 95
59 c 45 10 85 332 572 10 18 8 64 65 67 69 70 71 74 75 78 80 81 85 87 91 93 94 95 98
60 c 42 7 85 334 574 10 5 2 62 73 84 86 92 98 99 100
61 c 25 30 85 345 585 10 3 1 62 64 67 69 80 82 88 89 90 93 94 97
62 c 26 27 248 350 590 10 27 19 63 64 67 78 83 85 86 92 98
63 c 11 31 248 354 594 10 7 1 64 65 67 76 78 80 84 88 89 91 92 95
64 c 32 12 248 356 596 10 7 1 65 68 69 73 78 79 80 83 84 86 87 89 90
65 c 6 68 248 401 641 10 30 30 72 74 75 77 79 84 85 88 96
66 c 55 45 248 436 676 10 13 21 74 79 81 83 84 90 94 95
67 c 2 48 248 452 692 10 1 1 69 70 73 77 80 91 92 93 97 100
68 c 65 55 248 452 692 10 14 20 75 77 79 81 84 88 92 94
69 c 47 47 248 475 715 10 13 20 72 73 75 77 80 89 92 98
70 c 30 60 248 485 725 10 16 14 71 74 78 79 80 81 83 84 91 92 94 95 97 100
71 c 45 65 248 504 744 10 9 5 73 77 78 79 82 83 84 86 92
72 c 45 30 248 508 748 10 17 19 74 75 79 83 92 96 97
73 c 53 12 339 519 759 10 6 1 75 77 82 84 86 87 89 92 93 97 98
74 c 25 21 339 523 763 10 12 19 75 77 82 84 85 86 88 92 95 98 99 100
75 c 49 73 339 523 763 10 25 23 80 82 83 85 86 89 93 94 95 96 98 99
76 c 22 27 339 529 769 10 11 12 77 82 85 89 91 92 93 95 96 100
77 c 20 20 339 530 770 10 8 6 79 81 83 85 88 89 91 93 96
78 c 23 3 339 543 783 10 7 14 79 84 86 88 90 99
79 c 63 23 339 560 800 10 2 4 80 81 83 87 90 92 94 95 99 100
80 c 57 29 339 568 808 10 18 20 81 82 84 90 91 92
81 c 56 39 339 575 815 10 36 42 85 90 92 95 97
82 c 35 69 339 599 839 10 23 29 83 85 88 89 94 95 98 99
83 c 55 20 398 620 860 10 19 26 87 95 98 99 100
84 c 46 13 398 622 862 10 8 12 91 97
85 c 63 65 398 630 870 10 8 6 88 91 94 98 99 100
86 c 30 25 398 639 879 10 23 15 95 97 99
87 c 65 35 398 656 896 10 3 1 90 91 92 96 98
88 c 41 49 398 658 898 10 10 15 92 93 94 97 99 100
89 c 17 34 423 672 912 10 3 11 92 93 99
90 c 5 30 423 682 922 10 2 4 94 97 100
91 c 15 19 423 683 923 10 1 1 97 99
92 c 65 20 458 716 956 10 6 15 96 97
93 c 26 35 458 718 958 10 15 11 94 95 96 97
94 c 13 52 465 720 960 10 36 42 97 100
95 c 18 18 465 725 965 10 17 7 99 100
96 c 56 37 468 728 968 10 6 12
97 c 37 56 468 728 968 10 5 1 98 100
98 c 18 24 469 729 969 10 22 22
99 c 53 43 470 730 970 10 14 8
100 c 36 26 480 740 980 10 18 15

