StringID Type x y release ReadyTime DueDate ServiceTime weight volume Item_Conflitante1 Item_Conflitante2 Item_Conflitante3 Item_Conflitante4 Item_Conflitante5 Item_Conflitante6 Item_Conflitante7 Item_Conflitante8 Item_Conflitante9 Item_Conflitante10 Item_Conflitante11 Item_Conflitante12 Item_Conflitante13 Item_Conflitante14 Item_Conflitante15 Item_Conflitante16 Item_Conflitante17 Item_Conflitante18 Item_Conflitante19 Item_Conflitante20 Item_Conflitante21 Item_Conflitante22 Item_Conflitante23 Item_Conflitante24 Item_Conflitante25 Item_Conflitante26 Item_Conflitante27 Item_Conflitante28 Item_Conflitante29 Item_Conflitante30 Item_Conflitante31 Item_Conflitante32 Item_Conflitante33 Item_Conflitante34 Item_Conflitante35 Item_Conflitante36 Item_Conflitante37 Item_Conflitante38 Item_Conflitante39 Peso_Total Volume_Total
0 d 35 35 0 0 1000 0 0 0                                        1000 1000
1 c 41 37 96 65 305 10 16 16 3 4 7 8 11 12 15 18 26 32 34 35 37 40 41 43 45 47 48 52 60 70 72 73 78 82 83 93 94 97 98 100
2 c 64 42 96 132 372 10 9 11 3 4 11 13 16 17 24 30 31 34 37 41 42 52 53 54 55 58 59 60 62 67 75 77 78 79 89 99 100
3 c 40 60 96 187 427 10 21 12 17 21 22 23 24 32 35 41 45 47 48 50 52 54 55 58 59 62 63 67 69 72 78 79 85 87
4 c 53 52 96 24 264 10 11 14 5 10 12 14 16 18 31 33 34 36 38 41 53 56 57 61 62 66 73 75 77 84 85 86 88 89 92 99
5 c 5 5 96 234 474 10 16 24 6 11 17 25 27 34 36 37 39 41 42 52 55 61 62 68 70 71 72 73 74 77 78 79 86 88 93 95 96 99
6 c 60 12 96 33 273 10 31 36 8 16 19 20 22 26 27 28 29 31 33 40 41 42 43 44 56 59 61 62 63 68 69 70 79 82 85 91
7 c 24 12 96 25 265 10 5 11 8 11 12 15 17 20 21 28 31 37 39 42 45 46 50 53 54 59 64 69 70 75 77 78 82 83 84 87 90 91 92 93 99 100
8 c 11 14 96 167 407 10 18 10 12 17 18 22 32 33 36 38 42 44 46 49 51 53 60 61 64 68 71 74 75 76 77 81 86 87 88 90 98 100
9 c 6 38 96 29 269 10 16 7 11 14 15 18 19 22 24 25 30 31 33 35 36 37 43 48 49 50 55 60 64 65 73 74 75 83 85 89 90 94 96
10 c 8 56 96 48 288 10 27 21 15 17 20 22 24 32 33 34 36 44 45 46 49 51 53 54 55 59 61 64 68 70 71 72 75 84 85 87 88 98
11 c 49 42 96 212 452 10 13 20 19 22 24 27 31 32 35 39 40 42 44 45 47 52 54 56 57 63 66 67 69 71 73 76 77 78 79 80 81 86 87 88 93 94 96
12 c 12 24 96 214 454 10 13 16 17 27 32 38 40 41 43 44 48 52 56 59 60 63 67 68 72 74 76 80 81 82 87 88 90 92 93 94
13 c 24 58 96 113 353 10 19 26 14 15 17 20 21 22 24 25 27 28 31 33 34 39 43 44 48 49 52 53 55 56 61 62 63 64 66 70 71 73 74 84 88 89 90 94 96 97 98
14 c 27 69 96 34 274 10 10 12 15 17 22 28 36 39 40 44 50 66 68 70 71 73 75 79 80 81 85 93 94 95 99
15 c 15 77 96 154 394 10 9 16 17 20 21 25 26 32 35 41 42 43 46 49 50 52 61 62 66 67 71 73 74 75 82 83 86 90 92 94 97 99 100
16 c 62 77 96 49 289 10 20 18 17 20 23 24 25 27 36 41 44 45 48 50 52 57 58 62 64 65 68 69 71 72 73 75 77 81 84 87 88 90 91 96 97 100
17 c 67 5 96 228 468 10 25 33 23 26 27 30 39 40 47 55 59 64 68 72 76 82 84 85 88 93 99
18 c 37 47 96 108 348 10 6 1 19 39 40 41 42 43 48 53 58 63 74 75 78 80 87 89 90 92 95 97
19 c 57 68 96 198 438 10 15 11 20 21 23 24 26 28 30 31 34 35 36 37 38 41 46 47 50 51 57 58 62 67 68 69 72 73 81 82 94 97 98
20 c 35 40 96 60 300 10 16 12 25 28 29 32 36 40 46 48 49 51 52 53 55 58 60 61 63 65 68 70 74 76 78 81 82 83 85 87 89 90 93 94 95 98
21 c 55 5 96 146 386 10 29 28 23 24 27 28 30 47 48 50 52 53 59 60 71 72 75 79 81 94 95
22 c 2 60 96 41 281 10 5 7 24 25 27 28 29 30 31 32 36 37 38 46 53 54 61 63 65 66 68 70 71 72 73 74 77 78 79 80 83 86 90 91 93 99 100
23 c 44 17 96 234 474 10 9 8 24 25 27 28 30 31 32 36 37 38 39 40 41 42 43 45 51 52 56 58 60 64 66 67 73 85 86 96 99
24 c 22 22 96 18 258 10 2 8 25 29 33 34 37 43 52 53 55 62 63 67 69 70 71 74 80 81 82 83 84 85 86 87 91 93 96 97 100
25 c 15 60 96 204 444 10 17 7 29 30 31 32 41 44 48 49 52 53 60 61 69 72 73 74 78 81 84 89 92 94 96 97 98 100
26 c 20 65 96 146 386 10 12 20 32 34 35 38 39 41 42 43 44 45 48 50 51 63 69 71 91 94 97
27 c 26 52 96 214 454 10 9 7 37 38 41 46 54 55 57 59 60 64 65 66 73 87 89 93 96 98 99
28 c 10 20 96 203 443 10 19 15 29 30 37 43 45 52 57 58 59 63 68 70 75 76 81 83 85 92 94 96 100
29 c 15 10 96 32 272 10 20 27 31 34 42 45 48 50 51 52 53 56 59 62 63 69 75 83 89 90 93 94 98
30 c 30 5 96 118 358 10 8 14 31 42 50 51 52 55 60 70 73 74 78 79 80 84 86 94 96 98
31 c 20 26 96 263 503 10 9 16 32 34 36 37 40 41 46 53 54 59 60 65 71 73 76 81 84 88 89 91 93 94 96
32 c 40 25 96 279 519 10 9 4 35 37 39 41 46 51 52 55 58 67 69 73 75 79 81 84 87 88 89 93 98 99 100
33 c 49 58 96 281 521 10 10 7 38 41 43 44 45 49 51 52 56 57 60 62 64 65 66 67 74 75 78 80 84 85 93 96 99
34 c 20 40 96 286 526 10 12 4 38 41 44 47 50 52 56 57 61 63 64 65 66 73 78 79 82 83 88 90 92 93 94 97 98 100
35 c 57 48 96 307 547 10 23 19 41 43 45 48 49 50 59 63 66 79 80 88 89 91 93 96 97 99 100
36 c 4 18 96 307 547 10 35 40 38 42 43 45 46 53 64 66 71 73 74 88 90 97
37 c 28 18 96 314 554 10 26 21 39 41 42 46 47 51 53 56 59 61 63 64 65 66 67 73 78 84 88 90 92 96 100
38 c 55 54 96 314 554 10 26 17 39 40 42 44 47 50 51 52 56 59 60 70 71 74 75 77 84 85 90 92 93 98
39 c 31 67 96 320 560 10 3 5 40 42 43 45 46 47 49 54 60 62 66 71 73 75 79 80 89 90 94 99 100
40 c 61 52 96 322 562 10 3 2 42 53 55 57 63 64 67 68 69 70 74 75 81 93 94 95 98 100
41 c 10 43 96 323 563 10 9 1 46 51 52 59 61 67 69 74 75 76 79 89 90 92 93 94 96 100
42 c 55 60 96 329 569 10 16 10 43 44 48 49 50 51 53 56 57 62 67 68 71 72 74 76 90 94 97 98 99
43 c 37 31 96 332 572 10 14 7 44 45 46 52 53 63 67 70 71 74 77 78 80 84 86 87 88 89 92 93
44 c 45 10 96 332 572 10 18 9 47 52 66 71 74 79 82 84 85 90 97
45 c 42 7 96 334 574 10 5 13 48 52 55 56 58 61 63 65 70 78 80 85 99
46 c 25 30 96 345 585 10 3 6 47 48 49 54 60 61 65 66 69 70 72 73 75 77 80 81 83 88 89 91 94 95 96 97
47 c 11 31 96 354 594 10 7 12 48 52 54 57 59 60 62 66 67 71 78 80 81 86 88 91 92 93 95 98
48 c 32 12 96 356 596 10 7 2 59 60 62 66 68 73 74 77 78 82 83 86 88 93 94 99 100
49 c 6 68 263 401 641 10 30 26 53 56 62 63 68 72 77 79 80 81 86 88 90 91 92 94 97 98 99
50 c 2 48 263 452 692 10 1 9 51 58 64 72 78 81 84 86 93 97 100
51 c 30 60 263 485 725 10 16 20 52 59 60 66 68 71 73 75 79 83 84 85 88 89 95 100
52 c 45 65 263 504 744 10 9 2 53 55 59 68 72 74 75 76 83 87 88 89 90 92 93 96 98 99
53 c 53 12 263 519 759 10 6 8 55 58 59 64 69 70 71 78 87 88 89 97
54 c 49 73 263 523 763 10 25 22 55 57 65 67 69 72 73 74 77 79 80 83 85 93 94
55 c 25 21 263 523 763 10 12 4 56 63 65 71 72 75 79 80 81 83 89 92 95 96 97 99
56 c 23 3 362 543 783 10 7 1 63 64 68 69 72 73 90 98 99
57 c 63 23 362 560 800 10 2 2 58 59 60 67 70 71 73 76 80 81 85 89 92 96 99 100
58 c 57 29 362 568 808 10 18 24 60 63 73 74 75 78 81 82 84 86 90 92 98
59 c 56 39 362 575 815 10 36 41 63 65 67 68 69 71 72 74 86 91 95 100
60 c 35 69 362 599 839 10 23 28 64 65 67 71 72 79 86 87 88 89 91 92 96 100
61 c 55 20 362 620 860 10 19 25 64 65 66 67 70 73 74 76 83 85 87 88 94 97 100
62 c 46 13 362 622 862 10 8 9 63 65 67 74 75 76 79 80 81 84 86 88 89 92 93 94 95 96 100
63 c 63 65 379 630 870 10 8 11 66 70 71 78 80 89 90 96
64 c 30 25 379 639 879 10 23 31 65 71 72 77 78 79 81 84 85 86 87 89 90 91 98 99
65 c 65 35 396 656 896 10 3 1 66 73 74 86 87 91 92 97 98 100
66 c 17 34 412 672 912 10 3 7 68 70 73 76 77 79 80 83 84 85 89 96 99
67 c 5 30 422 682 922 10 2 1 69 73 75 76 84 87 89 91
68 c 65 55 453 0 953 10 14 16 71 72 74 79 86 87 88 89 91 93 94 97 98 99
69 c 65 20 456 716 956 10 6 7 70 78 79 80 81 82 84 90 91 93 97 98
70 c 26 35 458 718 958 10 15 17 73 74 75 81 82 84 86 88 91 92 94 96 97 98
71 c 49 11 462 0 962 10 18 26 73 74 80 81 83 84 85 86 87 93
72 c 13 52 462 0 962 10 36 33 75 76 78 82 84 95 97 99 100
73 c 15 19 464 0 964 10 1 3 74 75 78 80 81 89 90 92 93 97 98
74 c 18 18 465 725 965 10 17 26 77 81 82 83 86 87 88 93 94 95 98 99 100
75 c 15 47 466 0 966 10 16 9 77 81 82 87 88 90 91 95 100
76 c 16 22 466 0 966 10 41 36 79 81 82 83 84 90 96 97 100
77 c 55 45 467 0 967 10 13 22 80 83 87 91 94 96 98
78 c 47 16 467 0 967 10 25 35 79 82 83 86 88 94 97 100
79 c 37 56 468 728 968 10 5 6 81 85 93 99
80 c 19 21 468 0 968 10 10 2 81 82 83 84 88 89 95 98
81 c 56 37 468 728 968 10 6 1 83 84 86 92 96 98
82 c 20 20 468 0 968 10 8 11 84 87 92 97 98 99 100
83 c 14 37 468 0 968 10 11 19 84 86 92 94 95 96 97 98 100
84 c 20 50 468 0 968 10 5 10 89 91 92 97 98
85 c 18 24 469 729 969 10 22 13 88 89 92 96 100
86 c 15 30 469 0 969 10 26 30 89 90 91 97 100
87 c 53 43 470 730 970 10 14 7 91 92 93
88 c 45 20 471 0 971 10 11 21 94 99
89 c 31 52 472 0 972 10 27 37 91 93 97
90 c 35 17 472 0 972 10 7 4 92 93 94 95 97 98 100
91 c 21 24 472 0 972 10 28 32 92 97 98 100
92 c 47 47 473 0 973 10 13 14 99
93 c 22 27 474 0 974 10 11 17
94 c 41 49 474 0 974 10 10 2 95 100
95 c 25 24 475 0 975 10 20 20 98 99 100
96 c 50 35 475 0 975 10 19 10
97 c 26 27 477 0 977 10 27 25 100
98 c 45 30 478 0 978 10 17 25 100
99 c 27 43 478 0 978 10 9 15
100 c 36 26 480 740 980 10 18 27

