StringID Type x y release ReadyTime DueDate ServiceTime weight volume Item_Conflitante1 Item_Conflitante2 Item_Conflitante3 Item_Conflitante4 Item_Conflitante5 Item_Conflitante6 Item_Conflitante7 Item_Conflitante8 Item_Conflitante9 Item_Conflitante10 Item_Conflitante11 Item_Conflitante12 Item_Conflitante13 Item_Conflitante14 Item_Conflitante15 Item_Conflitante16 Item_Conflitante17 Item_Conflitante18 Item_Conflitante19 Item_Conflitante20 Item_Conflitante21 Item_Conflitante22 Item_Conflitante23 Item_Conflitante24 Item_Conflitante25 Item_Conflitante26 Item_Conflitante27 Item_Conflitante28 Item_Conflitante29 Item_Conflitante30 Item_Conflitante31 Item_Conflitante32 Item_Conflitante33 Item_Conflitante34 Item_Conflitante35 Item_Conflitante36 Peso_Total Volume_Total
0 d 40 50 0 0 960 0 0 0                                     1000 1000
1 c 38 5 35 201 321 10 30 40 3 4 5 7 13 18 27 28 30 31 36 40 42 48 49 51 53 55 56 59 67 69 70 71 74 75 76 77 81 83 88 90 91 93
2 c 55 82 35 217 337 10 10 4 3 6 12 15 17 21 23 25 26 28 29 36 43 47 48 53 55 57 62 63 64 67 69 72 73 75 76 83 85 86 87 91 92 93 97 99
3 c 2 40 35 174 294 10 20 16 6 9 11 13 16 18 21 24 25 36 41 43 48 50 55 57 64 71 73 77 78 80 84 88 92 94 96 98 99 100
4 c 60 12 35 268 388 10 31 25 5 12 13 14 15 23 24 29 31 34 36 38 44 49 51 54 62 64 67 72 79 83 87 89 92 93 95 98
5 c 26 35 35 308 428 10 15 12 9 10 11 17 18 23 31 38 40 41 43 44 45 48 52 56 57 61 62 68 69 75 78 82 84 87 91 93
6 c 8 40 35 195 315 10 40 44 9 14 20 22 23 26 28 29 30 31 36 42 44 45 48 49 50 55 56 57 58 61 63 64 72 73 75 77 83 88 89 90 92 93 94
7 c 62 80 35 278 398 10 30 24 9 11 18 19 20 24 26 28 30 32 33 34 38 41 44 45 47 48 54 56 59 67 70 72 74 75 78 79 81 83 91 94 96 97 98 100
8 c 12 24 35 359 479 10 13 5 12 13 17 39 40 49 51 55 62 63 64 67 68 74 76 82 90 94 97 100
9 c 31 52 35 157 277 10 27 32 15 23 24 26 28 30 35 40 41 43 44 52 56 62 66 67 69 70 72 73 75 79 80 89 91 93 96 97 99 100
10 c 53 43 35 14 134 10 14 20 21 22 23 25 26 28 33 35 37 46 49 55 56 58 60 63 64 67 68 71 78 80 81 83 89 93 96 99
11 c 64 42 35 268 388 10 9 16 15 16 18 20 23 28 29 30 33 40 41 44 45 51 52 59 60 66 68 71 74 79 83 86 88 89 90
12 c 65 35 35 167 287 10 3 5 15 16 21 22 23 25 28 33 41 43 45 47 52 54 55 57 61 64 66 67 69 72 74 75 83 84 86 87 88 89 90 92 96
13 c 6 68 35 352 472 10 30 32 14 16 18 21 23 25 27 28 31 33 34 38 40 41 43 47 48 49 55 61 62 66 71 72 78 82 87 88 91 92 97
14 c 15 80 35 367 487 10 10 19 17 21 25 29 30 32 33 38 41 44 45 47 48 50 52 55 64 68 72 77 81 83 86 87 90 91 93 97 100
15 c 10 35 35 371 491 10 20 30 16 19 23 24 29 33 36 41 47 48 50 52 53 56 57 61 62 69 70 72 74 82 83 84 86 88 93 95 98
16 c 20 50 35 375 495 10 5 8 18 20 24 25 26 28 31 37 38 42 44 51 53 54 60 61 65 70 72 73 79 86 87 89 95 96 97 99
17 c 57 29 35 395 515 10 18 25 20 27 31 36 40 41 44 45 46 47 49 51 56 57 60 65 66 67 69 71 73 79 84 89 92
18 c 30 60 293 599 719 10 16 26 24 25 28 29 32 38 40 42 50 54 56 57 59 62 68 76 81 88 90 92 94 97 98
19 c 20 80 293 644 764 10 40 46 20 21 22 24 26 29 31 36 37 38 46 49 50 60 62 65 69 71 84 85 86 89 91
20 c 20 20 293 645 765 10 8 11 29 30 31 32 33 37 41 45 50 51 55 62 67 71 72 75 80 81 82 83 88 89 93 99
21 c 5 35 293 653 773 10 10 15 30 31 32 33 37 40 46 48 55 57 61 63 67 71 76 79 80 81 86 93 94 100
22 c 23 3 404 764 884 10 7 5 28 30 33 35 40 43 58 60 62 63 65 74 76 83 89 90 95 97
23 c 95 30 411 0 891 10 30 35 25 38 39 42 45 48 51 52 56 58 59 60 61 65 68 70 71 85 88 89 96 99
24 c 5 5 412 0 892 10 16 10 38 42 46 52 53 55 56 64 71 73 75 77 81 84 85 93 94 97
25 c 95 35 412 0 892 10 20 16 29 30 32 33 39 53 55 58 62 65 75 79 87 88 91 92 93
26 c 92 30 414 0 894 10 10 12 27 38 43 54 56 59 63 64 66 70 71 76 78 79 82 85 86 91 95 97
27 c 90 35 417 0 897 10 10 1 33 37 38 40 46 48 49 50 57 59 62 63 69 74 78 81 89 92 94 96 100
28 c 67 5 417 0 897 10 25 23 29 30 34 38 39 40 42 44 50 53 55 57 60 66 67 71 72 77 84 86 87 88 94 95 97 99 100
29 c 88 30 418 0 898 10 10 19 34 40 42 43 44 45 49 50 51 56 57 61 62 63 85 88 93 94 95 96
30 c 87 30 418 0 898 10 10 4 35 39 42 43 47 49 50 53 54 55 57 67 69 73 85 87 88 91 92 94 96
31 c 85 25 418 0 898 10 10 14 34 37 38 39 41 43 46 47 48 49 53 54 55 57 58 60 63 69 71 79 87 88 89 90 96 98
32 c 88 35 419 0 899 10 20 16 40 41 42 44 45 46 50 51 54 58 59 61 64 67 69 70 72 74 75 76 77 79 89 95 97 99
33 c 4 18 421 0 901 10 35 29 36 44 47 52 56 57 60 62 67 69 70 72 78 80 82 84 86 89 90 93 95 96 100
34 c 15 10 422 782 902 10 20 22 35 40 43 46 54 55 57 59 63 64 68 71 75 79 81 85 86 89 93 94 95 97 99
35 c 85 35 422 0 902 10 30 34 36 39 40 43 46 50 56 57 63 69 71 80 84 86 87 90 94 96 99
36 c 42 5 424 0 904 10 10 20 41 44 47 51 59 60 65 67 68 69 71 76 77 79 82 83 84 85 91 92 95
37 c 35 5 424 784 904 10 20 11 41 57 60 69 70 74 75 86 88 89 90 95 97 99
38 c 44 5 424 0 904 10 20 21 40 42 45 49 50 51 57 58 61 62 67 68 74 75 78 83 84 85 91 92 94 96 98 99 100
39 c 40 5 425 0 905 10 10 7 48 50 52 53 55 57 60 62 65 74 76 78 82 87 89 91 96 99
40 c 67 85 425 0 905 10 20 14 42 46 48 50 51 59 60 64 67 74 80 83 88 92 99
41 c 65 85 426 0 906 10 40 39 44 45 46 47 48 59 63 70 72 75 83 87 91 92 95 99
42 c 10 20 427 0 907 10 19 27 48 50 51 53 54 68 70 71 72 76 80 82 86 91 92 95 99 100
43 c 0 40 428 0 908 10 20 28 45 46 48 50 53 56 57 68 69 80 83 84 87 93 97 98 100
44 c 60 85 429 0 909 10 30 35 45 48 54 56 68 70 73 74 75 76 79 86 87 90 92 93 99
45 c 65 82 429 0 909 10 10 10 48 53 55 57 61 67 68 69 70 73 76 77 78 82 85 88 90 92 96 100
46 c 20 85 429 0 909 10 20 14 50 53 57 60 63 64 65 67 68 80 83 90 95 100
47 c 42 10 429 0 909 10 40 49 49 51 56 58 63 64 67 68 71 86 88 90 93 96 99
48 c 0 45 429 0 909 10 20 30 50 59 63 67 69 71 73 81 93 94 97 99
49 c 65 20 430 0 910 10 6 1 51 53 56 61 62 63 75 78 80 83 86 87 92 94 96
50 c 22 85 430 0 910 10 10 19 52 53 57 59 62 63 64 65 69 70 73 81 87 89 93 95 100
51 c 2 60 430 0 910 10 5 7 53 54 55 58 61 63 68 69 71 72 75 80 83 85 88 93 98 100
52 c 42 12 431 0 911 10 10 2 55 56 57 59 61 62 64 66 70 75 85 86 88 97 98
53 c 2 45 432 0 911 10 10 2 56 57 58 61 62 68 70 76 81 84 85 87 88 94 95 96 97 100
54 c 25 85 432 0 911 10 20 10 56 60 64 65 71 74 75 76 82 84 91 96 98
55 c 55 85 432 0 911 10 20 10 57 67 70 71 72 74 83 86 91 98 99 100
56 c 18 80 432 0 912 10 10 2 58 60 64 65 67 70 76 81 82 86 88 92 98
57 c 20 82 432 0 912 10 10 2 59 60 61 64 66 69 70 71 73 75 82 84 85 86 88 91 94 100
58 c 60 80 433 0 913 10 10 4 60 62 64 69 70 75 76 80 83 87 94 96 99
59 c 63 23 434 0 914 10 2 9 61 62 66 70 71 72 78 89 90 98 100
60 c 72 35 434 0 914 10 30 28 61 66 68 69 70 71 74 78 88 89 90 93 99
61 c 5 45 434 0 914 10 10 1 63 65 70 75 81 86 89 90 91 95 96 97 98
62 c 42 15 434 0 914 10 10 6 64 68 69 72 74 77 78 80 83 88 89 91 94 96 100
63 c 38 15 434 0 914 10 10 13 68 69 70 73 74 77 80 81 92 96 97 98
64 c 15 75 436 0 914 10 20 20 67 68 70 71 76 82 89 98 99
65 c 40 15 436 0 915 10 40 38 67 68 82 87 89 95 100
66 c 18 75 436 0 916 10 20 21 69 70 77 81 83 85 88 92 94
67 c 55 80 436 0 916 10 10 6 81 83 84 85 89 91 92 97 99
68 c 55 20 437 0 916 10 19 14 74 75 77 79 81 83 86 88 94 96 100
69 c 21 24 437 0 917 10 28 31 76 77 80 84 90 92 97 98
70 c 8 45 437 0 917 10 20 12 71 77 79 80 85 88 94
71 c 8 56 437 0 917 10 27 28 72 75 76 82 86 87 94 95 96
72 c 10 40 438 0 918 10 30 23 75 80 82 84 86 88 90 95 96 99 100
73 c 58 75 439 0 919 10 20 23 74 77 80 82 83 86 89 91 97 99 100
74 c 22 75 439 0 919 10 30 34 77 80 87 93 94
75 c 63 65 442 0 922 10 8 8 76 79 82 83 85 89 92 94 96
76 c 30 25 443 0 923 10 23 29 79 80 83 84 85 86 87 88 92 94 100
77 c 15 60 443 0 923 10 17 10 85 86 91 93 94 98 99
78 c 65 55 444 0 924 10 14 4 80 82 84 90 91 95 97 99
79 c 25 30 445 0 925 10 3 1 85 86 92 97 99
80 c 61 52 449 0 928 10 3 1 82 83 86 88 89 94 96 99
81 c 56 37 449 0 929 10 6 9 88 92 93 95 98
82 c 45 30 449 0 929 10 17 26 86 87 90 92 94 95
83 c 37 31 450 0 930 10 14 10 90 92 94 97
84 c 35 69 450 0 930 10 23 19 87 88 91 92 94 98
85 c 31 67 450 810 930 10 3 1 86 87 91 93 96 98 100
86 c 55 60 451 0 931 10 16 11 89 92 93 94
87 c 50 35 451 0 931 10 19 23 91 92 93 95 98 99
88 c 57 48 452 0 932 10 23 29 91 92 93 100
89 c 24 58 452 0 932 10 19 9 90
90 c 55 54 454 0 934 10 26 26 93 98
91 c 45 65 454 0 934 10 9 18 92 93 94 96 98 100
92 c 27 43 455 0 935 10 9 8 93 100
93 c 26 52 455 0 935 10 9 8 97 98
94 c 41 37 456 0 936 10 16 10 100
95 c 49 58 457 0 937 10 10 14 98
96 c 49 42 457 0 937 10 13 4
97 c 35 40 458 0 938 10 16 7
98 c 40 60 460 0 940 10 21 20
99 c 47 47 462 0 942 10 13 8
100 c 37 47 465 0 945 10 6 1

