StringID Type x y release ReadyTime DueDate ServiceTime weight volume Item_Conflitante1 Item_Conflitante2 Item_Conflitante3 Item_Conflitante4 Item_Conflitante5 Item_Conflitante6 Item_Conflitante7 Item_Conflitante8 Item_Conflitante9 Item_Conflitante10 Item_Conflitante11 Item_Conflitante12 Item_Conflitante13 Item_Conflitante14 Item_Conflitante15 Item_Conflitante16 Item_Conflitante17 Item_Conflitante18 Item_Conflitante19 Item_Conflitante20 Item_Conflitante21 Item_Conflitante22 Item_Conflitante23 Item_Conflitante24 Item_Conflitante25 Item_Conflitante26 Item_Conflitante27 Item_Conflitante28 Item_Conflitante29 Item_Conflitante30 Item_Conflitante31 Item_Conflitante32 Item_Conflitante33 Item_Conflitante34 Item_Conflitante35 Item_Conflitante36 Item_Conflitante37 Item_Conflitante38 Item_Conflitante39 Peso_Total Volume_Total
0 d 35 35 0 0 1000 0 0 0                                        1000 1000
1 c 37 31 11 414 489 10 14 12 5 7 9 12 15 18 27 28 31 40 44 51 52 53 56 60 68 71 74 77 85 87 95 98 99
2 c 20 26 11 333 432 10 9 1 5 7 8 10 12 13 16 17 18 20 23 26 27 33 35 36 38 40 42 44 46 48 51 54 58 61 62 64 65 70 78 80 87 88 89 90 94 96 99
3 c 11 14 11 233 340 10 18 25 10 11 13 16 18 20 23 24 27 29 30 31 34 36 40 42 44 46 50 53 55 56 59 61 64 68 75 76 77 79 85 90 91 100
4 c 67 5 11 294 401 10 25 18 6 15 26 27 29 31 39 45 50 51 58 59 61 63 65 66 67 69 75 76 77 79 81 83 86 88 90 93
5 c 5 5 11 302 405 10 16 17 8 9 11 15 18 20 32 34 39 40 44 45 46 48 50 57 62 64 69 73 77 78 90 92 93 94 97
6 c 37 47 11 162 293 10 6 10 9 12 16 18 19 20 21 33 37 41 45 49 55 61 64 65 72 77 81 83 87 89 90 94 96 99 100
7 c 24 58 11 163 302 10 19 17 15 22 26 27 39 40 44 48 52 57 66 71 74 77 78 79 81 84 88 91 92 100
8 c 55 5 11 206 325 10 29 22 12 15 17 19 20 27 34 37 39 41 43 46 50 51 54 57 59 61 62 63 65 68 70 71 77 80 81 88 89 90 91 92 96 98 99
9 c 57 48 11 388 465 10 23 22 13 15 16 24 28 30 32 33 35 37 39 42 46 47 48 49 51 57 63 66 68 70 76 77 81 83 87 88 93 95 97 98
10 c 30 5 11 175 300 10 8 2 22 24 25 28 33 37 38 41 49 51 54 55 56 57 59 60 62 67 69 83 86 97 100
11 c 49 42 11 290 373 10 13 5 14 15 16 17 22 26 29 34 39 40 49 50 54 56 57 61 64 65 66 67 71 73 75 76 78 80 82 83 88 94 96 99 100
12 c 22 22 11 18 181 10 2 5 15 16 18 29 30 31 33 36 44 47 61 65 66 68 71 78 80 84 91 92 94 95 98 99
13 c 55 60 11 400 497 10 16 18 14 17 18 19 22 24 25 28 29 30 31 33 36 45 49 50 52 53 54 55 61 62 64 73 75 76 81 82 86 90 92 96 99
14 c 28 18 11 420 447 10 26 16 15 19 21 28 33 38 43 51 65 70 78 81 83 85 87 90 93 96 97 99
15 c 10 43 11 404 481 10 9 14 17 18 33 36 37 38 39 40 42 44 46 47 49 54 55 60 68 71 73 75 76 84 93 94 95 100
16 c 20 65 11 206 325 10 12 20 18 24 27 32 36 44 47 49 54 56 65 69 70 71 75 79 84 86 88 89 93 95 96 98 99
17 c 11 31 11 436 511 10 7 1 19 21 22 25 26 27 28 31 32 34 36 37 39 40 41 54 55 57 63 70 71 72 77 88 90 92 97
18 c 63 23 327 620 739 10 2 9 28 31 40 41 43 44 46 48 55 57 63 64 68 70 71 75 78 79 83 85 86 87 90 98
19 c 55 20 327 678 801 10 19 21 22 23 28 29 40 46 47 52 55 56 64 67 69 71 72 73 74 76 78 80 83 84 86 87 89 90 96
20 c 46 13 327 681 802 10 8 13 22 28 31 36 39 41 42 56 58 61 66 67 69 72 76 87 90 93 100
21 c 30 25 327 690 827 10 23 20 22 23 28 31 37 51 52 58 59 70 73 74 84 85 87 88 89 91 96 97 98
22 c 62 77 440 0 940 10 20 26 25 26 27 28 29 34 38 41 43 44 46 49 51 54 56 59 62 67 68 71 74 80 87 88 93 95 99
23 c 15 77 443 0 943 10 9 1 24 26 27 28 36 37 39 40 43 45 46 49 54 61 64 65 67 80 81 92 93 98
24 c 6 68 446 0 946 10 30 32 25 26 31 32 39 46 49 52 53 61 62 63 64 68 73 76 86 87 91 92 93 94 98 99 100
25 c 2 60 448 0 948 10 5 1 27 32 33 34 37 38 39 42 44 47 48 50 54 55 56 60 67 68 70 71 80 81 84 87 90 91 92 94 95 100
26 c 63 65 450 0 948 10 8 11 33 35 36 38 39 41 46 55 56 57 58 59 60 61 68 69 72 73 74 77 78 79 86 88 89 90 93 99
27 c 49 73 450 0 949 10 25 34 35 37 42 43 50 51 55 56 58 60 61 62 63 68 74 78 79 82 85 89 90 92 98 99 100
28 c 57 68 450 0 950 10 15 7 31 32 34 38 42 45 47 49 53 56 60 61 66 67 72 75 76 81 85 88 89 91 95 98 99
29 c 53 43 452 817 952 10 14 11 30 31 34 35 37 38 42 45 46 48 54 56 61 64 68 69 70 73 77 81 82 83 85 88 94 95 96 97
30 c 65 55 453 0 953 10 14 5 31 33 35 40 41 51 54 67 68 69 71 74 76 84 87 90 95 96
31 c 4 18 454 0 954 10 35 39 34 36 38 44 46 47 48 49 50 52 54 56 58 59 67 68 70 71 72 76 79 81 82 84 86 88 89 91 95 97
32 c 2 48 454 0 954 10 1 1 35 36 39 41 49 50 52 55 57 58 59 60 61 62 65 66 68 69 70 74 76 77 78 82 83 87 89 93
33 c 8 56 455 0 955 10 27 26 40 43 44 51 52 56 57 62 70 73 75 78 80 81 83 85 86 89 90 91 96 97 99
34 c 27 69 455 0 955 10 10 19 35 43 45 50 52 55 56 57 59 65 68 69 71 75 78 83 91 95 98
35 c 23 3 455 0 955 10 7 1 38 52 54 55 69 70 71 75 80 81 82 85 89 94 95 98
36 c 65 20 456 817 956 10 6 7 37 40 41 43 47 48 49 54 61 62 63 68 70 74 75 78 84 93 96 99
37 c 60 12 456 0 956 10 31 22 38 52 54 55 57 58 59 61 63 66 78 81 88 89 94 96 97 99 100
38 c 35 69 456 0 956 10 23 15 40 43 45 46 47 50 52 53 54 55 58 60 61 67 69 70 71 73 74 79 80 81 83 84 89 92 97
39 c 15 10 457 0 957 10 20 12 43 46 47 48 49 54 56 58 60 61 67 68 72 74 76 84 89 91 95 97
40 c 15 60 457 0 957 10 17 8 42 44 47 50 55 57 60 61 63 65 67 72 75 78 79 82 86 90 91 93 94 98
41 c 31 67 457 0 957 10 3 11 42 43 44 45 47 48 49 60 64 65 69 83 85 92 96 99
42 c 61 52 458 0 958 10 3 2 43 44 47 53 64 66 68 69 75 80 81 83 84 85 89 90 95 97
43 c 45 65 458 0 958 10 9 10 44 51 52 56 57 58 59 60 61 63 64 67 73 78 82 84 85 88 91 92 93
44 c 5 30 459 0 959 10 2 1 47 60 61 63 70 71 73 74 80 86 89 91 93 96 98 99
45 c 10 20 460 0 960 10 19 11 46 49 52 63 64 65 66 67 70 71 72 73 76 79 80 85 86 87 89 92
46 c 64 42 460 0 960 10 9 16 50 55 60 64 65 66 67 69 72 73 74 76 78 81 82 84 86 87 88 93 94 97 98 100
47 c 53 12 460 0 960 10 6 11 48 49 57 59 61 67 69 74 80 81 83 84 88 91 95 96 98 99
48 c 65 35 460 0 960 10 3 12 62 64 70 72 74 75 80 82 89 93 95
49 c 6 38 460 0 960 10 16 17 51 54 57 60 67 68 69 73 74 75 81 83 85 86 89 95 97 100
50 c 42 7 461 0 961 10 5 5 54 55 58 61 64 69 71 72 74 75 88 92 93 95 97 100
51 c 13 52 462 0 962 10 36 31 53 54 55 63 64 65 66 68 70 74 77 78 79 80 84 86 89 95 98
52 c 49 11 462 0 962 10 18 28 54 55 60 64 65 66 72 76 79 80 82 83 85 88 94 97 99
53 c 55 54 462 0 962 10 26 27 56 64 68 69 70 71 72 73 82 85 86 87 89 95 96 97 98 99
54 c 49 58 463 0 963 10 10 16 62 65 66 73 76 78 80 86 87 94 96 97 98
55 c 45 10 463 0 963 10 18 15 57 61 66 67 69 70 71 72 74 80 83 84 86 95 96 100
56 c 40 60 464 0 964 10 21 21 57 68 73 75 76 81 84 87 92 93 95 97
57 c 30 60 464 0 964 10 16 25 69 70 73 77 78 82 90 93 95
58 c 15 19 464 0 964 10 1 1 59 60 62 64 66 67 68 70 80 85 86 89 90 92 95 96 98
59 c 24 12 464 0 964 10 5 2 60 65 68 70 74 80 83 84 86 88 90 91 92 93 98 99 100
60 c 12 24 464 0 964 10 13 23 61 63 66 67 68 71 79 80 84 88 89 91 97 98
61 c 18 18 465 798 965 10 17 13 63 65 67 68 76 77 84 86 91 92 96 98 99 100
62 c 53 52 465 0 965 10 11 10 65 69 71 72 77 80 81 91 92 93 98
63 c 16 22 466 0 966 10 41 40 64 65 68 69 71 73 79 81 90
64 c 32 12 466 0 966 10 7 14 65 66 75 78 80 88 95 96 98 100
65 c 15 47 466 0 966 10 16 16 67 70 71 82 87 89 94 97 99 100
66 c 57 29 467 0 967 10 18 17 69 72 83 85 89 91 92 93 95 97
67 c 47 16 467 0 967 10 25 33 69 73 74 79 89 91 94 99 100
68 c 55 45 467 0 967 10 13 3 72 73 76 77 79 80 81 82 84 85 88 94 96 100
69 c 19 21 468 0 968 10 10 15 70 75 76 77 80 82 85 86 90 91 93 96 98 100
70 c 14 37 468 0 968 10 11 9 78 79 80 81 85 86 88 90 91 92 93 95 100
71 c 56 39 468 0 968 10 36 33 76 79 82 83 85 86 87 91 92 98 100
72 c 20 20 468 0 968 10 8 2 75 76 78 79 81 87 89 90 94 100
73 c 37 56 468 0 968 10 5 2 74 76 78 82 88 89 91 92 94 95 96
74 c 20 50 468 0 968 10 5 1 75 79 80 82 83 84 88 89 90 92 95
75 c 56 37 468 0 968 10 6 1 76 78 83 85 89 90 93 96 97
76 c 15 30 469 0 969 10 26 24 77 82 85 87 91 94
77 c 44 17 469 0 969 10 9 11 79 81 86 88 93 94 97
78 c 18 24 469 0 969 10 22 18 79 80 89 90 93 96
79 c 26 52 470 0 970 10 9 3 86 88 91 96 99 100
80 c 45 20 471 0 971 10 11 6 82 83 85 86 87 88 94 95 97
81 c 17 34 471 0 971 10 3 10 82 84 92 95 97 98
82 c 35 17 472 0 972 10 7 16 86 96 98 100
83 c 31 52 472 0 972 10 27 19 84 87 88 94 96 100
84 c 25 21 472 0 972 10 12 12 86 97 100
85 c 21 24 472 0 972 10 28 30 93 94 96 97 99
86 c 47 47 473 0 973 10 13 9 87 88 95 98 100
87 c 20 40 474 0 974 10 12 7 95 96 99 100
88 c 41 49 474 0 974 10 10 1 89 91
89 c 22 27 474 0 974 10 11 15 96 97
90 c 25 24 475 0 975 10 20 16 92 93 94 96
91 c 50 35 475 0 975 10 19 21 93 96 100
92 c 26 27 477 0 977 10 27 20 93 94 99
93 c 45 30 478 0 978 10 17 16 98
94 c 40 25 478 0 978 10 9 6 96 97 98
95 c 27 43 478 0 978 10 9 19
96 c 25 30 478 0 978 10 3 2 99
97 c 36 26 480 849 980 10 18 24
98 c 26 35 481 0 981 10 15 25
99 c 41 37 483 0 983 10 16 20 100
100 c 35 40 485 0 985 10 16 16

