StringID Type x y release ReadyTime DueDate ServiceTime weight volume Item_Conflitante1 Item_Conflitante2 Item_Conflitante3 Item_Conflitante4 Item_Conflitante5 Item_Conflitante6 Item_Conflitante7 Item_Conflitante8 Item_Conflitante9 Item_Conflitante10 Item_Conflitante11 Item_Conflitante12 Item_Conflitante13 Item_Conflitante14 Item_Conflitante15 Item_Conflitante16 Item_Conflitante17 Item_Conflitante18 Item_Conflitante19 Item_Conflitante20 Item_Conflitante21 Item_Conflitante22 Item_Conflitante23 Item_Conflitante24 Item_Conflitante25 Item_Conflitante26 Item_Conflitante27 Item_Conflitante28 Item_Conflitante29 Item_Conflitante30 Item_Conflitante31 Item_Conflitante32 Item_Conflitante33 Item_Conflitante34 Item_Conflitante35 Item_Conflitante36 Item_Conflitante37 Item_Conflitante38 Item_Conflitante39 Item_Conflitante40 Item_Conflitante41 Peso_Total Volume_Total
0 d 40 50 0 0 240 0 0 0                                          200 200
1 c 88 30 0 59 119 10 10 8 3 8 9 10 23 30 32 35 39 44 49 50 51 54 55 56 59 62 66 71 75 77 83 87 88 90 91 94 96
2 c 88 35 0 50 110 10 20 26 3 5 8 10 12 18 22 24 30 32 36 40 45 47 48 49 51 53 56 58 61 62 64 65 69 71 73 75 77 78 79 83 84 85 86 90 92 93 95 97 100
3 c 85 25 0 51 111 10 10 12 4 5 6 13 14 15 16 20 25 26 27 31 34 40 42 45 46 49 50 51 52 58 61 69 73 74 75 78 79 82 83 84 89 96 99 100
4 c 65 55 0 50 110 10 14 6 7 9 22 24 25 36 51 54 56 57 59 62 66 75 79 87 92 94 99 100
5 c 65 85 0 43 103 10 40 46 6 13 17 23 26 32 33 34 42 44 45 50 52 56 57 63 70 78 80 82 83 87 98 99
6 c 37 31 0 20 80 10 14 7 10 12 16 17 18 23 25 26 28 30 32 34 38 40 41 42 51 53 57 59 62 66 68 69 70 79 82 83 86 87 90 92
7 c 62 80 0 60 120 10 30 22 8 10 26 31 36 37 44 51 52 56 57 61 65 66 68 79 88 91
8 c 60 80 0 36 96 10 10 12 14 17 19 25 29 30 31 33 35 37 41 44 46 47 48 52 54 58 59 60 62 63 65 66 73 76 77 78 81 84 86 87 89 93 100
9 c 55 80 0 33 93 10 10 15 10 11 12 20 21 24 29 31 33 36 37 38 41 48 50 57 58 60 62 64 76 79 82 83 87 88 94 95 99
10 c 27 43 0 27 87 10 9 10 13 15 18 22 27 29 34 37 38 44 47 48 53 56 57 58 59 65 66 73 74 76 78 84 89 91 94 96 99
11 c 55 82 0 49 109 10 10 6 13 14 21 30 32 33 35 36 39 43 46 47 48 51 57 60 66 68 71 74 79 81 84 90 92 96 99
12 c 90 35 0 52 112 10 10 1 14 18 26 30 31 35 39 42 45 48 52 55 58 60 61 67 69 71 72 73 74 75 82 86 88 89 93 94 97 100
13 c 20 82 0 37 97 10 10 16 14 16 18 24 26 30 31 32 35 36 37 38 40 42 43 44 45 49 50 52 58 60 64 66 67 70 74 75 78 82 83 84 85 88 90 93
14 c 25 30 0 37 97 10 3 6 16 17 26 28 31 33 34 38 40 45 46 47 50 52 53 56 58 63 65 66 68 74 75 77 87 94 95 99 100
15 c 60 12 0 60 120 10 31 28 16 17 18 20 28 29 30 41 49 50 64 65 68 77 79 88 89 91 93 94 96
16 c 5 5 0 59 119 10 16 21 19 21 23 25 27 28 33 35 39 41 42 44 46 51 52 55 60 66 68 79 81 85 88 90 94 96 98 99 100
17 c 10 20 0 42 102 10 19 15 18 21 28 33 34 36 55 59 66 70 71 74 79 80 81 85 93 94 96 97
18 c 45 65 0 51 111 10 9 4 30 32 37 42 43 52 55 68 72 73 86 93 94 95 98
19 c 65 35 0 37 97 10 3 1 21 23 24 25 33 37 38 48 51 52 54 57 59 62 64 69 71 76 79 80 82 83 87 88 90 94 98 99
20 c 65 20 0 39 99 10 6 2 22 24 28 35 41 43 48 50 57 62 64 66 67 70 71 75 77 78 80 81 84 86 87 90 92 94 98 99
21 c 45 30 0 38 98 10 17 23 24 28 37 38 40 41 47 49 50 62 68 74 75 77 84 85 86 91 92 100
22 c 35 40 0 11 71 10 16 16 29 34 35 36 38 39 42 51 52 59 64 68 76 81 82 86 87 88 95 100
23 c 63 65 0 27 87 10 8 18 27 28 30 33 36 37 40 42 43 44 48 50 51 54 55 56 57 59 60 66 78 79 89 94 95 96 100
24 c 64 42 0 55 115 10 9 8 27 29 30 32 42 45 55 56 57 61 64 70 73 75 85 90 94 98 99
25 c 2 45 0 38 98 10 10 15 26 30 32 33 35 38 39 41 47 48 56 59 60 65 66 73 76 77 87 88 89 94 98
26 c 92 30 0 55 115 10 10 19 29 30 32 34 47 48 49 50 53 59 60 65 69 71 77 84 88 89 91 98 99 100
27 c 31 52 0 26 86 10 27 35 30 34 37 40 43 44 45 49 54 56 58 62 64 67 68 77 79 80 89 95 98
28 c 8 45 0 49 109 10 20 26 33 34 35 40 45 49 50 55 57 63 65 67 68 81 83 85 87 91 93 94 96 97 98 100
29 c 56 37 0 20 80 10 6 3 31 34 37 40 41 50 51 63 65 72 73 74 90 91 96 98
30 c 20 85 0 40 100 10 20 16 31 32 39 40 43 45 46 49 50 53 54 57 58 59 62 66 68 74 78 80 83 84 85 91 93 94 98
31 c 8 40 0 44 104 10 40 39 34 37 41 46 47 48 50 53 54 58 63 72 79 80 85 91 92 100
32 c 95 35 0 57 117 10 20 13 33 34 38 39 44 51 56 59 60 61 62 63 64 66 69 72 75 83 84 85 86 91 94 97 99
33 c 26 52 0 31 91 10 9 17 34 38 41 42 48 50 53 57 58 62 69 70 71 72 75 83 84 85 89 95 96 97 98
34 c 53 43 0 14 74 10 14 4 35 46 49 54 56 58 59 65 66 67 69 73 74 75 88 94 97 100
35 c 5 45 2 35 95 10 10 1 36 48 51 53 54 56 64 66 68 69 72 76 78 79 84 85 86 87 93 94 95 96 99
36 c 2 40 2 43 103 10 20 29 37 38 40 44 48 54 59 73 75 81 82 83 84 87 88 93 95 97 98
37 c 0 40 2 57 117 10 20 20 39 45 50 53 54 56 57 58 61 62 65 66 70 71 73 75 84 87 89 91 92 97
38 c 22 75 2 35 95 10 30 22 41 45 49 51 55 61 64 67 69 73 74 77 78 80 85 86 99
39 c 38 5 2 50 110 10 30 36 40 41 42 43 44 45 46 47 48 51 54 60 63 66 67 72 79 82 83 85 88 91 94 96 100
40 c 42 10 2 57 117 10 40 50 43 45 52 54 67 69 70 77 82 83 85 86 88 91 92 94 97 98
41 c 24 58 2 52 112 10 19 14 44 48 51 53 56 61 63 68 71 74 75 77 80 83 85 87 89 96 98 99
42 c 40 5 2 52 112 10 10 14 44 45 49 51 53 54 62 68 69 71 79 87 89 92 96 98 99 100
43 c 2 60 2 62 122 10 5 12 46 51 55 56 57 58 59 60 63 64 68 70 75 80 81 82 83 86 87 93 94 96
44 c 26 35 2 62 122 10 15 7 45 50 53 54 56 58 61 63 64 65 67 69 70 72 74 76 77 85 87 88 89 93 95
45 c 15 75 20 64 124 10 20 23 49 52 55 56 57 58 60 61 67 68 69 70 71 75 79 89 95 98
46 c 55 20 20 68 128 10 19 13 49 50 53 57 66 69 76 78 79 80 82 84 88 97 98
47 c 60 85 20 70 130 10 30 37 50 52 53 61 62 64 66 68 69 76 77 80 81 86 97 100
48 c 37 47 20 71 131 10 6 1 49 50 51 54 56 57 62 65 67 69 79 82 83 85 88 89 95 98 99 100
49 c 49 58 20 71 131 10 10 4 54 56 58 64 66 73 79 80 82 83 84 85 86 94
50 c 21 24 20 72 132 10 28 28 52 58 62 67 68 70 71 72 74 77 80 84 86 87 94 97
51 c 44 5 20 72 132 10 20 21 53 54 55 56 58 60 61 62 68 70 77 79 82 86 88 91 94 98 100
52 c 63 23 20 72 132 10 2 6 55 59 62 63 67 69 71 77 78 79 81 82 89 90 92 94 97 99
53 c 6 68 20 74 134 10 30 26 60 63 64 65 66 69 70 71 73 75 76 78 79 85 89 91 97 100
54 c 8 56 20 75 135 10 27 29 61 63 67 69 71 80 84 88 91 93 95 97
55 c 12 24 20 75 135 10 13 17 58 60 63 64 67 70 74 81 83 84 85 87 89 94 96 99 100
56 c 20 50 20 76 136 10 5 1 57 58 61 69 74 76 77 89 97
57 c 10 35 20 76 136 10 20 22 61 62 64 66 73 77 83 84 87 89 93 96
58 c 15 80 20 76 136 10 10 11 62 64 66 69 71 74 75 79 83 88 89 91 95 97 98 99
59 c 40 15 20 77 137 10 40 30 62 63 64 68 69 71 72 74 79 80 95 96 97 99 100
60 c 58 75 20 77 137 10 20 19 62 63 65 66 67 71 75 80 86 91 92 96 99
61 c 57 48 20 80 140 10 23 19 63 69 74 75 77 78 80 82 84 86 91 97 99
62 c 18 75 20 80 140 10 20 28 66 71 73 76 83 88 90 91 93 99
63 c 30 25 29 81 141 10 23 24 64 65 68 70 73 82 85 87 95 100
64 c 57 29 29 81 141 10 18 19 75 80 81 82 85 88 96
65 c 42 12 29 89 149 10 10 20 66 67 78 84 91 93 96
66 c 22 85 45 94 154 10 10 1 77 80 87 89 91 93
67 c 85 35 45 96 156 10 30 23 68 73 74 76 80 84 86 90 93 96 97 98 100
68 c 18 80 45 98 158 10 10 14 69 71 72 83 85 88 90 93 94 96 97 100
69 c 95 30 45 100 160 10 30 32 70 74 80 81 82 84 85 86 89 92
70 c 72 35 45 101 161 10 30 29 71 74 76 79 80 82 85 93 98 100
71 c 10 40 45 104 164 10 30 25 74 75 78 81 90 95
72 c 4 18 45 105 165 10 35 34 77 78 79 80 81 85 89 90 91 98 100
73 c 42 15 47 107 167 10 10 20 77 82 88 89 90 91 93 99 100
74 c 65 82 49 109 169 10 10 7 81 84 89 90 96 98
75 c 55 85 53 113 173 10 20 20 77 79 83 85 90 92 94 95
76 c 50 35 55 115 175 10 19 19 77 79 81 83 84 88 93 94 99 100
77 c 87 30 56 116 176 10 10 6 84 89 91 93 95
78 c 67 5 57 117 177 10 25 16 81 84 94 95 96 100
79 c 55 54 57 117 177 10 26 17 80 81 83 84 87 88 92 94 96 100
80 c 41 37 64 118 178 10 16 6 83 89 96 97 98
81 c 23 3 64 120 180 10 7 2 82 83 87 88 97 100
82 c 15 10 64 122 182 10 20 29 87 89 91 93 95
83 c 42 5 64 124 184 10 10 14 86 92 93 96 97 98 99
84 c 67 85 64 124 184 10 20 20 85 86 91 96
85 c 35 5 64 124 184 10 20 11 87 90 91 96 97 99 100
86 c 55 60 64 124 184 10 16 14 94 97 100
87 c 30 60 65 125 185 10 16 24 90 92 94 96 99 100
88 c 20 80 66 126 186 10 40 46 92
89 c 20 20 66 126 186 10 8 6 90 95
90 c 5 35 73 127 187 10 10 2 91 92 95
91 c 40 60 73 129 189 10 21 31 94 97
92 c 0 45 73 129 189 10 20 17 93 97 100
93 c 25 85 73 130 190 10 20 10
94 c 38 15 73 133 193 10 10 4 95 96
95 c 15 60 80 140 200 10 17 20 100
96 c 61 52 88 148 208 10 3 4 100
97 c 35 69 90 150 210 10 23 21 99 100
98 c 31 67 90 150 210 10 3 8 100
99 c 49 42 92 152 212 10 13 4 100
100 c 47 47 102 162 222 10 13 15

