StringID Type x y release ReadyTime DueDate ServiceTime weight volume Item_Conflitante1 Item_Conflitante2 Item_Conflitante3 Item_Conflitante4 Item_Conflitante5 Item_Conflitante6 Item_Conflitante7 Item_Conflitante8 Item_Conflitante9 Item_Conflitante10 Item_Conflitante11 Item_Conflitante12 Item_Conflitante13 Item_Conflitante14 Item_Conflitante15 Item_Conflitante16 Item_Conflitante17 Item_Conflitante18 Item_Conflitante19 Item_Conflitante20 Item_Conflitante21 Item_Conflitante22 Item_Conflitante23 Item_Conflitante24 Item_Conflitante25 Item_Conflitante26 Item_Conflitante27 Item_Conflitante28 Item_Conflitante29 Item_Conflitante30 Item_Conflitante31 Item_Conflitante32 Item_Conflitante33 Item_Conflitante34 Item_Conflitante35 Item_Conflitante36 Item_Conflitante37 Item_Conflitante38 Item_Conflitante39 Item_Conflitante40 Item_Conflitante41 Item_Conflitante42 Peso_Total Volume_Total
0 d 35 35 0 0 230 0 0 0                                           200 200
1 c 40 60 0 49 102 10 21 23 3 5 7 10 17 20 22 23 27 29 30 31 32 34 36 39 42 43 44 47 50 53 54 63 65 71 72 73 76 85 87 88 92 100
2 c 26 52 0 50 107 10 9 14 3 11 13 14 15 20 21 22 23 25 26 27 29 30 32 36 39 40 44 45 46 47 48 49 50 51 52 56 57 63 64 69 70 75 77 78 81 82 87 89 95 99
3 c 53 52 0 24 92 10 11 15 9 12 13 16 21 26 36 37 44 47 49 51 54 60 61 63 64 66 67 69 72 73 79 88 91 95 97 98 99
4 c 2 60 0 41 112 10 5 4 7 8 11 12 17 19 22 27 29 30 31 33 34 39 52 58 62 65 66 67 70 71 76 79 86 88 96 100
5 c 5 5 0 74 101 10 16 15 6 7 10 11 13 23 26 27 28 32 37 44 45 47 51 53 60 61 62 69 73 79 83 86 89 90 92 93 95
6 c 60 12 0 33 110 10 31 41 7 12 16 23 27 28 30 34 35 37 39 40 53 56 57 59 60 64 66 69 70 71 72 73 79 82 83 85 94 96 98
7 c 40 25 0 65 114 10 9 17 10 11 15 19 24 26 32 39 40 45 47 48 49 52 55 56 60 68 69 71 73 74 77 78 85 89 98
8 c 24 12 0 25 91 10 5 7 9 10 14 18 20 22 23 26 28 29 31 32 34 36 39 42 44 65 67 68 70 76 81 82 84 85 99
9 c 11 14 0 59 88 10 18 18 13 16 23 24 28 36 44 46 47 49 51 53 57 59 61 68 78 83 85 87 89 90 94 96 97
10 c 6 38 0 29 99 10 16 15 15 16 18 23 26 29 37 38 47 55 56 58 63 64 67 68 69 74 76 77 86 91 93 95 99
11 c 20 26 0 74 101 10 9 4 20 22 24 25 26 28 32 38 44 45 46 54 57 58 63 69 72 74 75 76 81 83 88 92 98
12 c 37 31 0 87 112 10 14 7 19 24 25 29 30 31 32 33 34 35 38 42 44 53 59 62 63 65 67 71 73 77 81 91 92 97 98
13 c 57 48 0 84 109 10 23 28 15 16 18 20 24 27 30 34 35 40 42 43 44 46 49 51 52 56 61 62 72 79 80 82 84 89 92 96
14 c 24 58 0 46 79 10 19 14 18 19 20 22 24 27 28 30 32 35 41 43 44 48 51 53 54 55 59 60 61 63 67 75 77 78 90 92 97
15 c 15 77 0 48 107 10 9 13 16 17 21 22 26 30 31 32 35 37 38 40 46 49 53 54 59 60 63 67 69 70 71 73 74 77 78 81 84 85 87 88 92 94 95 100
16 c 62 77 0 49 113 10 20 14 19 21 24 27 28 44 48 51 56 58 60 62 65 67 74 79 81 83 89 93 94 100
17 c 67 5 0 73 102 10 25 29 21 29 34 42 43 45 48 50 55 57 62 64 66 67 69 70 73 74 81 82 83 85 87 97 98
18 c 37 47 0 39 70 10 6 1 23 25 26 31 32 33 36 45 48 49 51 56 57 60 61 64 65 66 70 74 81 83 85 91 92 95 99 100
19 c 49 42 0 65 90 10 13 20 21 24 25 28 29 37 39 47 49 50 51 52 53 56 59 62 63 64 68 69 70 71 73 79 80 84 85 86 91 94 97 98
20 c 35 40 0 8 75 10 16 9 21 22 25 26 27 32 37 42 44 47 56 61 64 66 71 75 77 79 85 89 93 96 99 100
21 c 55 5 0 58 87 10 29 36 26 27 30 32 34 38 39 41 42 43 47 48 50 51 62 63 68 75 77 80 83 84 85 86 88 94 95 96
22 c 28 18 0 88 107 10 26 26 23 24 28 30 32 35 41 43 47 53 54 55 56 58 60 67 68 70 71 72 77 79 80 90 92 93 96 99 100
23 c 10 43 0 87 112 10 9 9 25 28 41 42 43 44 46 48 50 51 52 55 57 59 66 68 69 71 72 78 79 94 96 99 100
24 c 22 22 0 18 53 10 2 7 25 27 30 32 33 37 43 47 50 53 54 62 72 73 74 76 78 79 81 82 90 97
25 c 20 65 3 57 86 10 12 19 26 33 35 36 41 42 47 52 57 59 60 61 62 64 66 69 71 73 74 81 83 84 85 88 89 92 93 94 96 97 100
26 c 30 5 3 50 81 10 8 18 27 34 35 38 41 45 49 52 62 63 64 66 69 75 76 77 78 82 83 85 86 90 96 97
27 c 55 60 3 88 115 10 16 16 29 31 35 37 38 40 41 42 45 46 49 51 52 57 58 65 67 68 69 70 75 78 80 81 85 88 90 93 98 100
28 c 11 31 3 93 118 10 7 15 29 31 33 35 38 41 46 47 49 52 54 56 59 60 61 66 68 73 76 77 78 80 81 82 85 86 90 91 92 93 94 98
29 c 45 10 25 76 127 10 18 18 34 35 40 44 45 46 55 57 63 65 66 68 69 73 75 78 80 81 84 85 89 90 91 92
30 c 61 52 25 71 130 10 3 10 33 36 38 40 42 47 48 49 56 63 66 68 70 73 74 75 78 79 82 83 84 88 90 93 97
31 c 42 7 25 72 131 10 5 13 36 40 42 43 44 46 48 49 50 54 56 59 61 62 63 66 67 72 74 82 92 99
32 c 25 30 25 76 131 10 3 7 34 35 37 39 40 48 53 61 64 65 66 69 70 75 78 79 80 82 83 84 85 89 91 94 96 100
33 c 12 24 25 29 132 10 13 13 38 45 47 53 54 60 61 62 65 67 72 77 78 81 82 83 90 92 94 98 99 100
34 c 6 68 25 93 132 10 30 35 35 36 37 38 39 40 46 48 50 51 55 58 60 66 69 72 77 94
35 c 44 17 25 30 135 10 9 11 38 43 47 57 61 62 63 70 74 76 78 80 84 87
36 c 41 37 25 6 136 10 16 23 37 40 43 45 48 49 50 60 67 69 70 71 73 76 80 82 84 88 91 93 100
37 c 20 40 25 47 136 10 12 8 39 45 46 47 48 50 57 62 63 68 70 77 79 82 88 90 91 99
38 c 10 20 25 29 139 10 19 14 44 51 54 63 64 65 66 67 68 70 79 84 88 99 100
39 c 55 54 25 57 140 10 26 23 45 48 50 52 53 54 56 57 58 59 61 62 65 66 68 75 77 79 97 98
40 c 15 60 40 32 146 10 17 24 45 50 51 68 75 76 77 78 79 80 82 84 86 87 95 96
41 c 4 18 40 49 148 10 35 31 44 45 51 52 53 55 59 60 61 65 67 72 77 78 79 83 85
42 c 57 68 40 39 148 10 15 24 44 48 49 50 51 59 60 65 66 72 74 75 78 79 80 82 84 85 86 90 92 93 96 97 100
43 c 49 58 40 36 149 10 10 7 45 47 49 52 60 64 65 67 69 71 72 73 77 79 91 95 97
44 c 30 60 40 107 150 10 16 7 46 48 49 51 53 54 57 58 60 64 69 75 76 80 84 86 92 97 99
45 c 64 42 40 29 150 10 9 9 47 48 50 53 56 63 66 71 77 82 90 91 97 98 99
46 c 31 67 40 46 153 10 3 12 47 52 54 57 60 62 63 65 67 69 72 74 82 84 86 91 92 96
47 c 63 23 40 126 155 10 2 1 49 51 53 54 55 56 72 73 77 81 83 91 92 95 96 99
48 c 49 73 44 104 159 10 25 25 50 54 60 66 69 74 75 82 83 84 85 86
49 c 32 12 48 48 163 10 7 10 51 52 54 58 63 66 67 69 73 76 78 81 83 84 86 87 88 91 94 98 99
50 c 53 12 57 106 163 10 6 1 54 55 57 59 61 62 63 67 69 70 81 92 95 98 99
51 c 46 13 57 138 169 10 8 9 57 59 60 61 62 64 65 76 78 82 85 87 90 93 94 97 98
52 c 55 20 57 138 169 10 19 20 57 58 59 62 74 77 80 81 90 95 99 100
53 c 20 50 57 21 170 10 5 6 54 59 60 61 64 66 68 69 76 78 79 80 82 86 87 94 99
54 c 27 69 57 34 172 10 10 19 55 56 62 64 65 67 68 72 81 84 85 87 95
55 c 26 27 59 35 174 10 27 36 61 62 71 79 84 86 93 96 97 99 100
56 c 56 39 61 117 176 10 36 39 57 59 61 62 63 65 69 79 85 90 91 93 100
57 c 8 56 63 34 176 10 27 23 59 61 63 69 71 72 78 80 81 82 85 87 89 90 94 96 100
58 c 16 22 63 23 177 10 41 40 60 61 62 66 70 75 77 78 93 96 98 99
59 c 63 65 63 116 178 10 8 5 60 61 67 68 69 72 80 84 88 91 92 93 94 95 96 97 99
60 c 2 48 65 63 180 10 1 1 66 67 69 70 74 78 79 86 89 91 93 97 98 99 100
61 c 30 25 65 147 180 10 23 25 62 68 69 70 72 73 79 86 91 92 93 94 99 100
62 c 45 65 67 79 182 10 9 11 63 64 70 71 73 76 82 84 85 86 87 90 91 93 94 95 98
63 c 65 55 68 36 183 10 14 9 71 73 78 80 81 82 84 88 89 91 99
64 c 25 21 68 92 183 10 12 2 70 71 72 73 74 82 87 93 96 99
65 c 23 3 70 82 185 10 7 9 66 67 74 76 78 93 94 100
66 c 35 69 71 67 186 10 23 33 67 70 71 73 74 76 79 84 85 86 91 95 99 100
67 c 65 20 71 153 186 10 6 7 69 72 74 75 76 77 83 84 89 93 95
68 c 55 45 72 54 187 10 13 22 69 71 73 84 88 90 91 92 96 99 100
69 c 15 10 72 32 187 10 20 29 72 75 81 82 86 90 96 98 99 100
70 c 5 30 74 124 189 10 2 1 71 72 77 83 88
71 c 65 35 75 58 190 10 3 1 78 82 83 85 86 88 89 90 95
72 c 49 11 77 27 192 10 18 10 73 76 78 81 82 83 88 92 93 95 96
73 c 50 35 77 15 192 10 19 28 77 78 79 81 83 85 86 90 92 93 98 99
74 c 13 52 77 27 192 10 36 36 75 78 85 86 96 99
75 c 15 19 79 25 194 10 1 3 77 79 88 90 91 97 98 99 100
76 c 18 18 80 159 195 10 17 13 79 81 82 91 93 97 98
77 c 27 43 80 11 195 10 9 8 85 88 90 92 94 96 100
78 c 45 20 80 18 195 10 11 4 82 85 86 87 88 90 93 94
79 c 15 47 81 23 196 10 16 19 85 87 91 92 94
80 c 57 29 82 90 197 10 18 8 82 85 89 90 96 97 98
81 c 47 16 82 22 197 10 25 26 84 85 92 97 99
82 c 31 52 83 17 198 10 27 19 83 85 88 89 95
83 c 37 56 83 123 198 10 5 8 86 89 90 93 94 95 97 98 99 100
84 c 19 21 83 21 198 10 10 4 86 99
85 c 56 37 83 135 198 10 6 1 86 90 93 94 97 100
86 c 14 37 83 21 198 10 11 18 91 94 98 99 100
87 c 20 20 83 42 198 10 8 3 88 90 92 93 96
88 c 18 24 84 129 199 10 22 22 95 99
89 c 15 30 84 20 199 10 26 20 91 93 95
90 c 53 43 84 168 199 10 14 16 97 98 100
91 c 17 34 86 70 201 10 3 6 94 95 96 99
92 c 21 24 87 17 202 10 28 28 93 95 98 99 100
93 c 35 17 87 18 202 10 7 14 94 100
94 c 47 47 88 41 203 10 13 23 96 97 100
95 c 22 27 89 51 204 10 11 17 96
96 c 41 49 89 15 204 10 10 8
97 c 25 24 90 14 205 10 20 16 98
98 c 45 30 93 58 208 10 17 13
99 c 36 26 95 178 210 10 18 13 100
100 c 26 35 96 68 211 10 15 10

