StringID Type x y release ReadyTime DueDate ServiceTime weight volume Item_Conflitante1 Item_Conflitante2 Item_Conflitante3 Item_Conflitante4 Item_Conflitante5 Item_Conflitante6 Item_Conflitante7 Item_Conflitante8 Item_Conflitante9 Item_Conflitante10 Item_Conflitante11 Item_Conflitante12 Item_Conflitante13 Item_Conflitante14 Item_Conflitante15 Item_Conflitante16 Item_Conflitante17 Item_Conflitante18 Item_Conflitante19 Item_Conflitante20 Item_Conflitante21 Item_Conflitante22 Item_Conflitante23 Item_Conflitante24 Item_Conflitante25 Item_Conflitante26 Item_Conflitante27 Item_Conflitante28 Item_Conflitante29 Item_Conflitante30 Item_Conflitante31 Item_Conflitante32 Item_Conflitante33 Peso_Total Volume_Total
0 d 35 35 0 0 230 0 0 0                                  200 200
1 c 67 5 0 73 103 10 25 32 3 7 15 21 27 28 29 31 34 38 49 51 52 64 65 68 70 71 72 76 81 83 93 98 99
2 c 14 37 0 34 64 10 11 2 8 11 14 18 20 27 28 31 33 35 44 45 48 59 60 65 68 69 73 76 77 81 82 87 88 93 98
3 c 2 60 0 41 71 10 5 4 6 8 9 13 14 18 20 22 25 30 34 37 38 39 43 46 47 51 57 60 65 75 77 81 82 85 88 92 93 94 96
4 c 15 47 0 45 75 10 16 18 5 9 10 12 18 22 25 26 27 30 33 44 45 46 48 52 60 61 64 68 69 70 71 75 77 79 85 86 88 89 90 95 98
5 c 5 5 0 73 103 10 16 6 7 8 9 21 22 23 26 29 32 34 35 39 41 42 43 44 52 56 58 63 64 65 72 73 75 82 83 88 89 94 97 98 99
6 c 60 12 0 34 64 10 31 31 7 10 12 14 16 18 19 34 37 41 43 45 50 53 55 56 58 62 71 75 80 81 82 83 86 88 90 95 100
7 c 40 25 0 75 105 10 9 9 11 19 23 24 25 29 32 33 35 40 43 48 49 50 57 60 65 70 71 72 73 74 76 80 83 85 88 92 95 100
8 c 24 12 0 25 55 10 5 4 17 18 21 23 27 30 31 32 45 52 53 54 61 64 74 76 78 80 81 90 92 97 98 99
9 c 55 54 0 84 114 10 26 34 11 18 20 23 24 27 30 33 35 40 44 48 49 50 57 65 67 70 78 79 80 81 83 84 86 87 92 93 94 97 99
10 c 11 14 0 59 89 10 18 9 13 16 17 18 20 22 30 34 36 37 43 44 47 53 56 61 67 71 75 79 81 82 86 87 90 94 100
11 c 6 38 0 29 59 10 16 12 13 17 18 20 22 27 29 31 34 44 46 48 50 51 54 55 57 58 59 63 67 68 71 72 74 84 89 95
12 c 8 56 0 41 71 10 27 19 14 19 20 25 26 27 37 38 41 47 48 52 56 57 58 60 61 71 73 74 75 78 88 91 96 99
13 c 57 48 0 82 112 10 23 23 18 24 26 28 30 33 34 39 44 45 48 52 54 56 57 58 59 60 63 66 74 76 77 78 82 84 89 92 97 98
14 c 53 52 0 27 57 10 11 4 19 21 22 23 24 25 26 27 29 32 40 42 43 46 47 51 53 56 62 63 65 67 70 71 72 74 78 83 84 93 96
15 c 20 26 0 73 103 10 9 19 29 30 31 32 34 35 43 45 51 57 59 61 69 70 76 84 90 93 98 100
16 c 27 43 0 42 72 10 9 1 17 20 21 22 23 28 29 36 37 38 39 42 46 49 53 55 58 64 67 69 70 72 79 82 86 91 94 97
17 c 37 31 0 85 115 10 14 8 20 22 24 32 33 36 37 40 42 44 49 51 53 56 59 65 72 74 76 77 78 80 86 88 96 98 99
18 c 49 42 0 63 93 10 13 12 19 28 30 31 37 38 40 42 44 49 55 57 59 62 66 68 71 73 74 79 81 84 86 88 90 91 92 93 95
19 c 49 11 0 59 89 10 18 21 22 23 24 28 29 35 39 44 47 49 51 53 55 56 57 59 60 63 65 67 70 71 76 78 80 85 94 97 99
20 c 44 17 0 68 98 10 9 18 21 31 35 36 37 40 42 49 53 58 61 62 63 65 67 77 86 89 91 92 93 94 100
21 c 21 24 0 17 47 10 28 28 32 34 36 39 41 42 43 44 52 53 58 60 64 67 70 71 74 76 77 80 82 84 85 88 89 96 97
22 c 47 16 0 25 55 10 25 22 24 32 35 39 43 44 49 52 53 58 59 61 64 65 66 67 71 72 76 77 79 80 81 84 86 91 92 93 96 99
23 c 12 24 0 66 96 10 13 3 24 25 33 34 35 46 47 51 52 57 60 61 69 75 84 85 90 92 96 97 98 99
24 c 24 58 0 48 78 10 19 29 34 36 39 41 42 53 54 55 58 88 89 91 95 98 100
25 c 27 69 0 34 64 10 10 5 26 27 28 29 32 33 39 46 51 52 53 54 60 61 62 63 65 69 71 78 86 87 91 92 94 95 98
26 c 15 77 0 63 93 10 9 15 27 28 32 35 36 37 40 42 43 47 48 50 52 53 55 57 60 61 64 65 70 71 79 80 82 84 88 89 93 99
27 c 62 77 0 49 79 10 20 28 34 35 38 40 44 48 49 52 54 56 61 66 69 72 75 77 78 81 82 89 91 98
28 c 57 68 0 67 97 10 15 25 29 40 42 43 46 48 55 56 61 65 71 74 78 84 90 93 94 98 100
29 c 49 58 0 78 108 10 10 11 30 32 33 38 39 42 44 45 48 56 61 63 64 68 69 71 75 77 83 91 95 96 97 99 100
30 c 31 52 0 40 70 10 27 26 38 51 52 59 63 69 70 71 75 78 86 90 94 97 99 100
31 c 37 47 0 40 70 10 6 5 37 39 41 45 49 54 55 56 61 68 69 70 74 77 78 79 84 92 93 95 96 99
32 c 30 5 0 51 81 10 8 10 36 37 39 40 43 44 51 60 61 66 76 80 82 83 88 89 90 93 94 99 100
33 c 20 50 0 71 101 10 5 8 37 44 45 46 47 51 52 54 57 58 62 63 66 69 72 78 80 84 87 92 94 96 98 99
34 c 10 43 0 85 115 10 9 15 37 38 39 40 42 43 46 50 51 56 57 65 74 82 83 84 87 88 89 92 93 97 98 99
35 c 25 24 0 29 59 10 20 24 36 42 46 47 49 55 59 65 67 71 76 84 85 86 87 94 95 96
36 c 20 65 0 57 87 10 12 4 37 38 44 47 51 57 65 75 82 85 86 87 94 96 98 99
37 c 50 35 0 53 83 10 19 15 43 53 54 55 57 58 63 64 65 66 68 75 76 77 80 81 87 89 91 92 94 95 96 99
38 c 22 22 0 18 48 10 2 5 39 40 45 48 52 53 60 63 67 68 74 77 79 81 82 83 84 85 92 97 98 99
39 c 15 10 0 32 62 10 20 17 43 47 48 56 59 62 65 77 78 81 85 88 95 96 97 99
40 c 40 60 0 61 91 10 21 30 41 43 44 45 46 50 51 52 53 57 59 63 67 70 73 75 77 78 79 86 87 92 94 96 97 99
41 c 35 17 0 40 70 10 7 1 42 44 48 51 52 59 64 66 67 71 73 77 82 85 86 90 93 96 97 99
42 c 10 20 0 65 95 10 19 28 43 44 47 49 66 69 70 71 74 77 78 88 95 96 97 98 100
43 c 19 21 0 48 78 10 10 7 44 53 57 61 63 65 73 82 86 91 94 98
44 c 20 40 0 77 107 10 12 22 46 48 49 50 53 57 58 59 60 62 71 73 75 79 82 84 89 93 94 97
45 c 31 67 0 85 115 10 3 1 46 47 49 50 58 64 66 67 70 72 74 75 76 82 83 84 85 88 89 96 97
46 c 26 52 0 64 94 10 9 6 48 51 57 59 61 64 66 72 75 79 81 84 88 95 98
47 c 64 42 0 53 83 10 9 11 57 61 64 72 73 80 82 84 86 88 89 93
48 c 41 37 0 29 59 10 16 18 52 54 59 62 65 68 70 72 73 77 82 84 89 91 96 98
49 c 35 40 0 27 57 10 16 12 52 55 56 57 64 66 74 77 78 80 88 90 91 92 95 98
50 c 16 22 6 81 111 10 41 50 59 60 71 72 74 77 78 82 83 85 87 89 91 92 93 97 99 100
51 c 15 60 6 66 96 10 17 11 57 59 65 66 75 77 80 81 82 86 88 90 95 98 100
52 c 4 18 6 84 114 10 35 34 53 54 55 57 60 62 68 74 81 85 87 88 89 90 91 95 97 98
53 c 15 30 6 24 54 10 26 27 57 59 60 64 65 67 69 70 83 86 87 88 95 96 100
54 c 55 5 6 58 88 10 29 19 55 56 62 63 64 67 68 70 72 75 77 79 84 86 89 91 92 94 95 96 98 100
55 c 45 20 6 52 82 10 11 10 57 58 64 65 68 69 70 75 76 80 81 82 88 89 92 93 95
56 c 28 18 6 83 113 10 26 30 57 59 67 68 73 75 82 84 85 86 87 91 92 94 98
57 c 61 52 6 86 116 10 3 8 60 61 64 67 68 69 71 72 73 75 78 80 84 85 86 87 88 91 94
58 c 45 10 6 87 117 10 18 13 62 68 69 73 74 75 76 78 81 83 84 85 94 96 99 100
59 c 42 7 6 87 117 10 5 1 74 76 77 78 80 82 83 84 86 90 92 96
60 c 55 60 6 87 117 10 16 6 62 64 68 72 74 78 82 83 88 94 96 98 99
61 c 25 30 6 89 119 10 3 4 64 66 70 72 74 75 79 80 82 85 86 94 96
62 c 26 27 6 90 120 10 27 30 63 79 82 83 88 94 95 99
63 c 11 31 6 91 121 10 7 14 65 70 73 81 82 88 91 95 97 99
64 c 32 12 6 91 121 10 7 7 77 78 83 84 85 92 96 97 99 100
65 c 6 68 13 98 128 10 30 36 70 76 88 89 91 92 95 99
66 c 55 45 22 106 136 10 13 18 67 68 73 77 83 84 86 87 89 91 92
67 c 2 48 22 107 137 10 1 1 69 74 77 81 85 86 88 89 91 100
68 c 65 55 22 107 137 10 14 23 72 76 80 81 83 84 85 88 93 94 96 97 99
69 c 47 47 32 114 144 10 13 6 75 88 93 94 100
70 c 30 60 32 114 144 10 16 24 74 76 78 81 82 83 85 90 92 93 97 98 99
71 c 45 65 32 116 146 10 9 19 78 79 81 83 89 96 99
72 c 49 73 32 117 147 10 25 24 79 82 84 90 93 99
73 c 53 12 46 120 150 10 6 13 78 91 94 95 98
74 c 45 30 46 122 152 10 17 15 75 77 78 80 83 90 93 98 99
75 c 23 3 46 122 152 10 7 10 83 86 89 91 95 96 97
76 c 25 21 46 123 153 10 12 2 80 84 87 92 99
77 c 20 20 46 124 154 10 8 7 78 79 80 88 90 91 93 96 97
78 c 22 27 46 125 155 10 11 3 80 82 86 92 94 96 97
79 c 63 23 46 126 156 10 2 12 80 85 89 91 92 93 94 96 99
80 c 57 29 46 130 160 10 18 23 81 89 90 92
81 c 35 69 46 131 161 10 23 16 82 88 92 98 99
82 c 56 39 54 132 162 10 36 42 83 86 89 98
83 c 63 65 54 133 163 10 8 5 84 85 86 87 92 93 98
84 c 46 13 54 139 169 10 8 17 88 91 97
85 c 55 20 54 139 169 10 19 29 89 99
86 c 65 35 58 143 173 10 3 1 87 88 90 93 96 97 99
87 c 5 30 65 147 177 10 2 5
88 c 30 25 65 149 179 10 23 24 90 91 93 95 98 100
89 c 15 19 65 150 180 10 1 1 92 95
90 c 41 49 66 151 181 10 10 1 92 94 95 100
91 c 17 34 67 152 182 10 3 1 93 97 98 99
92 c 13 52 71 155 185 10 36 45 98
93 c 65 20 71 156 186 10 6 12 98 99
94 c 18 18 83 165 195 10 17 23 96
95 c 26 35 83 166 196 10 15 21 98 100
96 c 56 37 83 168 198 10 6 1 99
97 c 37 56 83 168 198 10 5 1
98 c 53 43 84 169 199 10 14 13 99
99 c 18 24 84 169 199 10 22 13
100 c 36 26 95 180 210 10 18 10

