StringID Type x y release ReadyTime DueDate ServiceTime weight volume Item_Conflitante1 Item_Conflitante2 Item_Conflitante3 Item_Conflitante4 Item_Conflitante5 Item_Conflitante6 Item_Conflitante7 Item_Conflitante8 Item_Conflitante9 Item_Conflitante10 Item_Conflitante11 Item_Conflitante12 Item_Conflitante13 Item_Conflitante14 Item_Conflitante15 Item_Conflitante16 Item_Conflitante17 Item_Conflitante18 Item_Conflitante19 Item_Conflitante20 Item_Conflitante21 Item_Conflitante22 Item_Conflitante23 Item_Conflitante24 Item_Conflitante25 Item_Conflitante26 Item_Conflitante27 Item_Conflitante28 Item_Conflitante29 Item_Conflitante30 Item_Conflitante31 Item_Conflitante32 Item_Conflitante33 Item_Conflitante34 Item_Conflitante35 Peso_Total Volume_Total
0 d 35 35 0 0 1000 0 0 0                                    1000 1000
1 c 40 60 40 259 354 10 21 29 3 7 13 15 18 19 22 27 32 34 36 40 41 43 48 49 52 56 59 60 66 67 70 74 77 78 81 86 89 90 93 97
2 c 53 52 40 45 200 10 11 6 4 5 11 13 16 24 27 28 31 43 46 48 53 57 59 60 61 63 64 69 70 72 73 74 82 95 97 99 100
3 c 2 60 40 41 208 10 5 5 5 7 13 15 16 17 19 22 23 31 32 38 39 40 47 53 54 73 76 78 91 93 95 99 100
4 c 44 17 40 308 399 10 9 15 9 10 11 13 16 30 32 33 34 35 39 40 42 45 48 50 52 60 66 68 69 70 71 72 77 80 84 86 87 92 97 98 99
5 c 5 5 40 302 405 10 16 18 9 10 12 14 15 18 20 22 26 29 32 34 42 44 45 51 53 59 60 66 69 78 88 89 93
6 c 60 12 40 33 224 10 31 34 12 15 16 27 29 30 32 33 41 44 45 46 49 50 53 61 64 69 70 74 75 76 79 84 85 87 90 92 95 98
7 c 40 25 40 360 437 10 9 16 8 16 18 19 22 24 25 29 34 35 45 51 60 62 64 65 66 70 77 81 86 87 88 89 92
8 c 24 12 40 25 172 10 5 14 11 13 17 20 23 24 26 28 33 34 37 40 44 46 47 49 52 54 56 57 62 66 67 68 70 71 79 85 93 95 97 100
9 c 11 14 40 233 340 10 18 20 11 13 14 15 17 27 30 35 41 42 54 56 57 68 69 73 75 76 77 79 80 82 83 94 95 98 99
10 c 6 38 40 29 189 10 16 21 23 31 40 41 42 45 48 49 61 64 66 67 68 71 80 84 90 91 94 96
11 c 8 56 40 85 250 10 27 37 14 16 20 21 28 31 33 34 36 38 39 43 46 51 55 56 58 66 68 75 82 84 86 100
12 c 20 26 40 333 432 10 9 6 14 16 19 21 22 23 24 29 33 35 36 37 42 43 44 45 47 51 57 59 65 69 70 75 77 88 89 90 91 92 93 94 95 98 100
13 c 49 58 40 348 453 10 10 9 14 15 19 29 30 31 33 34 39 45 46 53 54 57 58 60 62 64 65 68 79 81 84 85 93 95 97 98 100
14 c 57 48 40 388 465 10 23 13 17 18 20 23 26 29 30 40 42 45 46 48 49 50 52 63 64 66 67 72 75 78 79 85 86 91 100
15 c 37 31 40 414 489 10 14 6 16 18 19 20 22 23 28 29 32 33 38 42 43 60 63 64 67 69 73 75 77 79 89 91 94 95 97 99
16 c 61 52 40 384 499 10 3 1 20 23 25 26 27 33 34 35 38 39 41 44 45 46 50 52 55 56 61 72 76 82 85 87 88 91 94 95 96 99 100
17 c 12 24 40 290 377 10 13 18 21 24 34 35 37 38 39 40 45 48 61 62 63 66 72 73 74 79 85 86 91 95 98 99
18 c 24 58 40 163 302 10 19 12 19 22 24 26 28 31 33 34 36 40 42 43 47 48 49 51 59 67 70 73 74 79 81 82 83 84 86 88 91 92 95 96
19 c 27 69 40 34 191 10 10 11 22 24 28 29 31 33 37 48 51 55 57 63 77 79 86 88 89 99
20 c 15 77 40 214 333 10 9 7 27 33 36 44 45 46 47 53 58 59 61 65 69 70 71 72 75 77 79 83 84 90 93 100
21 c 62 77 40 49 188 10 20 19 22 29 32 34 39 46 47 49 50 52 53 55 59 60 62 70 71 76 77 80 82 84 88 95 97 100
22 c 67 5 40 294 401 10 25 32 23 25 34 35 38 43 44 46 50 53 54 57 61 62 65 67 69 71 75 81 83 84 86 87 90 93 94 99 100
23 c 37 47 40 162 293 10 6 5 24 27 29 31 33 34 35 36 51 53 56 58 62 63 69 70 79 80 87 94 97
24 c 49 42 40 290 373 10 13 7 31 32 33 35 36 39 41 42 49 53 62 66 68 69 80 86 90 99 100
25 c 57 68 40 268 367 10 15 8 33 34 35 48 50 52 57 62 63 64 69 73 85 86 87 88 89 92 94 95 96 100
26 c 64 42 40 190 313 10 9 15 33 37 42 44 46 57 63 65 69 70 71 82 83 93 94 98 100
27 c 41 37 40 114 255 10 16 10 30 34 36 37 40 42 43 46 48 53 56 57 60 63 64 66 69 70 71 73 75 80 84 86 87 88 90 94
28 c 55 54 40 411 456 10 26 30 30 32 33 39 41 48 51 55 58 60 68 72 73 75 77 91 97 98
29 c 4 18 40 388 465 10 35 26 35 37 41 42 43 48 50 51 56 66 72 73 76 77 85 90 91 94 96 97
30 c 20 65 40 206 325 10 12 16 32 33 36 37 44 45 51 55 56 58 62 65 66 68 71 79 80 83 85 87 91 98 99
31 c 26 52 40 279 388 10 9 14 34 38 39 40 46 47 48 50 54 55 56 57 59 61 63 68 70 75 78 82 84 86 87 88 91 97 98 99
32 c 35 40 40 104 255 10 16 24 34 38 40 43 45 47 51 56 57 61 72 73 77 81 90 95
33 c 15 10 40 32 243 10 20 20 34 37 44 65 72 74 81 82 92 93 97
34 c 31 67 40 392 487 10 3 10 36 40 48 55 56 58 66 68 69 72 73 77 81 86 88 92 93 95 96
35 c 30 5 40 175 300 10 8 9 40 41 43 46 51 53 54 56 60 63 67 69 72 73 75 78 79 80 83 89 90 93 95 96
36 c 10 43 40 404 481 10 9 3 39 41 44 45 52 55 56 57 59 61 62 69 70 72 73 74 76 81 84 88 91 93 95 98 99 100
37 c 20 40 40 377 434 10 12 2 38 39 40 42 49 54 61 62 63 66 70 75 88 89 91 93 97 99
38 c 15 60 40 269 378 10 17 24 42 44 47 48 51 55 57 58 61 63 66 69 80 81 82 86 88 89 90 91 93 95 96
39 c 10 20 40 272 373 10 19 15 40 43 45 48 49 51 52 58 61 68 74 78 79 93 94 97 100
40 c 28 18 40 420 447 10 26 24 48 54 60 62 65 67 68 69 72 82 83 88 89 91 94 96 99 100
41 c 55 5 40 206 325 10 29 38 47 48 50 52 53 56 58 63 64 69 71 72 90 91 92 99 100
42 c 22 22 40 18 181 10 2 1 47 50 57 63 65 73 75 76 80 83 84 87 89 90 92 96 99
43 c 55 60 40 400 497 10 16 20 44 46 47 52 53 55 63 64 65 66 69 72 78 79 87 88 90 91 93 95 96 98
44 c 45 10 40 409 494 10 18 17 48 49 50 52 54 58 60 61 65 74 75 77 88 93 94 97
45 c 11 31 40 436 511 10 7 1 48 49 58 59 62 63 64 66 67 68 70 76 77 81 84 85 88 96 100
46 c 42 7 40 396 511 10 5 15 47 48 53 58 60 64 65 66 70 76 79 80 82 83 85 88 89 97
47 c 25 30 40 415 514 10 3 1 48 50 61 62 63 64 66 72 73 79 80 83 84 93 96 98
48 c 32 12 40 421 530 10 7 13 51 54 55 57 61 63 66 69 70 71 77 79 81 85 88 91 94 99 100
49 c 6 68 40 501 540 10 30 20 50 53 58 60 62 69 71 81 90 92 94 95 98
50 c 2 48 277 515 628 10 1 9 51 53 54 55 56 60 61 66 81 82 85 88 89 91 99 100
51 c 30 60 277 577 632 10 16 18 53 58 61 64 68 70 71 72 74 75 79 82 87 89 92 96 99
52 c 45 65 277 581 666 10 9 2 54 57 61 65 68 69 73 74 80 81 83 84 86 89 90 91 93 95
53 c 25 21 277 612 673 10 12 5 56 57 67 69 70 71 75 76 78 79 80 82 84 86 89 90 92 94 95
54 c 53 12 277 585 692 10 6 6 56 58 65 70 76 79 80 81 82 86 91 94 99 100
55 c 49 73 277 592 693 10 25 34 56 62 65 71 76 79 80 88 90 96 98
56 c 23 3 277 620 705 10 7 16 62 70 72 75 80 91 92 95 96 98
57 c 57 29 277 641 734 10 18 28 59 60 69 73 74 76 78 84 85 89 96 100
58 c 63 23 277 620 739 10 2 10 61 65 67 71 73 77 79 82 84 87 90 92 93 96 99 100
59 c 56 39 277 637 752 10 36 40 60 61 63 64 66 68 70 78 79 81 83 88 90 95 97
60 c 35 69 277 660 777 10 23 15 61 62 63 68 70 74 78 81 83 85 93 98
61 c 55 20 362 678 801 10 19 28 63 67 78 79 84 86 90 91 93 96 97
62 c 46 13 362 681 802 10 8 13 71 74 76 80 81 86 89 92 100
63 c 63 65 362 686 813 10 8 14 67 69 72 75 78 82 84 87 88 89 94 95 98
64 c 30 25 362 690 827 10 23 23 75 77 84 87 89 97 100
65 c 65 35 362 704 847 10 3 11 66 69 71 72 78 81 84 88 92 98 100
66 c 17 34 362 721 862 10 3 1 69 71 72 74 75 83 84 85 89 90 92 96 99 100
67 c 5 30 370 733 870 10 2 1 70 71 75 76 77 86 90 93 94 95 96 97
68 c 26 35 420 755 920 10 15 10 71 72 73 74 77 79 81 82 87 89 91 92 93 95 96
69 c 53 43 453 817 952 10 14 5 71 73 76 77 78 79 81 89 96 100
70 c 65 55 453 0 953 10 14 23 71 75 81 83 85 86 89 90 91
71 c 65 20 456 817 956 10 6 1 72 74 78 79 85 86 90 91 92 95 99
72 c 13 52 462 0 962 10 36 27 73 75 81 87 89 92 93 100
73 c 49 11 462 0 962 10 18 11 76 77 78 80 82 84 85 88 89 90 92 94 95 96 100
74 c 15 19 464 0 964 10 1 8 80 82 84 85 88 89 90 91 92 93 100
75 c 18 18 465 798 965 10 17 23 80 81 82 86 87 88 89 90 91 94 95 96 100
76 c 15 47 466 0 966 10 16 15 78 83 85 88 92 93 96
77 c 16 22 466 0 966 10 41 37 84 85 89 91 92 94 95 96
78 c 47 16 467 0 967 10 25 20 93 94 95 96 97
79 c 55 45 467 0 967 10 13 20 83 87 89 90
80 c 37 56 468 788 968 10 5 1 85 86 90 98 100
81 c 19 21 468 0 968 10 10 7 82 84 85 92 94 97 98
82 c 56 37 468 839 968 10 6 2 86 97 100
83 c 20 20 468 0 968 10 8 1 88 90 93 95
84 c 14 37 468 0 968 10 11 17 86 87 88 95 97
85 c 20 50 468 0 968 10 5 6 89 91 92 94 97
86 c 18 24 469 811 969 10 22 30 87 89 93 95 96 99
87 c 15 30 469 0 969 10 26 29 91 92 96 100
88 c 45 20 471 0 971 10 11 9 92 96 97 98 99
89 c 21 24 472 0 972 10 28 37 92 93 99
90 c 31 52 472 0 972 10 27 21 93 94 97 98
91 c 35 17 472 0 972 10 7 6 98
92 c 47 47 473 0 973 10 13 21 96 97 100
93 c 22 27 474 0 974 10 11 8 94 96 100
94 c 41 49 474 0 974 10 10 2 95 97
95 c 25 24 475 0 975 10 20 29 100
96 c 50 35 475 0 975 10 19 17 98 99 100
97 c 26 27 477 0 977 10 27 18
98 c 27 43 478 0 978 10 9 1 99 100
99 c 45 30 478 0 978 10 17 20 100
100 c 36 26 480 849 980 10 18 27

