StringID Type x y release ReadyTime DueDate ServiceTime weight volume Item_Conflitante1 Item_Conflitante2 Item_Conflitante3 Item_Conflitante4 Item_Conflitante5 Item_Conflitante6 Item_Conflitante7 Item_Conflitante8 Item_Conflitante9 Item_Conflitante10 Item_Conflitante11 Item_Conflitante12 Item_Conflitante13 Item_Conflitante14 Item_Conflitante15 Item_Conflitante16 Item_Conflitante17 Item_Conflitante18 Item_Conflitante19 Item_Conflitante20 Item_Conflitante21 Item_Conflitante22 Item_Conflitante23 Item_Conflitante24 Item_Conflitante25 Item_Conflitante26 Item_Conflitante27 Item_Conflitante28 Item_Conflitante29 Item_Conflitante30 Item_Conflitante31 Item_Conflitante32 Item_Conflitante33 Item_Conflitante34 Item_Conflitante35 Peso_Total Volume_Total
0 d 40 50 0 0 960 0 0 0                                    1000 1000
1 c 60 80 16 64 184 10 10 2 4 5 6 10 17 19 26 31 35 37 39 42 43 45 46 51 52 61 63 64 66 68 69 74 75 76 82 84 85 86 88 90 96 98
2 c 62 80 16 278 398 10 30 21 3 4 6 7 10 11 12 17 18 20 23 26 28 29 32 47 55 56 59 64 68 69 74 75 76 81 86 88 93 94 97 99
3 c 55 80 16 33 153 10 10 4 6 9 10 11 12 23 26 29 33 43 44 45 46 51 58 63 64 65 67 68 71 72 73 74 75 76 79 80 83 84 87 92 97 98 99
4 c 65 85 16 43 163 10 40 34 5 12 18 19 21 23 25 26 30 33 34 36 39 41 45 47 50 55 60 63 65 67 70 72 76 78 80 82 87 89 90 91 96 100
5 c 55 82 16 217 337 10 10 12 6 9 10 11 18 20 21 26 29 42 46 52 56 58 59 67 68 69 72 76 77 78 82 83 84 86 87 88 89 90 92 93 96 97 99
6 c 85 25 16 80 200 10 10 10 12 14 18 20 21 22 26 38 43 45 48 49 52 60 63 64 65 66 68 71 72 76 79 80 81 82 86 89 91 94 100
7 c 20 82 16 37 157 10 10 10 10 11 12 18 19 24 27 34 35 38 39 42 43 45 46 47 53 54 58 67 68 71 77 81 83 85 87 91 92 100
8 c 88 30 16 246 366 10 10 15 9 10 18 21 23 27 28 29 31 36 42 43 45 52 53 54 55 56 59 61 62 67 68 73 77 80 89 98 99 100
9 c 26 35 16 308 428 10 15 10 35 36 38 42 44 45 47 49 54 55 56 62 63 64 65 67 69 73 79 80 91 92 93 94 95 100
10 c 95 35 16 146 266 10 20 19 16 19 22 28 35 36 39 40 42 43 45 46 50 53 59 64 65 67 68 69 75 82 84 89 98 100
11 c 6 68 16 352 472 10 30 20 12 14 17 22 24 26 31 36 37 40 41 45 47 51 52 58 71 74 76 78 86 90 91 93 97 98 99
12 c 38 5 16 201 321 10 30 28 14 18 21 23 28 30 33 36 37 43 47 51 52 53 58 59 62 67 70 72 80 82 86 90 91 93 94 98 100
13 c 60 85 16 329 449 10 30 20 14 15 21 28 31 33 40 43 46 48 51 61 62 70 71 74 75 76 80 86 87 88 89 90 92 93 94 95
14 c 60 12 16 268 388 10 31 38 16 17 20 24 26 29 31 41 43 48 49 55 57 59 64 80 83 87 90 97 99 100
15 c 65 35 16 167 287 10 3 13 19 22 25 26 28 30 35 38 49 52 61 64 65 67 69 73 77 82 86 87 90 94 99
16 c 12 24 16 359 479 10 13 22 19 22 23 29 30 40 41 42 50 53 59 60 61 62 64 65 67 68 76 78 79 80 81 83 84 85 90 99
17 c 2 40 16 174 294 10 20 28 18 22 24 25 26 34 38 41 45 49 51 59 60 61 78 80 82 84 86 87 93
18 c 24 58 16 260 380 10 19 9 19 20 21 23 24 30 37 39 42 44 51 54 55 56 58 59 62 64 66 69 70 71 73 74 75 77 78 82 83 86 89 94 95 98 100
19 c 31 52 16 157 277 10 27 30 20 30 37 40 45 49 51 53 54 57 64 69 76 78 79 81 82 89 96 97
20 c 64 42 16 268 388 10 9 16 21 23 24 25 28 32 37 38 42 50 53 54 59 60 62 63 65 66 71 72 75 82 84 87 89 94 100
21 c 53 43 16 14 134 10 14 18 22 24 25 27 28 29 36 37 41 43 45 47 48 49 50 51 54 55 56 68 70 75 77 79 81 83 85 87 88 94 97 100
22 c 35 40 16 11 131 10 16 6 25 27 28 32 35 36 37 40 45 46 51 55 56 67 70 71 72 76 78 81 82 84 86 88 91 93 98
23 c 45 30 16 191 311 10 17 26 26 34 39 48 49 59 60 61 62 67 70 73 76 79 82 83 84 85 90 91 94 96 98 100
24 c 8 40 16 195 315 10 40 46 28 31 46 48 49 54 55 58 63 66 68 72 74 75 76 80 81 82 87 88 90 92 95 97
25 c 8 56 16 365 485 10 27 29 26 30 32 42 43 45 48 50 51 55 57 59 60 61 62 67 69 71 77 78 90 92 98 99 100
26 c 15 80 16 367 487 10 10 3 33 34 35 36 41 49 51 52 54 55 59 61 65 68 70 74 79 80 81 82 84 88 91 96
27 c 10 35 16 371 491 10 20 13 32 33 34 42 43 46 64 66 71 75 76 83 86 88 92 94 95 96 97
28 c 20 50 16 375 495 10 5 13 30 32 40 41 42 43 44 47 52 69 74 75 77 79 80 81 82 83 86 88 90 96 97
29 c 40 15 16 375 495 10 40 48 32 33 38 44 47 49 52 54 55 56 58 62 65 66 68 71 74 76 78 79 82 85 89 94 96 97
30 c 58 75 16 376 496 10 20 10 37 39 41 42 45 47 62 64 68 70 71 74 75 78 87 88 95
31 c 18 75 197 388 508 10 20 22 32 33 35 39 42 43 46 48 49 51 54 55 56 64 65 66 68 70 75 80 83 86 87 94 96 100
32 c 57 29 197 395 515 10 18 10 33 34 39 46 49 57 59 64 68 69 72 73 74 75 79 80 83 85 86 88 90 92 94 95 96 97
33 c 42 12 197 440 560 10 10 15 36 39 40 41 43 46 47 51 54 57 59 60 63 65 66 67 74 79 80 82 86 87 89 91 92 96 98 99
34 c 10 40 197 519 639 10 30 26 35 38 42 43 44 45 52 56 59 60 63 66 68 70 71 73 78 83 87 93 98
35 c 50 35 197 557 677 10 19 20 36 38 39 40 41 42 46 50 51 52 54 56 59 60 62 72 77 78 79 93 96 99
36 c 41 37 297 566 686 10 16 24 41 42 43 45 46 48 49 51 52 56 59 61 63 68 71 72 73 77 81 85 86 87 88 89 95 96 98 99 100
37 c 30 60 297 599 719 10 16 7 48 60 64 67 68 69 73 77 78 80 81 86 89 90 92 95 97 98
38 c 40 60 297 612 732 10 21 24 39 40 44 47 53 57 65 74 78 79 84 87 91 96 98
39 c 20 80 297 644 764 10 40 45 40 44 46 51 53 55 62 63 72 74 77 78 82 85 88 93
40 c 20 20 297 645 765 10 8 15 41 42 48 56 63 66 69 73 80 85 88 89 92 97 100
41 c 5 35 297 653 773 10 10 10 49 57 58 59 71 72 73 75 76 80 81 83 89 90 96 99 100
42 c 67 85 297 657 777 10 20 16 43 45 47 49 50 51 53 54 55 57 64 69 71 72 76 77 82 90 93 94 96 98 99
43 c 0 45 343 703 823 10 20 10 46 51 53 54 55 56 60 62 65 67 70 76 77 79 81 83 84 86 87 90 91 93 96 100
44 c 23 3 404 764 884 10 7 1 47 53 58 59 60 61 63 64 67 74 76 77 79 88 92 98
45 c 95 30 411 0 891 10 30 35 48 53 56 57 62 67 74 75 76 78 83 88 91 92 93 95 99 100
46 c 5 5 412 0 892 10 16 21 48 50 51 53 54 59 77 78 79 86 87 89 92 94 98 99
47 c 92 30 414 0 894 10 10 8 51 52 54 56 57 59 60 61 62 63 65 66 70 81 83 85 87 89 90 97 99
48 c 90 35 417 0 897 10 10 13 50 52 54 63 65 71 76 78 81 82 85 87 88 93 95
49 c 67 5 417 0 897 10 25 35 50 52 55 56 58 63 65 66 75 76 82 84 85 90 91
50 c 87 30 418 0 898 10 10 16 57 59 73 80 84 88 92 95 96 97 99
51 c 88 35 419 0 899 10 20 13 54 58 61 62 64 66 67 68 77 80 82 86 87 90 91 92
52 c 4 18 424 0 901 10 35 38 53 55 56 62 64 66 72 77 80 82 90 92 93 96 98
53 c 85 35 424 0 902 10 30 34 58 59 63 67 69 71 76 81 83 84 85 86 87 93 98
54 c 15 10 424 782 902 10 20 27 56 60 70 71 76 83 86 88 89 90 91 94 95 100
55 c 44 5 424 0 904 10 20 26 58 60 65 66 68 73 79 81 82 84 85 99 100
56 c 35 5 424 784 904 10 20 19 58 61 68 72 77 78 79 83 97 98 99
57 c 42 5 424 0 904 10 10 2 58 62 64 76 79 85 86 88 89 90 91 93 95 100
58 c 40 5 425 0 905 10 10 1 59 61 62 65 69 71 72 75 76 80 85 89 90 95 100
59 c 10 20 427 0 907 10 19 22 62 67 68 69 71 72 82 84 86 93 97 100
60 c 0 40 428 0 908 10 20 14 61 66 77 79 81 83 84 87 88 89 93 99
61 c 65 82 429 0 909 10 10 11 62 63 64 65 68 74 75 82 85 93 97
62 c 20 85 429 0 909 10 20 16 63 68 76 80 82 84 87 91 95 99
63 c 42 10 429 0 909 10 40 32 67 68 72 77 84 89 90 91 92 94 95 97
64 c 22 85 430 0 910 10 10 14 66 73 76 77 79 82 83 88 90 93 100
65 c 2 60 430 0 910 10 5 6 69 71 73 76 82 85 92 95 96 97 98
66 c 65 20 430 0 910 10 6 1 72 74 75 76 87 90 92 94 95 96
67 c 2 45 431 0 911 10 10 18 68 69 72 73 76 79 81 82 83 84 85 91 96 97 100
68 c 25 85 432 0 911 10 20 29 72 77 80 83 85 89 90 94 97 98
69 c 55 85 432 0 911 10 20 20 71 76 77 81 85 86 87 88 89 97 99
70 c 18 80 432 0 912 10 10 3 73 74 76 78 81 82 89 91 92 93 99
71 c 63 23 434 0 914 10 2 1 78 88 90 92 98 100
72 c 72 35 434 0 914 10 30 39 73 82 83 86 93 96 99
73 c 15 75 434 0 914 10 20 20 77 80 81 89 91 94 96 98
74 c 5 45 434 0 914 10 10 5 75 76 78 80 81 84 85 86 87 89 94 95 97
75 c 42 15 434 0 914 10 10 5 76 83 84 88 90 94 99 100
76 c 38 15 434 0 914 10 10 10 77 87 89 90 93 95 97 99
77 c 55 20 436 0 916 10 19 11 82 91 93 97
78 c 21 24 437 0 917 10 28 24 79 81 86 87 88 89 90 91 92 96 97 98 100
79 c 8 45 437 0 917 10 20 19 91 92 93 95 98
80 c 22 75 443 0 919 10 30 37 81 83 87 94 97 99
81 c 63 65 443 0 922 10 8 16 82 84 85 87 88 89 94 100
82 c 15 60 443 0 923 10 17 9 83 90 92 93 94 100
83 c 30 25 443 0 923 10 23 28 84 86 87 88 95 96 98 99 100
84 c 65 55 444 0 924 10 14 22 85 90 91 95 96 97 100
85 c 25 30 445 0 925 10 3 7 88 92 95 97 100
86 c 61 52 448 808 928 10 3 9 90 95 98
87 c 56 37 449 0 929 10 6 10 88 90 93 94 97 98
88 c 35 69 450 810 930 10 23 25 90 91 93 94 99
89 c 37 31 450 0 930 10 14 15 90 95 98
90 c 31 67 451 810 930 10 3 9 92 93 97
91 c 55 60 451 0 931 10 16 26 97 100
92 c 57 48 452 0 932 10 23 29 95
93 c 45 65 454 0 934 10 9 14 96 98
94 c 55 54 454 0 934 10 26 21 100
95 c 27 43 455 0 935 10 9 3 98 100
96 c 26 52 455 0 935 10 9 1 97
97 c 49 58 457 0 937 10 10 5
98 c 49 42 457 0 937 10 13 12 99
99 c 47 47 462 822 942 10 13 8
100 c 37 47 465 0 945 10 6 16

