StringID Type x y release ReadyTime DueDate ServiceTime weight volume Item_Conflitante1 Item_Conflitante2 Item_Conflitante3 Item_Conflitante4 Item_Conflitante5 Item_Conflitante6 Item_Conflitante7 Item_Conflitante8 Item_Conflitante9 Item_Conflitante10 Item_Conflitante11 Item_Conflitante12 Item_Conflitante13 Item_Conflitante14 Item_Conflitante15 Item_Conflitante16 Item_Conflitante17 Item_Conflitante18 Item_Conflitante19 Item_Conflitante20 Item_Conflitante21 Item_Conflitante22 Item_Conflitante23 Item_Conflitante24 Item_Conflitante25 Item_Conflitante26 Item_Conflitante27 Item_Conflitante28 Item_Conflitante29 Item_Conflitante30 Item_Conflitante31 Item_Conflitante32 Item_Conflitante33 Item_Conflitante34 Item_Conflitante35 Item_Conflitante36 Item_Conflitante37 Item_Conflitante38 Item_Conflitante39 Item_Conflitante40 Peso_Total Volume_Total
0 d 40 50 0 0 1236 0 0 0                                         200 200
1 c 0 40 10 474 527 90 30 25 2 3 4 9 10 12 19 21 29 30 33 35 37 39 42 47 51 52 54 56 57 60 61 63 67 68 69 73 74 75 76 79 81 82 84 87 89 92 93 99
2 c 35 30 10 240 345 90 10 19 7 18 19 20 24 26 27 28 29 36 37 38 42 46 47 49 56 57 59 61 62 63 67 68 71 72 79 84 85 87 89 91 94 95 99
3 c 35 32 10 123 278 90 10 2 8 18 22 30 33 35 41 42 46 50 55 58 67 70 72 73 89 93
4 c 33 32 10 19 225 90 20 17 12 15 25 31 32 34 35 37 38 39 40 41 45 46 47 51 52 56 57 58 59 60 66 67 73 78 79 82 89 93 94 99 100
5 c 32 30 10 338 433 90 10 15 7 12 17 18 24 30 31 35 38 40 41 42 43 48 50 57 60 62 66 80 85 86 89 91 94 95 96
6 c 30 32 10 415 542 90 30 20 7 8 12 17 25 28 30 34 38 40 41 43 47 50 52 53 63 64 65 68 75 80 81 86 87 90 97
7 c 62 80 10 163 272 90 30 25 11 14 15 16 18 21 25 30 32 33 36 37 38 41 45 51 53 58 63 66 68 69 71 75 80 84 86 87 89 93 95 99
8 c 65 82 10 227 394 90 10 16 14 18 20 21 23 24 27 28 30 31 35 36 42 43 44 47 49 50 56 59 63 68 72 74 75 76 95 96 97 98 99
9 c 65 85 10 442 551 90 40 40 14 20 21 25 26 27 28 30 32 44 50 53 55 60 66 70 72 75 78 81 85 95 100
10 c 67 85 10 229 580 90 20 26 11 14 19 20 23 24 26 28 31 32 41 42 43 46 54 61 66 67 72 79 82 86 88 92 93 97 98
11 c 44 5 10 221 412 90 20 30 15 16 22 23 24 26 28 29 33 35 36 37 41 42 47 51 55 56 66 71 75 77 85 86 91 92 97 100
12 c 42 10 10 96 347 90 40 44 14 16 17 18 19 21 34 35 37 42 44 46 49 51 59 63 66 67 68 69 75 78 81 84 87 90 94 96
13 c 42 15 10 35 233 90 10 20 26 34 35 39 40 42 46 49 64 66 72 73 77 81 85 86 90 91 93 99
14 c 40 5 10 347 474 90 30 27 20 22 24 25 26 27 28 31 35 50 55 60 62 63 70 72 74 75 76 80 82 88 89 94 97 98 100
15 c 40 15 10 35 172 90 40 37 16 18 25 27 36 37 41 44 49 51 53 57 61 62 64 65 70 74 78 79 82 85 86 88 90 92 95 99 100
16 c 38 5 10 403 602 90 30 30 17 22 26 29 31 33 35 38 39 48 50 54 55 63 64 66 74 75 77 79 80 82 83 86 92 93 94
17 c 50 35 10 217 362 90 20 25 23 28 37 39 43 46 49 50 53 54 56 59 68 69 78 83 86 87 99
18 c 72 55 10 127 476 90 10 15 20 21 22 24 26 27 28 29 31 40 41 42 48 52 53 55 58 61 64 68 72 73 74 75 77 83 87 91 97 98 99 100
19 c 75 55 10 311 478 90 20 17 22 24 25 33 34 38 40 44 46 48 49 50 51 52 58 60 61 68 73 76 77 79 84 93 94 97
20 c 85 35 10 47 331 90 30 33 22 23 24 25 28 30 32 33 37 41 45 51 53 59 63 74 75 77 78 80 82 83 84 90 93 94 98 99
21 c 88 35 10 50 237 90 20 20 24 25 34 36 39 69 74 83 88 89 90 91 93 95 99 100
22 c 90 35 10 153 310 90 10 17 25 26 28 30 31 32 33 34 39 42 44 45 46 48 49 52 55 57 58 60 69 76 79 80 81 83 84 87 90 91 98
23 c 65 55 10 25 256 90 20 29 34 37 41 43 46 47 50 53 54 55 56 62 69 72 75 76 80 82 86 87
24 c 2 40 10 365 452 90 20 30 26 34 37 39 41 48 49 50 55 59 62 64 66 78 80 81 83 86 87 91 92 99
25 c 53 35 10 294 471 90 50 48 26 32 34 37 38 45 47 49 50 56 61 62 63 67 69 77 81 82 86 87 89 90 95 97 98 100
26 c 95 35 10 181 472 90 20 30 30 36 37 42 46 58 60 68 80 83 88 89 95 97 99
27 c 95 30 10 266 577 90 30 27 29 34 37 39 40 41 45 46 47 49 50 52 60 61 63 69 70 73 77 78 84 86 89 90 92
28 c 47 40 10 12 226 90 10 1 29 37 39 40 45 47 49 51 60 61 63 65 72 78 79 81 82 87 90 93 99 100
29 c 60 55 10 20 293 90 10 2 35 46 54 56 58 59 60 64 65 73 76 77 79 80 83 92 93
30 c 48 40 10 34 171 90 10 16 35 38 42 44 46 59 61 63 79 81 82 83 85 86 87 89 90 93 97 98
31 c 50 40 10 142 247 90 50 60 45 48 51 52 55 62 63 67 70 73 75 77 81 82 86 88 89 92
32 c 53 30 10 402 553 90 10 11 33 37 39 48 49 50 56 58 61 67 70 75 76 78 89 93 96 97 99 100
33 c 5 35 10 251 376 90 10 5 37 41 51 53 59 61 62 64 66 67 68 74 77 79 83 86 88 90 92 96
34 c 33 35 10 16 153 90 10 16 37 39 44 45 46 56 58 59 62 63 64 66 75 77 78 79 80 83 91 93
35 c 8 40 10 42 203 90 40 36 43 48 50 51 53 56 58 61 66 70 74 83 89 90 92 94
36 c 15 80 10 274 349 90 10 9 38 40 47 49 50 57 62 63 65 71 74 76 79 84 85 94 95 96 97
37 c 15 75 10 172 261 90 20 19 45 47 48 53 56 58 61 62 64 70 72 73 77 79 80 83 84 86 91 93 95 96 98
38 c 18 75 10 105 142 90 20 19 43 45 48 51 52 53 58 64 67 69 71 73 79 81 82 92 93 100
39 c 20 85 10 478 525 90 40 47 44 45 52 58 63 64 71 72 79 82 84 88 89 93 94 95
40 c 20 80 10 392 421 90 40 41 41 42 43 56 58 59 60 63 64 69 70 71 77 80 81 82 83 84 89 94 100
41 c 22 85 10 571 616 90 10 5 44 50 51 58 62 66 67 69 70 73 76 79 83 88 93 95 97
42 c 30 50 10 10 77 90 10 14 44 46 47 49 56 59 60 66 75 76 77 78 87 89 98
43 c 22 75 10 30 95 90 30 39 44 47 50 51 55 67 71 75 76 77 82 84 85 87 89 91 92 99 100
44 c 35 66 10 361 406 90 10 2 46 47 48 49 52 53 57 61 64 65 72 75 76 83 84 86 88
45 c 38 68 10 250 329 90 20 13 49 50 51 52 57 63 65 66 69 70 73 79 80 85 86 88 89 95
46 c 40 66 10 172 223 90 20 29 47 48 54 57 58 59 67 71 74 77 78 79 81 82 86 87 88 90 95 99
47 c 42 65 10 15 60 90 10 16 52 58 61 62 68 70 74 77 78 79 87 93 97
48 c 42 66 10 55 156 90 10 18 53 58 65 66 67 72 74 77 78 79 82 84 88 90 97 100
49 c 58 75 10 30 227 90 20 22 53 59 65 69 70 72 76 81 82 83 84 85 86 87 88 94 95 100
50 c 35 69 10 450 503 90 10 5 56 66 67 70 71 75 78 80 82 85 88 92 93 96
51 c 60 80 10 36 291 90 10 4 54 57 58 61 62 66 69 75 76 78 79 82 85 86 92 93 96 97
52 c 66 55 10 67 344 90 10 8 54 57 58 60 61 62 63 64 67 68 69 72 75 80 81 82 83 87 89 92 94 96 99
53 c 25 50 10 55 154 90 10 13 55 56 62 68 72 81 90 92 95 98
54 c 10 40 10 31 189 90 30 26 55 56 58 59 63 65 66 67 72 74 80 82 92 94 95 96 98 100
55 c 25 52 10 172 221 90 40 48 62 63 64 66 67 73 77 80 82 84 86 89 93 95 98
56 c 10 35 10 204 233 90 20 11 59 61 63 65 66 68 69 71 74 75 82 86 87 89 91 95 97 99
57 c 23 52 10 264 313 90 10 15 59 60 61 63 65 72 73 78 79 81 83 85 88 89 93 94 98 100
58 c 20 55 10 452 501 90 10 12 66 67 69 73 76 78 80 81 82 89 92 93 97
59 c 23 55 10 553 586 90 20 30 66 72 77 78 81 82 85 87 88 90 97 100
60 c 20 50 10 365 398 90 10 11 63 65 68 74 76 77 79 82 86 87 91 92 93 96 97 99
61 c 30 30 10 513 628 90 10 12 62 64 67 71 74 75 78 84 85 86 88 92 94 96 97
62 c 70 58 291 349 632 90 20 26 63 64 65 66 67 75 78 82 83 84 88 100
63 c 0 45 291 541 650 90 20 15 67 68 76 77 78 79 82 83 84 85 86 92 93 97 98 99
64 c 38 70 291 489 650 90 10 17 67 68 69 72 79 80 82 87 90 91 92 94 95 96 97 99
65 c 92 30 291 345 684 90 10 1 67 69 74 75 85 87 94 96 97 99
66 c 68 60 291 476 691 90 30 36 70 71 74 77 80 82 84 85 90 95 98
67 c 35 5 291 487 704 90 20 12 69 73 74 79 83 85 86 90 92 94 95 96
68 c 25 55 291 612 711 90 10 8 69 71 73 76 80 84 89 95 100
69 c 60 85 291 469 714 90 30 40 71 72 77 83 85 86 87 88 90 94
70 c 50 30 291 422 719 90 10 3 80 85 88 90 92 96 99
71 c 25 85 291 647 726 90 20 18 76 77 79 80 81 83 86 90 91 93 97
72 c 28 30 291 599 726 90 10 2 74 75 77 81 87 90 92 93 94 99
73 c 5 45 291 648 733 90 10 4 76 77 78 79 80 81 82 84 95 98 99 100
74 c 48 30 291 567 758 90 10 19 75 77 80 82 84 85 87 90 97 100
75 c 40 69 291 559 764 90 20 12 77 80 82 84 86 89 91 96 98 100
76 c 88 30 291 450 767 90 10 14 80 81 82 83 85 87 89 91 94 96 98
77 c 28 55 291 739 770 90 10 7 80 83 85 86 90 93
78 c 45 30 291 716 795 90 10 12 82 85 90 97 99
79 c 42 68 291 703 806 90 10 13 84 87 88 91 94 96 98
80 c 65 60 291 546 807 90 30 32 86 87 88 90 91
81 c 25 30 291 695 816 90 10 5 83 85 86 90 96 100
82 c 87 30 291 567 832 90 10 10 87 96 98
83 c 8 45 291 715 852 90 20 24 89 94 96 99 100
84 c 38 15 291 521 870 90 10 4 85 87 91 95
85 c 85 25 291 713 876 90 10 19 87 89 92 95 96 98
86 c 45 70 291 816 879 90 30 35
87 c 55 85 291 493 880 90 20 16 88 91 95 96 99
88 c 28 52 291 806 889 90 20 13 92 97 98 99
89 c 47 35 291 794 907 90 10 13 90 92 96 98
90 c 63 58 291 630 909 90 10 19 93 97
91 c 26 32 406 779 916 90 10 17 97 98
92 c 60 60 406 769 956 90 10 13 98 99 100
93 c 30 52 406 918 961 90 20 13 96 99 100
94 c 55 80 406 595 968 90 10 9 96 99 100
95 c 45 68 406 890 989 90 10 8 97
96 c 45 35 406 873 1012 90 10 7 97
97 c 25 35 406 857 1024 90 10 12 100
98 c 45 65 496 951 1114 90 20 27 99
99 c 28 35 508 917 1126 90 10 1 100
100 c 30 35 509 872 1127 90 10 6

