StringID Type x y release ReadyTime DueDate ServiceTime weight volume Item_Conflitante1 Item_Conflitante2 Item_Conflitante3 Item_Conflitante4 Item_Conflitante5 Item_Conflitante6 Item_Conflitante7 Item_Conflitante8 Item_Conflitante9 Item_Conflitante10 Item_Conflitante11 Item_Conflitante12 Item_Conflitante13 Item_Conflitante14 Item_Conflitante15 Item_Conflitante16 Item_Conflitante17 Item_Conflitante18 Item_Conflitante19 Item_Conflitante20 Item_Conflitante21 Item_Conflitante22 Item_Conflitante23 Item_Conflitante24 Item_Conflitante25 Item_Conflitante26 Item_Conflitante27 Item_Conflitante28 Item_Conflitante29 Item_Conflitante30 Item_Conflitante31 Item_Conflitante32 Item_Conflitante33 Item_Conflitante34 Peso_Total Volume_Total
0 d 40 50 0 0 1236 0 0 0                                   200 200
1 c 50 40 70 100 289 90 50 40 3 8 10 11 16 19 26 27 33 37 38 40 42 44 45 55 56 58 59 62 64 65 66 72 82 83 85 88 89 90
2 c 8 40 70 33 313 90 40 43 7 9 10 13 20 26 28 36 41 42 43 45 46 48 51 57 60 66 71 72 75 78 82 83 89 90 93 96 98 99 100
3 c 67 85 70 257 552 90 20 30 5 8 11 12 14 15 16 18 24 28 29 30 36 55 56 57 61 62 68 70 71 72 74 75 78 79 82 83 84 85 91 94 100
4 c 5 35 70 191 436 90 10 4 5 10 12 19 20 21 22 27 30 32 37 39 51 52 62 66 67 68 74 76 78 79 85 89 90 93 94 95 98 100
5 c 95 35 70 194 459 90 20 30 13 17 19 25 27 29 31 35 41 46 50 51 52 54 55 56 60 62 63 64 65 67 70 74 80 81 82 84 86 87 91 93 94 98
6 c 2 40 70 305 512 90 20 22 7 10 11 12 15 17 19 21 23 24 29 33 34 40 42 45 46 48 56 61 63 77 79 83 85 86 90 95 96
7 c 0 40 70 414 587 90 30 28 16 17 18 21 22 33 35 36 39 42 44 47 52 54 56 58 59 61 62 63 65 66 68 69 74 75 84 95 98 100
8 c 88 35 70 50 295 90 20 15 10 11 15 18 20 24 27 28 30 33 36 38 39 40 43 44 46 47 51 53 55 58 61 68 72 74 76 80 81 85 91 97
9 c 35 30 70 180 405 90 10 2 10 11 15 16 23 24 29 30 32 36 40 42 44 51 56 57 60 61 65 67 71 72 80 81 83 86 87 90 94
10 c 35 32 70 63 338 90 10 19 14 18 19 23 27 30 35 36 42 44 53 56 60 62 64 70 71 73 74 76 80 86 87 89 90 95 97 98
11 c 33 32 70 19 345 90 20 10 12 14 22 31 34 35 36 56 62 63 64 66 68 69 73 74 79 80 91 98
12 c 33 35 70 16 273 90 10 11 17 21 22 26 28 29 30 32 35 37 38 42 44 45 47 52 53 56 60 62 63 64 70 73 76 77 83 92 93 96 99 100
13 c 32 30 70 278 493 90 10 8 16 19 20 24 32 33 36 37 40 42 47 49 50 51 52 53 56 61 63 65 73 76 77 80 81 88 89 92 95 98
14 c 30 32 70 355 602 90 30 33 15 16 19 21 23 24 33 34 37 39 47 52 53 57 60 61 62 64 68 69 70 71 75 79 81 86 88 89 92 93 97
15 c 60 55 70 20 276 90 10 17 16 19 20 21 26 27 32 39 41 42 43 49 50 51 53 55 62 63 64 67 72 74 78 79 82 83 86 88 90 95 99
16 c 95 30 70 284 559 90 30 29 18 19 20 21 25 27 28 31 39 40 44 45 47 49 50 52 53 57 61 63 68 81 86 95 99 100
17 c 75 55 70 293 496 90 20 14 26 31 37 43 46 51 56 58 60 61 66 75 78 80 84 86 91 93 94 98 100
18 c 65 55 70 25 260 90 20 24 19 27 28 31 33 35 36 39 40 42 44 55 58 65 66 72 74 77 79 82 84 91 92 97 99 100
19 c 66 55 70 76 335 90 10 8 20 21 23 25 34 37 44 45 46 48 52 54 58 64 66 69 72 75 76 77 89 95 96 98
20 c 44 5 70 193 440 90 20 25 24 29 32 34 35 37 43 47 49 54 59 61 64 65 68 72 75 76 77 78 81 84 87
21 c 42 10 70 78 365 90 40 35 24 25 29 40 53 57 60 61 67 68 69 70 71 72 73 74 75 77 84 87 90 95
22 c 42 15 70 35 287 90 10 14 23 26 27 32 33 34 43 44 46 49 50 56 57 58 59 61 62 64 65 66 69 71 72 75 77 79 82 83 95 99
23 c 40 5 70 308 513 90 30 36 25 26 27 30 36 39 43 45 49 51 53 56 61 62 63 64 65 67 70 72 73 74 78 80 85 91 92 93 94 95 98
24 c 40 15 70 35 246 90 40 31 25 27 31 37 38 44 48 49 50 54 57 59 60 63 64 72 80 82 84 87 89 90 91 92 93 94 95 98
25 c 47 40 70 12 275 90 10 8 27 37 38 39 44 46 54 61 62 67 69 71 80 83 88 89 90 95 96 97
26 c 72 55 70 154 449 90 10 16 31 33 40 42 44 54 57 60 67 71 74 76 77 79 84 90 94 97 98 99
27 c 50 35 70 181 398 90 20 13 34 38 39 47 48 50 52 54 60 61 62 69 70 71 75 76 79 82 84 91 94 99
28 c 10 35 70 144 293 90 20 28 29 31 33 36 37 44 46 48 51 53 60 63 68 81 82 84 88 93 94 95 96 99
29 c 20 55 70 368 585 90 10 13 30 35 38 46 48 49 56 57 63 66 71 77 83 84 91 95 96 100
30 c 10 40 70 31 309 90 30 22 35 39 41 44 47 50 54 55 56 62 63 65 70 73 75 84 94 95 96
31 c 22 75 70 30 280 90 30 31 33 39 42 43 48 55 63 67 71 72 73 74 75 83 85 88 90 93
32 c 58 75 70 30 248 90 20 12 33 37 38 43 44 45 50 52 54 56 58 59 66 70 72 79 81 94 96
33 c 90 35 70 119 344 90 10 14 38 46 49 52 55 58 65 73 74 75 78 80 84 85 87 94 97 98 100
34 c 42 66 70 16 336 90 10 1 38 39 43 44 48 54 58 60 61 65 68 71 72 73 78 79 82 84 93 100
35 c 60 80 70 36 283 90 10 5 39 42 44 47 54 56 60 61 63 67 68 71 74 75 76 81 83 91 94 97
36 c 42 65 70 15 226 90 10 16 37 40 41 42 46 49 51 53 54 58 59 64 70 71 76 79 81 86 87 90 99
37 c 85 35 70 47 356 90 30 25 38 40 43 48 49 50 51 52 54 55 56 59 60 61 64 66 75 76 77 79 80 85 88 91 92 93 95 96 97
38 c 40 66 70 87 308 90 20 12 41 42 43 44 47 50 52 53 54 56 57 63 66 69 73 76 78 79 81 94 96 99
39 c 38 68 70 150 429 90 20 22 41 43 44 54 61 62 63 65 72 75 76 77 79 81 82 85 88 90 92 93 94 96
40 c 53 35 70 263 502 90 50 60 47 49 66 69 73 74 76 81 83 90 92 95 96 99
41 c 35 66 70 279 488 90 10 8 46 51 52 57 59 62 68 71 75 76 77 79 90 91 95
42 c 35 69 70 363 590 90 10 19 43 44 46 47 49 51 52 54 55 56 59 61 62 63 66 68 71 75 79 80 85 92 95 99
43 c 20 50 70 288 475 90 10 9 44 46 49 50 54 56 60 69 71 73 76 80 84 87 90 93 97
44 c 48 40 70 12 223 90 10 6 47 48 49 50 56 64 65 67 69 74 77 82 85 87 88 91 93 94
45 c 62 80 70 130 305 90 30 36 49 50 54 55 56 57 58 59 60 61 66 69 70 72 81 82 83 84 89 92 93 99 100
46 c 23 52 70 179 398 90 10 6 47 48 50 51 53 54 57 60 61 62 64 68 70 75 76 82 85 86 87 94 99 100
47 c 20 85 70 394 609 90 40 37 51 53 56 58 64 66 68 74 78 82 86 89 90 91 98
48 c 18 75 70 33 226 90 20 20 50 51 58 59 60 64 65 68 69 71 74 75 77 85 89 93
49 c 15 75 70 68 365 90 20 18 50 55 56 62 64 65 66 73 75 77 78 85 87 93 100
50 c 15 80 70 176 447 90 10 2 53 61 62 63 67 70 75 83 84 87 88 91 92
51 c 53 30 70 367 588 90 10 2 54 56 57 60 63 68 70 73 78 79 83 86 88 91 95 97 98 100
52 c 30 50 70 10 265 90 10 16 55 57 62 67 72 76 77 79 81 83 86 88 90 92 93 94 96
53 c 20 80 70 318 495 90 40 41 54 58 59 61 62 63 65 70 72 73 77 86 88 89 91 95
54 c 65 82 70 209 412 90 10 14 56 61 62 67 71 72 74 77 80 82 84 87 88 89 92 94 96 97 100
55 c 65 85 70 409 584 90 40 46 56 57 58 63 64 70 76 78 82 83 88 95 98
56 c 25 50 70 15 333 90 10 17 58 59 61 64 66 67 68 71 75 79 80 81 82 84 86
57 c 25 52 70 88 305 90 40 31 58 60 64 65 70 72 75 76 81 83 84 87 90 92 93 95 98 100
58 c 70 58 70 360 621 90 20 15 60 68 71 72 75 78 79 81 84 85 89 93 100
59 c 38 5 70 376 629 90 30 29 62 65 71 78 84 86 91 92 94
60 c 92 30 70 370 659 90 10 20 65 66 67 70 79 80 83 86 87 88 92 94 95
61 c 23 55 70 476 663 90 20 27 63 67 74 81 82 86 89 95 96 97 98 99
62 c 30 30 70 453 688 90 10 8 63 66 68 70 74 76 82 86 87 90 94 95 100
63 c 68 60 294 470 697 90 30 31 65 66 67 68 69 79 82 85 92 95 96 97 99 100
64 c 22 85 294 489 698 90 10 19 69 70 72 74 79 85 86 92 97
65 c 0 45 294 481 710 90 20 17 66 74 82 83 85 92 95 96 99
66 c 38 70 294 429 710 90 10 12 67 68 78 82 85 92 96 99
67 c 60 85 294 470 713 90 30 37 70 72 76 77 79 81 84 85 86 87 96 97
68 c 35 5 294 463 728 90 20 22 69 81 84 85 88 94 97 98 99
69 c 50 30 294 412 729 90 10 5 73 76 77 79 84 87 89 93 95 96 97 98 99
70 c 88 30 294 469 748 90 10 15 76 77 78 84 89 93 98 100
71 c 28 30 294 539 786 90 10 8 72 75 90 99 100
72 c 48 30 294 539 786 90 10 19 73 75 76 79 80 84 85 94 95 96
73 c 5 45 294 588 793 90 10 10 74 80 82 84 89 90 95 96 97 98
74 c 65 60 294 551 802 90 30 27 76 77 82 85 86 87 89 90 99 100
75 c 25 55 294 502 821 90 10 8 80 82 88 93 99 100
76 c 40 69 294 499 824 90 20 29 77 79 80 96 97 98 100
77 c 25 85 294 547 826 90 20 17 79 81 86 87 88 91 93 94 97 98 99 100
78 c 87 30 294 573 826 90 10 1 83 85 87 89 93
79 c 45 30 294 669 842 90 10 19 84 86 93 94 99 100
80 c 55 85 294 530 843 90 20 22 84 88 92 100
81 c 28 55 294 664 845 90 10 10 82 86 89 90 94 96 98
82 c 42 68 294 643 866 90 10 13 85 86 87 88 90 94 97 98
83 c 38 15 294 519 872 90 10 7 89 90 91 95 96 97 98 99
84 c 25 30 294 635 876 90 10 8 90 91 93 99
85 c 85 25 294 694 895 90 10 6 88 90 98 100
86 c 63 58 294 640 899 90 10 2 88 92 96
87 c 8 45 294 655 912 90 20 30 88 91 93 94 96 97 99 100
88 c 55 80 438 628 935 90 10 5 90 96 97
89 c 45 70 438 756 939 90 30 38 90 91 92 96
90 c 47 35 438 753 948 90 10 14 92 94 95 98 99
91 c 60 60 438 756 969 90 10 18 96 97 100
92 c 26 32 438 719 976 90 10 4 97
93 c 28 52 438 704 991 90 20 29 94 95 99 100
94 c 30 52 438 836 1043 90 20 18 97
95 c 45 35 438 836 1049 90 10 14 96 97 98
96 c 45 68 438 830 1049 90 10 16 100
97 c 25 35 438 825 1056 90 10 5
98 c 28 35 508 867 1126 90 10 4 100
99 c 30 35 509 837 1127 90 10 4 100
100 c 45 65 512 847 1130 90 20 24

