StringID Type x y release ReadyTime DueDate ServiceTime weight volume Item_Conflitante1 Item_Conflitante2 Item_Conflitante3 Item_Conflitante4 Item_Conflitante5 Item_Conflitante6 Item_Conflitante7 Item_Conflitante8 Item_Conflitante9 Item_Conflitante10 Item_Conflitante11 Item_Conflitante12 Item_Conflitante13 Item_Conflitante14 Item_Conflitante15 Item_Conflitante16 Item_Conflitante17 Item_Conflitante18 Item_Conflitante19 Item_Conflitante20 Item_Conflitante21 Item_Conflitante22 Item_Conflitante23 Item_Conflitante24 Item_Conflitante25 Item_Conflitante26 Item_Conflitante27 Item_Conflitante28 Item_Conflitante29 Item_Conflitante30 Item_Conflitante31 Item_Conflitante32 Item_Conflitante33 Item_Conflitante34 Item_Conflitante35 Item_Conflitante36 Item_Conflitante37 Item_Conflitante38 Item_Conflitante39 Item_Conflitante40 Peso_Total Volume_Total
0 d 35 35 0 0 1000 0 0 0                                         1000 1000
1 c 31 52 205 17 501 10 27 24 13 19 25 26 27 29 37 42 44 46 49 59 61 68 73 74 75 78 80 81 82 84 92 96
2 c 27 43 205 11 502 10 9 8 3 11 12 19 20 28 33 34 36 39 41 44 46 47 48 49 53 57 62 64 65 66 68 69 71 74 76 78 82 85 91 94 95 98
3 c 19 21 205 21 506 10 10 20 4 5 6 9 11 12 13 17 19 20 24 26 28 29 30 32 35 36 39 42 48 49 51 52 54 59 62 76 77 82 83 84 85 86 88 89 90 91 98 99
4 c 45 20 205 36 509 10 11 5 5 8 13 14 17 20 22 24 26 28 30 33 37 38 40 42 44 51 58 64 68 70 71 73 79 82 84 90 94 95 100
5 c 20 65 205 33 511 10 12 18 12 13 19 22 23 24 25 27 32 33 37 43 46 47 48 49 52 57 58 73 77 90 93 95
6 c 64 42 205 29 513 10 9 15 8 12 15 19 29 30 34 36 37 47 49 51 55 58 59 62 63 66 67 70 73 74 85 88 90 91 94 96 97 99
7 c 37 47 205 12 513 10 6 1 12 13 14 22 24 27 28 31 32 33 34 39 40 41 44 52 54 56 58 61 64 69 74 76 77 79 81 83 85 87 92 93 97
8 c 11 14 205 59 514 10 18 19 10 14 16 21 22 25 27 32 38 40 41 42 43 47 51 55 60 63 68 72 73 74 77 80 82 86 87 91 92 98 100
9 c 55 5 205 36 514 10 29 33 12 13 20 21 22 27 32 33 34 36 39 40 44 50 51 60 74 77 80 82 89 90 97
10 c 15 47 205 23 515 10 16 9 21 22 26 27 28 29 30 31 32 35 36 44 45 47 50 52 53 57 62 65 67 71 72 81 82 87 96 99
11 c 49 11 205 62 519 10 18 21 13 18 23 24 28 30 31 33 35 37 43 49 51 52 53 55 64 66 69 73 75 76 82 84 86 87 92 100
12 c 30 5 205 30 519 10 8 2 14 15 29 30 31 36 37 43 48 49 52 53 54 56 60 65 67 68 70 76 79 82 88 89 92 98
13 c 40 60 205 91 522 10 21 19 18 21 23 27 32 33 35 36 37 40 42 44 52 53 55 62 66 75 84 85 91 93 94 96 97
14 c 50 35 205 50 523 10 19 12 15 16 18 19 22 30 35 38 40 44 45 47 50 55 60 62 63 64 67 68 71 77 81 85 92 97 99 100
15 c 15 77 205 46 524 10 9 10 17 20 26 29 45 47 50 52 58 63 64 83 91 92 95 97
16 c 41 37 205 6 526 10 16 14 22 24 25 29 31 34 35 39 40 41 45 46 47 50 51 55 60 62 65 67 72 73 74 77 80 81 84 85 87 89 90 92 93 99 100
17 c 25 24 205 14 533 10 20 16 18 22 24 27 32 37 38 39 40 42 43 45 47 49 52 53 54 56 62 65 67 69 75 76 86 89
18 c 35 17 205 18 534 10 7 7 20 30 35 42 47 49 51 55 56 57 60 62 67 69 71 77 79 83 85 86 95 97 99 100
19 c 49 42 205 129 534 10 13 22 24 30 38 39 43 44 48 55 57 58 61 62 63 67 68 71 77 80 81 85 88 92 94 95 99 100
20 c 57 68 205 98 537 10 15 9 21 22 23 33 38 39 42 48 49 52 55 56 63 64 66 69 70 72 74 75 76 79 84 85 88 91 94 95 97 99 100
21 c 12 24 205 126 541 10 13 20 29 35 36 38 40 42 44 49 50 59 60 61 62 65 67 69 75 79 80 82 86 88 89 92 95
22 c 10 20 205 102 543 10 19 16 27 30 35 36 43 56 60 63 70 71 83 86 87 89 93 95 98
23 c 24 58 205 25 544 10 19 28 24 26 28 31 36 38 39 40 41 42 43 46 56 59 64 66 67 71 74 76 79 87 90 92 94 96 97 98
24 c 35 40 205 5 548 10 16 6 27 28 34 35 41 43 46 47 48 53 54 58 60 61 62 66 69 70 71 72 73 77 81 83 88 90 92 95 97 98
25 c 15 60 205 95 552 10 17 14 26 28 29 43 49 50 54 57 64 68 70 73 74 87 88 89 90 91 93 95 96 98
26 c 24 12 205 25 560 10 5 10 27 30 34 35 37 38 43 46 48 51 52 58 59 61 62 63 64 67 70 75 84 87 90 94
27 c 26 52 205 104 563 10 9 10 42 46 49 51 53 55 57 63 64 69 70 76 80 84 87 89 90 92 95 96 98
28 c 44 17 205 143 564 10 9 19 37 38 48 50 51 52 57 60 61 62 66 68 72 78 84 85 88 91 92 98
29 c 14 37 205 21 568 10 11 5 31 33 37 40 48 51 55 56 57 58 62 63 65 66 67 71 75 83 84
30 c 62 77 205 49 568 10 20 23 36 41 49 52 60 63 64 66 70 71 73 79 82 84 86 88 89 90 95
31 c 20 50 205 172 569 10 5 5 32 34 41 42 45 48 50 51 52 56 62 63 69 70 73 77 78 79 81 83 84 87 88 89 92 94 95 96 97 99
32 c 67 5 205 120 575 10 25 28 33 34 47 52 55 58 67 69 71 72 77 79 81 84 91 93 94
33 c 53 52 205 24 575 10 11 20 34 40 43 44 45 47 48 49 52 54 60 62 79 80 82 86 88 89 90 100
34 c 5 5 205 130 577 10 16 20 36 42 53 59 60 61 63 64 65 67 68 69 71 72 73 74 82 88 92 98
35 c 28 18 205 287 580 10 26 19 37 38 40 41 43 45 49 52 55 61 64 73 83 86 91 95 97
36 c 20 40 205 229 582 10 12 10 38 41 43 45 49 52 55 56 57 58 62 65 66 67 68 69 75 84 85 86 90 91
37 c 22 22 205 18 585 10 2 1 38 40 44 46 50 55 57 59 63 65 66 69 70 72 77 80 82 85 88 93 96 97 98
38 c 27 69 205 34 588 10 10 16 39 40 42 46 49 62 64 66 71 72 78 81 86 87 92 94
39 c 6 38 205 29 589 10 16 15 41 43 44 48 57 59 60 67 68 69 71 74 75 77 81 83 84 85 92 93 94 97
40 c 40 25 205 201 596 10 9 15 44 46 53 60 62 64 66 67 68 72 73 74 76 78 79 82 83 84 88 92 94 96
41 c 55 54 205 268 599 10 26 26 42 44 52 54 55 59 60 61 80 81 82 84 86 89 91 92 94 95 96
42 c 20 26 205 164 601 10 9 5 43 45 47 49 57 61 63 77 78 81 83 84 87 88 91 92 94 99 100
43 c 8 56 205 34 602 10 27 23 44 46 50 52 54 56 58 60 61 62 65 66 74 76 82 83 86 91 92 94 96 97
44 c 15 30 205 20 610 10 26 23 50 51 53 58 59 60 61 68 81 82 84 85 86 88 91 92 96 97
45 c 2 60 205 41 615 10 5 2 46 47 48 51 53 60 61 63 64 68 73 75 76 79 80 87 92 95 96 97 98 100
46 c 47 16 205 22 617 10 25 27 49 51 54 60 62 71 74 75 85 86 90 91 94 98 100
47 c 4 18 205 230 623 10 35 36 52 62 66 68 70 71 75 77 83 84 85 90 91 92 94 99 100
48 c 57 48 205 230 623 10 23 21 49 50 58 59 64 66 71 78 86 89
49 c 16 22 205 213 624 10 41 31 52 55 59 63 68 70 73 75 77 80 85 90 99
50 c 49 58 205 176 625 10 10 15 52 55 56 58 60 61 81 82 85 86 91 99
51 c 10 43 205 245 640 10 9 15 58 59 63 64 65 67 73 80 82 87 91 92 97 98 100
52 c 37 31 205 256 647 10 14 8 56 64 65 72 73 79 81 88 89 95 98 100
53 c 31 67 205 225 654 10 3 6 56 59 60 61 62 63 64 66 70 76 80 81 82 87 95 96 99
54 c 60 12 205 33 655 10 31 36 57 60 61 62 64 76 77 80 86 87 89 91 96 97 100
55 c 26 27 205 283 656 10 27 19 56 58 65 76 79 81 83 86 88 91 92 93 96 97
56 c 45 10 205 246 657 10 18 24 67 75 77 81 86 88 89 91 96
57 c 55 60 205 231 666 10 16 14 58 59 61 62 65 75 78 85 86 93 96 97 98 99
58 c 11 31 205 278 669 10 7 1 59 63 66 70 71 72 78 83 85 88 89 90 93 94 98 99
59 c 61 52 205 207 676 10 3 1 62 65 70 71 72 73 74 75 78 85 88 92 98
60 c 6 68 205 362 679 10 30 23 62 73 74 75 81 83 84 88
61 c 21 24 205 17 681 10 28 31 62 63 64 65 66 68 72 73 81 85 92 94 100
62 c 25 30 205 245 684 10 3 5 66 67 73 79 80 82 84 86 87 88 94 100
63 c 42 7 205 219 688 10 5 1 64 66 67 68 69 74 75 77 79 80 82 89 90 91 92 96 98
64 c 15 10 205 32 694 10 20 13 67 68 72 77 82 83 87 88 89 90 97 99 100
65 c 32 12 205 246 705 10 7 11 66 81 82 88 95 97 98 99 100
66 c 55 45 323 378 733 10 13 19 69 70 81 85 95 100
67 c 65 55 323 367 776 10 14 10 68 71 74 75 76 77 78 81 91 92
68 c 30 60 323 430 779 10 16 11 73 77 79 81 89 91 96 98
69 c 2 48 323 338 805 10 1 1 74 77 82 85 89 93 96 99
70 c 47 47 323 379 810 10 13 11 71 73 75 76 78 79 80 84 86 92 96 98 99
71 c 25 21 323 462 823 10 12 13 72 76 81 86 88 89 90 91 92 98
72 c 45 30 367 428 827 10 17 17 73 74 80 81 84 85 86 88 90 92 99 100
73 c 45 65 367 418 829 10 9 10 75 76 78 84 86 88 93 94 97
74 c 22 27 367 445 852 10 11 9 75 78 85 86 88 89 96
75 c 20 20 367 443 856 10 8 16 80 81 82 83 84 86 87 89 92 95 96 98 99 100
76 c 49 73 367 421 864 10 25 19 77 88 91 94 95 96
77 c 53 12 367 412 865 10 6 1 79 86 88 89 90 91 95 96 97 98
78 c 23 3 367 458 867 10 7 4 79 81 85 86 93 94 95 96
79 c 57 29 418 475 900 10 18 16 86 89 90 93 96
80 c 63 23 418 441 918 10 2 7 86 89 90 91 93 95 97 98
81 c 56 39 430 459 930 10 36 45 86 89 92 94 98 100
82 c 63 65 448 453 948 10 8 15 83 84 85 90 95 100
83 c 35 69 455 482 955 10 23 13 84 97
84 c 65 20 456 438 956 10 6 6 92 97 99
85 c 5 30 459 444 959 10 2 1 93 96 97 98
86 c 65 35 460 435 960 10 3 1 88 89 95 99 100
87 c 13 52 462 454 962 10 36 32 90 92 93 94
88 c 15 19 464 469 964 10 1 1 90 93 96 97 98
89 c 46 13 465 482 965 10 8 18 98 100
90 c 55 20 465 477 965 10 19 16 91 95 96 97 98 100
91 c 18 18 465 391 965 10 17 9 95 96
92 c 37 56 468 368 968 10 5 8 95 96 98 100
93 c 56 37 468 470 968 10 6 7 96
94 c 18 24 470 414 969 10 22 23 95 96 99
95 c 53 43 470 460 970 10 14 10 96 98
96 c 17 34 471 449 971 10 3 1 97 99
97 c 41 49 474 451 974 10 10 1
98 c 30 25 478 462 978 10 23 25
99 c 36 26 480 479 980 10 18 18
100 c 26 35 481 409 981 10 15 23

