StringID Type x y release ReadyTime DueDate ServiceTime weight volume Item_Conflitante1 Item_Conflitante2 Item_Conflitante3 Item_Conflitante4 Item_Conflitante5 Item_Conflitante6 Item_Conflitante7 Item_Conflitante8 Item_Conflitante9 Item_Conflitante10 Item_Conflitante11 Item_Conflitante12 Item_Conflitante13 Item_Conflitante14 Item_Conflitante15 Item_Conflitante16 Item_Conflitante17 Item_Conflitante18 Item_Conflitante19 Item_Conflitante20 Item_Conflitante21 Item_Conflitante22 Item_Conflitante23 Item_Conflitante24 Item_Conflitante25 Item_Conflitante26 Item_Conflitante27 Item_Conflitante28 Item_Conflitante29 Item_Conflitante30 Item_Conflitante31 Item_Conflitante32 Item_Conflitante33 Item_Conflitante34 Item_Conflitante35 Item_Conflitante36 Peso_Total Volume_Total
0 d 40 50 0 0 240 0 0 0                                     200 200
1 c 65 55 0 65 95 10 14 14 2 6 7 17 21 22 33 35 36 37 39 41 42 50 52 59 63 70 71 74 80 81 82 88 89 93 94
2 c 65 85 0 43 73 10 40 43 8 10 15 18 20 21 25 26 28 29 34 35 36 39 40 44 48 50 51 52 54 55 59 62 67 69 71 72 77 80 82 89 90 94 95 96
3 c 37 31 0 35 65 10 14 14 5 7 12 13 15 22 29 31 34 36 41 44 48 55 56 58 60 62 63 68 69 73 74 75 78 82 85 86 88 93 94 97 100
4 c 62 80 0 75 105 10 30 38 8 10 20 25 29 30 31 36 37 38 40 42 43 48 51 54 56 63 68 69 70 71 72 74 76 77 82 84 89 94 95 97
5 c 60 80 0 37 67 10 10 8 9 12 13 15 16 33 35 39 40 50 51 52 54 64 70 78 79 86 88 90 96
6 c 60 85 0 85 115 10 30 32 10 12 14 18 21 22 25 26 28 30 41 48 49 52 58 63 65 69 82 90 92 93 98 99
7 c 55 80 0 33 63 10 10 19 8 10 13 15 22 23 25 29 35 36 41 42 44 45 46 55 56 58 65 66 70 71 76 79 81 82 83 85 92 96 97 99
8 c 27 43 0 42 72 10 9 7 14 17 25 26 33 34 38 40 44 50 51 56 59 65 66 70 77 82 85 88 91 92 99
9 c 55 82 0 64 94 10 10 11 11 12 16 19 22 26 29 31 35 40 42 46 53 54 55 56 61 65 73 74 78 80 82 85 86 87 91 93 96 98
10 c 20 82 0 37 67 10 10 19 19 20 24 33 35 39 40 44 48 49 50 51 57 61 71 74 79 84 86 92 93 94
11 c 2 45 0 45 75 10 10 2 14 19 25 29 38 39 41 46 50 51 55 59 61 67 71 72 77 78 80 81 82 86 87 90 92 95 99 100
12 c 49 58 0 86 116 10 10 13 13 14 16 17 18 22 29 37 47 49 52 53 60 61 66 67 70 71 77 79 80 83 86 87 89 90 92 94 96
13 c 26 35 0 77 107 10 15 12 16 17 18 20 23 24 35 41 52 54 60 61 69 75 76 77 81 83 90 91 93 95
14 c 85 25 0 51 81 10 10 19 20 22 24 28 31 34 35 37 40 46 52 56 60 62 63 67 72 73 87 90 91 92
15 c 55 20 0 83 113 10 19 24 18 21 22 24 26 28 35 37 41 47 48 52 53 54 58 59 61 65 69 72 77 81 84 93 97 98 100
16 c 6 68 0 89 119 10 30 31 23 29 36 37 40 43 49 50 52 53 54 64 68 69 73 75 87 90
17 c 8 56 0 90 120 10 27 26 18 19 20 21 28 29 31 33 34 39 42 45 48 54 55 59 65 70 71 72 78 86 87 88 91 95
18 c 60 12 0 75 105 10 31 21 22 23 25 30 32 33 37 39 42 45 62 65 68 76 80 84 89 90 91 93 98 100
19 c 5 5 0 74 104 10 16 9 24 34 36 37 43 44 47 53 55 56 59 60 62 64 66 73 77 78 81 91 93 97 98 100
20 c 10 20 0 42 72 10 19 28 21 29 31 32 34 35 36 38 42 44 55 60 62 63 65 71 74 78 83 84 85 88 93 96 98
21 c 2 60 0 77 107 10 5 11 22 23 24 27 28 29 37 42 44 51 52 55 58 62 64 66 73 74 78 79 81 88 89 92 94 96 98
22 c 45 65 0 66 96 10 9 1 27 28 30 35 38 39 40 43 44 47 50 54 60 65 67 75 76 77 78 87 89 92 94 95 96 97 99 100
23 c 65 35 0 52 82 10 3 1 25 27 28 30 34 36 50 53 61 64 67 70 72 74 77 79 81 84 85 86 87 93 100
24 c 65 20 0 39 69 10 6 15 27 28 34 38 42 43 49 55 56 58 65 70 76 79 81 83 84 85 88 91 92 96 99
25 c 45 30 0 53 83 10 17 14 27 28 30 33 37 43 46 48 49 50 53 57 60 72 75 88 90 94 99
26 c 35 40 0 11 41 10 16 23 29 30 33 40 45 46 49 57 58 59 62 66 70 75 77 79 85 88 89 91 95 97 100
27 c 63 65 0 30 60 10 8 12 29 31 32 34 36 42 43 46 47 48 53 58 61 66 68 69 72 73 74 86 88 89 95 97 98 100
28 c 64 42 0 70 100 10 9 8 32 36 37 40 42 43 44 45 46 48 49 56 61 66 67 73 76 79 81 82 85 88 91 94 100
29 c 25 30 0 52 82 10 3 6 30 37 39 40 49 50 51 52 53 54 56 68 69 70 75 80 83 89 92 94 99
30 c 63 23 0 87 117 10 2 4 31 34 35 38 44 46 52 53 58 59 61 63 71 72 73 76 77 79 82 86 88 90 99
31 c 31 52 0 41 71 10 27 36 38 39 43 44 49 50 53 54 57 64 67 69 71 77 80 84 86 88 89 91 92 95 96
32 c 88 30 0 74 104 10 10 1 33 34 35 39 45 46 51 57 58 64 74 76 80 81 89 90 92 94 96
33 c 26 52 0 46 76 10 9 1 34 36 38 50 52 53 57 58 61 72 73 75 76 78 79 80 81 82 85 88 91 94 96 100
34 c 22 75 0 50 80 10 30 32 35 37 42 45 47 50 51 57 58 59 61 62 64 65 66 71 72 73 75 84 85 93 100
35 c 56 37 0 34 64 10 6 1 37 41 42 53 54 58 59 63 65 67 68 69 70 74 78 79 83 84 97 100
36 c 20 85 0 41 71 10 20 28 42 43 49 58 71 74 75 76 86 90 92
37 c 15 75 0 79 109 10 20 16 39 46 47 48 51 56 71 81 88 89 93 98 99 100
38 c 8 40 0 59 89 10 40 45 40 41 43 52 53 54 56 60 62 63 66 70 71 72 74 83 84 88 96 98
39 c 8 45 0 64 94 10 20 22 41 45 46 48 49 51 53 54 55 60 61 72 74 76 81 82 83 84 87 91 97
40 c 53 43 0 14 44 10 14 19 41 42 43 45 56 58 59 60 63 66 68 75 76 80 84 91 97
41 c 5 45 1 35 65 10 10 3 42 43 45 47 48 50 55 58 59 60 63 64 67 68 72 74 76 80 83 90 93 97
42 c 2 40 1 58 88 10 20 23 43 51 57 60 67 70 74 80 84 86 93
43 c 88 35 1 61 91 10 20 30 44 47 51 53 58 63 65 66 68 71 73 79 84 87 90 91 95 97 98 99
44 c 37 47 1 86 116 10 6 1 46 51 56 57 61 63 66 77 80 83 85 89 91 94 99 100
45 c 44 5 1 87 117 10 20 25 47 57 59 61 62 63 66 68 69 73 75 82 87 88 93 94 96
46 c 0 40 1 72 102 10 20 16 47 48 49 50 51 58 61 62 63 65 67 69 71 73 80 81 85 86 88 89 91 93 94 95 96 98
47 c 42 10 1 72 102 10 40 50 50 64 65 66 71 74 75 84 87 90 93 97 99
48 c 24 58 1 67 97 10 19 18 50 66 67 68 80 81 82 83 86 89 90 93
49 c 90 35 1 67 97 10 10 17 50 54 55 60 65 68 69 72 75 77 79 81 82 89 94 96 97 98 100
50 c 40 5 1 67 97 10 10 1 51 55 56 58 64 66 68 69 71 76 77 78 79 81 85 90 92 97
51 c 38 5 1 65 95 10 30 29 54 59 64 65 67 69 73 77 78 79 82 83 84 88 93 95 97 98
52 c 12 24 1 90 120 10 13 12 53 57 59 62 64 68 71 74 80 82 87 91 100
53 c 21 24 1 87 117 10 28 22 54 58 59 62 65 71 74 79 80 86 88 89 93 97 98 99
54 c 92 30 1 62 92 10 10 8 71 74 82 84 96 98 100
55 c 95 35 1 62 92 10 20 30 59 63 64 66 73 74 79 86 90 99
56 c 20 50 1 91 121 10 5 11 59 61 63 65 66 71 76 87 89 91 94 95 96 97 100
57 c 10 35 1 91 121 10 20 19 59 60 68 76 83 86 87 89 92 95 100
58 c 15 80 1 91 121 10 10 15 59 60 61 65 68 71 73 78 80 83 89 90 93 97
59 c 40 15 14 92 122 10 40 34 61 62 63 65 70 72 73 76 78 83 88 92 98
60 c 58 75 14 92 122 10 20 23 61 62 68 69 70 72 79 80 81 85 98
61 c 18 75 14 95 125 10 20 20 64 67 70 71 72 74 75 89 90 94 95 99
62 c 57 48 14 95 125 10 23 29 65 66 67 69 71 73 76 87 89 90 96 98
63 c 57 29 14 96 126 10 18 18 65 66 71 72 76 78 81 82 84 87 89 92 95
64 c 30 25 14 96 126 10 23 19 66 67 68 70 73 80 82 83 87 92 94 99
65 c 42 12 14 104 134 10 10 8 66 70 73 77 78 79 85 89 97 98
66 c 22 85 34 109 139 10 10 1 69 73 74 76 77 82 91 97 98
67 c 85 35 34 111 141 10 30 29 69 70 75 77 78 79 83 87 92 94 95 96 97 100
68 c 18 80 34 113 143 10 10 16 69 71 78 80 81 83 94 95 97
69 c 95 30 34 115 145 10 30 38 70 74 76 77 85 87 88 90 91 95 96 97
70 c 72 35 34 116 146 10 30 29 72 74 75 79 81 83 85 88 89 92 93 94 96 98
71 c 10 40 34 119 149 10 30 35 74 80 85 89 93 97 99
72 c 4 18 34 120 150 10 35 34 77 79 81 82 83 87 88 89 91 93 95 100
73 c 42 15 34 122 152 10 10 8 76 77 87 88 89 95 97 98
74 c 65 82 34 124 154 10 10 5 76 79 80 82 86 92 93 94 96 97 99
75 c 55 85 38 128 158 10 20 19 76 78 81 84 90 97 98
76 c 50 35 40 130 160 10 19 17 79 85 87 89 92 100
77 c 87 30 41 131 161 10 10 10 81 88 96 98 100
78 c 55 54 43 132 162 10 26 20 79 82 84 85 86 91 96 100
79 c 41 37 43 133 163 10 16 14 83 85 88 91 98
80 c 55 60 51 139 169 10 16 18 81 85 89 92 96 98
81 c 67 85 51 139 169 10 20 24 83 85 86 88 91 92 98 99
82 c 30 60 51 140 170 10 16 21 84 86 87 90 91 93 94 95 96 98 99
83 c 20 20 51 141 171 10 8 3 86 90 91 93 94 95
84 c 20 80 51 141 171 10 40 42 87 89
85 c 5 35 52 142 172 10 10 1 93 99
86 c 67 5 54 144 174 10 25 17 94 95 98 99
87 c 40 60 54 144 174 10 21 29 91 92 93 94 98
88 c 25 85 55 145 175 10 20 16 91 93 94 97 99 100
89 c 38 15 58 148 178 10 10 10 91 92 96
90 c 0 45 65 149 179 10 20 11 97 98
91 c 23 3 65 150 180 10 7 13 94 96 97 98 99
92 c 42 5 65 151 181 10 10 9 94 97
93 c 15 10 65 152 182 10 20 11 97 100
94 c 35 5 65 154 184 10 20 23 95 97
95 c 15 60 65 155 185 10 17 10 96 97 98
96 c 49 42 77 167 197 10 13 22 98 100
97 c 61 52 88 178 208 10 3 13 100
98 c 35 69 90 180 210 10 23 23 100
99 c 31 67 90 180 210 10 3 1
100 c 47 47 102 192 222 10 13 3

