StringID Type x y release ReadyTime DueDate ServiceTime weight volume Item_Conflitante1 Item_Conflitante2 Item_Conflitante3 Item_Conflitante4 Item_Conflitante5 Item_Conflitante6 Item_Conflitante7 Item_Conflitante8 Item_Conflitante9 Item_Conflitante10 Item_Conflitante11 Item_Conflitante12 Item_Conflitante13 Item_Conflitante14 Item_Conflitante15 Item_Conflitante16 Item_Conflitante17 Item_Conflitante18 Item_Conflitante19 Item_Conflitante20 Item_Conflitante21 Item_Conflitante22 Item_Conflitante23 Item_Conflitante24 Item_Conflitante25 Item_Conflitante26 Item_Conflitante27 Item_Conflitante28 Item_Conflitante29 Item_Conflitante30 Item_Conflitante31 Item_Conflitante32 Item_Conflitante33 Item_Conflitante34 Item_Conflitante35 Item_Conflitante36 Item_Conflitante37 Item_Conflitante38 Item_Conflitante39 Item_Conflitante40 Peso_Total Volume_Total
0 d 40 50 0 0 1236 0 0 0                                         200 200
1 c 42 15 6 95 158 90 10 4 4 9 11 15 19 21 25 27 29 31 35 37 39 42 44 45 55 64 66 70 76 77 78 79 81 82 87 88 89 95
2 c 42 10 6 186 257 90 40 48 3 8 12 14 15 16 22 24 25 28 30 34 35 36 41 43 46 47 48 52 54 55 56 63 66 67 75 76 78 90 93 95 98 100
3 c 44 5 6 286 347 90 20 12 5 6 13 14 16 18 31 32 35 36 48 49 58 67 68 70 72 75 84 85 89 94 95
4 c 68 60 6 555 612 90 30 28 18 21 23 25 41 45 49 55 56 57 65 66 67 76 79 80 82 83 89 92 93 96
5 c 66 55 6 173 238 90 10 3 7 16 19 20 25 26 29 31 32 34 38 41 46 48 50 53 55 57 59 60 61 62 64 66 67 72 73 88 89 90 91 92 94 95 96 97 98 100
6 c 65 55 6 85 144 90 20 25 7 14 16 21 29 32 37 42 43 52 55 57 64 65 68 70 71 72 83 85 89 90 94
7 c 40 5 6 385 436 90 30 34 8 13 15 19 20 23 28 31 32 33 35 36 37 38 40 41 57 61 63 67 69 71 74 76 78 79 81 83 86 91 98 99
8 c 60 55 6 20 84 90 10 15 13 14 20 22 23 24 30 31 33 35 37 39 40 41 43 53 56 58 59 60 64 67 70 71 72 76 81 84 85 86 97 98
9 c 30 30 6 541 600 90 10 20 13 17 19 20 21 25 26 28 29 30 31 33 36 38 39 41 48 49 50 52 56 58 62 64 67 68 71 72 73 76 77 78 81 89 91 94 95 96 98 100
10 c 32 30 6 359 412 90 10 12 14 15 16 18 19 20 23 28 29 35 37 40 47 48 49 50 52 53 54 55 57 60 63 69 76 77 85 86 89 90 92 100
11 c 33 35 6 16 80 90 10 6 12 20 21 25 26 31 33 35 36 37 43 45 46 49 56 63 66 68 71 76 85 86 88 92 94 95 98 99
12 c 33 32 6 68 149 90 20 13 17 20 22 25 28 31 33 37 38 43 46 48 49 52 55 59 62 63 68 70 75 76 77 88 90 91 94 95 99
13 c 35 32 6 166 235 90 10 15 17 18 21 24 25 26 27 29 30 33 34 37 39 40 41 47 51 57 60 67 70 72 73 74 76 77 84 85 87 88 91 98
14 c 35 30 6 264 321 90 10 1 15 20 26 30 34 36 39 41 48 55 58 59 60 61 62 63 65 71 73 74 85 87 98
15 c 30 32 6 448 509 90 30 32 16 18 22 23 26 31 32 33 35 38 39 40 42 43 44 45 48 49 52 53 63 64 66 67 70 72 76 77 79 86 87 94 100
16 c 90 35 6 203 260 90 10 13 18 24 25 30 35 36 37 38 41 47 48 52 56 59 60 66 67 76 78 79 82 84 85 86 90 93 96 100
17 c 40 15 6 35 87 90 40 49 22 23 25 31 33 35 36 37 41 47 49 50 51 56 58 59 65 71 73 80 93 98 99
18 c 70 58 6 458 523 90 20 10 19 21 24 27 28 30 34 35 36 42 50 52 54 55 58 60 72 74 77 79 83 85 87 89 93 96 98
19 c 88 35 6 109 170 90 20 24 25 27 28 30 36 39 49 53 61 63 66 69 70 72 73 74 75 76 86 87 90 92 97 98
20 c 53 35 6 353 412 90 50 48 23 30 31 34 35 38 40 41 44 51 53 54 56 57 60 63 65 69 73 75 77 94 95 100
21 c 92 30 6 478 551 90 10 7 22 26 29 34 40 42 43 49 50 54 59 72 76 77 80 85 91 92 95 98
22 c 53 30 6 450 505 90 10 18 23 25 30 32 35 36 37 41 46 50 57 59 62 65 66 67 71 73 78 85 88 91
23 c 95 35 6 293 360 90 20 13 26 29 30 39 41 44 45 46 51 52 54 56 58 60 61 62 64 65 66 67 70 71 73 74 76 79 85 95 96 97
24 c 95 30 6 387 456 90 30 30 28 30 35 36 37 38 41 45 56 58 65 67 71 74 78 83 84 88 91 92 97
25 c 38 5 6 471 534 90 30 20 26 28 31 38 43 47 51 52 58 60 61 63 67 69 72 80 86 96 98 99 100
26 c 85 35 6 47 124 90 30 20 27 29 33 38 40 41 46 47 50 52 53 54 55 57 61 68 72 73 79 81 83 84 91 92 93 97
27 c 47 40 6 12 77 90 10 1 32 34 36 38 46 47 50 52 53 54 66 67 70 74 80 81 83 87 89 90 93 99
28 c 72 55 6 265 338 90 10 20 30 37 39 41 54 57 63 64 65 70 74 81 84 90 94 95 97 100
29 c 48 40 6 76 129 90 10 17 30 33 34 40 45 46 51 58 61 63 68 74 81 82 83 87 89 90 93 95 100
30 c 50 40 6 171 218 90 50 40 31 36 38 40 45 51 60 62 66 67 68 74 78 83 86 87 89 93 95 98
31 c 50 35 6 262 317 90 20 22 36 39 41 43 44 47 48 51 53 55 57 63 65 70 73 75 78 80 83 85 86 96
32 c 50 30 6 531 610 90 10 6 33 39 40 41 43 45 48 50 51 53 56 57 59 60 61 62 63 65 71 73 74 75 76 77 78 88 89 91 94 95 96
33 c 75 55 6 369 420 90 20 23 36 38 42 43 45 49 54 58 59 62 63 64 73 75 76 80 81 84 87 90 92 94 97
34 c 2 40 6 383 434 90 20 10 41 45 51 56 61 63 65 66 81 82 88 89 92 94 95 98
35 c 0 40 6 479 522 90 30 36 36 38 40 42 45 46 47 52 53 54 60 63 65 71 72 74 76 78 79 82 85 89 91 93 97 99 100
36 c 15 75 6 179 254 90 20 17 39 43 44 46 51 59 63 65 70 73 76 77 86 92 96 98 99
37 c 38 70 6 534 605 90 10 14 38 39 40 45 55 57 58 64 68 69 74 75 77 78 80 81 83 84 85 89 90 95
38 c 35 66 6 357 410 90 10 15 40 41 50 51 55 62 72 79 81 84 89 94 100
39 c 35 69 6 448 505 90 10 17 43 46 49 53 60 64 68 71 72 76 81 90 91 97 99
40 c 42 65 6 15 67 90 10 7 42 44 46 47 50 57 58 65 68 71 76 77 78 80 82 85 86 90 93 97 99
41 c 60 80 6 95 156 90 10 11 42 45 46 52 54 56 61 66 67 74 77 78 82 90 96
42 c 22 75 6 30 92 90 30 27 45 47 49 50 51 53 56 57 58 63 64 71 74 77 78 80 81 82 83 85 88 89 99
43 c 20 80 6 384 429 90 40 37 44 49 52 56 57 60 71 78 81 87 90 92 99
44 c 20 85 6 475 528 90 40 44 45 48 55 57 64 65 66 71 74 76 86 89 90 94 96 98
45 c 18 75 6 99 148 90 20 19 46 54 56 59 60 61 62 65 68 72 73 78 80 83 87 89 90 91 94 97
46 c 5 35 6 283 344 90 10 1 48 50 57 58 61 62 69 72 77 78 79 81 84 91 92 93 94 98
47 c 15 80 6 278 345 90 10 13 51 54 55 58 64 69 76 79 85 86 87 89 92 97 98 99
48 c 30 50 6 10 73 90 10 17 50 60 62 63 65 66 72 75 78 79 81 84 86 91 94 96
49 c 62 80 6 196 239 90 30 40 51 53 57 60 61 66 67 68 70 72 73 74 78 81 84 89 90 95 99
50 c 38 68 6 255 324 90 20 13 61 63 64 67 72 74 86 87 92 96 97 99 100
51 c 65 82 6 285 336 90 10 5 55 57 61 63 70 71 74 83 84 88 94 95 96 98 99
52 c 25 50 6 65 144 90 10 20 53 55 58 59 60 61 65 68 69 76 84 85 87 93
53 c 67 85 6 368 441 90 20 19 54 56 57 60 62 65 66 68 73 74 83 90 92 95 100
54 c 8 40 6 87 158 90 40 33 56 61 62 64 65 67 68 70 71 81 82 84 90 91 93 95 97 100
55 c 10 40 6 31 100 90 30 30 57 60 62 67 68 69 73 77 79 80 83 86 94 95
56 c 10 35 6 200 237 90 20 26 59 60 64 70 73 75 76 84 86 90 91 92 95
57 c 20 55 6 449 504 90 10 13 59 60 68 70 72 75 76 78 79 82 84 85 86 88 90 95 96 100
58 c 65 85 6 475 518 90 40 46 64 67 70 73 76 77 80 90 91 95 98 99
59 c 40 66 6 170 225 90 20 16 62 68 71 74 77 78 80 82 85 91 92 95 98
60 c 23 55 6 546 593 90 20 19 64 65 72 73 75 79 80 81 82 83 84 85 86 92 93 96 99 100
61 c 23 52 6 261 316 90 10 9 63 65 66 77 78 79 82 87 92 100
62 c 58 75 6 30 84 90 20 28 66 67 69 72 74 75 76 78 79 83 85 86 90 95 96 97 99
63 c 25 52 6 169 224 90 40 45 65 68 69 76 79 86 88 89 93 94 98 99
64 c 42 66 6 65 146 90 10 16 67 69 70 75 77 88 89 90 95 96
65 c 20 50 6 358 405 90 10 12 66 70 71 72 75 78 79 81 82 84 85 91 93 95 97 98 99
66 c 22 85 6 567 620 90 10 18 72 76 84 86 90 95 98
67 c 60 85 6 561 622 90 30 21 71 80 87 88 94 97 98
68 c 0 45 6 567 624 90 20 25 69 76 78 83 90 91 92 95 98
69 c 35 5 262 562 629 90 20 17 70 72 73 74 77 87 88 89 93 94 95 96 100
70 c 88 30 262 574 643 90 10 12 72 74 77 78 82 83 85 88 96 98
71 c 48 30 262 632 693 90 10 13 72 76 80 84 92 95 96
72 c 28 30 262 632 693 90 10 5 73 78 94 97
73 c 25 55 262 622 701 90 10 11 74 75 80 81 86 89 90 94 95
74 c 40 69 262 621 702 90 20 27 75 77 79 82 88 89 90 92 93
75 c 65 60 262 645 708 90 30 31 80 82 84 85 86 87 89 92 97 98 100
76 c 5 45 262 665 716 90 10 2 79 80 83 86 88 91 94 97 98 99
77 c 25 85 262 652 721 90 20 24 81 90 91 92 93 94 96
78 c 55 85 262 647 726 90 20 26 79 83 84 92 94 95 98
79 c 87 30 262 668 731 90 10 3 85 86 88 90 94 96 99
80 c 38 15 262 651 740 90 10 5 81 83 84 90 92 94 98 100
81 c 28 55 262 732 777 90 10 16 87 88 95 96
82 c 45 30 262 734 777 90 10 12 84 85 86 89 94 95 97 99 100
83 c 42 68 262 727 782 90 10 11 85 87 89 90 91 92 96
84 c 25 30 262 725 786 90 10 15 85 86 90 94 96 100
85 c 63 58 262 737 802 90 10 1 88 92 93 95 99
86 c 8 45 262 751 816 90 20 25 88 91 92 95 96 97 100
87 c 55 80 262 743 820 90 10 1 88 90 92 98
88 c 85 25 262 769 820 90 10 9 89 90 91 95 96 98
89 c 45 70 262 825 870 90 30 39 97 98 100
90 c 47 35 262 826 875 90 10 18 99
91 c 26 32 262 815 880 90 10 18 92 94
92 c 28 52 351 812 883 90 20 22 98
93 c 60 60 351 836 889 90 10 20 98
94 c 30 52 351 914 965 90 20 15 98
95 c 45 68 351 912 967 90 10 5 99
96 c 45 35 351 916 969 90 10 16
97 c 25 35 351 912 969 90 10 7 99
98 c 28 35 450 1001 1066 90 10 1
99 c 45 65 450 997 1068 90 20 16
100 c 30 35 509 1054 1127 90 10 17

