StringID Type x y release ReadyTime DueDate ServiceTime weight volume Item_Conflitante1 Item_Conflitante2 Item_Conflitante3 Item_Conflitante4 Item_Conflitante5 Item_Conflitante6 Item_Conflitante7 Item_Conflitante8 Item_Conflitante9 Item_Conflitante10 Item_Conflitante11 Item_Conflitante12 Item_Conflitante13 Item_Conflitante14 Item_Conflitante15 Item_Conflitante16 Item_Conflitante17 Item_Conflitante18 Item_Conflitante19 Item_Conflitante20 Item_Conflitante21 Item_Conflitante22 Item_Conflitante23 Item_Conflitante24 Item_Conflitante25 Item_Conflitante26 Item_Conflitante27 Item_Conflitante28 Item_Conflitante29 Item_Conflitante30 Item_Conflitante31 Item_Conflitante32 Item_Conflitante33 Item_Conflitante34 Item_Conflitante35 Item_Conflitante36 Item_Conflitante37 Item_Conflitante38 Peso_Total Volume_Total
0 d 40 50 0 0 240 0 0 0                                       200 200
1 c 2 45 1 38 109 10 10 3 2 3 5 8 11 14 16 17 18 20 21 22 23 25 28 32 35 36 37 40 51 55 58 59 65 66 68 69 70 71 72 77 89 92 93 95 96 100
2 c 45 65 1 55 106 10 9 8 6 8 9 17 20 21 23 24 29 35 36 37 38 39 48 50 52 55 58 60 62 63 68 74 82 84 88 89 92 96 100
3 c 65 20 1 39 108 10 6 9 8 9 10 13 14 19 21 23 25 26 27 29 30 37 38 39 42 43 44 47 50 53 56 58 59 60 62 63 69 72 77 80 81 86 89 98 100
4 c 65 55 1 52 107 10 14 11 6 7 8 9 10 12 18 26 28 29 32 33 34 35 37 38 41 49 52 54 56 58 59 64 65 68 70 74 75 78 82 83 87 90 91 92 95 97
5 c 63 65 1 27 101 10 8 5 8 13 15 17 19 21 23 25 28 29 31 32 33 41 42 45 56 63 64 71 75 78 80 82 83 84 90 95 96 97
6 c 2 60 1 65 118 10 5 11 8 9 12 13 14 15 16 18 19 21 23 25 27 28 37 39 40 41 44 48 58 68 70 71 75 76 81 88 89 92 94 100
7 c 5 5 1 60 117 10 16 24 9 12 15 16 17 25 35 36 38 39 40 44 45 47 54 57 61 62 63 69 71 72 73 77 79 81 87 88 91 95 99
8 c 88 35 1 50 110 10 20 23 18 19 27 28 31 33 34 38 45 46 55 56 61 62 71 73 75 76 78 80 85 86 89 90 91 97 98 99
9 c 90 35 1 52 112 10 10 18 14 18 19 21 23 24 27 28 29 35 41 43 49 50 54 57 58 59 60 63 71 72 73 77 79 81 83 84 85 91 99 100
10 c 92 30 1 55 120 10 10 8 11 13 18 21 23 24 27 30 33 41 42 44 45 46 47 48 59 62 64 68 70 74 81 83 85 88 92 97 99
11 c 27 43 1 26 87 10 9 1 16 17 25 26 31 32 33 36 37 40 43 45 47 54 58 59 60 61 65 68 69 71 73 76 81 82 85 92 94 98 100
12 c 37 31 1 19 87 10 14 4 15 18 19 20 24 25 28 32 37 39 43 51 55 56 60 64 71 72 73 76 79 80 81 84 88 91 92 93 95
13 c 40 5 1 52 111 10 10 4 14 15 19 27 31 34 36 39 40 42 47 53 60 62 63 65 67 68 74 80 84 87 89 90 95
14 c 42 10 1 58 115 10 40 45 15 17 18 20 22 23 32 34 35 43 62 64 66 67 70 73 83 90 93 94 98 99
15 c 0 40 1 59 114 10 20 14 17 20 25 26 31 35 39 43 44 46 52 58 62 65 71 72 73 75 76 79 80 83 85 86 91 92 95 100
16 c 25 30 1 36 97 10 3 4 22 23 26 27 28 31 35 41 44 45 46 47 51 52 55 61 66 67 69 75 76 85 87 92 93 94 95 100
17 c 22 75 1 32 97 10 30 22 22 26 28 30 31 38 41 42 51 54 55 58 59 64 68 71 75 80 88 93 94 97 98
18 c 5 45 1 35 117 10 10 19 23 26 29 31 34 37 43 47 52 53 56 58 63 67 72 73 80 82 83 84 92 94 96 98
19 c 56 37 1 20 84 10 6 3 22 24 25 26 29 32 40 43 46 47 51 54 59 60 62 65 66 67 68 70 71 74 75 78 79 82 83 89 90 91 92 97
20 c 15 75 1 69 118 10 20 27 21 23 24 29 33 36 40 41 43 44 47 59 62 74 76 78 81 82 83 89 91 95 99
21 c 8 45 1 49 108 10 20 30 23 25 26 27 28 31 33 34 38 47 49 55 58 59 60 63 66 69 74 75 76 78 80 81 83 86 89 93 94 97 98 99
22 c 26 52 1 30 91 10 9 16 26 29 30 36 37 40 42 45 48 50 51 62 67 72 73 76 78 79 89 94 95 97
23 c 20 85 1 40 113 10 20 14 28 29 36 42 47 48 49 50 51 53 55 56 57 69 73 75 76 88 89 92 94 95
24 c 49 58 1 80 121 10 10 4 25 28 29 32 33 34 36 42 44 46 50 51 53 57 58 59 64 65 70 74 77 81 82 99
25 c 44 5 4 79 124 10 20 22 27 28 30 31 33 35 38 41 42 43 49 50 54 58 64 65 67 69 78 79 82 84 86 89 93 95 99
26 c 10 20 5 42 125 10 19 13 30 32 33 38 40 43 44 45 46 53 58 60 64 67 69 71 72 76 78 82 83 84 89 93 96 99
27 c 55 20 6 69 126 10 19 28 29 30 31 32 35 37 40 50 52 54 55 56 57 59 65 66 67 68 71 73 77 81 82 86 91 94 96 97 99
28 c 21 24 7 77 126 10 28 28 30 31 34 37 40 41 42 44 45 50 54 56 58 68 70 73 75 79 83 84 87 89 90 92 93 98
29 c 63 23 7 76 127 10 2 1 33 37 42 44 49 50 51 53 58 60 64 72 77 85 88 94 100
30 c 37 47 7 74 127 10 6 1 33 34 35 38 46 48 55 57 60 62 67 69 73 74 77 83 85 86 88 89 92 94 98
31 c 57 48 14 86 133 10 23 17 33 34 35 39 42 44 45 47 51 52 54 56 57 58 59 64 66 78 79 80 81 93 94 96 98 100
32 c 31 52 14 9 134 10 27 36 34 35 36 38 39 40 44 57 60 63 65 67 70 73 78 80 91 92 96
33 c 45 30 19 20 139 10 17 10 36 40 41 43 45 49 51 54 58 60 61 66 72 76 77 78 80 88 89 90 92 96 97 100
34 c 24 58 21 24 139 10 19 13 35 36 38 41 42 43 45 46 50 53 54 57 61 62 64 65 66 72 82 84 89 90 92 95 100
35 c 30 25 21 82 139 10 23 14 38 42 43 44 46 47 50 55 60 62 63 64 65 71 72 73 83 85 88 89
36 c 35 40 21 11 140 10 16 25 40 41 55 57 61 63 68 69 70 76 77 82 85 87 88 89 96 99
37 c 12 24 21 68 141 10 13 11 40 41 45 49 52 55 58 59 66 71 74 77 81 85 86 87 92 95 96 99
38 c 64 42 21 28 141 10 9 7 45 48 49 50 52 53 58 59 60 61 62 64 68 69 75 76 79 86 99
39 c 60 12 32 42 143 10 31 32 41 60 63 64 65 73 74 76 79 80 82 84 86 93 96 99
40 c 22 85 32 101 146 10 10 1 41 42 44 45 46 47 52 53 57 58 61 64 69 70 72 74 79 82 83 85 91 93 94 99
41 c 26 35 32 37 146 10 15 9 44 50 52 53 57 58 62 63 72 73 75 76 81 82 84 85 86 87 92 99
42 c 62 80 32 37 148 10 30 20 44 48 53 59 65 68 69 71 72 78 80 91 96 98
43 c 55 82 32 35 148 10 10 2 44 52 56 58 62 63 68 76 83 86 87 89 91 92 96 98
44 c 60 85 32 50 149 10 30 34 46 47 55 57 60 62 64 71 73 76 78 83 88 90 93 95 96
45 c 85 35 32 100 151 10 30 33 47 53 54 60 64 66 68 70 71 73 76 77 86 92 93 96 100
46 c 8 40 32 33 152 10 40 42 49 57 65 66 71 74 77 82 85 86 87 88 98
47 c 6 68 33 54 153 10 30 29 48 50 52 57 58 61 66 69 72 74 76 78 86 87 88 92 93 96 100
48 c 20 50 34 57 154 10 5 1 52 57 60 64 65 66 71 72 79 80 82 84 87 89 92 93 94 95 96 100
49 c 95 30 38 105 154 10 30 32 52 56 58 60 63 69 76 77 84 88 90
50 c 15 80 38 56 155 10 10 13 52 54 56 59 60 62 63 67 68 70 71 72 75 77 86 87 93
51 c 53 43 38 14 155 10 14 15 52 55 58 59 63 65 68 69 78 79 81 90 91 94 96 97 100
52 c 4 18 38 112 157 10 35 39 55 56 59 60 61 64 66 67 68 69 70 79 81 85 90 91 97 98
53 c 72 35 38 104 157 10 30 31 55 56 61 65 66 68 69 70 73 77 79 80 82 83 88 92 93 96 97
54 c 18 80 38 98 157 10 10 9 55 61 63 75 80 81 83 86 90 97
55 c 42 12 38 79 158 10 10 15 58 59 60 62 63 64 65 67 69 73 75 77 83 84 89 91 94 95 96
56 c 65 35 38 29 158 10 3 1 57 60 63 68 70 71 74 75 76 77 82 85 86 92 98 99
57 c 40 15 38 55 158 10 40 38 58 59 60 63 66 67 74 75 81 82 83 84 87 88 90 98
58 c 57 29 39 62 159 10 18 8 70 72 76 79 80 82 86 87 89 90 91 92 94 100
59 c 88 30 39 52 159 10 10 9 60 64 69 73 74 76 78 80 81 83 84 92 93 94 95 98 99
60 c 10 35 42 51 160 10 20 17 66 67 74 78 80 81 83 90 94 96 99 100
61 c 2 40 42 39 161 10 20 11 64 66 69 72 74 79 82 84 91 95 99 100
62 c 42 15 42 111 162 10 10 15 74 77 78 79 81 83 86 88 89 96
63 c 8 56 43 46 163 10 27 18 66 67 70 75 79 84 87 96 99
64 c 18 75 55 55 164 10 20 10 66 67 74 79 83 84 92 94 99
65 c 38 5 55 45 164 10 30 22 73 74 86 91 92 93 94 97
66 c 65 82 55 113 164 10 10 19 67 70 74 76 78 80 82 83 84 86 87 88 90 91 94 95
67 c 58 75 55 48 165 10 20 24 68 72 74 76 77 81 84 86 89 90 92 94
68 c 55 80 55 33 166 10 10 1 69 71 73 74 76 77 80 82 83 85 86 87 88 89 90 93 96
69 c 55 85 55 117 168 10 20 30 71 72 74 77 80 82 84 89 92 95 96 97 98 100
70 c 95 35 55 57 172 10 20 17 71 74 75 79 87 88 90 92 93 94 97 98
71 c 55 54 55 121 172 10 26 20 77 85 90 91 92 93 94 100
72 c 87 30 55 116 175 10 10 12 79 82 87 97 98
73 c 20 82 57 37 177 10 10 19 74 76 78 88 90 92 96 99 100
74 c 67 5 57 105 177 10 25 27 75 79 84 88 90 91 93 96 98
75 c 10 40 57 90 177 10 30 27 78 83 84 85 86 87 89 91 92 97 99
76 c 85 25 58 51 178 10 10 18 77 79 80 82 87 96 99
77 c 55 60 60 127 180 10 16 25 92 95 96 97 100
78 c 23 3 60 52 180 10 7 5 79 81 87 94 100
79 c 15 10 62 56 182 10 20 15 80 82 85 93 94 98
80 c 35 5 66 54 184 10 20 16 82 83 84 85 87 88 90 91 94 95 96 97 98 100
81 c 42 5 66 120 184 10 10 5 84 89 91 93 94 100
82 c 67 85 66 61 185 10 20 12 90
83 c 65 85 66 43 186 10 40 40 86 88 89 91 94 97 99
84 c 0 45 69 60 189 10 20 21 88 89 95 99
85 c 25 85 71 125 191 10 20 12 86 89 91 95 97
86 c 60 80 71 36 191 10 10 3 89 91 99
87 c 5 35 71 62 191 10 10 17 93 94 98
88 c 20 80 73 71 193 10 40 37 92 93 94 96
89 c 20 20 73 72 193 10 8 4 90 95 97 98 99
90 c 38 15 82 128 194 10 10 10 96 100
91 c 50 35 82 88 201 10 19 26 92 93 94
92 c 15 60 82 137 202 10 17 24 97 98
93 c 41 37 83 92 203 10 16 20 95
94 c 61 52 88 69 208 10 3 1 95 98 99
95 c 35 69 90 60 210 10 23 26 98 99
96 c 31 67 90 66 210 10 3 11 98 100
97 c 49 42 92 151 212 10 13 14
98 c 30 60 94 95 214 10 16 11 99 100
99 c 40 60 97 100 217 10 21 16 100
100 c 47 47 102 97 222 10 13 22

