StringID Type x y release ReadyTime DueDate ServiceTime weight volume Item_Conflitante1 Item_Conflitante2 Item_Conflitante3 Item_Conflitante4 Item_Conflitante5 Item_Conflitante6 Item_Conflitante7 Item_Conflitante8 Item_Conflitante9 Item_Conflitante10 Item_Conflitante11 Item_Conflitante12 Item_Conflitante13 Item_Conflitante14 Item_Conflitante15 Item_Conflitante16 Item_Conflitante17 Item_Conflitante18 Item_Conflitante19 Item_Conflitante20 Item_Conflitante21 Item_Conflitante22 Item_Conflitante23 Item_Conflitante24 Item_Conflitante25 Item_Conflitante26 Item_Conflitante27 Item_Conflitante28 Item_Conflitante29 Item_Conflitante30 Item_Conflitante31 Item_Conflitante32 Item_Conflitante33 Item_Conflitante34 Item_Conflitante35 Item_Conflitante36 Item_Conflitante37 Peso_Total Volume_Total
0 d 35 35 0 0 230 0 0 0                                      200 200
1 c 11 31 0 101 111 10 7 14 4 7 9 11 20 22 27 28 40 41 44 50 51 55 58 66 67 69 71 72 74 75 77 80 86 88 92 95 97 98 99
2 c 53 52 0 37 47 10 11 17 6 11 14 19 21 23 25 26 27 30 36 40 43 44 45 47 48 51 54 55 58 59 63 64 65 71 72 79 80 83 85 90 91 94 95 98 100
3 c 2 60 0 41 51 10 5 2 5 7 11 15 16 18 19 20 22 25 26 31 35 38 41 42 43 45 48 57 60 63 65 67 69 73 74 75 80 81 85 90 91 97 98
4 c 55 54 0 94 104 10 26 29 7 8 12 15 16 24 28 31 35 37 38 40 46 48 53 59 60 62 63 67 71 72 77 85 86 87 88 93 95 100
5 c 60 12 0 44 54 10 31 29 7 15 17 22 26 30 32 34 35 42 43 44 45 52 55 57 59 61 62 68 71 75 77 79 81 83 86 92 95 98 100
6 c 40 25 0 85 95 10 9 12 7 8 9 12 17 21 28 31 34 35 36 39 40 41 42 43 44 45 53 56 57 59 63 69 72 76 77 81 82 83 87 90 93 99 100
7 c 42 7 0 97 107 10 5 7 9 10 11 17 19 22 29 31 33 34 36 38 47 48 49 50 53 69 70 78 79 84 85 89 90 94 99
8 c 24 12 0 31 41 10 5 3 9 12 19 21 22 24 25 26 28 29 44 45 47 51 54 56 57 58 59 63 67 73 75 84 88 93 94 96
9 c 11 14 0 69 79 10 18 23 11 15 18 26 27 32 34 36 37 39 44 47 48 49 54 55 58 63 65 66 68 70 73 76 77 80 82 83 84 85 89 92 100
10 c 6 38 0 32 42 10 16 9 11 12 14 17 19 21 28 33 36 38 39 42 47 49 50 54 55 61 65 66 69 70 73 74 75 81 84 86 93 95 100
11 c 8 56 0 51 61 10 27 21 15 17 20 21 24 25 28 31 37 41 42 45 46 65 67 70 72 78 81 82 84 90 91 93 96 97 99
12 c 20 26 0 83 93 10 9 4 14 19 24 25 26 27 29 31 33 35 38 39 42 47 49 54 66 68 71 72 74 76 78 83 84 88 90 91 96 97 99 100
13 c 40 60 0 71 81 10 21 28 17 23 24 25 34 35 38 42 43 46 49 54 59 62 68 70 75 85 88 93 100
14 c 49 58 0 88 98 10 10 1 16 24 34 36 37 40 41 42 48 49 51 52 53 54 56 57 59 70 81 82 87 88 93 96 98 100
15 c 32 12 0 101 111 10 7 11 16 17 18 23 24 26 30 31 37 40 47 49 51 53 60 61 63 66 67 74 76 78 79 80 83 87 93 95 97 98 100
16 c 57 48 0 92 102 10 23 14 23 25 38 39 40 44 48 49 53 55 61 65 73 74 75 81 84 87 91 96 97
17 c 61 52 0 96 106 10 3 8 20 22 24 29 31 32 33 35 37 38 40 43 45 46 47 48 50 56 57 60 68 69 71 75 77 79 81 85 89 96 99
18 c 12 24 0 76 86 10 13 9 21 22 24 25 26 28 33 39 41 42 43 46 47 49 52 57 64 65 69 71 74 82 84 88 89 91 92 93 96 98
19 c 24 58 0 58 68 10 19 21 21 22 23 29 36 37 42 43 44 46 47 48 49 50 52 54 57 59 60 64 66 72 76 77 78 80 81 82 85 89 90 91 97 100
20 c 27 69 0 34 44 10 10 17 26 27 29 32 33 35 36 37 41 42 45 46 49 50 52 59 61 63 65 67 71 72 75 81 87 88
21 c 15 77 0 73 83 10 9 9 24 25 36 41 44 46 48 53 58 59 61 64 70 72 73 79 85 87 88 98 100
22 c 62 77 0 51 61 10 20 17 24 25 26 28 29 31 35 36 38 40 48 50 52 53 56 57 58 68 72 76 78 89 90 91 92 96 100
23 c 67 5 0 83 93 10 25 18 24 26 28 32 36 38 44 46 52 57 62 63 68 69 71 72 76 80 82 83 84 87 89 91 92 94 95 96
24 c 37 47 0 50 60 10 6 1 28 30 37 39 40 42 43 46 50 57 60 63 64 68 74 80 83 84 86 87 88 90 92 94 95
25 c 57 68 0 77 87 10 15 6 27 30 31 34 36 45 48 53 54 56 60 68 70 73 74 76 81 83 92 97
26 c 44 17 0 78 88 10 9 12 31 41 43 48 50 54 56 57 61 63 69 75 77 80 82 89 92 96 97
27 c 37 31 0 95 105 10 14 18 31 36 38 41 48 50 51 54 55 59 60 61 62 65 66 70 73 74 75 78 79 80 86 90 91 93 97
28 c 64 42 0 63 73 10 9 5 29 35 41 42 44 50 53 55 65 67 72 73 75 78 86 90 95
29 c 5 5 0 83 93 10 16 11 31 35 37 46 48 51 53 55 65 66 68 69 71 73 79 80 82 84 85 86 94 98
30 c 35 40 0 37 47 10 16 25 32 58 59 63 64 67 70 73 74 75 79 85 92 98 100
31 c 22 22 0 18 28 10 2 8 33 39 40 46 55 59 69 71 75 79 82 92
32 c 31 67 0 95 105 10 3 1 33 36 40 41 48 52 53 60 62 63 64 71 75 77 78 80 81 87 95 96 98 99
33 c 25 30 0 99 109 10 3 9 35 37 40 49 53 54 57 61 65 71 79 80 83 88 90 92 94 95 98 99
34 c 10 43 0 95 105 10 9 11 35 39 41 48 50 58 60 64 67 72 77 79 81 82 83 84 90 92 96 98
35 c 55 60 0 97 107 10 16 22 46 48 49 55 56 57 64 66 68 69 71 72 78 80 84 85 92 94 95 96 98
36 c 20 65 0 67 77 10 12 13 41 42 45 48 51 54 55 63 64 65 67 72 74 76 84 85 89 93 97 98
37 c 26 52 0 74 84 10 9 5 39 42 45 46 48 51 53 54 56 57 59 60 71 75 79 81 87 90 92 95 97
38 c 41 37 0 39 49 10 16 13 39 40 41 45 46 50 54 59 63 64 73 74 75 76 79 82 84 86 88 91 92 96 99 100
39 c 15 10 0 32 42 10 20 21 42 50 51 54 55 56 70 75 76 81 82 83 84 87 88 89 94 95 98
40 c 30 5 3 61 71 10 8 16 43 47 53 54 57 60 64 65 67 68 69 71 83 84 87 91 93 94 98
41 c 10 20 3 75 85 10 19 11 46 50 51 53 54 58 60 61 62 68 70 71 78 79 86 90 96 99
42 c 20 40 3 87 97 10 12 12 44 48 53 54 55 58 62 69 75 77 78 79 83 84 92 97 98 99
43 c 49 42 3 73 83 10 13 4 44 49 54 56 61 72 73 75 77 81 83 84 87 89 92
44 c 15 60 3 76 86 10 17 21 45 47 53 54 62 64 67 69 74 81 85 89 90 91
45 c 28 18 3 93 103 10 26 17 52 53 54 58 59 60 64 65 70 73 78 84 85 86 87 90 92 94
46 c 45 10 3 97 107 10 18 27 52 53 56 57 58 60 64 65 66 72 73 78 84 86 87 88 93 96 100
47 c 4 18 3 94 104 10 35 30 50 58 62 65 66 69 71 74 78 84 89 91 92 95 97
48 c 55 5 3 68 78 10 29 23 52 55 56 66 75 89 92 93 99
49 c 6 68 3 108 118 10 30 29 50 55 57 58 59 62 67 72 75 77 78 81 84 85 87 88 93 97 98 99
50 c 2 48 38 117 127 10 1 6 51 54 56 59 67 68 71 72 78 80 83 85 87 89 94 97
51 c 30 60 38 124 134 10 16 7 53 55 59 60 65 66 67 68 72 74 75 77 81 84 87 89 90 91 93
52 c 45 65 38 126 136 10 9 17 58 59 64 65 67 69 74 77 81 84 86 89 90 92 93 96 97 98
53 c 49 73 38 127 137 10 25 31 59 69 72 74 79 82 85 86 87 88 89 92 93 97 98
54 c 53 12 38 130 140 10 6 1 59 65 68 69 76 78 81 84 87 89 91 98
55 c 23 3 38 132 142 10 7 15 62 64 68 71 79 80 81 84 86 94 96 98 100
56 c 25 21 38 133 143 10 12 14 57 59 64 65 69 71 74 77 82 83 84 85 87 93 98
57 c 63 23 38 136 146 10 2 1 63 70 72 79 80 81 84 88 89 93 94 98 99
58 c 57 29 38 140 150 10 18 20 63 67 68 72 74 76 83 85 86 90 93 94 95 97
59 c 35 69 38 141 151 10 23 29 60 65 67 78 85 87 89 91 93 94 97 99
60 c 56 39 38 142 152 10 36 44 61 65 74 78 88 90 91 92 96 97
61 c 63 65 38 143 153 10 8 18 74 76 78 79 81 82 84 85 86 89 91 92 93 94 95
62 c 46 13 44 149 159 10 8 7 68 69 71 73 75 76 77 88 89 91 93 97
63 c 55 20 44 149 159 10 19 21 64 66 73 76 78 79 85 88 91 92 95 97
64 c 65 35 48 153 163 10 3 1 65 66 70 72 74 80 82 83 92
65 c 5 30 52 157 167 10 2 3 67 69 74 89 92
66 c 30 25 54 159 169 10 23 28 69 70 71 72 75 77 79 83 86 88 95 98 99
67 c 17 34 57 162 172 10 3 1 72 77 78 79 83 86 92 95 98
68 c 65 20 68 172 182 10 6 13 70 77 79 81 82 83 84 86 91 99
69 c 65 55 68 0 183 10 14 19 76 80 81 86 87 88 89 91 95 97
70 c 26 35 71 176 186 10 15 5 75 79 82 87 93 95 98
71 c 53 43 74 179 189 10 14 17 80 82 84 85 88 90 93 94
72 c 37 56 77 182 192 10 5 4 73 77 78 79 85 86 87 90 94 95 98
73 c 49 11 77 0 192 10 18 26 75 76 79 81 82 86 89 97 99
74 c 56 37 77 182 192 10 6 6 77 85 89 90 91 92 94 97 98 99 100
75 c 13 52 77 0 192 10 36 30 78 84 86 89 93 94 95 97 99 100
76 c 15 19 79 0 194 10 1 10 77 84 85 86 90 92
77 c 18 18 80 185 195 10 17 25 78 79 84 85 87 89 92 96
78 c 15 47 81 0 196 10 16 23 80 81 86 88 89 90 91 92 96 97
79 c 16 22 81 0 196 10 41 39 80 81 82 83 84 86 88 89 91 92 93 94 96 98
80 c 55 45 82 0 197 10 13 5 83 89 91 95 96 99 100
81 c 47 16 82 0 197 10 25 34 83 84 86 90 91 94 98
82 c 20 50 83 0 198 10 5 6 83 84 85 89 91 93 94 97 100
83 c 19 21 83 0 198 10 10 13 86 90 95
84 c 18 24 83 188 198 10 22 24 85 87 90 98
85 c 20 20 83 0 198 10 8 14 86 87 90 92 99
86 c 14 37 83 0 198 10 11 1 88 89 92 94 95 97 100
87 c 15 30 84 0 199 10 26 34 89 90 92 95 98 99
88 c 45 20 86 0 201 10 11 19 89 90 93 99 100
89 c 35 17 87 0 202 10 7 1 94 96 99 100
90 c 21 24 87 0 202 10 28 19 94 95 100
91 c 31 52 87 0 202 10 27 35 95 96 99
92 c 47 47 88 0 203 10 13 19 98 100
93 c 22 27 89 0 204 10 11 1 97 98
94 c 41 49 89 0 204 10 10 3 95 97
95 c 25 24 90 0 205 10 20 20 97 99 100
96 c 50 35 90 0 205 10 19 19 97 98
97 c 26 27 92 0 207 10 27 28 98 99 100
98 c 45 30 93 0 208 10 17 24
99 c 27 43 93 0 208 10 9 1
100 c 36 26 95 200 210 10 18 28

