StringID Type x y release ReadyTime DueDate ServiceTime weight volume Item_Conflitante1 Item_Conflitante2 Item_Conflitante3 Item_Conflitante4 Item_Conflitante5 Item_Conflitante6 Item_Conflitante7 Item_Conflitante8 Item_Conflitante9 Item_Conflitante10 Item_Conflitante11 Item_Conflitante12 Item_Conflitante13 Item_Conflitante14 Item_Conflitante15 Item_Conflitante16 Item_Conflitante17 Item_Conflitante18 Item_Conflitante19 Item_Conflitante20 Item_Conflitante21 Item_Conflitante22 Item_Conflitante23 Item_Conflitante24 Item_Conflitante25 Item_Conflitante26 Item_Conflitante27 Item_Conflitante28 Item_Conflitante29 Item_Conflitante30 Item_Conflitante31 Item_Conflitante32 Item_Conflitante33 Item_Conflitante34 Item_Conflitante35 Item_Conflitante36 Item_Conflitante37 Peso_Total Volume_Total
0 d 35 35 0 0 230 0 0 0                                      200 200
1 c 31 52 0 24 85 10 27 26 9 13 15 17 19 25 27 28 30 31 34 37 41 45 52 55 56 58 64 65 68 72 74 77 81 82 87 89 90 94 99
2 c 53 52 0 24 92 10 11 20 5 16 18 20 22 26 27 28 31 32 38 39 44 51 52 53 55 56 57 60 66 67 68 72 75 77 82 83 85 90 92 96
3 c 57 68 0 54 109 10 15 13 4 5 8 11 12 20 21 22 23 24 28 30 38 41 45 46 47 49 51 53 56 64 66 67 68 75 77 92 95 96 98
4 c 2 60 0 41 112 10 5 1 8 21 22 26 30 33 34 35 37 39 42 44 46 47 48 50 52 53 56 58 62 66 72 77 78 82 89 90 92 95 99 100
5 c 14 37 0 21 89 10 11 11 11 17 20 21 22 24 26 27 29 30 34 35 36 37 38 39 43 46 47 51 53 54 59 61 66 69 71 78 86 87 88 89 95 97 98 100
6 c 5 5 0 60 115 10 16 10 12 13 17 21 28 30 33 38 39 41 44 47 48 50 51 52 53 58 64 70 74 75 81 83 86 87 89 92 96 98
7 c 60 12 0 33 110 10 31 32 8 9 18 19 25 26 27 30 33 36 37 39 41 42 44 50 59 61 63 66 68 72 74 77 82 84 85 89 95 96 98
8 c 40 25 0 65 114 10 9 2 9 14 18 22 23 26 27 32 34 36 38 39 43 47 50 52 56 57 62 63 66 71 80 90 93 94 95 96 98 99
9 c 24 12 0 25 91 10 5 7 11 12 13 15 22 29 31 32 33 44 45 52 54 64 73 75 88 89 93 95 96 99
10 c 15 47 0 29 90 10 16 17 11 12 13 15 16 19 20 21 24 25 29 37 40 52 56 58 61 64 66 67 70 72 73 74 75 76 79 80 81 82 85 87 88 90 92 94 97
11 c 11 14 0 45 102 10 18 24 12 16 18 19 20 21 22 29 31 35 38 39 42 44 49 53 56 58 60 63 65 72 74 75 77 79 80 87 89 92 93 94
12 c 6 38 0 29 99 10 16 24 19 27 29 30 32 34 35 43 45 46 55 57 58 60 65 68 80 83 84 87 89 94 97 99
13 c 8 56 0 34 105 10 27 23 19 21 22 24 25 26 27 32 34 36 42 44 45 47 49 51 53 55 60 62 63 64 67 69 76 78 80 81 82 86 88 92 93 98
14 c 20 26 0 60 115 10 9 11 16 22 24 25 27 29 30 33 36 38 40 50 54 62 66 68 72 76 79 80 83 84 86 87 88 92 95 100
15 c 27 43 0 26 87 10 9 13 28 30 32 33 39 41 45 46 49 53 56 60 61 63 64 67 68 71 72 74 76 78 80 81 83 84 85 88 91 95 98 99
16 c 49 42 0 52 103 10 13 7 20 21 23 25 31 34 36 41 50 52 53 59 62 63 66 67 68 69 74 75 77 92 93 94 95 97 99
17 c 49 11 0 45 102 10 18 23 27 31 33 36 37 38 41 42 57 61 64 65 70 72 74 77 78 85 88 90 99
18 c 21 24 0 17 100 10 28 25 20 24 31 32 37 41 42 54 56 58 63 74 75 78 81 85 86 99
19 c 44 17 0 56 109 10 9 1 21 23 27 28 31 32 41 43 45 46 47 48 49 55 56 62 67 68 69 70 71 73 74 76 78 83 86 87 95 99
20 c 12 24 0 55 106 10 13 23 25 26 30 35 36 38 39 44 51 52 53 55 56 58 60 65 66 69 71 74 75 77 79 80 84 89 90 96 100
21 c 24 58 0 30 95 10 19 16 25 28 33 45 46 47 50 51 54 55 57 58 59 61 63 67 69 76 77 79 83 87
22 c 27 69 0 34 103 10 10 2 24 25 27 30 31 41 42 43 44 47 48 50 52 53 57 68 72 77 79 82 83 86 87 89 90 91 93 94 95
23 c 15 77 0 48 107 10 9 1 27 32 35 38 44 48 49 52 55 72 74 79 80 83 84 85 88 93 95 97
24 c 62 77 0 49 113 10 20 11 25 29 30 32 39 40 43 47 49 62 69 72 76 77 79 85 86 87 91 93 98
25 c 47 16 0 22 96 10 25 31 26 33 37 39 42 43 47 48 52 53 54 57 64 65 68 69 72 74 78 79 81 83 87 88 90 92 98 100
26 c 40 60 0 49 102 10 21 27 27 29 30 37 39 41 51 54 61 64 67 70 71 76 77 80 88 89 92 94 95 96 98 99
27 c 64 42 0 37 98 10 9 14 34 35 38 40 42 44 46 53 54 55 57 59 60 61 68 69 71 75 82 84 85 86 94 95 99
28 c 37 47 0 23 86 10 6 14 41 45 47 48 49 50 51 54 58 59 61 62 63 64 71 75 80 81 84 86 87 88 90 96 97
29 c 35 40 0 8 75 10 16 21 31 32 33 35 36 43 45 47 52 57 60 64 68 83 84 85 86 90 93 95 100
30 c 20 50 0 61 110 10 5 5 31 32 34 36 38 39 43 45 46 47 53 54 57 58 59 61 63 70 73 75 77 82 86 89 93 94 97
31 c 35 17 0 22 87 10 7 13 34 37 38 51 54 57 59 60 62 65 72 77 78 80 83 84 88 91 94 98
32 c 19 21 0 32 93 10 10 5 33 35 36 43 45 47 50 55 62 63 65 69 71 76 79 80 81 82 83 89 91 94 97
33 c 20 65 0 42 101 10 12 20 34 39 41 42 44 45 48 52 58 61 66 68 69 75 77 86 89 93 99
34 c 50 35 0 38 97 10 19 24 36 38 39 42 47 50 53 57 59 64 66 74 78 81 92 96 98 100
35 c 41 37 0 11 76 10 16 18 41 45 47 50 54 58 63 64 69 70 72 73 74 87 91 92 93 98 99
36 c 15 30 4 20 93 10 26 16 53 55 59 60 63 64 67 70 74 79 83 84 87 94 99 100
37 c 15 10 4 32 114 10 20 22 38 42 43 46 47 49 50 52 54 56 60 65 66 69 74 76 77 84 86 87 89 90 93 95 97
38 c 30 5 4 35 96 10 8 15 39 41 43 45 52 55 60 61 64 66 67 70 71 72 74 76 77 95
39 c 10 20 4 52 107 10 19 26 42 44 45 51 53 57 59 62 63 69 73 74 75 77 80 88 89 95 96 100
40 c 22 22 4 18 88 10 2 6 43 46 57 58 61 64 67 69 73 82 83 86 91
41 c 25 24 4 14 78 10 20 15 42 44 54 55 57 63 64 69 71 72 74 82 91 96
42 c 20 40 4 69 114 10 12 20 44 48 54 59 69 73 75 78 80 83 85 87 88 90 95 98 99
43 c 55 5 4 43 102 10 29 37 45 52 53 54 55 57 58 69 71 73 78 80 82 85 89 92 93 94 95
44 c 45 20 4 37 96 10 11 12 50 54 56 61 63 64 65 71 72 79 80 81 83 85 86 90 93 96 97
45 c 26 52 4 50 107 10 9 1 46 48 55 61 65 69 70 72 83 88 89 91 92 98 100
46 c 15 60 4 52 109 10 17 18 47 48 51 62 65 67 70 74 77 80 90 91 95
47 c 67 5 4 59 116 10 25 26 50 55 56 60 65 69 70 75 87 91 96 100
48 c 28 18 4 79 116 10 26 30 53 54 57 60 62 64 65 70 74 81 88 94 98 99
49 c 55 54 4 78 119 10 26 23 50 52 55 57 59 61 62 71 74 77 78 79 81 92 94
50 c 16 22 17 70 121 10 41 51 54 55 57 59 60 61 62 65 69 71 73 75 78 79 83 84 85 87 92 93 94 97
51 c 57 48 17 72 121 10 23 30 52 53 56 59 60 61 62 65 68 72 73 82 83 88 93 98 99
52 c 49 58 17 64 121 10 10 9 53 55 56 57 58 59 62 70 71 82 83 84 88 91 92 99
53 c 4 18 17 74 123 10 35 27 66 70 71 72 75 76 78 81 84 86 88 91 92 93 99
54 c 37 31 17 75 124 10 14 18 58 59 62 64 67 68 70 73 80 83 94 95 98 99
55 c 10 43 17 75 124 10 9 10 56 58 59 62 63 65 66 68 70 72 73 74 75 76 81 82 84 89 92 94 95 96 98 100
56 c 31 67 17 73 126 10 3 1 58 59 64 65 66 68 69 72 74 75 76 77 80 81 83 84 98 99
57 c 45 10 17 76 127 10 18 13 59 61 69 74 75 84 87 97
58 c 26 27 17 81 128 10 27 21 62 65 66 67 71 78 79 86 95 97 99 100
59 c 55 60 17 74 129 10 16 20 66 69 70 72 77 78 79 83 85 87 96 99
60 c 61 52 17 71 130 10 3 1 63 65 67 71 72 74 79 84 87 88 91 92 95 96 97 99 100
61 c 11 31 17 81 130 10 7 8 66 74 77 84 86 88 89 91 93 99
62 c 42 7 17 72 131 10 5 13 63 67 69 70 75 80 85 91 98
63 c 25 30 17 76 131 10 3 3 67 69 72 75 78 79 82 84 85 87 89 90 92 94
64 c 6 68 17 93 132 10 30 25 73 74 75 76 82 84 87 91 94 96 98
65 c 32 12 19 77 134 10 7 15 69 75 77 78 80 83 86 95
66 c 55 45 28 98 143 10 13 18 69 72 76 78 81 84 88 92 95 97 98
67 c 65 55 32 96 147 10 14 19 70 72 74 79 80 83 85 86 91 93 96 100
68 c 30 60 40 107 150 10 16 6 69 75 80 82 84 91 93 94
69 c 2 48 40 92 151 10 1 9 70 72 76 78 79 80 81 82 83 87 94 97 100
70 c 47 47 40 102 155 10 13 10 71 73 77 81 82 86 96 97
71 c 45 65 41 105 156 10 9 18 72 79 82 88 91 92 93 94
72 c 49 73 50 104 159 10 25 16 73 74 77 79 84 93
73 c 25 21 50 115 160 10 12 16 74 82 89 91 92 94 96 99
74 c 45 30 50 112 161 10 17 27 78 80 92
75 c 23 3 50 111 162 10 7 2 76 81 92 93 100
76 c 53 12 50 106 163 10 6 12 80 81 82 83 88 94 98 100
77 c 20 20 50 113 164 10 8 4 78 80 83 84 85 87 90 92 93 100
78 c 22 27 50 114 165 10 11 13 86 87 88 91 92 93 96 98
79 c 63 23 56 111 170 10 2 6 81 92 95 96
80 c 57 29 56 118 171 10 18 11 81 84 85 86 90 93 94 97
81 c 35 69 60 116 175 10 23 23 83 84 88 100
82 c 56 39 63 117 176 10 36 34 83 86 87 92 100
83 c 63 65 63 116 178 10 8 2 96 97 98
84 c 46 13 69 123 184 10 8 3 85 87 91 93 94 96 99
85 c 55 20 69 123 184 10 19 19 86 89 92 93 99 100
86 c 65 20 71 121 186 10 6 1 90 95 97 100
87 c 5 30 75 124 189 10 2 1 93 94 95 97
88 c 65 35 75 124 190 10 3 12 93 97
89 c 13 52 77 128 192 10 36 42 98 100
90 c 15 19 79 132 194 10 1 1 97
91 c 18 18 80 123 195 10 17 14 92 93 97 98
92 c 30 25 81 131 196 10 23 30 94
93 c 37 56 83 123 198 10 5 8 94
94 c 41 49 84 133 198 10 10 14 95 96
95 c 56 37 84 135 198 10 6 10 96
96 c 18 24 84 129 199 10 22 28 98 100
97 c 17 34 84 134 199 10 3 10 98 99
98 c 53 43 85 136 200 10 14 13 99
99 c 36 26 95 147 210 10 18 13
100 c 26 35 96 139 211 10 15 21

