StringID Type x y release ReadyTime DueDate ServiceTime weight volume Item_Conflitante1 Item_Conflitante2 Item_Conflitante3 Item_Conflitante4 Item_Conflitante5 Item_Conflitante6 Item_Conflitante7 Item_Conflitante8 Item_Conflitante9 Item_Conflitante10 Item_Conflitante11 Item_Conflitante12 Item_Conflitante13 Item_Conflitante14 Item_Conflitante15 Item_Conflitante16 Item_Conflitante17 Item_Conflitante18 Item_Conflitante19 Item_Conflitante20 Item_Conflitante21 Item_Conflitante22 Item_Conflitante23 Item_Conflitante24 Item_Conflitante25 Item_Conflitante26 Item_Conflitante27 Item_Conflitante28 Item_Conflitante29 Item_Conflitante30 Item_Conflitante31 Item_Conflitante32 Item_Conflitante33 Item_Conflitante34 Item_Conflitante35 Item_Conflitante36 Peso_Total Volume_Total
0 d 40 50 0 0 240 0 0 0                                     200 200
1 c 38 5 0 65 95 10 30 31 2 7 9 13 19 22 23 26 27 30 34 37 39 40 42 45 48 51 53 61 63 67 71 87 89 97 98
2 c 45 30 0 53 83 10 17 14 15 20 24 25 26 32 35 39 45 52 54 58 62 63 66 68 69 70 73 76 77 79 82 86 91 94 98
3 c 65 20 0 39 69 10 6 15 4 11 15 16 19 20 30 35 46 47 48 49 51 54 57 58 59 60 64 70 76 77 80 85 88 93 94 97 98 100
4 c 65 35 0 52 82 10 3 4 5 6 7 9 13 14 18 22 23 27 38 40 51 56 57 63 65 67 69 73 77 79 91 93 98
5 c 95 35 0 62 92 10 20 26 6 7 8 12 14 25 27 32 36 38 46 47 55 56 62 66 70 71 74 76 82 83 86 89 95 96 99
6 c 92 30 0 62 92 10 10 13 7 9 13 14 22 25 26 27 28 31 35 36 39 40 49 54 55 56 57 58 61 65 69 71 72 73 75 79 84 86 88 91 92 97 98 100
7 c 90 35 0 67 97 10 10 7 9 13 16 19 23 24 27 36 37 38 45 46 48 51 53 54 59 63 64 67 68 71 72 74 78 79 85 88 91 98 99
8 c 88 30 0 74 104 10 10 16 10 19 24 25 27 33 38 40 44 49 54 55 58 62 63 68 69 71 74 77 78 83 87 88 89 91 92 99
9 c 35 40 0 11 41 10 16 8 10 11 14 16 17 26 27 29 33 35 39 40 47 49 50 57 60 64 65 66 71 74 79 84 92 94
10 c 45 65 0 66 96 10 9 1 15 18 21 23 27 28 32 35 36 38 42 46 47 48 49 57 58 67 68 69 70 76 81 83 89 93 96
11 c 55 20 0 83 113 10 19 19 16 18 19 24 28 30 35 40 45 47 51 53 55 62 68 70 72 74 77 78 80 81 85 89 90 93 95 98
12 c 26 35 0 77 107 10 15 5 17 27 30 31 34 37 41 42 47 49 52 53 60 62 65 66 74 75 76 77 82 85 86 88 90 91 94 97 98
13 c 65 85 0 43 73 10 40 50 14 18 20 21 24 25 28 29 35 36 39 44 45 47 50 55 58 61 65 66 69 73 77 78 81 83 84 86 87 89 92 94 95 97 99
14 c 2 45 0 45 75 10 10 14 15 16 18 21 23 24 27 31 34 35 42 43 45 46 47 49 51 55 56 58 60 63 66 67 69 73 74 76 84 90 100
15 c 62 80 0 75 105 10 30 20 16 20 21 24 28 29 30 33 35 36 38 40 44 47 50 51 57 63 65 66 69 70 72 78 79 81 83 86 87 88 94 100
16 c 60 80 0 37 67 10 10 5 18 23 24 26 27 30 32 41 45 46 49 52 65 72 74 76 78 86 95 96 98
17 c 60 85 0 85 115 10 30 28 18 22 24 27 32 34 35 38 40 41 44 48 50 57 64 70 72 74 79 82 83 85 87 88 92 99
18 c 20 82 0 37 67 10 10 19 24 26 29 31 38 39 40 42 47 49 50 57 64 65 67 68 69 70 72 73 78 80 88 91 94 96 99
19 c 85 25 0 51 81 10 10 6 21 23 25 26 29 37 38 40 43 44 48 49 52 53 55 58 59 60 62 64 68 69 71 73 74 77 80 83 91 93 94 96 98 100
20 c 55 80 0 33 63 10 10 13 21 22 27 32 35 38 40 41 52 53 64 67 73 78 81 82 84 85 88 90 91 92 96
21 c 64 42 0 70 100 10 9 8 30 31 33 35 37 38 40 41 44 46 48 49 55 56 57 58 59 71 73 79 82 85 88 91 92 98
22 c 42 10 0 72 102 10 40 50 31 39 40 41 43 44 45 46 47 48 58 59 60 63 66 74 81 82 91 93 94 95 96 97 98 100
23 c 49 58 0 86 116 10 10 5 28 34 35 38 39 40 42 44 45 46 47 51 53 57 59 60 62 63 66 69 71 74 77 79 81 88 89 90 91 92 100
24 c 21 24 0 87 117 10 28 19 25 27 28 30 32 35 39 49 50 52 60 63 68 69 75 76 77 78 80 84 85 88 89 94 95 96 100
25 c 6 68 0 89 119 10 30 21 26 31 33 37 41 44 47 48 49 51 52 53 56 57 60 63 66 67 74 77 81 83 91 92 95 97 99
26 c 8 56 0 90 120 10 27 32 27 33 35 36 38 39 45 46 49 52 55 59 62 65 67 68 69 71 72 73 77 78 89 92
27 c 60 12 0 75 105 10 31 33 29 36 37 38 39 40 42 49 50 51 53 59 62 63 64 65 70 71 73 74 75 76 79 80 81 82 89 90 91 92 93 97 98 99
28 c 2 60 0 77 107 10 5 12 29 34 35 36 37 40 42 43 46 57 58 60 62 63 65 66 67 68 71 80 82 83 85 88 92 96 100
29 c 53 43 0 14 44 10 14 7 30 33 36 37 38 39 43 45 55 58 64 66 70 74 80 81 82 86 95 96 97 100
30 c 31 52 0 41 71 10 27 29 35 36 41 43 47 53 56 59 60 61 65 67 68 70 71 74 75 77 81 82 83 87 90 92 94
31 c 55 82 0 64 94 10 10 9 33 37 38 39 42 45 52 53 54 65 70 71 72 77 86 89 91 92 93 94 96 97
32 c 8 40 0 59 89 10 40 43 33 39 45 47 49 51 52 55 56 62 63 65 66 67 80 85 91 95 96
33 c 37 47 0 86 116 10 6 1 36 40 42 49 51 56 59 66 67 69 70 82 84 85 94 97 100
34 c 65 55 0 65 95 10 14 11 35 38 42 44 45 48 50 59 63 64 69 74 75 91 93 97
35 c 5 45 0 35 65 10 10 10 37 46 59 63 65 78 80 81 87 88 90 95 100
36 c 2 40 0 58 88 10 20 23 37 38 42 44 50 52 57 59 61 63 70 71 72 79 83 90 92 97 98
37 c 0 40 0 72 102 10 20 28 38 41 43 49 51 54 55 57 58 59 68 77 80 85 86 87 91 94 97 99
38 c 24 58 0 67 97 10 19 27 45 50 51 54 56 60 63 64 71 72 73 75 80 82 87 99
39 c 44 5 0 87 117 10 20 25 40 43 51 54 55 57 58 65 66 70 71 73 75 80 81
40 c 12 24 0 90 120 10 13 22 42 44 49 53 54 61 63 64 65 73 74 75 76 79 84 90 91 95 96
41 c 10 35 14 91 121 10 20 16 44 45 53 58 65 66 67 70 76 78 83 88 97
42 c 15 80 14 91 121 10 10 18 43 45 46 48 50 55 56 61 63 66 75 78 79 84 91 95 97 99 100
43 c 20 50 14 91 121 10 5 11 48 50 55 61 62 64 68 70 75 77 78 80 83 86 94 96
44 c 58 75 14 92 122 10 20 12 45 51 56 57 58 66 68 70 71 80 81 85 86 88 91 94 97 99 100
45 c 40 15 14 92 122 10 40 40 49 51 55 59 60 69 74 77 84 86 89 96
46 c 18 75 14 95 125 10 20 30 47 48 51 52 54 55 56 57 60 61 64 66 68 70 78 80 81 85 87 89 92 94 97
47 c 57 29 14 96 126 10 18 20 48 49 52 56 59 66 67 70 71 73 75 78 82 84 85 91
48 c 30 25 14 96 126 10 23 33 49 53 55 59 60 61 62 63 65 72 76 77 78 79 83 85 86 88 92 99
49 c 42 12 14 104 134 10 10 5 54 56 58 59 60 61 65 66 67 69 77 81 87 88 89 90 96 97
50 c 18 80 32 113 143 10 10 7 51 52 58 60 61 64 65 69 70 71 73 85 89 94 97
51 c 10 40 32 119 149 10 30 36 56 62 63 73 75 76 80 81 83 87 89 90 91 92 97 98
52 c 4 18 32 120 150 10 35 40 54 57 58 59 61 62 64 67 68 70 76 85 86 91 97
53 c 42 15 32 122 152 10 10 2 56 58 60 61 66 74 81 82 89 90 94 96 98 99
54 c 55 85 43 128 158 10 20 30 55 57 67 72 76 78 79 81 83 84 85 87 88 93 98
55 c 50 35 43 130 160 10 19 22 56 58 59 63 67 70 71 72 73 74 80 85 86 88 99 100
56 c 87 30 43 131 161 10 10 12 57 58 60 64 65 66 67 69 71 73 74 76 78 79 81 86 88 91 95 96 98 99 100
57 c 41 37 43 133 163 10 16 12 58 59 67 70 74 83 84 85 89 92 94 95 98
58 c 55 60 49 139 169 10 16 14 61 63 64 65 67 72 75 77 81 82 83 91
59 c 67 85 49 139 169 10 20 10 60 62 63 64 66 68 69 70 73 77 84 85 88 90 94
60 c 30 60 51 140 170 10 16 15 79 80 81 83 90 91 94
61 c 20 20 51 141 171 10 8 1 65 69 76 81 95
62 c 95 30 51 0 171 10 30 28 63 71 72 79 81 85 86 87 89 96 98 100
63 c 20 80 51 141 171 10 40 32 66 73 78 80 81 87 90 94 98 99
64 c 5 35 60 142 172 10 10 5 65 66 67 68 78 79 85 88 94 95 96
65 c 5 5 60 0 172 10 16 25 67 71 72 75 78 80 81 84 85 86 92 94 95 97 98
66 c 67 5 60 144 174 10 25 23 67 71 75 78 79 81 82 86 88 89 91 92 98
67 c 40 60 60 144 174 10 21 25 70 71 73 77 79 80 84 86 91 93 96 98
68 c 38 15 60 148 178 10 10 13 71 73 76 80 81 83 84 85 86 87 90 92 94 99
69 c 0 45 60 149 179 10 20 19 72 73 78 81 86 89 96 99
70 c 88 35 60 0 179 10 20 13 71 76 77 86 89 90 94 95 98
71 c 23 3 60 150 180 10 7 6 72 73 77 78 81 89 92 96
72 c 15 10 62 152 182 10 20 11 77 78 79 82 86 87 89 93 97
73 c 85 35 62 0 182 10 30 35 74 75 76 80 81 82 85 88
74 c 35 5 64 154 184 10 20 15 80 82 83 84 89 94 95 99
75 c 42 5 64 0 184 10 10 8 78 79 82 85 87 88 89 94
76 c 15 60 65 155 185 10 17 24 78 83 84 87 90 92 96 98 99 100
77 c 40 5 65 0 185 10 10 6 78 81 87 91 92 95 96 100
78 c 10 20 67 0 187 10 19 13 79 86 93 97
79 c 20 85 69 0 189 10 20 11 84 85 95 98
80 c 65 82 74 0 189 10 10 12 81 82 93 96 97 99
81 c 22 85 74 0 190 10 10 17 88
82 c 25 85 74 0 191 10 20 10 84 93 94 95 96 98 100
83 c 63 23 74 0 194 10 2 10 85 93 95 96 98
84 c 72 35 74 0 194 10 30 36 86 90 95 97
85 c 15 75 74 0 194 10 20 19 86 87 90 96 98 99
86 c 8 45 77 0 197 10 20 10 99 100
87 c 22 75 79 0 199 10 30 32 89 90 91 92 93 100
88 c 63 65 82 0 202 10 8 8 89 96
89 c 25 30 85 0 205 10 3 1 97 99
90 c 61 52 90 178 208 10 3 1 91 94 98 99
91 c 56 37 90 0 209 10 6 1 92 97
92 c 35 69 90 180 210 10 23 32 94 97 98
93 c 37 31 90 0 210 10 14 10 94 98 99
94 c 31 67 90 180 210 10 3 1 95
95 c 57 48 92 0 212 10 23 18 99
96 c 55 54 94 0 214 10 26 34 97
97 c 27 43 95 0 215 10 9 19 99
98 c 26 52 95 0 215 10 9 11
99 c 49 42 97 0 217 10 13 19 100
100 c 47 47 102 192 222 10 13 21

