StringID Type x y release ReadyTime DueDate ServiceTime weight volume Item_Conflitante1 Item_Conflitante2 Item_Conflitante3 Item_Conflitante4 Item_Conflitante5 Item_Conflitante6 Item_Conflitante7 Item_Conflitante8 Item_Conflitante9 Item_Conflitante10 Item_Conflitante11 Item_Conflitante12 Item_Conflitante13 Item_Conflitante14 Item_Conflitante15 Item_Conflitante16 Item_Conflitante17 Item_Conflitante18 Item_Conflitante19 Item_Conflitante20 Item_Conflitante21 Item_Conflitante22 Item_Conflitante23 Item_Conflitante24 Item_Conflitante25 Item_Conflitante26 Item_Conflitante27 Item_Conflitante28 Item_Conflitante29 Item_Conflitante30 Item_Conflitante31 Item_Conflitante32 Item_Conflitante33 Item_Conflitante34 Item_Conflitante35 Item_Conflitante36 Item_Conflitante37 Item_Conflitante38 Item_Conflitante39 Item_Conflitante40 Item_Conflitante41 Peso_Total Volume_Total
0 d 35 35 0 0 230 0 0 0                                          200 200
1 c 20 26 0 83 93 10 9 10 2 7 8 9 12 13 15 27 28 32 34 35 46 49 51 53 56 57 62 64 65 76 77 79 80 81 82 84 86 87 88
2 c 45 10 0 97 107 10 18 26 11 12 13 16 19 27 28 30 31 36 37 38 42 43 45 46 47 51 55 56 65 67 69 71 72 73 77 78 85 87 88 91 92 93 94 95 96 97 98 99 100
3 c 55 5 0 68 78 10 29 21 5 6 7 9 11 12 17 18 19 22 24 27 32 33 37 38 42 43 45 46 49 56 60 66 69 70 71 73 74 78 79 89 93 94 96 100
4 c 6 38 0 32 42 10 16 21 9 11 14 18 19 22 23 31 34 37 39 42 45 48 55 56 66 68 83 84 87 94 97
5 c 11 14 0 69 79 10 18 28 8 16 21 27 30 35 38 39 42 45 48 49 53 61 65 69 70 72 74 75 76 77 80 82 84 85 86 89 91 93 96 99 100
6 c 24 12 0 31 41 10 5 1 10 12 16 23 26 28 29 31 39 43 47 48 51 59 60 68 78 84 91 93 94 97
7 c 35 40 0 37 47 10 16 23 9 12 15 19 21 24 31 32 38 40 47 56 60 62 63 64 69 71 72 74 75 78 79 84 88 89 90 98 100
8 c 57 48 0 92 102 10 23 27 9 10 11 13 15 21 23 25 26 33 40 42 43 45 47 48 49 53 54 55 56 59 60 63 67 68 71 72 78 81 88 89 93 96 97 98 99
9 c 42 7 0 97 107 10 5 5 12 14 18 21 27 28 32 33 36 38 40 41 42 44 46 47 48 50 51 53 54 56 62 65 67 72 73 74 75 82 84 91 92 95
10 c 40 60 0 71 81 10 21 27 11 12 13 22 23 30 31 32 33 36 42 44 47 48 51 53 55 56 58 65 66 68 70 75 77 82 85 89 94 99
11 c 61 52 0 96 106 10 3 10 12 15 26 30 31 33 35 36 39 41 43 44 48 50 51 52 53 58 63 64 65 67 70 72 74 78 79 82 85 87
12 c 40 25 0 85 95 10 9 1 13 17 21 26 27 28 29 33 34 35 40 42 46 49 54 58 61 65 72 75 76 79 94 95 98 99 100
13 c 53 52 0 37 47 10 11 6 15 19 20 34 35 36 38 39 40 47 50 51 52 53 54 56 58 63 65 67 69 72 74 77 78 82 84 85 90
14 c 67 5 0 83 93 10 25 25 15 16 21 24 27 35 37 48 49 55 56 59 61 63 66 72 76 82 90 91 97 99
15 c 60 12 0 44 54 10 31 32 19 20 22 26 30 33 39 41 49 53 56 62 63 64 67 68 73 75 76 77 78 79 80 81 89 91 96
16 c 49 42 0 73 83 10 13 9 17 18 22 26 28 29 30 31 32 37 42 44 54 57 58 59 61 70 72 73 77 78 82 85 86 91 93 95 99
17 c 2 60 0 41 51 10 5 1 18 25 29 33 34 43 46 48 49 51 52 54 61 64 71 77 79 80 82 85 86 90 93 96 97 98 100
18 c 11 31 0 101 111 10 7 15 19 24 28 29 31 33 40 41 42 52 55 56 59 60 61 62 66 67 68 70 71 75 78 86 87 89 92 94 96
19 c 10 43 0 95 105 10 9 3 25 27 28 38 39 41 43 45 46 48 61 69 70 75 76 79 82 85 89 92 94 95 97 99
20 c 22 22 0 18 28 10 2 10 25 33 35 36 37 38 47 56 60 65 66 67 71 75 78 79 80 82 83 84 92 95 96
21 c 62 77 3 51 61 10 20 13 29 32 33 34 36 37 41 42 43 49 53 57 58 65 72 76 77 78 79 84 86 88 92 99
22 c 15 77 3 73 83 10 9 11 23 24 25 26 36 37 39 43 46 56 61 63 64 66 67 71 74 79 82 83 84 87 88 90 92 95 99
23 c 26 52 3 74 84 10 9 9 29 33 36 38 39 42 44 48 54 61 62 64 73 75 78 82 83 90 91 95
24 c 25 30 3 99 109 10 3 9 34 36 40 44 50 54 55 56 60 71 74 76 78 89 90 95 96 100
25 c 28 18 3 93 103 10 26 29 28 32 38 40 42 45 46 47 49 55 57 58 61 70 75 78 84 85 87 93 94 96 98 100
26 c 37 31 3 95 105 10 14 15 28 29 32 33 34 38 40 43 45 46 47 50 51 52 53 54 57 61 63 68 69 74 79 88 91 94 97 98
27 c 5 5 3 83 93 10 16 16 30 34 35 37 39 44 45 46 47 54 57 63 66 67 75 76 81 85 86 87 88 89 90
28 c 20 65 3 67 77 10 12 10 29 32 33 35 38 40 42 43 46 48 51 54 55 64 65 66 71 73 75 76 77 82 84 89 94 95 98
29 c 24 58 3 58 68 10 19 28 30 37 41 42 45 48 53 54 56 59 62 64 66 67 69 70 74 75 77 80 82 87 89 91 92 97 98
30 c 37 47 3 50 60 10 6 7 32 37 38 39 40 46 51 53 60 61 62 66 68 69 81 87 90 91 92 100
31 c 30 5 3 61 71 10 8 1 34 35 36 40 41 50 52 54 58 62 67 71 75 80 86 90 91 93 94 95 98 100
32 c 55 60 3 97 107 10 16 8 33 34 35 36 37 43 45 48 49 51 55 56 57 58 63 68 72 75 78 79 81 82 89 91
33 c 6 68 3 108 118 10 30 40 34 35 37 39 40 46 49 50 53 56 59 63 65 68 72 76 77 79 86 93 94 98
34 c 30 60 25 124 134 10 16 13 36 40 43 45 52 54 56 60 61 66 68 71 72 73 76 77 78 79 80 82 83 85 86 88 89 91 92 96 100
35 c 49 73 25 127 137 10 25 23 40 45 50 53 55 56 57 58 59 60 62 67 69 76 79 81 84 86 88 92 94 98
36 c 53 12 25 130 140 10 6 8 38 39 44 55 56 61 64 69 72 80 85 87 89 91 92 96 98 99
37 c 63 23 31 136 146 10 2 9 38 41 45 46 47 54 55 63 66 67 68 69 76 77 78 83 84 86 88 92 93 95 99
38 c 56 39 37 142 152 10 36 35 40 42 47 51 58 64 67 69 71 74 78 80 81 83 91 96 98
39 c 63 65 38 143 153 10 8 16 41 43 47 49 50 57 58 59 60 62 64 66 68 70 71 76 82 84 85 86 90 92 97 98 99 100
40 c 55 20 44 149 159 10 19 28 41 45 47 48 50 51 52 60 68 69 75 77 79 82 83 84 89 94 96 97 99
41 c 46 13 44 149 159 10 8 1 47 48 55 59 61 62 66 67 68 69 70 71 72 73 77 84 85 87 89 92 93 94 98 100
42 c 5 30 52 157 167 10 2 1 43 45 48 49 56 63 68 69 70 71 72 75 87 94 95 98 99 100
43 c 30 25 54 159 169 10 23 18 44 45 48 49 50 54 60 69 72 76 78 79 85 86 88 92 95 96 99
44 c 57 68 65 0 180 10 15 13 47 53 55 56 57 60 62 63 69 71 74 80 82 83 85 92 95 98
45 c 65 20 67 172 182 10 6 9 46 47 48 53 58 62 64 67 68 70 71 77 78 79 80 81 83 85 88 93 94 96 100
46 c 65 55 68 0 183 10 14 6 48 49 50 61 67 69 70 73 74 75 77 78 80 82 86 88 89 93 96 97 98
47 c 2 48 69 0 184 10 1 1 50 51 52 58 59 61 65 69 73 79 80 83 85 88 92 93 95 96
48 c 4 18 69 0 184 10 35 34 49 52 55 56 61 67 69 73 82 83 95 96 97 98 99 100
49 c 27 69 70 0 185 10 10 17 50 52 57 59 63 71 73 75 79 85 86 87 88 90 93 95 98 99 100
50 c 23 3 70 0 185 10 7 17 53 58 62 64 66 67 69 72 73 74 76 82 83 87 95 96 99
51 c 8 56 70 0 185 10 27 25 58 59 66 69 73 77 79 81 85 86 87 91 98
52 c 35 69 72 0 186 10 23 20 55 58 60 61 62 70 72 75 77 79 80 81 82 83 84 85 95 98 100
53 c 15 60 72 0 187 10 17 13 55 61 62 64 66 67 69 73 74 76 77 78 80 83 85 89 91 93 94 96
54 c 31 67 72 0 187 10 3 1 58 64 68 70 71 73 76 78 87 89 92 99
55 c 15 10 72 0 187 10 20 18 57 59 64 65 71 74 75 76 78 81 82 85 86 88 95 98
56 c 45 65 73 0 188 10 9 14 57 60 66 69 70 71 76 78 81 82 86 92 97 99 100
57 c 53 43 74 179 189 10 14 5 58 70 71 76 83 91 95 99
58 c 10 20 75 0 190 10 19 25 65 68 71 72 81 82 86 87 90
59 c 64 42 75 0 190 10 9 8 63 69 73 75 77 79 81 83 87 93 95 96 98
60 c 65 35 75 0 190 10 3 1 62 64 74 76 78 83 86 88 89 95 97 98
61 c 37 56 77 182 192 10 5 12 62 65 68 69 72 73 75 76 79 80 83 94 96
62 c 13 52 77 0 192 10 36 28 64 65 70 73 75 77 80 89 90 91 94 95 96
63 c 55 54 77 0 192 10 26 33 70 80 82 84 88 90 91 92 93 95 97 98 99 100
64 c 56 37 77 182 192 10 6 6 65 66 68 72 73 77 83 87 90 98
65 c 49 11 77 0 192 10 18 18 68 69 70 72 73 76 78 82 83 88 92 94 98 99
66 c 49 58 78 0 193 10 10 9 70 72 74 80 84 85 87 88 92 93 96
67 c 15 19 79 0 194 10 1 7 68 71 78 79 81 85 91 93 95 97 100
68 c 12 24 79 0 194 10 13 7 69 74 77 78 84 86 87 89 90 91 94 99
69 c 18 18 80 185 195 10 17 8 70 75 76 79 80 82 85 87 88 92 99
70 c 16 22 81 0 196 10 41 45 75 77 79 81 82 83 87 88 90 93 94 96 98
71 c 15 47 81 0 196 10 16 17 73 76 80 84 94 95 97 100
72 c 32 12 81 0 196 10 7 1 73 78 81 90 95 97 100
73 c 47 16 82 0 197 10 25 15 84 85 89 90 91 96
74 c 57 29 82 0 197 10 18 18 75 79 81 83 84 87 88 89 92 95 98
75 c 55 45 82 0 197 10 13 16 76 77 81 88 91 95 100
76 c 14 37 83 0 198 10 11 6 77 81 83 93 95 96
77 c 18 24 83 188 198 10 22 29 79 90 92 100
78 c 19 21 83 0 198 10 10 1 85 87 92 94 98 100
79 c 20 20 83 0 198 10 8 16 84 86 87 89 90 91 92 93
80 c 20 50 83 0 198 10 5 15 84 85 88 99 100
81 c 44 17 84 0 199 10 9 15 83 85 87 88 90 93 95 96
82 c 15 30 84 0 199 10 26 29 86 90 93 95
83 c 17 34 86 0 201 10 3 1 84 87 89 90 93 94 97 99 100
84 c 45 20 86 0 201 10 11 7 86 88 92 93 94
85 c 35 17 87 0 202 10 7 4 92 97 98 99
86 c 25 21 87 0 202 10 12 5 90 92 93 94 97 100
87 c 21 24 87 0 202 10 28 36 89 91 98
88 c 31 52 87 0 202 10 27 21 89 90
89 c 47 47 88 0 203 10 13 21 93 94 95 96 97
90 c 20 40 89 0 204 10 12 18 92 94 97 98 99 100
91 c 41 49 89 0 204 10 10 3 93 97 99
92 c 22 27 89 0 204 10 11 9
93 c 25 24 90 0 205 10 20 24 97
94 c 50 35 90 0 205 10 19 15 96
95 c 26 27 92 0 207 10 27 18 98
96 c 45 30 93 0 208 10 17 18 99
97 c 27 43 93 0 208 10 9 13
98 c 36 26 95 200 210 10 18 18 100
99 c 26 35 96 0 211 10 15 24 100
100 c 41 37 98 0 213 10 16 17

