StringID Type x y release ReadyTime DueDate ServiceTime weight volume Item_Conflitante1 Item_Conflitante2 Item_Conflitante3 Item_Conflitante4 Item_Conflitante5 Item_Conflitante6 Item_Conflitante7 Item_Conflitante8 Item_Conflitante9 Item_Conflitante10 Item_Conflitante11 Item_Conflitante12 Item_Conflitante13 Item_Conflitante14 Item_Conflitante15 Item_Conflitante16 Peso_Total Volume_Total
0 d 40 50 0 0 1236 0 0 0                 200 200
1 c 30 50 0 10 77 90 10 4 3 4 7 11 16 19 21 23
2 c 15 80 0 274 349 90 10 20 4 5 6 8 9 10 11 12 13 14 15 17 18 21 23 24
3 c 15 75 0 172 261 90 20 13 9 11 13 14 15 19 20 21 23 24 25
4 c 18 75 0 105 142 90 20 21 6 8 11 14 15 22
5 c 20 85 0 478 525 90 40 47 8 10 11 12 13 15 16 17 18 23 25
6 c 20 80 0 392 421 90 40 41 7 9 10 11 12 14 15 16 17 20 21 22
7 c 22 85 0 571 616 90 10 6 8 10 11 12 16 17 18 19 23 25
8 c 22 75 0 30 95 90 30 38 9 10 11 17 18 19 20 21 23 24
9 c 25 50 0 55 154 90 10 13 11 13 14 17 18 20 24
10 c 35 69 0 450 503 90 10 16 11 13 14 15 16 17 18 20 22 23 24
11 c 25 52 0 172 221 90 40 38 12 13 14 17 18 19 20 21 24
12 c 38 68 0 250 329 90 20 18 14 19 20 22 23 24
13 c 40 66 0 172 223 90 20 10 14 16 17 18 20 21 22 23
14 c 42 65 0 15 60 90 10 10 16 17 19 20 21 24 25
15 c 42 66 32 55 156 90 10 7 17 18 22 23 25
16 c 35 66 32 361 406 90 10 1 17 18 22 24 25
17 c 38 70 32 489 650 90 10 6 19 21 22 23 24 25
18 c 25 85 271 647 726 90 20 24 23 24
19 c 40 69 271 559 764 90 20 18 20 25
20 c 28 55 271 739 770 90 10 12 21 22 24 25
21 c 42 68 271 703 806 90 10 6 22 23
22 c 45 70 271 816 879 90 30 23 24 25
23 c 28 52 271 806 889 90 20 27
24 c 30 52 343 918 961 90 20 19 25
25 c 45 68 371 890 989 90 10 3

