StringID Type x y release ReadyTime DueDate ServiceTime weight volume Item_Conflitante1 Item_Conflitante2 Item_Conflitante3 Item_Conflitante4 Item_Conflitante5 Item_Conflitante6 Item_Conflitante7 Item_Conflitante8 Item_Conflitante9 Item_Conflitante10 Item_Conflitante11 Item_Conflitante12 Item_Conflitante13 Item_Conflitante14 Peso_Total Volume_Total
0 d 35 35 0 0 230 0 0 0               200 200
1 c 55 5 4 58 88 10 29 21 2 3 5 6 8 10 14 18 19 20 24 25
2 c 45 20 4 52 82 10 11 1 6 7 8 9 12 14 15 16 17 18 21 22 23 25
3 c 15 60 4 66 96 10 17 7 5 6 13 14 16 17 19 20 21 22 23 24
4 c 20 40 4 77 107 10 12 19 5 12 13 14 19 20 22
5 c 10 20 4 65 95 10 19 23 7 9 10 13 15 18 19 21 24 25
6 c 30 5 4 51 81 10 8 3 8 9 10 11 12 15 18 19 21 25
7 c 15 10 4 32 62 10 20 26 8 11 14 15 17 22 23 24
8 c 20 65 4 57 87 10 12 8 11 12 13 15 16 18
9 c 50 35 4 53 83 10 19 13 10 11 12 16 17 20 21 24
10 c 10 43 4 85 115 10 9 18 11 12 17 18 20 21 24
11 c 20 50 4 71 101 10 5 11 15 17 19 22 25
12 c 15 30 4 24 54 10 26 27 14 17 18 19 21 22 23
13 c 35 17 4 40 70 10 7 3 15 16 17 20 21 23 24
14 c 45 10 4 87 117 10 18 17 15 16 18 19 22 24
15 c 55 60 4 87 117 10 16 17 17 18 19 20 22 24
16 c 25 30 4 89 119 10 3 1 17 19 21 23 25
17 c 55 45 31 106 136 10 13 4 22
18 c 30 60 31 114 144 10 16 11 19 23 24 25
19 c 45 65 31 116 146 10 9 1 20 21 22 23 25
20 c 55 20 54 139 169 10 19 9 24 25
21 c 65 35 58 143 173 10 3 3 22 24
22 c 5 30 62 147 177 10 2 10
23 c 30 25 64 149 179 10 23 29 24 25
24 c 41 49 66 151 181 10 10 17
25 c 65 20 71 156 186 10 6 7

