StringID Type x y release ReadyTime DueDate ServiceTime weight volume Item_Conflitante1 Item_Conflitante2 Item_Conflitante3 Item_Conflitante4 Item_Conflitante5 Item_Conflitante6 Item_Conflitante7 Item_Conflitante8 Item_Conflitante9 Item_Conflitante10 Item_Conflitante11 Item_Conflitante12 Item_Conflitante13 Item_Conflitante14 Item_Conflitante15 Item_Conflitante16 Item_Conflitante17 Item_Conflitante18 Item_Conflitante19 Item_Conflitante20 Item_Conflitante21 Item_Conflitante22 Item_Conflitante23 Item_Conflitante24 Item_Conflitante25 Item_Conflitante26 Item_Conflitante27 Item_Conflitante28 Item_Conflitante29 Item_Conflitante30 Item_Conflitante31 Item_Conflitante32 Item_Conflitante33 Item_Conflitante34 Item_Conflitante35 Item_Conflitante36 Item_Conflitante37 Item_Conflitante38 Item_Conflitante39 Item_Conflitante40 Item_Conflitante41 Item_Conflitante42 Item_Conflitante43 Item_Conflitante44 Item_Conflitante45 Item_Conflitante46 Item_Conflitante47 Item_Conflitante48 Item_Conflitante49 Item_Conflitante50 Item_Conflitante51 Item_Conflitante52 Item_Conflitante53 Item_Conflitante54 Item_Conflitante55 Item_Conflitante56 Item_Conflitante57 Item_Conflitante58 Item_Conflitante59 Item_Conflitante60 Item_Conflitante61 Item_Conflitante62 Item_Conflitante63 Item_Conflitante64 Item_Conflitante65 Item_Conflitante66 Item_Conflitante67 Item_Conflitante68 Item_Conflitante69 Item_Conflitante70 Item_Conflitante71 Item_Conflitante72 Peso_Total Volume_Total
0 d 35 35 0 0 230 0 0 0                                                                         200 200
1 c 11 31 0 101 111 10 7 14 4 6 7 8 9 10 12 13 14 15 16 17 19 20 21 22 23 29 33 35 36 38 39 41 43 46 47 49 51 53 54 55 56 57 59 60 62 64 65 66 68 73 74 75 77 78 79 81 82 83 84 85 86 87 88 89 90 91 93 94 98 100
2 c 53 52 0 37 47 10 11 17 3 6 7 8 9 10 11 14 15 16 17 18 20 22 23 24 25 26 28 29 32 33 34 35 36 37 42 43 44 46 48 49 50 55 56 57 60 61 62 65 66 68 71 72 73 74 76 77 79 81 82 83 84 85 86 87 88 90 91 94 95 96 97 98 99 100
3 c 2 60 0 41 51 10 5 2 4 5 6 7 10 11 12 13 14 17 18 19 20 21 22 23 25 26 27 28 30 31 32 33 34 35 36 37 38 40 41 42 44 46 47 50 52 54 55 56 57 58 60 61 66 68 70 72 73 74 75 76 77 80 82 84 87 88 89 90 92 93 94 95 96 98 99 100
4 c 55 54 0 94 104 10 26 29 7 8 11 13 14 15 17 18 20 23 25 26 27 28 29 30 31 32 33 36 38 39 40 42 45 46 48 49 50 51 53 55 56 57 58 59 60 61 62 64 68 69 71 73 74 77 78 79 83 84 85 86 87 88 89 90 91 92 94 95 96 97 98 99
5 c 60 12 0 44 54 10 31 29 6 7 8 9 10 11 12 13 16 17 18 19 20 21 22 23 24 26 27 28 29 32 33 34 35 37 38 39 42 45 46 47 49 51 52 53 54 55 56 57 58 59 60 62 63 64 65 66 68 69 70 71 72 76 77 79 80 81 82 83 84 86 87 90 91 92 94 96 97 98
6 c 40 25 0 85 95 10 9 12 7 8 9 10 12 13 15 20 27 29 30 33 34 35 36 38 39 44 46 47 48 49 50 53 55 57 58 59 63 67 69 70 73 74 75 76 77 79 80 81 82 84 85 87 89 90 93 95 96 97 98
7 c 42 7 0 97 107 10 5 7 8 9 10 12 13 15 16 17 18 19 20 21 22 24 26 27 30 31 32 33 34 35 37 39 40 41 43 44 48 49 50 54 55 56 58 59 60 61 62 63 64 65 68 71 72 73 74 75 76 79 80 81 82 83 85 87 90 91 92 93 94 95 96 97 99 100
8 c 24 12 0 31 41 10 5 3 10 11 12 16 17 18 19 20 22 23 25 28 29 31 32 33 34 35 36 38 39 40 41 42 43 44 46 48 49 50 51 52 54 55 56 57 58 59 60 61 62 64 65 66 68 69 70 72 73 74 75 76 77 78 80 81 82 84 85 87 88 89 90 91 92 93 94 95 96 97 99 100
9 c 11 14 0 69 79 10 18 23 10 12 14 15 16 18 20 24 25 28 29 30 31 32 33 34 35 40 42 43 44 45 46 47 49 50 51 52 53 54 55 56 57 58 59 60 61 63 64 65 66 67 70 75 77 78 79 81 82 85 86 89 91 92 94 96 99 100
10 c 6 38 0 32 42 10 16 9 11 12 13 14 15 16 18 19 21 22 23 24 26 27 29 30 31 32 33 35 36 37 38 39 41 43 44 45 51 52 53 54 55 56 57 58 59 60 63 64 65 66 67 68 69 70 71 73 74 76 77 79 80 81 82 84 86 89 92 93 94 95 98 99
11 c 8 56 0 51 61 10 27 21 12 13 14 15 16 18 19 21 22 23 24 25 26 27 28 29 31 33 35 36 37 38 40 41 42 44 45 46 47 48 50 52 53 54 57 58 59 60 62 63 64 65 66 68 69 70 71 72 73 75 77 78 79 81 82 84 85 88 89 90 91 94 97 98 99 100
12 c 20 26 0 83 93 10 9 4 13 14 15 17 18 19 20 21 22 23 24 25 26 27 30 32 33 34 35 36 38 39 40 41 43 45 46 47 48 49 52 54 55 56 57 59 64 65 70 71 72 74 76 78 81 83 84 85 87 89 90 93 94 96 98 100
13 c 40 60 0 71 81 10 21 28 14 17 21 22 23 24 25 26 27 28 30 31 32 33 36 37 38 40 41 42 43 44 45 46 47 48 50 51 52 54 55 57 59 60 61 62 63 64 65 67 68 70 71 72 74 75 76 79 80 82 84 85 86 89 90 91 92 94 95 96 97 98 99 100
14 c 49 58 0 88 98 10 10 1 15 18 19 20 21 24 29 30 32 35 36 37 38 40 41 42 43 44 45 47 48 49 51 54 56 58 60 61 62 63 64 65 66 68 71 72 73 74 75 76 77 78 80 81 83 84 85 86 87 88 89 90 93 94 95 98 99 100
15 c 32 12 0 101 111 10 7 11 16 17 19 20 22 23 24 25 27 29 32 33 35 36 38 39 40 41 44 45 46 47 48 50 51 52 53 54 55 56 57 58 59 60 61 62 63 64 65 66 68 69 70 71 72 74 75 76 77 78 79 81 82 83 85 86 90 92 95 97 99 100
16 c 57 48 0 92 102 10 23 14 17 18 19 20 21 22 24 25 26 27 28 30 32 33 34 36 37 38 39 41 42 45 46 48 49 50 52 53 54 55 56 58 59 61 62 63 64 69 70 72 74 75 76 78 79 80 82 84 86 87 88 90 91 92 94 95 97 100
17 c 61 52 0 96 106 10 3 8 19 21 25 26 27 28 29 30 31 32 33 35 36 38 40 41 43 44 45 48 50 51 52 54 55 56 57 58 59 60 61 63 64 66 67 68 70 71 73 74 75 76 79 80 82 84 85 87 89 90 91 92 94 96 98 100
18 c 12 24 0 76 86 10 13 9 21 22 23 24 25 26 27 28 29 30 32 33 35 36 38 39 43 44 45 47 52 54 55 57 58 59 60 62 64 65 66 67 68 69 71 72 73 74 75 76 77 79 83 85 86 89 90 91 93 94 95 97 98 100
19 c 24 58 0 58 68 10 19 21 21 22 24 26 27 28 29 30 32 34 36 38 39 40 44 45 46 47 48 52 53 54 55 56 58 59 61 62 63 64 66 68 69 70 71 72 73 74 76 77 78 80 81 83 84 85 86 89 90 93 94 95 97 98 99 100
20 c 27 69 0 34 44 10 10 17 22 23 24 25 26 28 30 32 33 35 36 39 41 42 44 45 46 48 50 51 54 55 56 57 59 60 62 63 65 66 67 68 69 70 71 73 75 76 78 79 80 82 85 86 87 88 89 91 92 93 94 95 96 98 99 100
21 c 15 77 0 73 83 10 9 9 22 23 25 26 28 30 31 33 34 36 40 42 43 44 45 46 47 48 50 51 52 53 54 57 58 59 62 65 66 67 68 70 71 72 73 74 76 77 78 80 81 82 83 84 86 88 89 91 93 95 96 97 99
22 c 62 77 0 51 61 10 20 17 25 27 28 29 30 31 32 33 34 36 37 39 40 41 42 43 44 45 46 47 48 49 52 53 54 55 56 57 58 60 62 64 65 67 69 71 72 73 74 75 76 78 79 80 81 82 84 85 87 88 89 93 94 95 96 99
23 c 67 5 0 83 93 10 25 18 24 26 27 29 30 32 34 35 38 40 42 43 44 45 46 47 48 49 50 52 53 55 57 58 59 60 61 63 64 65 67 68 69 70 71 73 74 75 77 78 79 82 83 84 85 86 88 90 91 92 95 96 97 98 99 100
24 c 37 47 0 50 60 10 6 1 25 26 28 29 30 31 32 33 34 36 37 39 40 41 42 44 45 46 47 48 49 52 53 54 55 59 60 62 64 65 67 70 71 72 75 76 77 78 81 82 83 86 91 92 97 99 100
25 c 57 68 0 77 87 10 15 6 26 27 30 33 35 36 37 38 39 40 42 43 46 47 48 49 50 51 52 53 54 55 56 59 60 61 64 67 70 71 72 73 74 76 77 78 79 81 82 83 84 86 89 90 91 92 93 94 95 97 98 99 100
26 c 44 17 0 78 88 10 9 12 27 29 30 31 32 33 35 36 37 38 41 42 43 44 46 47 48 49 51 52 53 55 56 57 59 60 61 62 63 64 65 66 68 70 72 73 74 75 76 78 79 80 81 85 86 87 88 89 93 94 95 96 97 98 100
27 c 37 31 0 95 105 10 14 18 29 30 31 32 33 34 37 38 42 43 46 47 48 49 52 54 56 57 58 59 60 63 64 66 67 68 69 70 72 73 74 76 77 78 79 80 81 83 84 85 86 90 91 93 94 96 98 100
28 c 64 42 0 63 73 10 9 5 31 32 33 36 37 38 39 40 41 42 43 44 46 47 49 50 51 52 53 54 55 56 57 59 61 62 63 66 67 70 71 72 73 74 77 78 79 81 82 83 84 85 86 87 88 89 90 92 93 95 96 97 98 99 100
29 c 5 5 0 83 93 10 16 11 30 32 34 35 37 38 39 42 43 45 46 47 48 49 50 51 52 53 54 55 56 57 59 62 63 64 65 66 68 69 70 71 73 74 75 76 78 79 80 81 88 90 92 93 94 95 96 98 99
30 c 35 40 0 37 47 10 16 25 31 33 34 35 36 37 38 39 40 41 42 45 46 47 48 50 51 52 54 55 56 57 58 59 60 61 62 64 65 66 68 69 70 71 72 73 74 76 77 78 79 80 81 82 85 86 87 88 89 90 93 97 99 100
31 c 22 22 0 18 28 10 2 8 32 33 34 35 37 39 40 42 43 44 45 46 49 51 52 53 54 56 60 61 62 63 64 65 66 67 69 71 74 76 77 79 81 82 83 84 85 87 89 90 91 92 93 96 97 98 99 100
32 c 31 67 0 95 105 10 3 1 33 34 35 37 38 39 40 41 42 43 44 45 46 47 49 50 51 52 54 56 59 60 62 63 64 65 66 67 68 69 70 71 74 75 76 82 83 85 86 87 88 89 90 92 93 95 97 98 99 100
33 c 25 30 0 99 109 10 3 9 34 35 39 40 41 43 46 47 50 51 52 53 55 57 58 59 60 61 64 65 67 68 69 71 72 73 75 77 80 81 82 84 85 86 87 88 91 94 96 97 98 99 100
34 c 10 43 0 95 105 10 9 11 35 36 38 39 41 43 46 49 50 51 52 55 56 57 58 61 62 63 65 66 67 70 71 73 74 75 79 80 85 87 88 89 90 92 93 94 95 97
35 c 55 60 0 97 107 10 16 22 36 37 38 39 40 41 42 44 45 49 53 54 55 56 57 58 59 61 62 65 66 68 69 70 72 74 76 78 79 81 83 85 87 88 90 93 94 98 100
36 c 20 65 0 67 77 10 12 13 37 38 39 41 43 44 45 48 49 51 54 56 59 60 61 62 63 66 68 69 70 71 72 73 76 79 80 81 82 83 85 87 89 90 92 93 94 95 96 98 100
37 c 26 52 0 74 84 10 9 5 38 39 40 41 42 46 47 48 49 51 52 56 57 59 60 61 62 63 64 66 67 68 69 70 71 74 75 77 78 79 80 82 83 84 85 86 87 88 89 90 91 93 95 96
38 c 41 37 0 39 49 10 16 13 40 41 42 43 47 48 49 51 52 53 58 59 61 62 63 65 66 68 70 71 74 75 76 77 78 81 82 84 85 86 88 89 90 91 92 95 96 97
39 c 15 10 0 32 42 10 20 21 40 44 45 46 47 48 49 50 51 52 53 54 55 56 58 62 63 65 67 68 72 73 74 75 78 80 81 84 85 86 87 89 91 92 93 95 97 98 99
40 c 30 5 3 61 71 10 8 16 42 43 44 45 47 48 49 50 51 52 54 55 58 59 61 63 64 65 67 68 69 70 71 72 73 74 75 78 79 80 81 82 84 85 87 88 89 90 91 92 93 94 96 97 98 99 100
41 c 10 20 3 75 85 10 19 11 42 43 44 45 46 49 50 51 52 53 55 56 57 58 59 60 62 63 65 66 67 70 71 72 73 74 75 76 77 78 80 81 83 86 88 90 93 94 95 97 99
42 c 20 40 3 87 97 10 12 12 46 47 48 49 50 51 52 55 56 57 59 61 62 64 66 67 69 71 72 73 76 78 79 80 82 83 84 85 87 88 90 91 92 93 94 95 96 97 98 100
43 c 49 42 3 73 83 10 13 4 46 48 49 50 51 52 53 55 58 59 60 61 63 64 65 66 67 70 72 74 75 76 77 83 84 85 86 87 88 91 92 93 94 95 96 97 98 99 100
44 c 15 60 3 76 86 10 17 21 45 46 47 48 49 50 51 52 53 54 55 56 57 58 60 61 62 63 64 65 68 69 70 71 72 73 75 76 77 78 79 80 81 82 83 84 85 86 88 91 92 93 94 98 99
45 c 28 18 3 93 103 10 26 17 46 47 48 49 50 53 57 58 60 61 62 64 65 66 67 68 70 71 74 75 76 77 80 81 82 85 87 89 90 92 93 95 97 98 99
46 c 45 10 3 97 107 10 18 27 48 49 51 52 54 55 56 57 58 59 61 62 63 64 65 66 67 68 69 70 72 74 75 76 79 80 81 83 84 85 86 87 88 90 91 92 93 94 95 98 99 100
47 c 4 18 3 94 104 10 35 30 48 51 52 53 55 58 59 60 63 64 65 66 67 68 70 71 72 74 75 76 77 78 79 81 82 83 85 86 88 90 91 92 94 95 99 100
48 c 55 5 3 68 78 10 29 23 49 51 54 57 58 61 62 63 66 67 70 71 72 74 75 76 77 79 80 86 87 89 90 91 93 94 95 97 98
49 c 6 68 3 108 118 10 30 29 50 51 52 54 55 56 57 59 60 61 62 64 65 68 69 70 71 72 73 74 75 76 77 78 79 82 83 84 85 86 87 89 92 94 96 97 98 99
50 c 2 48 38 117 127 10 1 6 51 53 55 58 59 60 62 63 65 67 68 69 70 71 72 73 74 75 76 78 79 80 82 83 84 86 87 88 89 91 92 94 95 97 98 99
51 c 30 60 38 124 134 10 16 7 53 55 57 59 61 62 63 64 65 66 67 68 70 72 73 74 75 76 78 80 82 83 85 86 87 88 89 90 91 92 93 94 96 100
52 c 45 65 38 126 136 10 9 17 53 54 55 57 58 59 60 63 64 65 67 68 70 72 73 74 75 76 77 79 80 81 82 83 84 86 87 88 89 90 91 92 93 94 95 97 99 100
53 c 49 73 38 127 137 10 25 31 54 56 59 60 61 62 64 66 68 69 70 71 73 74 76 78 79 80 82 83 84 86 87 88 90 92 93 97 98 99 100
54 c 53 12 38 130 140 10 6 1 55 57 58 59 60 61 62 63 64 66 68 69 70 71 72 73 74 75 76 77 81 83 85 86 87 88 89 90 92 95 96 98 99 100
55 c 23 3 38 132 142 10 7 15 56 59 61 62 63 66 67 68 70 73 75 76 77 81 82 84 86 88 89 90 91 92 95 99 100
56 c 25 21 38 133 143 10 12 14 57 58 60 61 62 64 65 66 67 68 69 70 71 72 73 74 75 76 77 78 79 82 83 84 86 87 88 89 90 91 92 93 95 96 98 99 100
57 c 63 23 38 136 146 10 2 1 59 60 61 62 64 65 66 68 70 71 72 73 74 76 77 78 79 81 82 83 84 86 87 88 89 90 91 92 93 94 97 99 100
58 c 57 29 38 140 150 10 18 20 59 60 63 67 68 69 70 71 72 74 77 78 79 81 82 85 86 87 88 89 90 92 93 96 97 99 100
59 c 35 69 38 141 151 10 23 29 60 61 62 63 64 66 67 68 69 70 71 74 75 76 77 78 79 80 82 83 84 85 86 89 91 92 93 94 95 96 99 100
60 c 56 39 38 142 152 10 36 44 61 62 63 64 66 67 68 69 70 71 72 73 75 76 77 79 82 83 84 85 86 90 91 92 94 96 97 98 100
61 c 63 65 38 143 153 10 8 18 63 64 67 68 72 73 75 76 77 78 79 80 81 82 83 84 87 91 92 93 94 95 96 98
62 c 46 13 44 149 159 10 8 7 63 64 65 67 68 70 72 73 74 76 77 78 80 81 82 83 84 85 87 89 92 94 96 97 98
63 c 55 20 44 149 159 10 19 21 64 65 66 67 68 69 71 73 74 75 77 78 79 82 83 85 86 87 88 90 91 92 93 94 95 96 97 99 100
64 c 65 35 48 153 163 10 3 1 66 67 68 69 75 76 77 78 81 85 86 89 90 91 92 93 94 95 96 97 98 99 100
65 c 5 30 52 157 167 10 2 3 67 68 70 72 73 75 77 80 83 84 87 90 91 94 95 97 99 100
66 c 30 25 54 159 169 10 23 28 67 68 69 71 72 73 74 75 77 78 79 81 82 83 86 87 88 89 90 92 93 94 99 100
67 c 17 34 57 162 172 10 3 1 68 69 71 74 75 76 79 80 81 82 85 86 88 89 92 94 95 98 99 100
68 c 65 20 68 172 182 10 6 13 69 70 71 72 74 75 76 77 81 84 85 86 87 88 89 90 91 93 95 96 97
69 c 65 55 68 0 183 10 14 19 70 71 73 74 75 77 78 80 81 83 84 85 87 88 89 90 92 94 96 97 99 100
70 c 26 35 71 176 186 10 15 5 71 72 73 74 75 76 77 78 81 83 84 88 89 90 91 95 96 97 98 99 100
71 c 53 43 74 179 189 10 14 17 72 73 75 77 78 79 80 81 84 85 86 87 88 91 92 95 96 97 100
72 c 37 56 77 182 192 10 5 4 74 75 76 77 78 79 80 81 84 85 86 87 88 90 91 92 93 94 96 97 98 100
73 c 49 11 77 0 192 10 18 26 74 75 76 77 78 80 81 83 84 85 87 89 90 91 92 93 95 97 98 99 100
74 c 56 37 77 182 192 10 6 6 75 76 77 78 79 81 82 83 84 88 90 91 92 94 95 97 98 99 100
75 c 13 52 77 0 192 10 36 30 76 77 78 79 82 83 84 85 86 87 92 93 94 96 98
76 c 15 19 79 0 194 10 1 10 77 78 79 80 82 83 85 86 87 89 90 91 93 94 95 98 99 100
77 c 18 18 80 185 195 10 17 25 78 79 80 81 82 84 86 87 88 89 90 91 94 95 96 99 100
78 c 15 47 81 0 196 10 16 23 79 80 81 82 83 84 85 87 88 89 90 91 92 93 94 95 99 100
79 c 16 22 81 0 196 10 41 39 81 82 84 85 86 87 89 90 91 92 94 95 97 98
80 c 55 45 82 0 197 10 13 5 81 82 83 84 86 87 88 93 95 97 98 99
81 c 47 16 82 0 197 10 25 34 82 84 85 86 87 88 91 92 95 97 98 99 100
82 c 20 50 83 0 198 10 5 6 83 84 86 87 88 89 90 91 92 93 95 96 97 98 99 100
83 c 19 21 83 0 198 10 10 13 85 87 88 89 90 91 93 94 97
84 c 18 24 83 188 198 10 22 24 85 86 87 88 93 94 95 96 100
85 c 20 20 83 0 198 10 8 14 86 87 90 92 93 94 95 96 98 99 100
86 c 14 37 83 0 198 10 11 1 87 88 91 93 94 96 97 98 99 100
87 c 15 30 84 0 199 10 26 34 88 89 90 91 93 94 97 98 99
88 c 45 20 86 0 201 10 11 19 89 90 91 92 93 95 98 99
89 c 35 17 87 0 202 10 7 1 91 94 95 96 97 100
90 c 21 24 87 0 202 10 28 19 91 92 93 94 97 98 99 100
91 c 31 52 87 0 202 10 27 35 92 93 94 95 96 97 98 99 100
92 c 47 47 88 0 203 10 13 19 94 95 96 97 99 100
93 c 22 27 89 0 204 10 11 1 95 96 97 98 100
94 c 41 49 89 0 204 10 10 3 95 97
95 c 25 24 90 0 205 10 20 20 96 97 98 100
96 c 50 35 90 0 205 10 19 19 97 98 100
97 c 26 27 92 0 207 10 27 28 98 99 100
98 c 45 30 93 0 208 10 17 24 99
99 c 27 43 93 0 208 10 9 1 100
100 c 36 26 95 200 210 10 18 28

