StringID Type x y release ReadyTime DueDate ServiceTime weight volume Item_Conflitante1 Item_Conflitante2 Item_Conflitante3 Item_Conflitante4 Item_Conflitante5 Item_Conflitante6 Item_Conflitante7 Item_Conflitante8 Item_Conflitante9 Item_Conflitante10 Item_Conflitante11 Item_Conflitante12 Item_Conflitante13 Item_Conflitante14 Item_Conflitante15 Item_Conflitante16 Item_Conflitante17 Item_Conflitante18 Item_Conflitante19 Item_Conflitante20 Item_Conflitante21 Item_Conflitante22 Item_Conflitante23 Item_Conflitante24 Item_Conflitante25 Item_Conflitante26 Item_Conflitante27 Item_Conflitante28 Item_Conflitante29 Item_Conflitante30 Item_Conflitante31 Item_Conflitante32 Item_Conflitante33 Item_Conflitante34 Item_Conflitante35 Item_Conflitante36 Item_Conflitante37 Item_Conflitante38 Item_Conflitante39 Item_Conflitante40 Item_Conflitante41 Item_Conflitante42 Item_Conflitante43 Item_Conflitante44 Item_Conflitante45 Item_Conflitante46 Item_Conflitante47 Item_Conflitante48 Item_Conflitante49 Item_Conflitante50 Item_Conflitante51 Item_Conflitante52 Item_Conflitante53 Item_Conflitante54 Item_Conflitante55 Item_Conflitante56 Item_Conflitante57 Item_Conflitante58 Item_Conflitante59 Item_Conflitante60 Item_Conflitante61 Item_Conflitante62 Item_Conflitante63 Item_Conflitante64 Item_Conflitante65 Item_Conflitante66 Item_Conflitante67 Item_Conflitante68 Item_Conflitante69 Item_Conflitante70 Item_Conflitante71 Peso_Total Volume_Total
0 d 35 35 0 0 230 0 0 0                                                                        200 200
1 c 35 40 2 27 57 10 16 19 3 4 5 6 7 9 10 11 13 14 16 17 18 19 20 21 22 23 24 25 26 27 29 30 32 33 34 35 36 37 38 39 40 41 43 45 46 47 48 50 51 52 53 54 56 57 58 62 65 67 68 69 70 71 72 73 76 77 79 80 81 82 83 84 85 86 96 97 98 99 100
2 c 40 60 2 61 91 10 21 19 4 5 6 9 10 11 12 13 14 15 16 17 18 22 23 25 29 31 34 35 36 37 38 39 40 41 42 43 44 47 48 50 51 52 53 54 55 56 57 60 63 64 65 66 68 69 70 71 73 76 79 81 82 87 88 89 90 92 94 96 99 100
3 c 49 42 2 63 93 10 13 20 4 6 7 8 9 10 13 14 15 16 17 18 19 22 23 24 25 26 27 28 29 30 34 35 36 37 40 41 42 43 44 45 47 48 50 51 52 55 56 57 60 61 62 63 65 67 68 69 71 72 73 74 75 76 78 79 82 85 87 89 90 91 92 93 97 99 100
4 c 15 77 2 63 93 10 9 8 6 7 8 9 11 12 13 14 15 16 17 19 22 23 24 25 26 28 29 32 33 34 35 36 37 39 42 46 47 48 49 51 53 54 56 58 59 60 61 62 63 65 66 67 70 71 72 75 77 78 80 81 82 83 84 85 86 87 88 90 92 94 97 98 99 100
5 c 53 52 2 27 57 10 11 11 6 7 10 11 13 14 15 16 19 20 21 22 23 25 26 27 28 29 31 34 36 40 41 42 44 45 47 50 51 53 54 57 58 59 60 62 63 66 67 68 69 70 72 74 75 76 78 79 83 84 86 87 90 91 93 94 97 98 99 100
6 c 2 60 2 41 71 10 5 6 8 9 10 11 13 15 16 17 19 20 21 22 23 28 30 31 34 37 38 39 40 41 47 48 49 50 51 52 53 54 55 56 57 59 60 61 62 63 64 65 67 68 70 71 75 76 77 80 81 83 84 86 88 89 90 91 92 93 94 95 96 97 98 99 100
7 c 5 5 2 73 103 10 16 19 8 11 14 15 16 17 20 24 25 27 31 32 33 34 35 36 38 40 44 47 48 49 50 51 52 54 56 57 58 59 60 61 62 64 65 66 68 72 73 74 75 76 78 80 81 85 86 88 89 90 91 92 94 95 97 98 100
8 c 60 12 2 34 64 10 31 35 9 10 11 12 13 14 15 16 17 18 19 20 21 22 23 24 25 26 29 30 31 32 34 37 38 39 40 41 43 44 46 47 49 50 55 56 57 58 59 60 61 63 65 67 68 69 70 71 72 73 74 75 76 78 79 80 81 82 83 85 86 87 88 89 91 92 94 95 98 99
9 c 40 25 2 75 105 10 9 10 12 13 14 15 16 17 18 19 20 22 23 24 25 27 30 31 32 33 34 35 36 37 38 39 41 43 45 46 47 49 50 52 53 54 55 57 59 61 62 64 65 66 67 68 69 70 71 73 78 79 80 84 86 87 88 89 90 91 93 94 95 96 97 98 100
10 c 24 12 2 25 55 10 5 6 13 14 16 17 18 19 21 22 23 24 25 26 27 28 29 30 31 32 34 35 36 37 38 39 40 41 42 45 48 49 51 52 53 54 56 57 59 60 61 62 63 64 66 67 68 71 72 73 74 75 76 77 78 79 81 82 83 84 85 86 87 88 89 91 94 95 97 98 99 100
11 c 11 14 2 59 89 10 18 18 12 15 17 22 24 25 26 27 28 29 30 31 33 34 35 36 37 38 39 40 41 42 43 44 45 46 47 48 50 51 53 54 55 56 59 60 62 64 65 66 67 68 69 70 71 76 77 78 79 80 82 84 85 86 88 89 92 94 97 98 99 100
12 c 6 38 2 29 59 10 16 18 13 14 15 17 18 20 21 22 24 25 26 27 28 29 30 31 32 33 34 36 37 38 40 41 43 44 45 46 49 51 52 53 54 58 60 61 62 63 65 67 68 69 72 73 75 77 79 80 81 83 84 85 86 87 88 89 90 91 92 93 95 96 98 100
13 c 20 26 2 73 103 10 9 14 14 15 16 18 19 20 21 23 24 26 27 28 31 32 35 36 37 38 40 46 47 49 50 51 52 53 55 57 59 62 64 65 67 68 69 71 72 73 74 76 77 78 79 80 81 84 85 86 88 89 90 91 92 93 94 95 96 97 98
14 c 37 31 2 85 115 10 14 20 15 17 18 19 20 23 24 25 28 30 31 35 36 37 38 39 40 41 42 43 44 45 47 48 50 51 52 54 56 57 58 59 62 63 65 66 67 68 69 70 71 72 76 77 78 79 80 82 83 85 88 91 95 98 99 100
15 c 37 47 2 40 70 10 6 1 16 17 18 19 20 21 22 24 26 27 28 31 33 34 35 37 38 40 42 43 45 46 47 48 49 51 52 53 54 55 57 60 61 62 63 65 66 68 69 70 71 75 76 77 78 79 81 82 83 86 87 88 90 91 92 93 94 95 98 99 100
16 c 67 5 2 73 103 10 25 26 17 19 22 23 24 25 27 28 29 31 32 33 37 39 40 41 42 43 44 47 48 49 51 52 53 54 55 56 57 60 61 62 65 66 67 68 69 73 74 76 78 79 80 81 82 83 85 86 87 88 89 90 92 94 95 96 98 99 100
17 c 24 58 2 48 78 10 19 13 18 19 21 23 24 25 26 27 28 29 30 31 34 35 37 38 39 40 42 43 44 45 47 49 50 51 52 54 55 56 57 59 60 61 63 65 68 69 70 71 73 74 75 76 77 78 79 80 81 82 83 84 85 87 88 89 90 91 93 94 96 97 99 100
18 c 57 48 2 82 112 10 23 22 19 20 21 22 23 24 25 26 27 29 30 34 36 37 39 41 42 43 47 48 49 50 51 52 53 54 55 56 57 60 62 63 64 65 66 67 68 69 71 73 75 77 79 80 83 84 86 87 89 90 91 92 99 100
19 c 55 5 2 58 88 10 29 24 22 25 27 29 32 33 34 35 36 37 38 40 42 43 44 47 49 51 52 53 54 55 57 58 60 62 64 65 66 67 68 69 71 72 73 74 75 76 77 80 81 82 83 84 85 88 89 90 95 96 98 99
20 c 62 77 2 49 79 10 20 19 21 22 23 24 27 28 30 31 32 33 34 36 37 38 40 41 42 43 44 45 46 47 48 49 50 51 53 55 58 59 61 62 63 64 65 66 67 70 74 75 76 77 78 79 80 81 82 84 85 88 89 90 91 92 95 98 99 100
21 c 26 52 2 64 94 10 9 17 25 27 28 29 31 32 33 34 35 36 37 38 39 40 43 44 45 46 47 48 50 53 54 55 56 58 59 60 61 62 63 64 65 66 67 68 70 72 74 75 76 77 79 81 82 83 84 85 86 87 89 91 92 93 94 95 97 100
22 c 10 43 2 85 115 10 9 3 24 25 26 27 28 30 31 32 33 34 35 37 38 41 42 43 44 45 46 47 48 50 51 52 53 56 57 59 60 61 62 63 64 65 66 67 68 69 70 71 72 73 74 76 77 78 79 83 84 86 89 90 92 93 94 95 97 98 100
23 c 30 5 2 51 81 10 8 15 24 25 26 27 28 29 31 32 33 34 35 37 38 41 43 45 46 47 48 49 50 51 52 53 56 58 60 62 63 64 65 66 67 69 71 72 74 75 79 80 81 82 83 85 87 88 89 90 91 92 93 94 96 97 98 99
24 c 28 18 2 83 113 10 26 20 25 26 28 29 30 31 32 33 34 36 37 38 39 40 42 44 45 46 48 49 50 52 53 54 55 56 57 58 59 60 61 62 63 64 65 66 67 68 69 71 72 73 74 75 76 78 79 80 82 84 86 88 89 90 91 92 93 94 95 97 98 99
25 c 20 65 2 57 87 10 12 7 26 27 30 31 32 34 35 36 38 39 41 43 44 46 51 52 53 55 56 58 59 60 62 66 71 73 75 76 77 79 81 82 83 84 85 88 89 90 92 93 94 95 97 98 99 100
26 c 22 22 2 18 48 10 2 6 30 31 32 34 35 36 37 38 40 42 43 44 46 47 49 51 52 53 54 55 59 60 62 64 65 66 69 70 71 75 76 77 78 79 81 83 84 85 88 89 90 91 92 94 95 96 98 100
27 c 61 52 2 86 116 10 3 13 28 29 31 32 33 36 38 39 40 41 43 50 51 52 53 54 58 59 60 62 64 65 68 69 71 72 73 75 76 77 78 79 80 81 82 83 84 85 86 87 88 90 91 93 94 95 99
28 c 45 10 2 87 117 10 18 28 29 30 31 32 34 35 36 37 39 41 43 44 46 47 48 49 52 53 55 56 57 58 63 66 67 68 69 70 71 72 73 74 75 76 77 78 81 83 84 87 88 89 90 91 94 95 96 98 99
29 c 42 7 2 87 117 10 5 1 31 34 35 36 37 40 41 42 43 46 48 49 50 51 52 53 55 57 58 61 62 63 64 65 66 67 68 69 70 71 72 73 74 75 76 77 78 79 80 81 83 84 86 87 88 89 90 91 92 93 96 98 99 100
30 c 55 60 2 87 117 10 16 10 31 32 34 36 37 41 42 43 44 45 46 48 49 51 52 57 59 61 62 63 65 66 67 68 69 70 71 73 76 77 78 79 81 82 83 84 85 86 88 89 91 93 94 95 96 97 99 100
31 c 25 30 13 89 119 10 3 1 32 33 35 36 37 38 41 42 43 44 45 46 47 48 49 50 51 53 54 56 58 61 64 65 68 69 70 71 73 74 75 77 78 79 80 81 82 83 84 85 88 90 92 93 95 96 97 98 99 100
32 c 11 31 13 91 121 10 7 1 33 34 35 36 37 38 39 40 41 42 43 45 46 48 49 50 51 52 54 55 56 57 58 59 62 64 65 67 69 71 75 76 77 79 80 81 82 86 87 88 89 90 91 92 93 95 96 97 99 100
33 c 6 68 13 98 128 10 30 39 34 36 37 38 39 40 42 44 48 49 50 51 52 53 55 56 57 58 59 60 62 64 65 66 67 68 69 70 71 73 75 77 78 80 81 82 84 85 86 88 89 90 91 92 93 94 95 97 99 100
34 c 30 60 32 114 144 10 16 14 35 37 38 39 40 42 43 44 46 47 48 49 50 51 52 53 54 56 58 59 60 61 63 64 65 66 67 69 70 72 73 75 77 79 80 81 82 83 84 86 88 92 93 94 96 97 98 99
35 c 49 73 32 117 147 10 25 22 36 37 39 40 41 43 44 46 47 48 50 51 54 57 59 60 61 62 63 64 65 66 69 70 71 72 73 75 76 78 79 80 82 83 84 86 87 88 93 94 95 96 97 98 100
36 c 53 12 35 120 150 10 6 7 40 41 42 44 45 46 47 49 50 53 55 57 58 60 61 63 64 65 66 67 69 70 73 74 75 76 77 78 79 80 81 82 84 85 86 87 90 91 93 95 98 99 100
37 c 63 23 41 126 156 10 2 12 38 39 42 43 44 47 50 51 52 54 56 57 58 59 61 62 64 66 67 68 69 71 74 75 77 78 79 80 81 83 84 85 86 88 89 90 92 93 94 95 96 98
38 c 56 39 47 132 162 10 36 36 40 41 44 45 46 47 48 49 50 52 53 54 55 56 57 60 64 67 69 70 73 74 75 76 77 78 81 82 83 84 86 88 89 90 91 92 93 94 95 97 98
39 c 63 65 48 133 163 10 8 3 41 42 43 45 46 47 48 49 50 53 55 56 57 59 60 61 62 63 65 66 68 69 71 73 74 76 77 78 79 80 82 83 84 86 88 89 91 92 93 95 98 99 100
40 c 55 20 54 139 169 10 19 17 41 42 43 45 46 47 48 49 52 53 54 56 59 60 61 62 64 66 68 69 71 72 73 74 75 76 80 82 83 84 89 91 92 93 94 95 96 100
41 c 46 13 54 139 169 10 8 13 42 43 44 45 47 48 49 50 51 53 54 55 56 58 59 64 65 66 68 69 70 71 72 74 75 76 78 82 83 84 85 86 87 88 91 92 94 95 96 97 100
42 c 5 30 62 147 177 10 2 1 43 44 45 47 48 50 51 54 55 56 57 58 61 64 66 67 70 72 73 78 79 80 81 82 84 85 87 93 94 95 96 97 98 100
43 c 30 25 64 149 179 10 23 15 44 45 48 49 50 52 53 54 56 57 58 59 60 62 63 64 65 66 67 68 69 70 74 76 77 78 79 80 82 83 84 85 86 87 88 89 91 92 94 96 97 98 100
44 c 57 68 65 0 180 10 15 18 46 48 49 50 51 53 56 57 59 60 61 62 63 64 65 66 69 70 71 74 75 76 79 80 82 84 85 86 88 89 90 91 94 96 100
45 c 65 55 68 0 183 10 14 8 46 48 50 51 52 53 54 59 60 61 62 64 65 67 69 71 72 73 74 75 76 77 78 80 81 82 83 86 87 88 89 90 91 93 94 95 98 99
46 c 4 18 69 0 184 10 35 42 48 49 50 51 53 54 55 56 57 58 59 60 61 62 63 65 66 67 68 69 72 75 77 80 81 82 83 84 86 88 89 90 92 93 94 96 97 98 99
47 c 2 48 69 0 184 10 1 2 48 49 50 51 52 53 54 56 57 59 63 64 65 66 69 70 72 76 79 80 81 83 84 85 87 88 89 90 92 93 94 97 98
48 c 27 69 70 0 185 10 10 14 49 50 52 53 54 58 59 61 63 64 65 66 67 69 70 71 72 73 76 77 82 85 86 88 90 92 93 94 96 97 99
49 c 8 56 70 0 185 10 27 20 51 53 54 55 56 57 58 59 60 61 62 66 67 68 69 71 72 73 74 75 76 78 79 80 81 82 84 85 86 87 88 90 91 92 93 94 96 97 99 100
50 c 23 3 70 0 185 10 7 1 51 52 53 54 56 57 58 60 61 62 63 64 65 67 70 74 75 79 80 81 82 83 84 85 86 88 89 90 91 92 94 95 98 99 100
51 c 35 69 71 0 186 10 23 23 52 53 54 55 57 60 61 62 63 66 67 69 70 71 72 73 74 75 76 77 79 80 81 82 83 85 87 89 91 93 94 95 96 97 98 99
52 c 65 20 72 156 186 10 6 1 53 55 56 58 60 61 62 63 64 65 66 67 68 69 72 74 76 77 78 79 80 81 82 83 86 88 89 91 92 93 94 98
53 c 15 10 72 0 187 10 20 15 54 55 56 57 58 59 60 61 62 63 64 65 67 68 71 72 73 77 78 83 84 85 86 89 90 93 96 98 99 100
54 c 31 67 72 0 187 10 3 8 55 56 58 59 63 64 65 66 68 69 72 73 74 77 80 81 82 83 85 86 87 88 90 92 93 94 95 96 97 98 99 100
55 c 15 60 72 0 187 10 17 24 56 57 60 61 62 64 65 67 69 71 74 76 77 78 79 80 81 82 83 86 87 88 91 92 93 95 96 98 99 100
56 c 45 65 73 0 188 10 9 1 58 62 65 66 67 68 69 74 75 76 78 79 80 81 82 83 84 86 87 89 90 91 92 93 94 96 97 99
57 c 10 20 75 0 190 10 19 10 59 60 62 63 68 70 71 72 73 76 78 81 83 84 85 87 88 89 90 92 93 94 96 97 98
58 c 64 42 77 0 190 10 9 5 59 60 62 63 64 68 69 70 72 73 76 77 78 79 80 81 82 83 84 87 88 92 93 94 96 97 98 99
59 c 65 35 77 0 190 10 3 13 60 62 63 65 66 67 69 73 74 75 76 77 79 80 82 83 84 88 89 90 91 92 93 94 95 96 97 99 100
60 c 13 52 77 0 192 10 36 37 62 64 66 67 69 70 71 74 76 78 79 80 82 83 84 85 90 91 92 94 96 97 98
61 c 49 11 77 0 192 10 18 19 62 63 64 65 66 67 68 71 72 75 79 80 83 84 85 86 87 90 91 94 95 96 97 98
62 c 55 54 77 0 192 10 26 32 63 64 65 66 67 68 69 71 73 74 75 77 78 79 80 81 83 85 87 90 92 94 95 96 97 98 100
63 c 49 58 78 0 193 10 10 11 65 66 68 70 71 73 74 75 76 79 82 83 84 85 87 88 89 90 93 94 95 96 97 98 100
64 c 15 19 79 0 194 10 1 7 65 67 68 71 72 73 74 76 77 78 81 83 84 85 86 87 88 90 91 92 93 94 95 97 100
65 c 12 24 79 0 194 10 13 23 66 67 69 70 72 75 77 78 79 80 81 82 83 85 88 90 91 94 96 97
66 c 18 18 80 165 195 10 17 18 68 69 70 72 74 76 78 80 81 82 84 85 86 88 89 91 94 95 96 98 99 100
67 c 15 47 81 0 196 10 16 16 69 70 72 73 74 77 78 79 81 82 84 85 86 87 88 89 90 91 92 93 94 95 96 97 98 99 100
68 c 32 12 81 0 196 10 7 17 69 70 72 73 75 76 78 79 80 81 82 83 84 85 86 87 89 91 92 95 99 100
69 c 16 22 81 0 196 10 41 34 70 71 72 73 74 76 77 79 80 82 83 84 85 87 89 90 91 92 93 94 95 96 100
70 c 57 29 82 0 197 10 18 13 71 72 73 74 76 79 81 82 83 84 85 86 88 89 91 92 94 96 99 100
71 c 47 16 82 0 197 10 25 27 73 75 77 79 81 82 83 84 86 88 90 91 92 93 95 96 97 98 99 100
72 c 55 45 82 0 197 10 13 4 73 74 77 78 79 80 81 82 84 85 87 90 92 94 97 98 99 100
73 c 14 37 83 0 198 10 11 9 74 75 76 78 79 80 81 82 83 84 85 86 87 88 89 90 91 92 95 96 97 98 99 100
74 c 56 37 83 168 198 10 6 15 76 77 78 79 80 82 83 86 87 88 89 90 91 92 94 96 98 100
75 c 20 50 83 0 198 10 5 1 76 79 82 83 86 87 90 91 92 93 94 95 96 99
76 c 37 56 83 168 198 10 5 1 77 79 80 83 84 85 88 89 90 91 95 96 98 99
77 c 19 21 83 0 198 10 10 7 78 79 80 81 83 84 85 88 89 90 93 94 95 96 97 98 99 100
78 c 20 20 83 0 198 10 8 7 79 81 82 83 86 88 89 90 91 92 94 95 98 100
79 c 53 43 84 169 199 10 14 14 80 81 84 85 87 90 91 92 95 96 98 100
80 c 44 17 84 0 199 10 9 17 81 82 84 86 87 88 90 92 93 95 96 98 99 100
81 c 15 30 84 0 199 10 26 28 84 85 87 88 89 90 91 92 93 94 98 99
82 c 18 24 84 169 199 10 22 19 83 84 86 89 90 91 92 93 95 97 99 100
83 c 45 20 86 0 201 10 11 12 84 86 87 89 90 91 92 93 97 98 99 100
84 c 17 34 86 0 201 10 3 1 85 86 88 90 91 92 93 95 96 97 98 100
85 c 25 21 87 0 202 10 12 9 87 88 89 90 92 93 94 95 96 98
86 c 35 17 87 0 202 10 7 6 88 90 93 94 95 97 98 99 100
87 c 21 24 87 0 202 10 28 36 88 91 92 93 99 100
88 c 31 52 87 0 202 10 27 17 89 90 91 92 93 94 95 99 100
89 c 47 47 88 0 203 10 13 9 90 91 93 94 95 96 98 100
90 c 20 40 89 0 204 10 12 5 92 96 97 98
91 c 41 49 89 0 204 10 10 4 92 93 96 97 98 99
92 c 22 27 89 0 204 10 11 8 93 94 95 96 97 98 100
93 c 25 24 90 0 205 10 20 21 95 99 100
94 c 50 35 90 0 205 10 19 25 95 97 98
95 c 26 27 92 0 207 10 27 25 96 98 99 100
96 c 45 30 93 0 208 10 17 11 98
97 c 27 43 93 0 208 10 9 4 99
98 c 36 26 95 180 210 10 18 15 99
99 c 26 35 96 0 211 10 15 7
100 c 41 37 98 0 213 10 16 15

