StringID Type x y release ReadyTime DueDate ServiceTime weight volume Item_Conflitante1 Item_Conflitante2 Item_Conflitante3 Item_Conflitante4 Item_Conflitante5 Item_Conflitante6 Item_Conflitante7 Item_Conflitante8 Item_Conflitante9 Item_Conflitante10 Item_Conflitante11 Item_Conflitante12 Item_Conflitante13 Item_Conflitante14 Item_Conflitante15 Item_Conflitante16 Item_Conflitante17 Item_Conflitante18 Item_Conflitante19 Item_Conflitante20 Item_Conflitante21 Item_Conflitante22 Item_Conflitante23 Item_Conflitante24 Item_Conflitante25 Item_Conflitante26 Item_Conflitante27 Item_Conflitante28 Item_Conflitante29 Item_Conflitante30 Item_Conflitante31 Item_Conflitante32 Item_Conflitante33 Item_Conflitante34 Item_Conflitante35 Item_Conflitante36 Item_Conflitante37 Item_Conflitante38 Item_Conflitante39 Item_Conflitante40 Item_Conflitante41 Item_Conflitante42 Item_Conflitante43 Item_Conflitante44 Item_Conflitante45 Item_Conflitante46 Item_Conflitante47 Item_Conflitante48 Item_Conflitante49 Item_Conflitante50 Item_Conflitante51 Item_Conflitante52 Item_Conflitante53 Item_Conflitante54 Item_Conflitante55 Item_Conflitante56 Item_Conflitante57 Item_Conflitante58 Item_Conflitante59 Item_Conflitante60 Item_Conflitante61 Item_Conflitante62 Item_Conflitante63 Item_Conflitante64 Item_Conflitante65 Item_Conflitante66 Item_Conflitante67 Item_Conflitante68 Item_Conflitante69 Item_Conflitante70 Item_Conflitante71 Item_Conflitante72 Item_Conflitante73 Item_Conflitante74 Peso_Total Volume_Total
0 d 40 50 0 0 3390 0 0 0                                                                           700 700
1 c 2 40 11 971 1131 90 20 22 2 3 4 5 7 8 9 10 12 13 16 17 18 19 20 21 22 24 27 28 29 30 31 32 34 35 36 38 40 42 45 46 47 48 49 50 54 55 56 57 59 60 61 62 63 64 65 66 70 71 72 73 74 75 76 79 80 81 82 83 85 86 87 88 89 90 94 95 97 98 100
2 c 0 40 11 1063 1223 90 30 30 3 5 6 7 8 9 10 11 12 14 15 19 20 22 23 24 26 27 28 31 32 34 35 36 39 40 41 43 44 46 47 48 50 51 54 56 57 59 62 63 64 65 66 67 68 69 70 71 72 73 74 75 76 78 80 81 82 83 84 85 86 87 88 89 90 92 93 94 95 96 97 98 99 100
3 c 0 45 11 1158 1318 90 20 30 6 7 8 11 13 14 16 17 18 19 20 22 23 24 25 26 28 29 31 33 34 35 36 37 39 40 41 43 46 47 48 49 50 52 53 54 55 56 57 58 59 60 61 62 63 65 66 67 68 70 71 72 73 74 75 80 81 83 84 86 88 89 91 92 94 95 97 98 100
4 c 48 20 11 967 1127 90 10 8 6 7 8 11 13 14 16 17 18 19 20 21 22 23 28 29 31 35 36 37 38 39 40 42 43 45 46 47 48 49 52 53 56 57 58 59 61 62 63 65 66 68 69 71 73 75 76 78 79 81 84 85 86 87 88 89 91 92 93 94 95 97 98 100
5 c 55 80 11 407 567 90 10 8 7 8 9 11 13 14 15 16 18 19 20 22 24 28 30 32 33 34 35 36 38 39 40 41 42 44 45 46 47 49 51 53 54 55 57 59 60 61 62 63 64 65 67 68 69 70 71 72 73 74 78 81 83 86 87 89 91 92 93 94 95 96 97 99
6 c 44 5 11 1256 1416 90 20 30 7 8 9 12 13 14 16 20 21 23 24 26 27 28 29 30 31 33 34 35 36 38 39 40 41 43 45 46 47 48 50 52 53 56 57 58 59 60 61 63 65 67 68 70 71 72 75 76 77 78 79 82 83 84 85 86 87 89 91 92 93 94 95 96 97 98 99
7 c 42 10 11 1160 1320 90 40 50 8 9 11 12 14 15 17 18 19 20 21 22 24 25 29 30 31 32 33 36 37 38 39 40 41 42 44 45 46 47 48 49 50 51 52 54 55 56 58 59 60 61 63 65 66 68 69 71 72 73 75 76 78 79 82 84 86 88 89 91 93 96 97 98
8 c 42 15 11 1065 1225 90 10 7 10 11 12 13 14 15 16 18 20 21 23 24 27 29 30 32 33 35 37 38 39 40 41 42 45 46 47 48 50 51 52 54 55 58 59 60 62 63 64 65 66 67 70 71 74 76 77 78 81 82 83 84 85 86 88 90 91 92 94 95 96 98 99 100
9 c 40 5 11 1350 1510 90 30 27 10 13 14 15 16 17 18 20 21 23 24 25 26 27 28 29 30 31 33 34 36 37 38 40 41 43 44 45 46 47 49 50 52 53 54 56 57 58 59 60 61 64 65 67 69 71 72 73 75 77 78 79 80 81 82 85 86 87 89 91 95 96 98 99
10 c 38 5 11 1442 1602 90 30 21 11 13 14 15 17 18 19 20 21 22 23 24 28 30 31 32 35 36 37 38 39 42 45 46 47 48 49 50 51 52 53 54 55 56 58 59 62 63 64 65 66 68 69 70 71 72 74 75 76 77 78 79 81 82 86 87 88 90 91 93 94 95 96 98 99 100
11 c 35 5 11 1535 1695 90 20 28 12 13 14 16 18 20 23 24 25 26 27 29 30 32 34 35 36 37 39 40 41 43 44 45 46 48 53 54 55 57 58 59 60 61 66 67 68 69 70 72 75 77 78 79 80 81 82 83 84 85 87 88 89 93 94 96 97 98 99 100
12 c 50 30 11 401 561 90 10 18 14 15 16 19 20 21 22 23 24 28 29 31 34 37 38 39 40 41 42 44 45 47 49 50 51 54 55 56 58 60 62 63 67 68 69 70 71 73 74 77 78 80 81 82 85 86 88 89 92 94 96 98 99 100
13 c 50 35 11 120 280 90 20 15 15 16 17 19 20 21 24 25 26 27 28 29 30 32 33 34 37 38 39 40 41 43 44 45 47 48 50 51 57 58 59 60 61 62 65 66 67 69 70 71 72 73 75 76 78 79 80 81 84 88 89 91 92 93 95 96 97 98 100
14 c 50 40 11 25 185 90 50 51 15 19 20 21 22 25 27 28 30 31 32 33 34 35 36 37 39 40 43 45 46 47 48 49 50 53 55 57 58 59 60 61 64 65 66 67 68 69 73 74 75 76 78 79 80 82 83 84 85 87 89 90 91 92 93 94 98 100
15 c 48 30 11 493 653 90 10 13 16 17 18 19 20 21 23 24 25 27 29 30 31 32 33 34 35 36 37 39 40 41 43 45 46 48 50 52 53 54 58 59 60 62 63 64 66 67 68 69 71 72 73 74 77 78 79 81 83 85 86 87 90 91 92 94 96 97 98
16 c 44 25 11 871 1031 90 10 19 18 19 21 22 23 24 25 26 30 36 38 39 42 43 44 45 46 47 49 50 51 52 53 54 55 58 60 61 62 63 65 66 67 70 71 75 77 78 79 81 82 83 85 86 87 88 91 92 94 95 96 97 98 99
17 c 47 35 11 588 748 90 10 17 18 19 20 21 22 23 26 27 28 29 31 32 33 34 35 36 39 41 43 44 45 46 47 49 51 53 56 58 59 62 63 64 66 67 68 69 72 74 76 77 80 82 83 85 86 87 91 93 94 95 99
18 c 58 75 11 978 1138 90 20 30 20 21 23 24 25 27 28 30 31 32 33 34 35 36 37 38 40 42 43 46 47 50 51 52 53 58 59 60 61 62 65 66 69 71 76 77 78 80 81 82 84 85 86 88 89 92 94 95 96 100
19 c 60 85 11 597 757 90 30 36 22 23 24 25 26 27 28 29 30 31 33 34 35 40 41 42 43 44 45 48 52 54 57 61 63 64 65 68 69 70 72 73 74 75 76 77 78 79 80 82 83 85 86 87 88 89 90 91 93 95 97 98 99
20 c 62 80 11 881 1041 90 30 21 21 22 24 27 28 30 31 32 33 34 35 36 37 38 39 42 44 46 47 49 50 51 52 54 55 56 57 58 59 62 63 64 65 66 69 71 72 73 74 75 76 77 79 81 82 83 84 85 86 88 89 90 91 92 93 94 95 97 98 100
21 c 65 82 11 788 948 90 10 11 22 23 24 28 29 31 32 33 34 35 36 37 40 41 42 43 44 45 46 47 50 51 53 54 55 56 57 58 59 60 61 63 64 66 68 72 74 75 76 78 79 81 82 83 85 87 88 89 92 93 97 98 99 100
22 c 42 58 11 8 168 90 40 47 23 25 26 27 28 29 31 32 33 34 35 36 37 38 39 40 41 43 45 46 47 48 49 50 52 53 55 57 59 60 62 63 64 65 66 67 68 69 72 73 74 76 77 78 80 81 82 83 84 87 88 89 93 94 97 98 100
23 c 67 85 11 694 854 90 20 23 24 26 27 28 30 33 34 35 36 37 38 39 40 41 42 45 46 47 49 51 52 53 54 56 59 60 61 62 63 64 65 66 67 68 70 72 73 74 77 78 79 80 81 82 84 85 87 88 89 91 92 94 97 100
24 c 5 45 11 1253 1413 90 10 17 26 27 29 30 31 33 34 35 37 38 39 40 41 42 43 45 46 47 48 49 51 52 54 55 58 59 61 62 68 69 70 71 72 76 78 79 83 85 86 87 89 92 93 94 95 96 97 98 100
25 c 60 60 11 1451 1611 90 10 6 26 27 28 29 32 35 37 38 39 40 41 44 45 46 47 48 49 50 52 53 54 57 58 59 60 62 63 66 67 68 70 71 72 75 76 77 79 82 83 85 86 87 88 90 91 92 94 95 97 100
26 c 45 65 11 118 278 90 20 27 28 30 32 34 37 38 39 41 43 44 45 46 47 49 50 52 53 55 58 59 60 61 62 64 65 67 68 69 71 72 74 75 77 79 82 83 84 85 86 87 88 89 92 96 97 98
27 c 53 35 11 213 373 90 50 53 28 29 31 34 35 36 37 38 39 43 44 45 46 50 56 57 58 59 61 62 63 64 65 66 69 71 72 73 75 77 78 79 80 82 83 84 85 86 87 88 92 93 94 96 97 99 100
28 c 53 30 11 308 468 90 10 2 30 31 32 33 34 35 36 37 38 39 40 45 46 47 49 50 54 56 57 58 60 61 62 63 64 65 66 67 68 69 70 71 72 73 74 75 76 82 84 85 86 88 91 93 95 96 97 99
29 c 45 35 11 680 840 90 10 8 31 32 33 35 36 38 39 40 41 42 44 45 50 53 54 56 58 59 61 62 63 65 66 68 69 71 72 73 74 76 77 78 79 80 81 82 83 84 87 91 92 94 97 98 99 100
30 c 42 30 11 776 936 90 10 19 33 34 35 36 37 39 41 45 48 49 50 51 52 54 56 58 59 60 61 62 63 64 65 66 68 69 70 71 72 73 74 75 76 77 78 80 81 82 83 84 85 86 88 89 90 92 94 95 96 99 100
31 c 47 40 11 12 172 90 10 2 32 33 36 41 42 45 46 48 49 50 53 54 55 56 58 59 60 65 66 67 68 70 71 72 73 74 75 76 77 78 79 80 82 83 84 85 87 88 89 90 91 92 93 94 96 100
32 c 56 64 11 1355 1515 90 10 8 35 37 38 39 42 43 44 46 49 51 52 54 56 57 59 60 62 63 66 67 68 70 71 73 74 75 77 78 81 82 84 86 87 88 89 90 93 94 95 98 99 100
33 c 5 35 11 876 1036 90 10 5 36 42 43 44 45 50 51 52 55 56 57 58 59 61 64 65 66 67 68 70 72 74 75 76 77 80 81 82 83 84 86 87 88 89 90 92 94 98 100
34 c 55 85 11 502 662 90 20 13 35 36 39 40 41 42 43 44 47 48 49 50 53 54 55 58 60 61 62 63 68 69 70 71 72 74 75 76 77 78 80 82 83 84 85 88 89 90 91 94 95 96 97 99
35 c 8 40 11 685 845 90 40 34 36 37 38 39 40 41 42 43 45 46 47 48 49 51 56 58 59 60 61 63 64 66 67 68 70 71 72 74 76 79 80 81 82 84 85 86 89 90 93 94 95 96 97 98 99 100
36 c 30 50 11 10 170 90 10 1 37 38 39 40 41 43 44 45 46 47 48 50 52 53 54 55 56 57 58 60 61 65 66 67 68 69 73 75 76 77 79 80 82 83 84 85 86 87 88 90 91 92 97 98 99 100
37 c 28 52 11 22 182 90 20 16 39 40 44 45 47 49 50 51 52 53 54 55 56 57 59 60 62 63 64 65 69 70 72 73 75 76 77 78 79 80 82 83 84 86 87 91 92 97 100
38 c 25 50 11 116 276 90 10 13 39 40 43 45 46 47 48 50 51 52 55 56 57 58 59 63 64 65 66 67 69 70 72 73 75 76 79 80 81 82 84 85 86 89 91 93 94 95 96 97 98
39 c 23 52 11 209 369 90 10 1 42 43 44 47 49 50 52 55 56 57 58 59 60 61 62 64 66 67 69 70 71 73 75 76 77 79 81 83 84 85 86 87 88 90 91 92 93 94 95 96 97 98 100
40 c 4 55 11 1447 1607 90 20 11 41 42 43 44 45 48 51 53 54 55 56 57 58 59 60 61 62 63 66 69 71 72 73 74 75 77 78 80 81 82 84 86 88 89 90 91 92 93 94 95 99 100
41 c 16 42 11 497 657 90 20 30 43 45 48 49 50 52 57 58 61 62 63 65 67 68 69 70 71 72 73 74 75 77 78 79 80 81 82 83 84 85 88 90 93 94 95 98 99 100
42 c 42 65 11 25 185 90 10 2 43 45 49 50 51 52 53 55 56 58 59 60 62 63 64 65 67 69 70 71 74 75 76 77 78 79 81 83 85 88 89 90 91 92 97 98 99
43 c 60 66 11 1261 1421 90 10 16 44 45 47 48 49 50 51 53 54 56 61 65 67 68 69 70 72 74 76 77 78 79 80 81 82 83 85 86 87 89 90 91 92 93 94 96 97 98 100
44 c 58 70 11 1073 1233 90 20 25 46 48 49 50 51 53 54 55 58 59 62 63 66 68 70 72 73 74 75 76 80 82 83 86 87 88 89 90 91 92 93 95 96 97 98 99 100
45 c 62 69 11 1167 1327 90 10 16 46 49 50 51 52 53 54 55 57 59 60 61 62 63 64 65 66 67 68 69 72 73 75 77 78 80 82 84 85 86 87 90 91 92 93 94 95 96 97 99 100
46 c 10 40 11 593 753 90 30 31 47 48 50 52 53 54 58 61 65 66 67 68 70 72 73 74 77 78 79 80 83 85 87 88 89 91 93 94 95 97 99
47 c 10 35 11 781 941 90 20 13 49 52 53 54 55 57 58 61 63 64 65 66 69 71 72 73 74 76 77 78 79 80 83 85 86 88 90 92 93 94 95 96 97 98 99 100
48 c 20 55 11 303 463 90 10 10 49 50 52 53 54 55 56 57 59 60 63 64 65 67 68 69 70 71 72 74 75 76 79 80 81 82 84 85 86 87 88 89 90 92 93 94 98 99 100
49 c 20 50 11 398 558 90 10 1 55 59 60 61 62 63 64 69 71 73 74 75 77 78 79 80 81 82 83 84 86 87 88 89 90 91 92 93 96 97 100
50 c 8 45 11 1346 1506 90 20 14 51 52 54 55 56 57 63 64 66 68 72 74 76 77 78 79 80 82 84 85 86 88 89 90 95 97 99 100
51 c 52 75 11 311 471 90 10 17 52 55 58 59 60 61 62 63 65 66 67 68 71 72 75 76 77 78 79 81 82 85 86 87 88 89 90 91 92 94 95 96 97 98 99
52 c 45 70 11 213 373 90 30 21 53 55 56 57 58 59 60 61 62 63 66 67 68 69 72 73 74 79 80 82 83 84 85 86 87 90 92 93 94 95 96 97 99
53 c 8 62 11 1545 1705 90 10 14 55 56 57 62 63 66 67 69 70 71 72 73 74 75 78 81 83 84 86 88 90 91 92 93 95 97 100
54 c 65 60 11 1546 1706 90 30 24 55 56 57 59 60 61 63 64 65 66 69 72 73 74 75 77 78 79 80 81 82 83 84 85 86 88 89 90 92 93 95 96 98 100
55 c 38 10 850 1630 1790 90 10 12 57 58 59 61 64 66 69 70 71 72 73 75 76 77 78 79 82 83 84 85 87 88 89 91 92 93 94 97 99 100
56 c 70 58 850 1641 1801 90 20 24 57 58 59 60 65 67 69 71 72 73 75 76 77 82 83 84 85 87 89 91 95 96 97 100
57 c 14 66 850 1643 1803 90 10 1 58 60 63 64 65 66 67 70 72 73 74 75 76 79 80 81 82 84 85 86 87 88 89 90 91 92 94 96 97 98 99 100
58 c 38 15 850 1725 1885 90 40 46 61 64 65 66 69 70 71 73 74 75 77 79 80 81 82 83 84 85 88 89 90 92 93 94 97 98 100
59 c 66 55 850 1736 1896 90 10 8 60 61 62 63 64 66 67 68 69 71 72 73 75 76 80 81 83 84 85 87 89 90 91 92 93 94 95 96 99 100
60 c 15 75 850 1742 1902 90 20 12 61 62 63 67 68 69 70 71 72 75 77 81 84 87 89 90 93 94 96 98 99 100
61 c 36 18 850 1819 1979 90 10 8 62 63 64 65 66 67 69 70 72 73 74 77 78 82 83 84 86 89 91 92 94 96 99
62 c 72 55 850 1832 1992 90 10 10 64 66 67 68 71 74 76 78 79 80 81 82 83 86 87 88 89 91 93 94 96 97 98 99
63 c 15 80 850 1837 1997 90 10 2 64 65 67 69 72 74 75 76 78 81 83 84 85 86 87 88 90 93 94 96 97 99 100
64 c 32 20 850 1913 2073 90 10 9 65 67 68 71 72 74 75 76 77 79 82 84 86 87 88 90 91 93 95 96 97 99
65 c 75 55 850 1925 2085 90 20 11 66 71 72 73 75 76 78 79 80 81 83 84 85 86 87 88 89 90 91 92 93 94 96
66 c 20 85 850 1934 2094 90 40 42 68 70 72 73 74 77 78 80 82 83 86 87 88 89 90 91 92 94 96 99 100
67 c 34 25 850 2009 2169 90 30 21 68 71 72 74 75 76 77 79 80 85 86 87 89 91 92 93 94 95 96 97 98 100
68 c 22 85 850 2026 2186 90 10 8 69 70 71 72 73 74 75 77 80 81 82 83 84 85 86 87 89 91 93 94 96 97 98 99
69 c 86 46 850 2029 2189 90 30 30 71 72 74 75 77 78 83 84 85 86 87 88 90 91 92 93 94 95 97 98 100
70 c 30 30 850 2105 2265 90 10 4 72 73 74 76 79 81 82 83 84 85 88 89 91 92 93 95 96 97 98
71 c 25 85 850 2119 2279 90 20 18 74 76 77 78 79 80 81 82 83 84 87 88 90 91 93 94 95 96 98
72 c 90 35 850 2131 2291 90 10 12 73 74 77 78 79 80 81 82 84 88 89 90 91 94 96 97 98 99
73 c 25 30 850 2200 2360 90 10 3 74 75 76 79 80 82 83 84 85 86 87 88 91 92 93 94 96 97
74 c 20 80 850 2216 2376 90 40 39 75 76 77 78 80 81 82 83 85 86 89 90 91 92 93 95 98 99 100
75 c 95 35 850 2226 2386 90 20 13 76 77 78 80 81 82 83 85 86 87 89 91 92 93 94 95 96 97 98 100
76 c 26 32 850 2292 2452 90 10 13 77 78 80 81 83 84 85 86 89 90 91 92 93 94 95 96 98
77 c 18 75 850 2311 2471 90 20 17 78 80 81 83 84 85 87 88 89 90 91 92 95 96 97 98 99
78 c 95 30 850 2321 2481 90 30 36 80 81 82 84 85 86 88 89 92 95 96 97 99 100
79 c 25 35 850 2385 2545 90 10 17 80 81 82 83 84 87 89 90 91 92 95 99 100
80 c 22 75 1223 2405 2565 90 30 26 81 82 83 84 85 88 89 90 91 92 93 94 95 97 99 100
81 c 92 30 1223 2414 2574 90 10 10 82 83 84 85 86 87 90 91 92 95 99
82 c 30 35 1223 2480 2640 90 10 10 83 84 87 88 89 91 93 94 95 97 98 99
83 c 22 66 1223 2504 2664 90 40 46 84 85 87 88 91 92 93 94 95 96 97 98 99 100
84 c 85 25 1223 2513 2673 90 10 12 85 86 88 89 90 91 92 93 94 95 97 98 99
85 c 33 35 1223 2573 2733 90 10 18 86 87 89 90 93 95 96 97
86 c 28 70 1223 2601 2761 90 10 15 87 88 89 90 91 92 93 95 97 98 99 100
87 c 87 30 1223 2608 2768 90 10 3 88 89 90 92 93 95 97 99 100
88 c 33 32 1223 2666 2826 90 20 14 89 90 91 92 93 94 95 97 99
89 c 35 69 1223 2698 2858 90 10 20 90 91 92 93 94 95 96 97 98 100
90 c 85 35 1223 2703 2863 90 30 34 91 92 93 95 97 99
91 c 35 32 1223 2758 2918 90 10 16 92 93 94 95 96 97 98 99 100
92 c 35 66 1365 2791 2951 90 10 17 93 95 96 97 98 99 100
93 c 78 40 1365 2802 2962 90 20 28 95 96 97 99
94 c 36 40 1365 2856 3016 90 10 16 95 96 97 98 99 100
95 c 34 60 1365 2887 3047 90 20 27 96 97 98 99
96 c 72 45 1365 2900 3060 90 10 1 97 98 99 100
97 c 30 56 1466 2983 3143 90 20 19 98 99 100
98 c 62 40 1466 3001 3161 90 10 5 99
99 c 64 46 1562 3097 3257 90 20 16
100 c 60 55 1584 3119 3279 90 10 11

