StringID Type x y release ReadyTime DueDate ServiceTime weight volume Item_Conflitante1 Item_Conflitante2 Item_Conflitante3 Item_Conflitante4 Item_Conflitante5 Item_Conflitante6 Item_Conflitante7 Item_Conflitante8 Item_Conflitante9 Item_Conflitante10 Item_Conflitante11 Item_Conflitante12 Item_Conflitante13 Item_Conflitante14 Item_Conflitante15 Item_Conflitante16 Item_Conflitante17 Item_Conflitante18 Item_Conflitante19 Item_Conflitante20 Item_Conflitante21 Item_Conflitante22 Item_Conflitante23 Item_Conflitante24 Item_Conflitante25 Peso_Total Volume_Total
0 d 40 50 0 0 1236 0 0 0                          200 200
1 c 5 35 43 224 404 90 10 16 4 8 9 13 17 25 27 37 40 42 45 56 57 64 67 69 71 74 87 91 92 98
2 c 53 35 43 293 473 90 50 54 6 7 8 21 23 27 35 37 41 44 45 51 55 58 59 66 71 74 77 88 92 94
3 c 0 40 43 411 591 90 30 38 26 34 43 45 55 60 61 66 69 71 75 77 79 83 88 98
4 c 35 30 43 203 383 90 10 1 11 24 26 28 33 39 42 56 59 62 63 65 73 78 82 85 87 89 94 98
5 c 35 32 43 111 291 90 10 1 22 26 27 28 29 34 42 45 46 50 63 68 69 79 80 85 89 94
6 c 33 32 43 19 199 90 20 30 10 24 25 26 28 29 36 39 40 41 43 53 63 68 79 81 92
7 c 33 35 43 16 196 90 10 19 15 29 36 37 38 47 51 54 64 68 78 83 87 96 99 100
8 c 32 30 43 296 476 90 10 7 28 32 39 44 48 55 64 70 76 77 88 91 98
9 c 30 32 43 389 569 90 30 28 17 20 24 27 30 39 42 43 44 52 53 56 62 70 71 78 82 85 87 91 97
10 c 65 55 43 25 205 90 20 16 11 17 20 23 26 28 30 39 46 51 54 61 68 69 73 76 77 79 86 96 97 98
11 c 66 55 43 116 296 90 10 5 14 15 16 20 22 27 31 38 41 45 50 61 62 63 66 69 73 74 78 79 81 85 93 94 97
12 c 70 58 43 401 581 90 20 19 15 16 23 24 26 27 42 43 48 50 54 74 75 77 78
13 c 72 55 43 212 392 90 10 4 18 20 24 31 50 52 63 66 76 83 92 93
14 c 44 5 43 227 407 90 20 27 28 30 45 47 55 61 63 67 68 69 70 71 80 86 88 91 93 96
15 c 60 55 43 20 200 90 10 6 33 49 50 51 53 59 61 62 66 70 78 79 83 97
16 c 42 10 43 132 312 90 40 38 23 26 27 38 44 49 50 53 56 57 66 72 73 82 84 90
17 c 40 5 43 321 501 90 30 29 23 30 32 47 55 57 60 63 71 84
18 c 40 15 43 35 215 90 40 48 30 31 32 33 42 48 54 58 59 61 63 66 72 80 83 87 91 95 96
19 c 38 5 43 413 593 90 30 28 22 23 29 37 38 45 46 56 57 58 65 71 74 86 88 90 97 100
20 c 75 55 43 305 485 90 20 24 27 36 38 48 54 63 65 68 70 77 81 92 93 96 97
21 c 50 35 43 200 380 90 20 15 23 26 35 45 51 54 63 65 80 81 86 92
22 c 50 40 43 105 285 90 50 57 23 28 31 37 44 51 56 60 70 72 77 81 82 89
23 c 48 40 43 13 193 90 10 11 43 44 46 53 61 62 72 75 80 83 86 88 89 91 93 96
24 c 85 35 43 47 227 90 30 35 32 35 36 41 43 45 50 54 58 61 67 73 75 80 91 93 99
25 c 47 40 43 12 192 90 10 13 35 46 58 66 70 78 81 84
26 c 88 35 43 50 230 90 20 13 30 38 41 42 57 65 67 75 98 100
27 c 95 30 43 332 512 90 30 26 32 39 40 49 69 79 84 93 96 98
28 c 95 35 43 237 417 90 20 28 29 34 35 38 44 45 53 54 56 58 63 74 75 82 87
29 c 53 30 43 388 568 90 10 12 33 36 37 38 40 51 60 64 67 70 76 89 94 98
30 c 92 30 43 425 605 90 10 6 45 46 56 59 67 70 71 78 86 90 93 97
31 c 42 15 43 37 217 90 10 9 32 34 52 54 59 63 68 69 71 73 84
32 c 8 40 43 33 213 90 40 33 37 38 42 49 69 73 86 91 93 95
33 c 2 40 43 319 499 90 20 10 36 37 38 39 40 44 47 48 49 53 60 75 76 84 89 90 93
34 c 10 35 43 129 309 90 20 13 40 42 43 47 81 87 90 99
35 c 58 75 43 30 210 90 20 28 36 37 42 44 53 79 80 90 94 96 97
36 c 42 66 43 16 196 90 10 1 51 57 73 82 84 91 95 96 100
37 c 60 80 43 36 216 90 10 17 38 42 43 50 54 63 70 76 78 85 99
38 c 42 65 43 15 195 90 10 9 42 47 48 50 52 61 64 66 73 78 81 99
39 c 40 66 43 108 288 90 20 30 43 49 50 52 56 58 77 79 83 91 97 98
40 c 38 68 43 200 380 90 20 14 41 52 53 55 57 59 61 63 66 67 78 79 81 88 89 90 99
41 c 35 66 43 294 474 90 10 2 43 44 51 67 69 74 75 93 95 98
42 c 35 69 43 387 567 90 10 16 52 64 66 85 91 92 94 99
43 c 62 80 43 128 308 90 30 31 49 61 74 78 80 87 90 94 99
44 c 22 75 43 30 210 90 30 38 67 71 73 78 80 82 85 89 90 96
45 c 20 80 43 317 497 90 40 39 49 51 53 54 55 59 70 73 85 89 93 95 99
46 c 10 40 43 31 211 90 30 33 55 64 92
47 c 18 75 43 34 214 90 20 26 51 53 59 64 75 77 78 85 98
48 c 15 75 43 127 307 90 20 21 49 50 52 63 68 69 73 80 82 83 87 99
49 c 15 80 43 222 402 90 10 16 50 55 56 62 71 75 79 80 89 96
50 c 20 85 43 412 592 90 40 40 58 61 66 68 70 77 78 91 93 96 97 98
51 c 30 50 43 10 190 90 10 1 53 57 63 67 68 82 96 97 99 100
52 c 20 55 43 387 567 90 10 3 56 60 62 66 73 74 78 79 88 90
53 c 20 50 43 292 472 90 10 14 55 88 91 92 98
54 c 23 52 43 199 379 90 10 14 59 61 69 79 85 90
55 c 25 52 43 107 287 90 40 41 57 64 73 77 81 84 91 95 100
56 c 25 50 43 15 195 90 10 9 62 66 74 77 78 82 83 87 90 96 97 99
57 c 90 35 43 142 322 90 10 17 61 65 69 70 83 84 91 95
58 c 65 82 43 221 401 90 10 12 60 65 71 77 80 88 89 93
59 c 65 85 43 407 587 90 40 40 61 62 68 70 72 73 74 78 81 82 92 95 99 100
60 c 67 85 43 315 495 90 20 28 63 71 78 85 90
61 c 38 70 43 480 660 90 10 15 63 64 70 86 95
62 c 23 55 43 480 660 90 20 13 72 73 77 81 87 89 90 91 92 93 95 100
63 c 30 30 43 481 661 90 10 20 72 73 77 85 93 99 100
64 c 50 30 43 481 661 90 10 12 65 67 71 74 85 86 92 97
65 c 68 60 267 494 674 90 30 32 75 78 81 87 93 98 99 100
66 c 60 85 267 502 682 90 30 26 72 75 79 81
67 c 22 85 267 504 684 90 10 17 81 93
68 c 35 5 267 506 686 90 20 10 69 74 77 78 87 88 96 97 100
69 c 0 45 267 506 686 90 20 18 74 78 84 89 92 94 98
70 c 88 30 267 519 699 90 10 20 71 72 73 81 82 83 91
71 c 25 55 267 572 752 90 10 19 75 82 85 88 93
72 c 40 69 267 572 752 90 20 26 75 76 83
73 c 48 30 267 573 753 90 10 6 80 99
74 c 28 30 267 573 753 90 10 14 76 81 83
75 c 65 60 267 587 767 90 30 39 81 90 92 100
76 c 55 85 267 597 777 90 20 26 79 97
77 c 25 85 267 597 777 90 20 23 80 84 85 91 100
78 c 5 45 267 601 781 90 10 9 90 93 97 98
79 c 38 15 267 606 786 90 10 5 86 89 95
80 c 87 30 267 610 790 90 10 14 81 90 94
81 c 42 68 267 665 845 90 10 19 82 84 87 95
82 c 28 55 267 665 845 90 10 16 88 89 93 96 100
83 c 45 30 267 666 846 90 10 6 85 89 95 99 100
84 c 25 30 267 666 846 90 10 11 87 92 95
85 c 63 58 267 680 860 90 10 16 88 89 100
86 c 55 80 267 692 872 90 10 1 87 89 90 92 98 100
87 c 8 45 267 694 874 90 20 22 91 92 96 98 99
88 c 85 25 267 705 885 90 10 18 89 97
89 c 45 70 415 758 938 90 30 33 92 93
90 c 28 52 415 758 938 90 20 22 99 100
91 c 26 32 415 758 938 90 10 10 94
92 c 47 35 415 761 941 90 10 19 100
93 c 60 60 415 773 953 90 10 18
94 c 30 52 415 850 1030 90 20 12 100
95 c 45 68 415 850 1030 90 10 15 98 99
96 c 25 35 415 851 1031 90 10 7
97 c 45 35 415 853 1033 90 10 20
98 c 45 65 505 943 1123 90 20 30
99 c 28 35 506 944 1124 90 10 9
100 c 30 35 509 947 1127 90 10 20

