StringID Type x y release ReadyTime DueDate ServiceTime weight volume Item_Conflitante1 Item_Conflitante2 Item_Conflitante3 Item_Conflitante4 Item_Conflitante5 Item_Conflitante6 Item_Conflitante7 Item_Conflitante8 Item_Conflitante9 Item_Conflitante10 Item_Conflitante11 Item_Conflitante12 Item_Conflitante13 Item_Conflitante14 Item_Conflitante15 Item_Conflitante16 Item_Conflitante17 Item_Conflitante18 Item_Conflitante19 Item_Conflitante20 Item_Conflitante21 Item_Conflitante22 Item_Conflitante23 Item_Conflitante24 Item_Conflitante25 Peso_Total Volume_Total
0 d 40 50 0 0 960 0 0 0                          1000 1000
1 c 60 80 16 64 184 10 10 2 2 20 23 27 47 50 66 72 76 81 88 94 96
2 c 62 80 16 278 398 10 30 21 10 12 20 21 31 32 34 38 39 42 49 50 55 57 63 74 75 77 81 82 87 88 95 99 100
3 c 55 80 16 33 153 10 10 4 5 8 23 39 41 45 53 56 63 69 70 73 84 88 97
4 c 65 85 16 43 163 10 40 34 7 8 10 14 15 16 23 24 39 42 43 51 53 60 65 69 79 88 89 100
5 c 55 82 16 217 337 10 10 12 6 24 40 43 48 55 84 85 86 90
6 c 85 25 16 80 200 10 10 10 7 9 12 20 21 24 28 29 34 42 52 66 68 90 93 94 99
7 c 20 82 16 37 157 10 10 10 8 9 15 17 21 27 35 42 47 54 55 63 79 85
8 c 88 30 16 246 366 10 10 15 22 27 33 34 40 41 45 46 48 56 57 65 67 71 79 86 87 97
9 c 26 35 16 308 428 10 15 10 17 22 32 35 38 40 42 46 55 56 61 70 73 81 82 83 99
10 c 95 35 16 146 266 10 20 19 13 21 26 29 40 43 47 50 56 65 68 69 74 83 87 95
11 c 6 68 16 352 472 10 30 20 12 15 17 19 20 29 35 40 41 48 55 58 69 76 83 86 87
12 c 38 5 16 201 321 10 30 28 16 20 27 33 38 44 46 50 67 74 75 76 82 86 97 98 100
13 c 60 85 16 329 449 10 30 20 24 25 29 32 36 43 47 51 55 56 67 75 80 87 92 97 98
14 c 60 12 16 268 388 10 31 38 22 28 29 34 35 37 40 46 51 60 69 76 79 89 91 92 95 97 99
15 c 65 35 16 167 287 10 3 13 20 24 36 52 56 77 83 85 94 97 98
16 c 12 24 16 359 479 10 13 22 35 43 46 52 54 64 69 73 80 83 84 89 92 95
17 c 2 40 16 174 294 10 20 28 21 30 32 34 40 50 54 55 61 64 84 85 89 92 96 98
18 c 24 58 16 260 380 10 19 9 24 25 31 38 47 50 51 68 71 74 91 92 98
19 c 31 52 16 157 277 10 27 30 21 29 33 40 42 53 57 72 75 77 80 84 87 91 92 95 97
20 c 64 42 16 268 388 10 9 16 44 45 46 51 60 74 76 78 82 84 87 96
21 c 53 43 16 14 134 10 14 18 29 42 44 60 78 80 81 87 100
22 c 35 40 16 11 131 10 16 6 23 45 47 49 57 58 64 65 69 73 76 77 78 81 90 92
23 c 45 30 16 191 311 10 17 26 41 46 49 50 57 58 73 76 83 85 87 95 96
24 c 8 40 16 195 315 10 40 46 25 30 33 36 37 40 46 48 49 51 55 68 89 92 100
25 c 8 56 16 365 485 10 27 29 37 38 44 63 70 78 80 88 89 91 100
26 c 15 80 16 367 487 10 10 3 34 35 38 39 44 50 53 59 64 66 68 78 86 87 90 91 94 97
27 c 10 35 16 371 491 10 20 13 31 38 56 57 58 59 69 84 85 88 93 98
28 c 20 50 16 375 495 10 5 13 29 32 43 48 58 64 70 71 80 83 87
29 c 40 15 16 375 495 10 40 48 33 37 39 43 48 50 56 57 61 63 65 72 74 75 79 87
30 c 58 75 16 376 496 10 20 10 31 46 49 62 67 87 90 91 100
31 c 18 75 197 388 508 10 20 22 33 35 39 41 44 52 56 61 63 65 67 68 77 94 98
32 c 57 29 197 395 515 10 18 10 33 37 44 47 56 64 78 81 86 98 99
33 c 42 12 197 440 560 10 10 15 41 48 56 57 58 65 66 70 73 79 82 83 84 86 90
34 c 10 40 197 519 639 10 30 26 36 38 40 44 45 58 68 77 85 87 91 94 95
35 c 50 35 197 557 677 10 19 20 37 38 47 48 54 57 66 73 83 85 88 93 100
36 c 41 37 297 566 686 10 16 24 48 49 50 53 56 57 61 62 64 75 76 78 81 84 89 90 94 95
37 c 30 60 297 599 719 10 16 7 39 56 57 75 82 84 85 89
38 c 40 60 297 612 732 10 21 24 45 52 54 60 63 69 71 73 75 77 80 81 82 84 93 97 99
39 c 20 80 297 644 764 10 40 45 43 50 54 72 78 79 86 95 97
40 c 20 20 297 645 765 10 8 15 41 45 50 54 55 58 59 60 66 67 78 84 86 92 93 94 97
41 c 5 35 297 653 773 10 10 10 49 50 70 73 79 83 93
42 c 67 85 297 657 777 10 20 16 50 55 59 62 64 73 75 89 95
43 c 0 45 343 703 823 10 20 10 49 57 58 65 75 76 81 82 84 85 87 88
44 c 23 3 404 764 884 10 7 1 47 50 55 62 67 73 74 75 77 78 85 86 89
45 c 95 30 411 0 891 10 30 35 51 55 57 61 62 68 71 75 77 79 80
46 c 5 5 412 0 892 10 16 21 61 67 93
47 c 92 30 414 0 894 10 10 8 55 61 69 77 79 89
48 c 90 35 417 0 897 10 10 13 49 50 51 59 60 62 65 66 75 77 82 83 84 87
49 c 67 5 417 0 897 10 25 35 55 69 73 74 76 79 85 87 88 100
50 c 87 30 418 0 898 10 10 16 58 80 87 95 96 98
51 c 88 35 419 0 899 10 20 13 55 57 59 72 74 81 86 92 95
52 c 4 18 424 0 901 10 35 38 60 69 73 78 89 90 92 96 98
53 c 85 35 424 0 902 10 30 34 54 58 60 61 63 76 80 93 94 99
54 c 15 10 424 782 902 10 20 27 56 64 66 71 72 81 82 84 91 92
55 c 44 5 424 0 904 10 20 26 59 87 88 89 96
56 c 35 5 424 784 904 10 20 19 75 76 78 83
57 c 42 5 424 0 904 10 10 2 61 70 77
58 c 40 5 425 0 905 10 10 1 62 63 71 77 78 85 95
59 c 10 20 427 0 907 10 19 22 60 71 75 76 80 84 94 96 100
60 c 0 40 428 0 908 10 20 14 61 67 69 73 79 81 89 99
61 c 65 82 429 0 909 10 10 11 82 91 92 97 100
62 c 20 85 429 0 909 10 20 16 63 67 72 73 84 85 87 94
63 c 42 10 429 0 909 10 40 32 67 71 79 83 85 86 91 93
64 c 22 85 430 0 910 10 10 14 65 94 96
65 c 2 60 430 0 910 10 5 6 67 70 78 82 92 97
66 c 65 20 430 0 910 10 6 1 78 81 94
67 c 2 45 431 0 911 10 10 18 68 74 91 95 99
68 c 25 85 432 0 911 10 20 29 69 74 78 80 81 86 91 99
69 c 55 85 432 0 911 10 20 20 73 88 96
70 c 18 80 432 0 912 10 10 3 72 82 83 90 94 95 97
71 c 63 23 434 0 914 10 2 1 91 96 98
72 c 72 35 434 0 914 10 30 39 82 86 87 88 93 94 96 100
73 c 15 75 434 0 914 10 20 20 77 80 85 89 98
74 c 5 45 434 0 914 10 10 5 76 80 81 85 86 88 100
75 c 42 15 434 0 914 10 10 5 79 81 84 85 93 97 98
76 c 38 15 434 0 914 10 10 10 78 89 92 96
77 c 55 20 436 0 916 10 19 11 80 90
78 c 21 24 437 0 917 10 28 24 81 85 93 100
79 c 8 45 437 0 917 10 20 19 85 86 92 93 94 97
80 c 22 75 443 0 919 10 30 37 89 96 99
81 c 63 65 443 0 922 10 8 16 85 97
82 c 15 60 443 0 923 10 17 9 84 85 88 91 97
83 c 30 25 443 0 923 10 23 28 84 90
84 c 65 55 444 0 924 10 14 22 95 99
85 c 25 30 445 0 925 10 3 7 100
86 c 61 52 448 808 928 10 3 9 89 90 94
87 c 56 37 449 0 929 10 6 10 92
88 c 35 69 450 810 930 10 23 25 91 92 97
89 c 37 31 450 0 930 10 14 15 92 94 95 97
90 c 31 67 451 810 930 10 3 9 91 92
91 c 55 60 451 0 931 10 16 26
92 c 57 48 452 0 932 10 23 29 93 95
93 c 45 65 454 0 934 10 9 14 94 98
94 c 55 54 454 0 934 10 26 21 97 100
95 c 27 43 455 0 935 10 9 3 97 99
96 c 26 52 455 0 935 10 9 1 98
97 c 49 58 457 0 937 10 10 5 99
98 c 49 42 457 0 937 10 13 12
99 c 47 47 462 822 942 10 13 8 100
100 c 37 47 465 0 945 10 6 16

