StringID Type x y release ReadyTime DueDate ServiceTime weight volume Item_Conflitante1 Item_Conflitante2 Item_Conflitante3 Item_Conflitante4 Item_Conflitante5 Item_Conflitante6 Item_Conflitante7 Item_Conflitante8 Item_Conflitante9 Item_Conflitante10 Item_Conflitante11 Item_Conflitante12 Item_Conflitante13 Item_Conflitante14 Item_Conflitante15 Item_Conflitante16 Item_Conflitante17 Item_Conflitante18 Item_Conflitante19 Item_Conflitante20 Item_Conflitante21 Item_Conflitante22 Peso_Total Volume_Total
0 d 35 35 0 0 1000 0 0 0                       1000 1000
1 c 35 40 54 44 315 10 16 24 2 3 9 13 42 48 55 69 73 74 76 82 89
2 c 40 60 54 199 414 10 21 26 5 8 11 12 13 14 18 40 47 50 54 55 56 59 65 76 77 81 87 96 99
3 c 53 52 54 24 299 10 11 10 6 8 11 16 21 23 32 35 41 43 45 49 53 56 58 79 84 85 91
4 c 2 60 54 41 328 10 5 13 7 10 16 26 29 51 65 73 76 87 88 91 93 96
5 c 26 52 54 219 448 10 9 18 8 9 12 14 24 27 35 38 41 42 44 51 74 76 79 88 98
6 c 5 5 54 298 409 10 16 14 11 12 15 26 27 28 29 34 43 50 53 66 84 93 94
7 c 60 12 54 33 344 10 31 22 17 18 22 26 29 36 47 52 53 56 61 65 70 72 73 79 82 83 84 88 94
8 c 57 48 54 377 476 10 23 25 14 15 44 49 50 54 73 79 82 85 86 92
9 c 24 12 54 25 292 10 5 12 10 22 29 38 40 41 46 48 50 52 57 60 62 66 69 73 86 92 96
10 c 22 22 54 18 159 10 2 10 14 20 24 31 36 47 55 59 63 74 83 85 90 93 95 98
11 c 11 14 54 230 343 10 18 21 12 13 23 26 31 36 38 40 46 47 55 59 68 75 87 99
12 c 28 18 54 397 470 10 26 20 13 20 27 28 32 36 37 39 41 42 43 46 51 54 59 63 72 75 80 88 94
13 c 20 26 54 328 437 10 9 9 14 24 25 26 35 37 38 44 52 53 60 63 67 71 76 83 89 91 94 98
14 c 37 31 54 403 500 10 14 9 18 46 52 57 71 72 88 89 93 94 97 98
15 c 24 58 54 168 297 10 19 23 17 22 26 36 44 50 57 68 69 70 78 87 90 95 97
16 c 15 77 54 154 393 10 9 11 17 18 31 35 36 38 40 44 45 48 49 51 54 56 59 75 76 81 82 90
17 c 62 77 54 49 308 10 20 28 21 24 51 55 60 61 68 71 72 80 82 83 84 85 91 93 94 95
18 c 67 5 54 291 404 10 25 32 23 32 36 48 51 56 60 63 70 74 75 80 84 87 99
19 c 37 47 54 165 290 10 6 1 21 22 26 27 36 39 40 54 60 78 79 98
20 c 49 42 54 281 382 10 13 19 22 40 45 46 52 58 61 66 67 75 76 84 88 90 95 100
21 c 6 38 54 29 309 10 16 26 24 27 29 33 66 68 73 78 79 82 96
22 c 55 5 54 206 325 10 29 21 30 33 34 35 42 43 49 51 52 57 58 63 65 69 73 79 82 84 88 95 96 97
23 c 40 25 54 300 497 10 9 18 24 31 34 43 48 51 66 86 92 94 95 97 100
24 c 10 43 54 393 492 10 9 17 25 26 27 34 36 40 47 48 51 56 64 66 72 77 78 83 89 95
25 c 20 65 54 206 325 10 12 21 29 34 47 59 60 72 77 94 96
26 c 30 5 54 176 299 10 8 10 33 36 37 45 48 49 53 54 66 73 74 77 89 96 97
27 c 55 60 54 394 503 10 16 14 28 31 34 40 45 51 58 62 68 75 76 77 82 84
28 c 64 42 54 29 513 10 9 11 34 36 37 39 40 41 52 56 62 63 76 96
29 c 11 31 54 425 522 10 7 12 32 34 35 39 48 51 52 59 75 81 89 91 96 98
30 c 41 37 54 6 526 10 16 7 38 42 47 49 50 51 57 71 72 85 91 93 100
31 c 57 68 54 98 537 10 15 25 32 38 39 41 43 60 61 67 70 72 73 74 82 91 93
32 c 12 24 54 126 541 10 13 12 35 41 44 48 54 68 70 73 83 85 86
33 c 10 20 54 102 543 10 19 14 39 47 48 57 64 76 79 81 83 84 85 86 87 92 100
34 c 15 60 54 95 552 10 17 27 38 42 45 51 53 62 65 71 75 76 77 80 81 83 86 91 99
35 c 45 10 54 349 554 10 18 16 39 44 46 51 54 62 67 83 100
36 c 61 52 227 324 559 10 3 5 41 44 45 47 48 59 60 67 71 74 75 77 78 88
37 c 44 17 227 143 564 10 9 7 39 41 42 44 45 47 62 65 71 72 77 80 81
38 c 42 7 227 336 571 10 5 1 45 48 51 55 64 67 68 71 72 73 75 80 84 93 94 95 99
39 c 25 30 227 355 574 10 3 1 42 61 63 66 69 71 72 88 94
40 c 20 40 227 229 582 10 12 2 42 47 49 50 59 62 65 86 90
41 c 27 69 227 34 588 10 10 3 48 56 57 65 69 72 81 97
42 c 55 54 227 268 599 10 26 19 45 54 59 61 66 81 87 88
43 c 6 68 227 441 600 10 30 34 47 51 54 59 62 65 66 68 69 70 71 75 82 84 97
44 c 8 56 227 34 602 10 27 21 45 52 60 66 69 84 88 92 95
45 c 4 18 227 230 623 10 35 39 50 51 52 62 69 80 82 91 95
46 c 49 58 227 176 625 10 10 7 58 62 67 72 73 76 84 85 88 89 91
47 c 31 67 227 225 654 10 3 1 53 62 67 73 78
48 c 20 50 227 72 669 10 5 1 50 54 58 62 65 75 80 93 94
49 c 30 60 227 517 692 10 16 13 55 60 68 69 75 77 78 80 91
50 c 15 10 227 32 694 10 20 12 52 55 60 61 72 73 83 85 86 91 93
51 c 32 12 227 246 705 10 7 1 55 60 62 68 70 73 85 96 97 98
52 c 49 11 227 27 711 10 18 11 61 69 71 77 98
53 c 50 35 227 15 725 10 19 10 55 61 63 66 73 74 76 79 84 89
54 c 45 20 227 18 727 10 11 19 59 70 72 73 75 78 84 86 90 93 94 96 97
55 c 16 22 227 110 727 10 41 34 56 58 59 63 79 80 86 87 91 99
56 c 63 23 329 620 739 10 2 1 57 62 64 80 83 90
57 c 31 52 329 17 744 10 27 25 58 71 91 94
58 c 19 21 329 21 748 10 10 13 59 62 68 69 71 79 89 91 92 98
59 c 27 43 329 11 748 10 9 3 64 67 70 72 74 80 82 89 90
60 c 26 27 329 190 749 10 27 28 64 65 77 82 89 100
61 c 53 12 329 525 752 10 6 1 64 65 71 73 82 91 97
62 c 49 73 329 532 753 10 25 16 67 68 71 74 78 86 91 92
63 c 15 47 329 23 761 10 16 18 64 72 79 82 88 96
64 c 35 17 329 18 792 10 7 16 69 71 72 73 89 96 98
65 c 25 24 329 14 793 10 20 29 82 91 92 98
66 c 55 20 329 679 800 10 19 16 73 75 92 99
67 c 46 13 329 681 802 10 8 3 92 97 100
68 c 2 48 329 338 805 10 1 8 77 78 80 87 90 92 95
69 c 56 39 329 577 812 10 36 44 82 95 97
70 c 55 45 329 289 822 10 13 18 79
71 c 30 25 329 694 823 10 23 18 75 86 88 91 92 99
72 c 25 21 329 462 823 10 12 13 81 82 85 90 91 92 94 100
73 c 45 65 329 418 829 10 9 18 83 85 95
74 c 14 37 378 21 842 10 11 13 84 96
75 c 23 3 378 458 867 10 7 13 77 81 82 86 94 97
76 c 63 65 378 626 873 10 8 16 77 78 90
77 c 65 55 378 265 878 10 14 9 86 99
78 c 57 29 417 475 900 10 18 18 81 82 85 95
79 c 15 30 417 20 906 10 26 32 87 92 94 96 99 100
80 c 47 16 417 22 915 10 25 17 91 100
81 c 47 47 417 272 917 10 13 23 93 98
82 c 45 30 430 328 927 10 17 8 83 87 91 92 100
83 c 5 30 430 673 930 10 2 1 87 95 97 100
84 c 53 43 448 821 948 10 14 22 92 99
85 c 22 27 453 344 953 10 11 10 86 87 95 99
86 c 35 69 455 482 955 10 23 16 96
87 c 65 20 456 826 956 10 6 10
88 c 65 35 460 435 960 10 3 1 96 98
89 c 20 20 460 339 960 10 8 1 91 96
90 c 13 52 462 200 962 10 36 27 91 94 100
91 c 15 19 464 222 964 10 1 1 92
92 c 18 18 465 821 965 10 17 24 93 98
93 c 37 56 468 668 968 10 5 4
94 c 56 37 469 719 968 10 6 14 97 99
95 c 18 24 469 691 969 10 22 31 98
96 c 17 34 471 449 971 10 3 1 98
97 c 21 24 472 17 972 10 28 32 99
98 c 41 49 474 190 974 10 10 12
99 c 36 26 480 854 980 10 18 11
100 c 26 35 481 409 981 10 15 25

