StringID Type x y release ReadyTime DueDate ServiceTime weight volume Item_Conflitante1 Item_Conflitante2 Item_Conflitante3 Item_Conflitante4 Item_Conflitante5 Item_Conflitante6 Item_Conflitante7 Item_Conflitante8 Item_Conflitante9 Item_Conflitante10 Item_Conflitante11 Item_Conflitante12 Item_Conflitante13 Item_Conflitante14 Item_Conflitante15 Item_Conflitante16 Item_Conflitante17 Item_Conflitante18 Item_Conflitante19 Item_Conflitante20 Item_Conflitante21 Item_Conflitante22 Peso_Total Volume_Total
0 d 40 50 0 0 3390 0 0 0                       700 700
1 c 5 45 91 1173 1493 90 10 19 11 19 22 27 28 51 63 69 72 73 74 76 84 91 92 93 95 97
2 c 2 40 91 891 1211 90 20 26 10 13 17 22 25 28 33 34 44 52 55 59 65 73 76 77 79 80 88 92 94 95
3 c 0 40 91 983 1303 90 30 24 9 10 12 16 28 32 35 44 49 58 60 77 80 83 91
4 c 0 45 91 1078 1398 90 20 23 8 19 24 28 33 35 47 49 57 68 69 70 79 83 84 90 93 95 99
5 c 48 20 91 887 1207 90 10 8 9 16 20 25 30 34 43 45 49 55 59 78 98
6 c 55 80 91 327 647 90 10 8 9 17 28 31 46 51 58 59 69 79 82 99
7 c 44 5 91 1176 1496 90 20 25 19 24 25 26 39 50 55 57 59 65 71 74 84
8 c 42 10 91 1080 1400 90 40 39 11 15 20 24 31 34 39 57 58 72 77 80 85 88 90 92 93 94 96 100
9 c 42 15 91 985 1305 90 10 8 10 17 18 31 35 37 45 49 66 71 78 83 89 90 94 100
10 c 40 5 91 1270 1590 90 30 35 14 18 20 24 25 31 35 47 62 64 69 77 86 87 90
11 c 38 5 91 1362 1682 90 30 26 12 22 45 53 64 65 67 68 70 79 81 82 88 89 94
12 c 50 30 91 321 641 90 10 15 13 16 18 22 32 37 40 42 49 52 57 61 62 82 90 97 98
13 c 50 35 91 40 360 90 20 21 16 20 27 30 34 35 43 45 61 64 66 68 72 78 83 84 85 93 94
14 c 50 40 91 14 334 90 50 59 15 16 22 23 27 33 38 42 45 48 51 64 67 69 82 83 87
15 c 48 30 91 413 733 90 10 15 17 20 31 34 42 44 45 50 51 52 53 70 74 75 77 79 96
16 c 44 25 91 791 1111 90 10 7 36 44 47 53 57 60 63 67 83 85 88 98
17 c 47 35 91 508 828 90 10 10 22 31 34 37 38 48 51 70 71 72 89 93 94
18 c 58 75 91 898 1218 90 20 15 19 22 51 54 59 61 63 65 78 85 86
19 c 60 85 91 517 837 90 30 39 25 26 27 30 34 40 41 46 53 54 58 61 68 71 75 81 82 85 90 94
20 c 62 80 91 801 1121 90 30 25 22 25 27 52 54 82 85 91 98
21 c 65 82 91 708 1028 90 10 18 25 28 32 33 34 39 51 56 62 64 70 78 87
22 c 42 58 91 8 328 90 40 44 23 25 26 31 37 41 53 63 70 74 80 90 91
23 c 67 85 91 614 934 90 20 27 24 27 34 51 60 70 73 79 83 95
24 c 5 35 91 796 1116 90 10 4 35 37 44 47 54 74 75 77 78 86 92 94 100
25 c 60 60 91 1371 1691 90 10 1 26 29 30 38 50 51 52 57 66 69 71 82 91 94 97
26 c 45 65 91 38 358 90 20 26 30 33 36 44 45 47 49 53 58 65 67 68 73 77 83 86 87 100
27 c 53 35 91 133 453 90 50 50 37 39 42 48 63 64 79 80 83 87 92 97
28 c 53 30 91 228 548 90 10 16 33 38 42 46 55 57 62 63 64 69 71 72 74 76 81 82 85 89 93 99
29 c 45 35 91 600 920 90 10 4 68 69 72 73 74 75 77 82 83 87 94
30 c 42 30 91 696 1016 90 10 20 31 35 39 44 55 65 66 70 71 73 76 90 95 96 98 99
31 c 47 40 91 12 332 90 10 6 33 47 49 58 60 70 72 75 79 84 92 98
32 c 56 64 91 1275 1595 90 10 10 49 65 68 69 82 85 91 94 96 97
33 c 8 45 91 1266 1586 90 20 29 38 39 49 58 59 60 61 66 69 70 73 79 80 82 88 91 92 95 98
34 c 55 85 91 422 742 90 20 25 35 39 40 51 54 63 76 77 94 100
35 c 10 40 91 513 833 90 30 35 45 50 67 73 74 82 83 88 91
36 c 30 50 91 10 330 90 10 10 44 45 46 48 49 56 62 63 69 76 78 90 91 95 100
37 c 28 52 91 12 332 90 20 13 41 42 46 54 64 82 88 90 93
38 c 25 50 91 36 356 90 10 4 44 47 53 55 61 72 73 82 84 86 92 96 99
39 c 23 52 91 129 449 90 10 4 68 69 72 75 82 83 90 94 95
40 c 16 42 91 417 737 90 20 18 49 59 62 66 75 76 83 88 95
41 c 42 65 91 15 335 90 10 7 53 64 83 84 91 98
42 c 60 66 91 1181 1501 90 10 2 62 65 66 69 71 73 88 90 100
43 c 58 70 91 993 1313 90 20 30 48 50 62 63 67 71 72 81 89 94 96
44 c 8 40 91 605 925 90 40 47 46 48 61 67 71 72 79 81 85 87 91 96
45 c 45 70 91 133 453 90 30 21 56 65 66 71 79 80 81 82 88 98
46 c 10 35 91 701 1021 90 20 28 67 68 75 77 78 79 88 96 98 100
47 c 52 75 91 231 551 90 10 5 48 52 58 60 63 65 73 86 90 95 100
48 c 4 55 91 1367 1687 90 20 13 50 56 60 63 70 77 79 88 90 97
49 c 20 50 91 318 638 90 10 7 54 56 57 62 69 70 76 82 86 89 97
50 c 62 69 91 1087 1407 90 10 18 61 70 73 79 84 86 92 95
51 c 20 55 91 223 543 90 10 6 62 72 79 85 88 90
52 c 35 5 91 1455 1775 90 20 26 54 56 75 77 91 94 98
53 c 8 62 91 1465 1785 90 10 18 55 67 73 79 88 89
54 c 65 60 91 1466 1786 90 30 29 83 91 93
55 c 38 10 866 1550 1870 90 10 13 66 69 77 82 91 96
56 c 70 58 866 1561 1881 90 20 20 66 67 80 82 84 98
57 c 14 66 866 1563 1883 90 10 1 66 79 84 85 91 92 97
58 c 38 15 866 1645 1965 90 40 30 80 90 94 95 97 98
59 c 66 55 866 1656 1976 90 10 9 64 68 72 73 74 80 85 86 93 98 100
60 c 15 75 866 1662 1982 90 20 29 66 77 85 86 96 97
61 c 36 18 866 1739 2059 90 10 7 64 65 79 100
62 c 72 55 866 1752 2072 90 10 2 65 69 73 74 75 97
63 c 15 80 866 1757 2077 90 10 7 66 68 71 73 74 75 82 84 93 97
64 c 32 20 866 1833 2153 90 10 8 71 72 80 83 97 99
65 c 75 55 866 1845 2165 90 20 30 72 75 77 78 81 82 89 92 93 94
66 c 20 85 866 1854 2174 90 40 40 67 68 71 74 77 85 90 95
67 c 34 25 866 1929 2249 90 30 28 68 71 78 80 88 90
68 c 22 85 866 1946 2266 90 10 19 69 72 74 80 83 86 97 100
69 c 86 46 866 1949 2269 90 30 36 71 73 81 94 97
70 c 30 30 866 2025 2345 90 10 12 87 93 96 98
71 c 25 85 866 2039 2359 90 20 10 78 84 85 88 90 91
72 c 90 35 866 2051 2371 90 10 3 76 83 85 88 92 98
73 c 25 30 866 2120 2440 90 10 10 76 81 86 94
74 c 20 80 866 2136 2456 90 40 41 81 82 86 92 93 97 98
75 c 95 35 866 2146 2466 90 20 14 77 78 84 87
76 c 26 32 866 2212 2532 90 10 3 84 92 100
77 c 18 75 866 2231 2551 90 20 18 85 93
78 c 95 30 866 2241 2561 90 30 24 83 85 89
79 c 25 35 1248 2305 2625 90 10 18 84 89 91 95 99
80 c 22 75 1248 2325 2645 90 30 21 82 84 86 93 95 99
81 c 92 30 1248 2334 2654 90 10 11 83 94 95 99
82 c 30 35 1248 2400 2720 90 10 2 84 91
83 c 22 66 1248 2424 2744 90 40 32 85 87 88 89 90 91 97 100
84 c 85 25 1248 2433 2753 90 10 3 90 94 97
85 c 33 35 1248 2493 2813 90 10 9 88 97 98 99
86 c 28 70 1248 2521 2841 90 10 10 90 94
87 c 87 30 1248 2528 2848 90 10 7 95
88 c 33 32 1248 2586 2906 90 20 18
89 c 35 69 1248 2618 2938 90 10 16 93 98
90 c 85 35 1248 2623 2943 90 30 21 91 97 98 99
91 c 35 32 1445 2678 2998 90 10 11
92 c 35 66 1445 2711 3031 90 10 1 100
93 c 78 40 1445 2722 3042 90 20 12 94
94 c 36 40 1445 2776 3096 90 10 4 95
95 c 34 60 1445 2807 3127 90 20 22 99
96 c 72 45 1445 2820 3140 90 10 11 99
97 c 30 56 1546 2903 3223 90 20 30
98 c 62 40 1546 2921 3241 90 10 7 100
99 c 64 46 1580 2955 3275 90 20 13 100
100 c 60 55 1584 2959 3279 90 10 10

