StringID Type x y release ReadyTime DueDate ServiceTime weight volume Item_Conflitante1 Item_Conflitante2 Item_Conflitante3 Item_Conflitante4 Item_Conflitante5 Item_Conflitante6 Item_Conflitante7 Item_Conflitante8 Item_Conflitante9 Item_Conflitante10 Item_Conflitante11 Item_Conflitante12 Item_Conflitante13 Item_Conflitante14 Item_Conflitante15 Item_Conflitante16 Item_Conflitante17 Item_Conflitante18 Item_Conflitante19 Item_Conflitante20 Item_Conflitante21 Item_Conflitante22 Peso_Total Volume_Total
0 d 40 50 0 0 3390 0 0 0                       700 700
1 c 5 35 90 666 1245 90 10 8 11 32 33 39 46 49 54 69 75 84 86 91 100
2 c 5 45 90 1076 1589 90 10 1 10 22 37 39 45 47 53 55 58 59 60 61 65 79 80 81 90 92 94
3 c 2 40 90 772 1329 90 20 26 6 16 17 18 23 31 32 39 43 46 51 55 56 63 65 68 75 83 88 91 97
4 c 0 40 90 890 1395 90 30 30 7 17 22 26 29 54 55 57 59 60 63 83 88 89 98
5 c 0 45 90 1036 1439 90 20 13 10 22 29 31 32 40 43 45 52 58 60 80 82 86 95 100
6 c 48 20 90 812 1281 90 10 11 8 10 16 27 31 36 38 47 57 65 75 82 83 93 95 97
7 c 55 80 90 272 701 90 10 20 16 27 29 35 39 44 47 66 76 98 100
8 c 44 5 90 1078 1593 90 20 14 13 27 29 30 36 39 45 53 54 56 61 65 81 86 88 89 94
9 c 42 10 90 998 1481 90 40 49 14 17 27 28 29 30 35 37 42 51 55 61 62 71 73 78 82 87 93 96 97 99
10 c 42 15 90 897 1392 90 10 8 13 14 16 26 32 33 34 38 39 50 56 66 72 76 86 94 95
11 c 40 5 90 1199 1660 90 30 32 13 20 21 22 23 24 34 35 37 41 42 45 51 55 59 64 75 78 84 89 92 94
12 c 50 30 90 223 738 90 10 2 26 27 29 40 42 67 68 71 78 91 97 99
13 c 50 35 90 18 474 90 20 28 14 28 37 41 45 47 52 53 58 66 68 70 93 94
14 c 50 40 90 14 360 90 50 59 19 22 46 51 57 69 72 79 81 84 85 89 91 92 95 99
15 c 48 30 90 246 899 90 10 16 18 19 21 36 46 54 62 67 80 92 94 98 99
16 c 44 25 90 704 1197 90 10 15 24 25 30 33 38 55 56 62 64 82 86 87 89
17 c 47 35 90 393 942 90 10 18 21 23 35 37 38 39 42 50 64 67 71 72 77 79 83 88 89 99
18 c 47 40 90 12 424 90 10 13 23 27 32 34 36 40 42 47 51 55 66 80 85 89 92 95 96 98
19 c 42 30 90 641 1070 90 10 17 22 23 28 32 33 40 43 45 73 78 81 91 92 94 100
20 c 45 35 90 534 985 90 10 12 21 27 35 38 40 48 61 62 69 75 85 99
21 c 53 30 90 131 644 90 10 9 22 24 30 35 41 46 49 67 68 70 75 80 81 86 88 93 99
22 c 53 35 90 87 498 90 50 47 24 30 31 33 40 42 43 47 53 55 64 83 89 95 99
23 c 45 65 90 15 607 90 20 30 29 35 38 41 44 51 52 56 58 68 70 80 82 83 86 87 94 97 98
24 c 67 85 90 518 1029 90 20 19 26 30 33 35 39 44 47 54 57 61 66 76 80 81 84 86 88 93 97 100
25 c 42 58 90 8 509 90 40 47 26 29 40 45 58 60 65 66 68 69 70 71 72 73 75 79 83 84 93 99
26 c 65 82 90 549 1186 90 10 4 31 32 35 38 43 45 51 55 64 65 75 78 85 87 90 99
27 c 62 80 90 744 1177 90 30 21 35 39 40 41 45 61 68 78 86 93 97 100
28 c 60 85 90 397 956 90 30 39 31 34 38 47 53 57 67 68 69 71 76 80 84 88 89 92 95
29 c 58 75 90 839 1276 90 20 26 41 53 54 59 68 77 81 88 89 91 97 100
30 c 8 45 90 1190 1661 90 20 13 35 45 46 48 63 65 86
31 c 8 40 90 499 1030 90 40 35 33 39 43 51 52 58 59 79 86 99
32 c 55 85 90 373 790 90 20 17 50 52 53 56 86 88 90 96 99
33 c 10 35 90 585 1136 90 20 16 35 56 64 68 70 71 72 76 77 79 82 85 92 94 97
34 c 20 55 90 170 595 90 10 13 37 38 39 43 44 47 51 54 56 67 73 74 76 81 82 86 88 99
35 c 20 50 90 168 787 90 10 8 37 60 88 94 95 96 99
36 c 10 40 90 448 897 90 30 37 39 46 47 71 86 90 91 95 99
37 c 23 52 90 93 484 90 10 1 43 45 47 49 51 68 70 71 83 85 88 95 96
38 c 30 50 90 10 645 90 10 8 39 52 58 62 72 87 89 92 97 100
39 c 52 75 90 213 568 90 10 17 42 48 57 59 66 73 75 76 83 84 88 95
40 c 58 70 90 965 1340 90 20 18 43 48 55 57 60 67 73 86 88 93 98
41 c 45 70 90 22 563 90 30 36 51 55 61 67 69 71 76 84 90 96 97 100
42 c 62 69 90 1030 1463 90 10 8 49 50 53 55 58 65 71 75 82
43 c 60 66 90 1154 1527 90 10 15 54 60 67 75 80 84 88 90 92 98
44 c 28 52 90 12 505 90 20 14 46 71 76 88 91 92
45 c 25 50 90 23 368 90 10 12 72 73 75 80 81 85 86 100
46 c 42 65 90 15 402 90 10 3 51 56 61 64 81 84 85 93 95 99
47 c 16 42 90 331 822 90 20 21 52 56 59 61 62 71 77 80 87 88 90 97 100
48 c 60 60 90 1349 1712 90 10 2 49 57 58 69 75 82 83 89 91 92
49 c 56 64 90 1116 1753 90 10 20 52 54 68 70 79 87 88 93 97
50 c 38 5 90 1263 1780 90 30 37 57 72 73 91 92
51 c 4 55 90 1268 1785 90 20 21 71 79 80 89 90 92 98 100
52 c 35 5 849 1325 1904 90 20 27 54 56 63 65 67 72 75 77 86 88 98
53 c 65 60 849 1338 1913 90 30 37 54 60 62 64 77 80 81 89 97
54 c 8 62 849 1330 1919 90 10 16 55 57 65 66 67 73 88 93 95 96
55 c 38 10 849 1498 1921 90 10 18 64 70 71 78 91 93
56 c 14 66 849 1519 1926 90 10 1 61 63 66 68 80 84 87 92 98
57 c 70 58 849 1513 1928 90 20 29 71 82 89 91 93
58 c 66 55 849 1604 2027 90 10 9 64 65 71 76 89 94 95
59 c 38 15 849 1552 2057 90 40 44 62 66 68 87 91 95
60 c 15 75 849 1560 2083 90 20 14 62 79 88 99
61 c 15 80 849 1689 2144 90 10 4 71 75 80 83 86 87 96 98
62 c 36 18 849 1612 2185 90 10 2 71 72 74 80 84 86 89 90 95
63 c 75 55 849 1783 2226 90 20 28 64 65 72 88 89 94 95
64 c 72 55 849 1591 2232 90 10 4 78 84 85 96 98
65 c 32 20 849 1745 2240 90 10 6 76 79 83 86 89 90
66 c 20 85 849 1763 2264 90 40 45 72 73 74 75 87 90 98 99
67 c 34 25 849 1884 2293 90 30 30 72 76 83 87 88 96
68 c 22 85 849 1846 2365 90 10 11 72 90 91 97
69 c 86 46 849 1829 2388 90 30 29 71 76 86 94 98
70 c 25 85 849 1985 2412 90 20 15 75 78 79 82 92 97
71 c 90 35 849 2002 2419 90 10 4 72 73 75 77 88 93 94 99
72 c 30 30 849 1932 2437 90 10 12 76 87 88 90 99
73 c 20 80 849 2077 2514 90 40 44 80 82 83 89 91 98
74 c 95 35 849 2079 2532 90 20 22 88
75 c 25 30 849 2015 2544 90 10 3 79 82 93
76 c 18 75 1257 2143 2638 90 20 29 77 89 93
77 c 22 75 1257 2310 2659 90 30 24 80 86 100
78 c 95 30 1257 2119 2682 90 30 28 80 86 87 95
79 c 26 32 1257 2018 2725 90 10 9 81 91 92 98 100
80 c 25 35 1257 2201 2728 90 10 20 96 99
81 c 30 35 1257 2348 2771 90 10 19 83 88 92 97 99
82 c 22 66 1257 2380 2787 90 40 30 83 85 88
83 c 85 25 1257 2369 2816 90 10 17 86 89 93 94 100
84 c 92 30 1257 2169 2818 90 10 1 87 89 99 100
85 c 33 35 1257 2463 2842 90 10 20 88 93 96 100
86 c 87 30 1257 2505 2870 90 10 4 88 90 92
87 c 35 69 1257 2603 2952 90 10 12 99
88 c 33 32 1418 2529 2962 90 20 27 96 100
89 c 28 70 1418 2385 2976 90 10 3 93 99
90 c 85 35 1418 2563 3002 90 30 34 96 97
91 c 35 32 1418 2599 3076 90 10 1 92 99
92 c 35 66 1418 2628 3113 90 10 13 97 99
93 c 36 40 1469 2715 3156 90 10 19
94 c 78 40 1469 2599 3164 90 20 23 97 99
95 c 72 45 1585 2701 3258 90 10 8 100
96 c 62 40 1585 2713 3275 90 10 11
97 c 64 46 1585 2976 3275 90 20 23
98 c 60 55 1585 2789 3279 90 10 12
99 c 34 60 1585 2653 3280 90 20 29
100 c 30 56 1593 2675 3288 90 20 24

