StringID Type x y release ReadyTime DueDate ServiceTime weight volume Item_Conflitante1 Item_Conflitante2 Item_Conflitante3 Item_Conflitante4 Item_Conflitante5 Item_Conflitante6 Item_Conflitante7 Item_Conflitante8 Item_Conflitante9 Item_Conflitante10 Item_Conflitante11 Item_Conflitante12 Item_Conflitante13 Item_Conflitante14 Item_Conflitante15 Item_Conflitante16 Item_Conflitante17 Item_Conflitante18 Item_Conflitante19 Item_Conflitante20 Item_Conflitante21 Item_Conflitante22 Item_Conflitante23 Item_Conflitante24 Item_Conflitante25 Item_Conflitante26 Item_Conflitante27 Peso_Total Volume_Total
0 d 40 50 0 0 960 0 0 0                            1000 1000
1 c 35 40 16 11 131 10 16 11 2 4 18 21 27 35 37 53 55 56 61 71 82 85 94 98
2 c 45 30 16 191 311 10 17 8 5 6 8 19 20 26 28 29 57 59 66 67 71 74 76 86 95 100
3 c 65 20 16 39 159 10 6 14 4 23 24 36 41 44 55 57 60 70
4 c 95 35 16 146 266 10 20 16 9 12 14 18 20 21 24 32 40 41 62 71 86 100
5 c 92 30 16 149 269 10 10 16 15 19 26 31 38 46 49 58 59 62 63 76 79 80 84 91 96 98
6 c 90 35 16 194 314 10 10 17 24 25 35 57 58 70 71 72 73 84 94 98 99
7 c 88 30 16 246 366 10 10 14 8 12 17 19 20 30 32 34 45 46 47 48 49 54 56 57 64 70 71 73 81 82 85 88 90 91 98
8 c 65 35 16 167 287 10 3 13 12 15 24 43 46 48 73 76 92 95
9 c 38 5 16 201 321 10 30 29 10 19 32 38 39 40 42 50 56 68 75 79 83 90 91
10 c 45 65 16 258 378 10 9 8 11 14 18 24 47 53 65 77 78 83 93 99
11 c 55 20 16 326 446 10 19 24 12 22 35 38 41 43 53 61 77 83 89
12 c 65 85 16 43 163 10 40 34 21 39 46 60 69 71 89 95 96
13 c 26 35 16 308 428 10 15 5 16 19 20 22 29 33 41 43 45 47 53 58 65 72 74 79 86 88 95 97 100
14 c 62 80 16 278 398 10 30 34 17 19 20 29 30 31 32 35 41 42 43 54 55 72 73 75 80 94 98
15 c 60 80 16 64 184 10 10 13 17 30 32 34 39 41 57 60 67 86 98 99
16 c 60 85 16 329 449 10 30 38 18 28 32 41 42 43 47 49 56 61 63 65 71 81 85 91 98 100
17 c 2 45 16 105 225 10 10 11 21 29 32 38 42 45 56 75 89 92 96
18 c 55 80 16 33 153 10 10 13 22 28 31 43 48 54 57 58 61 62 73 76 82 87 91 92 93 99
19 c 85 25 16 80 200 10 10 11 32 34 36 56 58 59 65 85 90
20 c 20 82 16 37 157 10 10 6 28 31 34 49 56 62 73 83 98
21 c 55 82 16 217 337 10 10 8 28 34 44 45 46 51 53 55 60 65 85 90 95
22 c 31 52 16 157 277 10 27 23 23 24 35 36 43 50 60 64 65 79 80 87 92 94 97 98
23 c 60 12 16 268 388 10 31 35 41 43 45 54 55 56 60 62 76 78 85 99
24 c 2 60 16 286 406 10 5 13 26 27 32 39 42 44 45 54 57 71 72 74 81 93
25 c 53 43 16 14 134 10 14 19 26 33 44 46 54 61 63 67 77 81 82 90 93 99
26 c 49 58 16 355 475 10 10 8 28 30 33 34 45 48 55 56 78 84 85 95
27 c 64 42 16 268 388 10 9 18 32 35 41 43 54 67 86 96
28 c 12 24 16 359 479 10 13 16 32 36 37 41 44 51 59 66 76 80 92
29 c 6 68 16 352 472 10 30 29 30 38 42 43 52 57 62 66 67 69 74 78 88 89 94
30 c 8 40 16 195 315 10 40 38 33 42 47 52 55 56 62 63 74 76 87 88 90
31 c 65 55 16 241 361 10 14 18 33 34 35 36 40 42 56 58 64 65 67 71 76 79 87 96 98
32 c 5 45 16 35 155 10 10 2 35 37 55 59 61 63 73 76 78 85 98 100
33 c 2 40 16 174 294 10 20 13 35 38 39 40 41 46 48 50 52 58 59 64 72 75 79 89 92 93 97 99 100
34 c 0 40 16 255 375 10 20 20 42 49 51 67 69 71 72 78 79 88 95 97
35 c 24 58 16 260 380 10 19 23 38 42 46 51 72 78 79 82
36 c 44 5 16 335 455 10 20 19 44 45 50 51 68 76 78 82 84 90
37 c 42 10 16 254 374 10 40 46 40 44 45 57 63 65 66 75 85 93 97 100
38 c 37 47 16 359 479 10 6 3 39 44 48 49 58 90 92 93 97 99
39 c 21 24 16 349 469 10 28 34 40 41 42 44 46 51 61 62 64 65 69 73 80 86 90 93 97 100
40 c 8 56 16 365 485 10 27 27 47 55 58 64 65 68 69 75 83 92 98 99
41 c 15 80 16 367 487 10 10 7 42 43 44 47 49 50 51 53 57 59 60 62 63 74 76 78 79 93
42 c 10 35 16 371 491 10 20 14 51 58 65 68 84 85 90 91 93 94 96 98
43 c 20 50 16 375 495 10 5 1 46 47 55 56 58 59 62 64 78 83 88 92 99
44 c 40 15 16 375 495 10 40 38 45 46 55 58 81 83 84 90 98 100
45 c 58 75 16 376 496 10 20 17 53 55 61 64 72 75 94
46 c 18 75 206 388 508 10 20 23 50 53 58 66 68 78 80 82 88 95 97
47 c 57 29 206 395 515 10 18 8 60 63 68 76 88 93
48 c 30 25 206 397 517 10 23 26 53 64 75 80 87 89 90
49 c 42 12 206 440 560 10 10 12 53 54 70 78 81 85 89 93
50 c 18 80 206 489 609 10 10 7 52 98
51 c 10 40 206 519 639 10 30 24 58 60 73 79 82 88
52 c 42 15 206 537 657 10 10 2 54 57 71 72 73 76 78 88
53 c 4 18 206 547 667 10 35 27 65 67 74 77 83 91
54 c 50 35 206 557 677 10 19 14 64 66 76 82 86 95
55 c 41 37 206 566 686 10 16 20 56 57 76 80 84 87 100
56 c 55 85 297 574 694 10 20 29 61 64 76 82 91 93 96 98
57 c 30 60 297 599 719 10 16 18 58 59 62 65 71 73 74 77 85 87 90 91 94
58 c 55 60 297 601 721 10 16 13 64 67 72 75 77 79 80 93 94 95
59 c 40 60 297 612 732 10 21 20 60 64 67 74 84 92 96
60 c 87 30 297 621 741 10 10 19 64 67 69 73 78 81 83 85 94 99
61 c 20 80 297 644 764 10 40 42 66 69 70 77 86 94
62 c 20 20 297 645 765 10 8 6 71 72 84 86 88 100
63 c 5 35 297 653 773 10 10 1 64 83
64 c 67 85 297 657 777 10 20 19 65 68 73 74 76 82 91
65 c 38 15 353 681 801 10 10 4 67 81 84 85 90 96 98
66 c 15 60 353 694 814 10 17 10 67 79 80 87 88
67 c 0 45 353 703 823 10 20 23 80 81 92 99 100
68 c 67 5 353 713 833 10 25 24 83 88 93 94
69 c 23 3 419 764 884 10 7 6 77 79 81 82 88 99
70 c 95 30 419 0 891 10 30 33 71 78 79 80 89
71 c 5 5 419 0 892 10 16 23 77 87 88 92 98 100
72 c 88 35 419 0 899 10 20 11 74 77 86 89 91 99
73 c 15 10 422 782 902 10 20 14 74 83 91 92 93 97 99
74 c 85 35 422 0 902 10 30 23 79 91 93 94 97
75 c 35 5 424 784 904 10 20 15 82 84 92 93
76 c 42 5 424 0 904 10 10 16 77 85 87 88 90 94 95 96
77 c 40 5 425 0 905 10 10 15 82 83 84 85 86 98
78 c 10 20 427 0 907 10 19 22 81 100
79 c 20 85 429 0 909 10 20 13 80 83 88 90 92 94
80 c 65 82 434 0 909 10 10 1 89 100
81 c 22 85 434 0 910 10 10 11 82 88 89 90 92
82 c 25 85 434 0 911 10 20 30 93 96 99
83 c 63 23 434 0 914 10 2 2 84 86 88 89 93 95 97 98
84 c 72 35 434 0 914 10 30 29 89 90 91 96
85 c 15 75 434 0 914 10 20 11 91 97 99
86 c 8 45 437 0 917 10 20 19 89 95 99
87 c 22 75 439 0 919 10 30 34 90 95
88 c 63 65 442 0 922 10 8 1 91 97
89 c 25 30 445 0 925 10 3 4 92 98
90 c 61 52 450 808 928 10 3 2
91 c 56 37 450 0 929 10 6 13 97 99
92 c 35 69 450 810 930 10 23 33
93 c 37 31 450 0 930 10 14 10 95 97 100
94 c 31 67 450 810 930 10 3 1 99 100
95 c 57 48 452 0 932 10 23 21 97
96 c 55 54 454 0 934 10 26 21 98
97 c 27 43 455 0 935 10 9 8 99
98 c 26 52 455 0 935 10 9 15 100
99 c 49 42 457 0 937 10 13 13
100 c 47 47 462 822 942 10 13 20

