StringID Type x y release ReadyTime DueDate ServiceTime weight volume Item_Conflitante1 Item_Conflitante2 Item_Conflitante3 Item_Conflitante4 Item_Conflitante5 Item_Conflitante6 Item_Conflitante7 Item_Conflitante8 Item_Conflitante9 Item_Conflitante10 Item_Conflitante11 Item_Conflitante12 Item_Conflitante13 Item_Conflitante14 Item_Conflitante15 Item_Conflitante16 Item_Conflitante17 Item_Conflitante18 Item_Conflitante19 Item_Conflitante20 Item_Conflitante21 Item_Conflitante22 Item_Conflitante23 Peso_Total Volume_Total
0 d 40 50 0 0 240 0 0 0                        200 200
1 c 60 80 0 37 67 10 10 1 17 26 28 34 36 39 43 44 46 49 53 54 65 67 68 71 84 88 93 95 97 99
2 c 85 25 0 51 81 10 10 7 6 8 14 16 25 34 38 40 41 54 56 57 71 85 86 88 93 94 97 100
3 c 60 85 0 85 115 10 30 32 6 19 26 28 40 41 42 43 46 51 56 68 76 79 85 91 96
4 c 88 30 0 74 104 10 10 1 9 10 11 14 16 35 38 55 67 74 78 81 87 88 89 91 98 99
5 c 55 80 0 33 63 10 10 1 11 12 14 16 20 22 26 27 28 32 48 66 67 72 75 84 96 98 100
6 c 55 82 0 64 94 10 10 16 17 22 38 40 41 43 45 49 56 69 73 77 85 92
7 c 95 35 0 62 92 10 20 23 12 23 28 35 36 45 53 54 70 72 74 75 76 79 85
8 c 20 82 0 37 67 10 10 19 10 11 13 14 21 22 28 29 31 32 34 36 38 41 54 55 63 64 73 81 88 90 95
9 c 26 35 0 77 107 10 15 10 10 13 17 19 26 35 36 37 44 49 53 59 60 61 66 73 86 89 93 94
10 c 38 5 0 65 95 10 30 21 22 27 34 49 59 62 66 83 84
11 c 12 24 0 90 120 10 13 15 13 16 18 39 48 53 54 57 59 64 74 79 89 91 96 97
12 c 6 68 0 89 119 10 30 40 13 15 17 23 24 29 30 39 42 51 55 56 59 60 73 79 89
13 c 62 80 0 75 105 10 30 33 26 36 40 43 49 53 62 68 75 82 83
14 c 8 56 0 90 120 10 27 23 21 25 29 30 32 53 55 58 59 60 68 72 74 78 80 82 88 96
15 c 65 85 0 43 73 10 40 35 17 19 26 28 29 33 40 41 48 57 62 65 68
16 c 24 58 0 67 97 10 19 16 21 23 34 38 42 47 48 59 61 62 71 73 74 75 83 86 89 94 97
17 c 60 12 0 75 105 10 31 23 30 32 33 34 35 44 49 73 75 90
18 c 65 35 0 52 82 10 3 12 36 38 43 46 47 48 54 61 68 84 85 86 87 96 97
19 c 8 40 0 59 89 10 40 44 20 22 23 33 34 36 38 50 55 62 71 78 81 82 86 94 97
20 c 31 52 0 41 71 10 27 34 26 30 34 54 60 69 73 76 81 84 86 100
21 c 64 42 0 70 100 10 9 16 34 36 41 50 54 56 62 63 72 73 80 92
22 c 35 40 0 11 41 10 16 16 24 25 27 65 90
23 c 45 30 0 53 83 10 17 15 25 26 34 39 45 53 57 67 75 78 79 84 88 91 93 98
24 c 53 43 0 14 44 10 14 10 28 33 44 54 62 68 73 75 79
25 c 2 40 0 58 88 10 20 26 31 33 35 39 41 65 71 75 81 94 95 97 100
26 c 15 80 1 91 121 10 10 19 31 33 41 47 52 53 64 67 70 77 83 94 97 99
27 c 20 50 1 91 121 10 5 3 29 33 44 50 59 62 78 79 86 88 91 94 98 99
28 c 10 35 1 91 121 10 20 22 31 34 38 40 47 48 53 62 65 67 71 73 74 76 79 98
29 c 58 75 6 92 122 10 20 17 30 41 54 60 76 78 97
30 c 40 15 6 92 122 10 40 39 33 35 41 47 51 52 53 56 67 68 97
31 c 18 75 6 95 125 10 20 29 41 46 59 66 75 76 84 88 97
32 c 57 29 6 96 126 10 18 16 66 73 74 77 81 83 89 90 97 100
33 c 42 12 14 104 134 10 10 4 45 51 53 54 55 62 64 68 73 86 93 96 97
34 c 10 40 29 119 149 10 30 40 36 41 51 59 62 65 72 81 87 88 92 95
35 c 50 35 40 130 160 10 19 17 41 42 44 50 53 54 57 64 87 89 95 96 97 98
36 c 41 37 43 133 163 10 16 17 52 55 58 59 67 69 78 81 84 91
37 c 67 85 49 139 169 10 20 28 38 42 46 55 68 69 70 74 83 87 98 100
38 c 30 60 50 140 170 10 16 14 42 43 55 58 61 62 64 70 71 79 88 89 90 93 95 96 99
39 c 20 20 51 141 171 10 8 14 41 44 51 53 57 60 61 62 63 68 69 71 72 75 78 84 86 93 95 100
40 c 20 80 51 141 171 10 40 50 44 50 52 62 71 78 79 82 87
41 c 95 30 52 0 171 10 30 27 50 56 57 60 65 66 67 75 76 79 83 93 97
42 c 5 5 52 0 172 10 16 12 51 60 65 69 83 84 85 90 91 93 94 95 97
43 c 5 35 52 142 172 10 10 17 44 50 56 65 77 86 92 94
44 c 40 60 54 144 174 10 21 11 49 51 61 66 85 92 98
45 c 92 30 54 0 174 10 10 3 59 63 65 67 69 74 97
46 c 90 35 57 0 177 10 10 6 47 53 55 61 62 78 79 81 83 86 92 93 94
47 c 67 5 57 0 177 10 25 23 49 52 61 66 67 71 74 76 77 79 80 86 100
48 c 87 30 58 0 178 10 10 5 52 60 64 75 77 84 85 88 91 95
49 c 0 45 59 149 179 10 20 20 59 63 67 71 74 77 96 100
50 c 88 35 59 0 179 10 20 17 55 60 69 74 75 81 82 89 91 96 97 99 100
51 c 23 3 60 150 180 10 7 2 52 54 66 68 75 81 88 93
52 c 4 18 64 0 181 10 35 45 56 57 72 74 77 79 80 85 89 92 100
53 c 85 35 64 0 182 10 30 40 55 56 61 67 68 71 78 99 100
54 c 15 10 64 152 182 10 20 11 55 59 67 70 73 83 84 93
55 c 42 5 64 0 184 10 10 19 56 60 74 76 81 87 92 96
56 c 44 5 64 0 184 10 20 17 58 63 73 80 81 86 100
57 c 35 5 64 154 184 10 20 22 62 65 66 72 79 81 82
58 c 40 5 65 0 185 10 10 8 59 61 66 67 69 71 74 92 98
59 c 10 20 67 0 187 10 19 17 66 68 71 75 87 95
60 c 0 40 68 0 188 10 20 16 62 67 68 74 78 79 86 87 89 91
61 c 42 10 69 0 189 10 40 50 74 81 85 94 96 98 99
62 c 20 85 69 0 189 10 20 18 67 77 87 88 90 91 93 98
63 c 65 82 69 0 189 10 10 12 75 77 79 86 89 91 92
64 c 22 85 70 0 190 10 10 1 65 71 73 79 88 89 91 98 100
65 c 65 20 70 0 190 10 6 1 69 70 87 90 91 97 98 100
66 c 2 60 70 0 190 10 5 1 70 73 88
67 c 25 85 71 0 191 10 20 25 79 99
68 c 2 45 72 0 191 10 10 13 75 81 83 85 92 93 94 96 99
69 c 55 85 72 0 191 10 20 19 77 80 82 85 93 96 97
70 c 18 80 72 0 192 10 10 11 72 74 76 85 91
71 c 63 23 74 0 194 10 2 4 72 74 76 82 83 85 86
72 c 72 35 74 0 194 10 30 31 74 75 76 87 90 91 94 96 97 98
73 c 15 75 74 0 194 10 20 29 74 79 82 83 89
74 c 5 45 74 0 194 10 10 6 87 90
75 c 42 15 74 0 194 10 10 9 80 88 89
76 c 38 15 74 0 194 10 10 8 87 94 97
77 c 55 20 76 0 196 10 19 17 78 80 85 86 87 91 93 98
78 c 21 24 77 0 197 10 28 33 86 89
79 c 8 45 77 0 197 10 20 29 84 88 89 90 96
80 c 22 75 83 0 199 10 30 24 81 96
81 c 63 65 83 0 202 10 8 16 89 91
82 c 15 60 83 0 203 10 17 18 93
83 c 30 25 83 0 203 10 23 17 86 88 89 91 98
84 c 65 55 84 0 204 10 14 16 88 96 98 100
85 c 25 30 85 0 205 10 3 1 87 88 92 94 97 98 100
86 c 61 52 88 178 208 10 3 1 91 92 99
87 c 56 37 89 0 209 10 6 4
88 c 35 69 90 180 210 10 23 15 94
89 c 37 31 90 0 210 10 14 19
90 c 31 67 91 180 210 10 3 1
91 c 55 60 91 0 211 10 16 20 93 95 97 99
92 c 57 48 92 0 212 10 23 22
93 c 45 65 94 0 214 10 9 1 97
94 c 55 54 94 0 214 10 26 24 95 97 100
95 c 27 43 95 0 215 10 9 9
96 c 26 52 95 0 215 10 9 1
97 c 49 58 97 0 217 10 10 19
98 c 49 42 97 0 217 10 13 18
99 c 47 47 102 192 222 10 13 16
100 c 37 47 105 0 225 10 6 9

