StringID Type x y release ReadyTime DueDate ServiceTime weight volume Item_Conflitante1 Item_Conflitante2 Item_Conflitante3 Item_Conflitante4 Item_Conflitante5 Item_Conflitante6 Item_Conflitante7 Item_Conflitante8 Item_Conflitante9 Item_Conflitante10 Item_Conflitante11 Item_Conflitante12 Item_Conflitante13 Item_Conflitante14 Item_Conflitante15 Item_Conflitante16 Item_Conflitante17 Item_Conflitante18 Item_Conflitante19 Item_Conflitante20 Item_Conflitante21 Item_Conflitante22 Peso_Total Volume_Total
0 d 40 50 0 0 3390 0 0 0                       700 700
1 c 5 35 251 636 1276 90 10 4 10 19 21 34 36 38 39 44 48 53 55 68 72 76 77 81 85 86 87 94 97 99
2 c 5 45 251 1013 1653 90 10 4 3 8 10 14 22 25 31 42 51 58 60 67 69 74 80 83
3 c 2 40 251 731 1371 90 20 26 24 39 55 66 71 72 81 82 84 90 94 96 98 100
4 c 0 40 251 823 1463 90 30 23 14 22 23 29 32 33 41 46 54 66 74 77 85 86 92 99
5 c 0 45 251 918 1558 90 20 18 15 16 17 18 19 27 46 50 51 56 60 64 71 83 86 87
6 c 48 20 251 727 1367 90 10 1 8 13 22 33 34 39 44 53 54 57 65 66 68 71 76 78 93 98 100
7 c 55 80 251 167 807 90 10 14 8 10 13 14 15 16 17 18 21 25 41 45 48 53 56 59 72 74 89 95
8 c 44 5 251 1016 1656 90 20 22 14 31 35 38 45 50 65 69 74 76 77 81 85 89 90 100
9 c 42 10 251 920 1560 90 40 50 14 16 24 33 34 36 42 45 55 59 60 67 75 81 88 92 98 99
10 c 42 15 251 825 1465 90 10 7 12 15 17 19 21 27 29 42 45 67 69 76 82 86 90 94
11 c 50 30 251 161 801 90 10 17 17 22 24 34 58 80 81 84 89 93 97
12 c 50 35 251 18 658 90 20 22 16 21 28 38 41 45 52 60 64 66 70 75 80 82 85
13 c 50 40 251 14 654 90 50 40 15 22 32 38 40 45 66 83 88 89 92 96 98
14 c 8 40 251 445 1085 90 40 47 29 44 48 61 63 64 70 78 84 88 94 96
15 c 48 30 251 253 893 90 10 7 16 24 29 38 49 51 54 55 61 64 70 72 79 82 85 86 87 92 95 96
16 c 47 35 251 348 988 90 10 13 19 24 44 45 57 74 76 78 81 98
17 c 47 40 251 12 652 90 10 5 21 23 30 34 37 44 48 49 57 58 59 62 63 64 85 88 89
18 c 42 30 251 536 1176 90 10 5 22 28 31 36 45 47 50 51 57 61 62 64 70 73 74 95 96
19 c 45 35 251 440 1080 90 10 10 23 29 30 32 41 42 44 50 55 64 71 72 74 75 78 80 84 93 99
20 c 53 30 251 68 708 90 10 7 22 26 31 38 39 42 46 49 60 70 72 76 79 81 82 86 90 91 98
21 c 53 35 251 19 659 90 50 42 35 37 38 53 57 62 63 67 68 73 76 79 84 85 93
22 c 45 65 251 15 655 90 20 27 28 30 32 34 43 60 67 72 76 80 81 82 83 89 90 91 94 98 99
23 c 67 85 251 454 1094 90 20 27 25 28 34 38 39 43 48 53 57 62 63 64 65 76 81 88
24 c 42 58 251 8 648 90 40 35 25 36 42 46 53 55 56 62 65 66 72 75 76 78 85 89 98 99 100
25 c 65 82 251 548 1188 90 10 5 44 48 50 52 63 71 86 95 97
26 c 62 80 251 641 1281 90 30 32 33 44 65 67 73 83 86 91 97 99
27 c 60 85 251 357 997 90 30 38 29 34 36 47 49 66 67 71 73 74 76 78 79 80 92
28 c 58 75 251 738 1378 90 20 10 30 43 45 55 57 60 62 70 74 76 77 81 83 87 91
29 c 44 25 251 631 1271 90 10 16 31 43 47 48 58 61 62 70 80 86 93 96
30 c 10 40 251 353 993 90 30 26 33 34 39 63 69 72 78 82 83 85 86 96 98
31 c 55 85 251 262 902 90 20 23 42 44 46 56 64 71 75 76 85 87 93
32 c 20 55 251 63 703 90 10 7 33 38 49 52 55 61 69 74 77 79 80 100
33 c 10 35 251 541 1181 90 20 11 40 47 50 68 72 81 82 86 96 98 99
34 c 30 50 251 10 650 90 10 16 42 48 53 55 59 69 73 82 85 94 96 97 99 100
35 c 28 52 251 12 652 90 20 16 36 38 40 45 46 61 70 71 79 84 92 94
36 c 16 42 251 257 897 90 20 26 52 56 62 65 70 74 79 81 85 92 97 98
37 c 42 65 251 15 655 90 10 19 42 53 63 64 67 72 73 76 80 81 86 93 95 99
38 c 60 66 251 1021 1661 90 10 20 42 43 45 48 58 60 68 69 70 76 77 80 81 88 93 94
39 c 62 69 251 927 1567 90 10 17 47 60 64 67 77 78 86 89 95
40 c 45 70 251 20 660 90 30 22 66 72 73 81 89 90 96 98 100
41 c 58 70 251 833 1473 90 20 17 42 46 59 63 73 78 83 92 96 98 99
42 c 25 50 251 15 655 90 10 12 43 51 53 57 67 94
43 c 52 75 251 71 711 90 10 14 49 55 62 66 67 70 77 83 86
44 c 20 50 251 158 798 90 10 3 50 70 71 95 100
45 c 23 52 251 17 657 90 10 18 47 51 58 64 65 67 70 76 82 83 84 89 94 95 96
46 c 8 45 251 1106 1746 90 20 30 57 64 66 69 70 77 79 84 88 91 92 94
47 c 40 5 251 1110 1750 90 30 21 49 63 65 72 78 83 84 90 100
48 c 56 64 251 1115 1755 90 10 12 53 57 64 65 77 78 83 89 92 96
49 c 38 5 251 1202 1842 90 30 22 58 74 82 83 88 89 92 95
50 c 4 55 251 1207 1847 90 20 27 65 79 82 84 92 93 97
51 c 60 60 251 1211 1851 90 10 3 60 65 71 82 83 86 95
52 c 35 5 251 1295 1935 90 20 30 53 54 60 68 69 82 89 93 94 95
53 c 8 62 251 1305 1945 90 10 15 57 62 72 74 77 92 93
54 c 65 60 251 1306 1946 90 30 21 65 69 70 73 77 79 81 87 89 90 94 97
55 c 38 10 931 1390 2030 90 10 16 57 63 68 69 71 75 76 90 95 98
56 c 70 58 931 1401 2041 90 20 17 62 66 69 70 73 78 83 87 88 100
57 c 14 66 931 1403 2043 90 10 1 58 61 67 75 80 90 96
58 c 38 15 931 1485 2125 90 40 30 61 74 76 80 82 89 98 100
59 c 66 55 931 1496 2136 90 10 9 66 68 83 84 86 91 95 99
60 c 15 75 931 1502 2142 90 20 24 65 66 77 83
61 c 36 18 931 1579 2219 90 10 8 62 73 79 80 84 94
62 c 72 55 931 1592 2232 90 10 13 63 81 90 94 96 97
63 c 15 80 931 1597 2237 90 10 5 64 71 78 89 91 92 100
64 c 32 20 931 1673 2313 90 10 19 66 72 92 94
65 c 75 55 931 1685 2325 90 20 14 68 74 77 86 94
66 c 20 85 931 1694 2334 90 40 47 75 80 85 86 88 90 94 96
67 c 34 25 931 1769 2409 90 30 30 71 80 85 92 95 96 98 99
68 c 22 85 931 1786 2426 90 10 17 69 72 76 80 86 90 96
69 c 86 46 931 1789 2429 90 30 40 86 93
70 c 30 30 931 1865 2505 90 10 14 77 84 100
71 c 25 85 931 1879 2519 90 20 26
72 c 90 35 931 1891 2531 90 10 13 79 91
73 c 25 30 931 1960 2600 90 10 17 74 84 87 97 100
74 c 20 80 931 1976 2616 90 40 35 79
75 c 95 35 931 1986 2626 90 20 22 78 79 94 96
76 c 26 32 1278 2052 2692 90 10 12 79 83 88 93 95
77 c 18 75 1278 2071 2711 90 20 16 79
78 c 95 30 1278 2081 2721 90 30 35 79 91 94 98
79 c 25 35 1278 2145 2785 90 10 8 82 83 84 91 92
80 c 22 75 1278 2165 2805 90 30 31 83 94 95 98
81 c 92 30 1278 2174 2814 90 10 4 82 89 92 93 94 96
82 c 30 35 1278 2240 2880 90 10 8 84 87 88 91 93
83 c 22 66 1278 2264 2904 90 40 48 86 89 99 100
84 c 85 25 1278 2273 2913 90 10 8 90 93 97 99 100
85 c 33 35 1278 2333 2973 90 10 5
86 c 28 70 1463 2361 3001 90 10 19 100
87 c 87 30 1463 2368 3008 90 10 2 92 93 97
88 c 33 32 1463 2426 3066 90 20 21 91 92 93 94
89 c 35 69 1463 2458 3098 90 10 10 92 96 100
90 c 85 35 1463 2463 3103 90 30 24 94 95 100
91 c 35 32 1463 2518 3158 90 10 8 98
92 c 35 66 1507 2551 3191 90 10 8 98 100
93 c 78 40 1507 2562 3202 90 20 18
94 c 36 40 1584 2616 3256 90 10 11 99
95 c 72 45 1584 2627 3267 90 10 12 97
96 c 62 40 1584 2635 3275 90 10 8
97 c 64 46 1584 2635 3275 90 20 28 98 100
98 c 60 55 1584 2639 3279 90 10 14
99 c 34 60 1592 2647 3287 90 20 10
100 c 30 56 1593 2648 3288 90 20 14

