StringID Type x y release ReadyTime DueDate ServiceTime weight volume Item_Conflitante1 Item_Conflitante2 Item_Conflitante3 Item_Conflitante4 Item_Conflitante5 Item_Conflitante6 Item_Conflitante7 Item_Conflitante8 Item_Conflitante9 Item_Conflitante10 Item_Conflitante11 Item_Conflitante12 Item_Conflitante13 Item_Conflitante14 Item_Conflitante15 Item_Conflitante16 Item_Conflitante17 Item_Conflitante18 Item_Conflitante19 Item_Conflitante20 Item_Conflitante21 Item_Conflitante22 Peso_Total Volume_Total
0 d 40 50 0 0 1236 0 0 0                       200 200
1 c 32 30 0 359 412 90 10 18 3 20 28 29 30 31 33 43 57 62 64 84 91 92 94
2 c 44 5 0 286 347 90 20 27 3 5 15 28 30 37 44 47 48 50 53 60 61 62 63 73 75 79 90 93 95
3 c 20 80 0 384 429 90 40 33 13 16 21 29 34 40 41 43 47 50 52 53 64 68 83 88 93 96 100
4 c 42 15 0 95 158 90 10 10 6 8 18 23 35 36 42 60 61 68 79 82 83 86 90 91 97
5 c 22 75 0 30 92 90 30 21 10 11 21 22 28 29 32 40 51 64 74 76 87 92 97
6 c 38 5 0 471 534 90 30 33 19 23 31 33 34 38 42 43 50 69 72 83 100
7 c 35 69 0 448 505 90 10 2 20 21 23 27 31 34 36 39 40 47 54 58 60 71 76 93 94 95 100
8 c 50 35 0 262 317 90 20 22 24 26 27 28 36 43 46 47 51 73 75 79 82 87 90 94
9 c 38 70 0 534 605 90 10 4 13 26 31 37 43 47 50 57 61 62 64 66 71 74 75 76 78 85 86 89 99 100
10 c 38 68 0 255 324 90 20 14 16 17 19 22 28 31 35 36 57 60 61 67 86 91 95 96 100
11 c 47 40 0 12 77 90 10 10 32 35 40 41 49 53 59 61 63 64 65 74 85 94
12 c 53 35 0 353 412 90 50 43 15 20 22 23 32 39 44 46 54 55 60 68 82 85 86 88 91
13 c 90 35 0 203 260 90 10 19 19 20 38 45 47 55 63 66 67 74 81 82 86 89 94 95 97
14 c 70 58 0 458 523 90 20 28 19 22 23 29 34 39 56 57 81 88 93 94 98
15 c 65 55 0 85 144 90 20 22 18 23 27 28 38 44 47 51 55 60 61 70 72 76 78 80 83 91 97
16 c 67 85 0 368 441 90 20 12 21 26 31 33 37 39 46 48 62 63 67 70 80 83
17 c 0 40 0 479 522 90 30 38 22 34 40 41 53 55 57 58 62 63 68 70 74 82 83 89 91 93 97 98 99
18 c 25 52 0 169 224 90 40 47 26 32 33 36 38 62 63 68 69 77 81 94 98 99
19 c 88 30 202 574 643 90 10 7 28 29 34 40 41 51 56 57 78 90 91 95
20 c 55 85 202 647 726 90 20 28 22 28 35 50 61 64 66 67 71 72 86 99
21 c 87 30 202 668 731 90 10 2 30 42 47 51 55 61 62 63 77 86
22 c 28 55 202 732 777 90 10 8 25 28 42 51 52 57 67 69 76 79 81 85 92 98
23 c 42 68 202 727 782 90 10 11 28 29 34 45 49 57 75 77 80 81 83 85 89 91
24 c 55 80 202 743 820 90 10 9 43 50 56 57 69 72 77 86 92 93 98
25 c 45 35 469 916 969 90 10 18 30 32 42 46 49 59 62 78 86 92
26 c 95 30 469 0 1087 90 30 37 28 29 35 40 49 53 60 63 74 88
27 c 95 35 505 0 1088 90 20 13 28 35 37 40 42 51 57 68 74 84 85 93
28 c 92 30 505 0 1090 90 10 14 31 32 35 38 39 41 44 55 60 70 76 78 83 84 86 98
29 c 85 25 505 0 1094 90 10 8 30 33 44 67
30 c 88 35 505 0 1095 90 20 13 33 39 51 53 56 59 63 67 70 71 73 79 82 86 90 98
31 c 85 35 505 0 1098 90 30 21 41 42 47 48 52 58 72 77 83 87 89
32 c 35 5 505 0 1100 90 20 19 41 55 62 63 64 65 66 67 80 82 91 92 94 96
33 c 40 5 505 0 1101 90 30 20 41 42 65 79 81 86 87 89 90 93
34 c 65 85 505 0 1102 90 40 49 53 55 59 60 70 74 81 90 93 96
35 c 60 85 505 0 1105 90 30 20 43 45 47 48 53 55 58 60 63 65 67 77 79 87 89 93 94 99
36 c 20 85 505 0 1105 90 40 32 40 45 50 58 61 64 66 78 82 83 84 86 89 91 92 93 95 96 98
37 c 42 10 505 0 1105 90 40 43 38 39 42 43 47 50 52 59 62 65 70 71 72 73 80 82 88 95 97
38 c 0 45 505 0 1105 90 20 13 42 44 45 47 50 56 58 59 69 73 76 87 97 100
39 c 65 82 505 0 1105 90 10 1 45 46 51 53 65 73 74 81 84 87 88 89 96 98 100
40 c 2 40 505 0 1106 90 20 16 41 43 49 63 65 76 83 85 88 91 96 100
41 c 15 80 505 0 1106 90 10 7 53 54 70 84 87 92
42 c 22 85 505 0 1106 90 10 18 50 62 63 66 74 77 89 98 100
43 c 5 35 505 0 1107 90 10 13 45 46 47 48 55 56 61 62 69 70 71 73 79 90 97
44 c 25 85 505 0 1107 90 20 15 47 48 62 66 68 77 78 79 96 97 100
45 c 62 80 505 0 1108 90 30 23 46 56 60 65 76 77 79 88 91 95 97
46 c 60 80 505 0 1109 90 10 14 47 48 54 61 67 69 80 91 92
47 c 75 55 505 0 1110 90 20 15 51 56 60 67 79 85
48 c 15 75 505 0 1110 90 20 17 50 71 73 77 79 85 88 90
49 c 5 45 505 0 1110 90 10 5 53 54 56 58 62 73 77 90
50 c 38 15 505 0 1110 90 10 3 57 60 63 65 70 71 77 85 87 89 91 98
51 c 40 15 505 0 1111 90 40 43 58 63 66 75 81 91 94 99
52 c 8 40 505 0 1112 90 40 42 64 65 68 70 78 79 91 92
53 c 18 75 505 0 1112 90 20 27 61 66 70 75 89 91 97
54 c 10 35 505 0 1112 90 20 19 60 63 65 71 76 81 84 86 91
55 c 72 55 505 0 1113 90 10 17 56 58 59 60 70 73 85 90
56 c 8 45 505 0 1113 90 20 18 58 74 77 78 87 92 98
57 c 10 40 505 0 1114 90 30 35 58 60 68 79 81 84 85 87 91 92
58 c 58 75 505 0 1115 90 20 20 60 66 72 77 86 87 94 97
59 c 68 60 505 0 1116 90 30 23 60 61 71 76 86 89
60 c 66 55 505 0 1119 90 10 6 82 86 87 92
61 c 65 60 505 0 1119 90 30 40 66 69 73 80 97 100
62 c 63 58 505 0 1121 90 10 10 82 90 96 97
63 c 25 30 505 0 1121 90 10 1 65 69 70 77 82 88 94 99
64 c 28 30 505 0 1122 90 10 1 67 75 81 82 85 86 87 89 92 93 100
65 c 53 30 505 0 1122 90 10 1 70 73 77 85 89 92 97 100
66 c 60 60 505 0 1123 90 10 9 70 74 77 79 85 86 89 92 100
67 c 26 32 505 0 1123 90 10 19 71 75 77 86 94 97
68 c 50 30 505 0 1123 90 10 10 69 70 77 78 81 82 83 85 91 93 100
69 c 30 30 505 0 1123 90 10 14 74 78 84 85 86 88 93
70 c 48 30 506 0 1124 90 10 12 78 80 91 96 98
71 c 25 35 506 0 1124 90 10 10 76 82 84 95
72 c 30 32 507 0 1125 90 30 32 83 88 91 96 98
73 c 35 30 507 0 1125 90 10 2 88 89 92 96
74 c 45 70 510 0 1125 90 30 22 77 81 83 85 87 92 96
75 c 60 55 510 0 1125 90 10 10 92
76 c 45 30 510 0 1125 90 10 19 80
77 c 20 55 510 0 1125 90 10 14 79 83 84 90 92 93 96 97
78 c 20 50 510 0 1126 90 10 3 80 83 96
79 c 28 35 510 0 1126 90 10 8 81 85 89 91 94 97 100
80 c 33 32 510 0 1126 90 20 16 88 96 98
81 c 40 69 510 0 1127 90 20 29 87 93 95
82 c 45 68 510 0 1127 90 10 17 84
83 c 30 35 510 0 1127 90 10 15 89 90 95
84 c 35 32 510 0 1127 90 10 11 87 98
85 c 23 55 510 0 1128 90 20 18 87 90 94 98
86 c 23 52 510 0 1128 90 10 5 88 89 99
87 c 42 66 511 0 1129 90 10 17 88 89 94 98
88 c 35 66 511 0 1129 90 10 6 90
89 c 47 35 511 0 1129 90 10 9 98 100
90 c 33 35 511 0 1129 90 10 6 95 97
91 c 40 66 512 0 1130 90 20 17
92 c 42 65 512 0 1130 90 10 11 95
93 c 45 65 512 0 1130 90 20 12 100
94 c 25 55 512 0 1130 90 10 8
95 c 50 40 513 0 1131 90 50 42
96 c 25 50 513 0 1131 90 10 14
97 c 48 40 515 0 1133 90 10 2
98 c 28 52 515 0 1133 90 20 30
99 c 30 52 517 0 1135 90 20 28
100 c 30 50 518 0 1136 90 10 20

