StringID Type x y release ReadyTime DueDate ServiceTime weight volume Item_Conflitante1 Item_Conflitante2 Item_Conflitante3 Item_Conflitante4 Item_Conflitante5 Item_Conflitante6 Item_Conflitante7 Item_Conflitante8 Item_Conflitante9 Item_Conflitante10 Item_Conflitante11 Item_Conflitante12 Item_Conflitante13 Item_Conflitante14 Item_Conflitante15 Item_Conflitante16 Item_Conflitante17 Item_Conflitante18 Item_Conflitante19 Item_Conflitante20 Item_Conflitante21 Item_Conflitante22 Item_Conflitante23 Item_Conflitante24 Peso_Total Volume_Total
0 d 40 50 0 0 960 0 0 0                         1000 1000
1 c 45 30 206 20 498 10 17 22 7 25 31 33 49 50 53 55 59 70 71 98
2 c 26 52 206 14 499 10 9 18 5 6 10 11 13 23 34 37 50 54 61 67 69 73 80 83 86 87 92 97 98 100
3 c 55 82 206 49 504 10 10 1 11 12 14 15 19 21 22 34 42 46 51 69 71 74 75 78 86 92
4 c 27 43 206 14 506 10 9 8 11 21 24 46 48 73 85 94 99 100
5 c 31 52 206 9 510 10 27 33 8 11 14 23 29 30 31 32 33 35 36 42 47 55 57 65 67 68 73 83 88 93
6 c 8 40 206 33 511 10 40 45 13 19 26 43 46 53 66 67 91 94 96 97 99
7 c 25 30 206 25 516 10 3 4 8 10 20 29 38 39 41 43 45 47 49 54 57 59 60 61 63 64 66 76 83 91 97
8 c 40 5 206 45 517 10 10 15 16 20 25 29 30 32 33 35 36 39 40 47 48 53 55 69 72 76 77 78 88
9 c 8 45 206 46 519 10 20 14 12 15 19 26 30 36 37 46 62 64 66 67 70 74 81 89 91 94
10 c 5 5 206 63 520 10 16 20 14 19 26 33 34 44 48 51 57 61 63 69 70 76 79 80 82 84 86
11 c 65 55 206 81 520 10 14 8 14 40 48 52 56 58 62 67 70 79 85 94 95
12 c 88 30 206 90 521 10 10 20 20 32 56 57 70 80 87 91
13 c 38 5 206 45 523 10 30 35 20 24 33 40 41 43 44 55 59 77 92
14 c 45 65 206 110 525 10 9 3 15 18 27 34 40 47 48 53 55 73 74 79 81 84 95 99
15 c 2 40 206 39 528 10 20 17 18 22 28 36 44 47 48 50 54 78 89 92
16 c 60 12 206 125 530 10 31 31 18 25 26 27 28 32 36 39 49 52 53 58 61 64 71 73 74 77 86 89 90 99
17 c 35 40 206 11 530 10 16 8 23 40 41 43 50 52 55 58 60 61 68 70 74 75 77 80 82 84 87 88 89 93 94
18 c 88 35 206 50 534 10 20 27 21 22 25 30 38 40 43 45 46 48 49 50 56 64 65 66 68 79 82 84 89 96
19 c 0 40 206 94 535 10 20 28 21 25 29 30 43 45 48 49 52 53 54 61 69 71 74 77 80 83 84 88 91 92 95 96
20 c 90 35 206 52 536 10 10 18 24 25 26 35 36 55 57 68 80 95
21 c 56 37 206 20 539 10 6 7 26 36 43 45 47 50 52 54 66 69 75 77 79 80 88 89 99
22 c 42 10 206 85 542 10 40 35 24 25 29 34 35 40 51 58 61 63 64 70 74 78 80 82 85 92 95 96
23 c 22 75 206 30 546 10 30 33 26 39 47 52 54 57 58 59 62 73 81 82 84 85 87 96 98
24 c 65 35 206 29 548 10 3 13 27 52 53 55 75 80 83 90 91 94 97 98
25 c 24 58 206 90 549 10 19 22 34 36 41 47 60 63 64 65 68 73 79 100
26 c 64 42 206 100 555 10 9 8 34 37 39 42 58 61 63 67 71 75 79 88 90 99
27 c 2 60 206 135 556 10 5 3 47 51 63 69 75 82 84 89 95
28 c 15 75 206 161 558 10 20 17 33 38 42 48 53 56 60 62 69 75 90 98 99
29 c 62 80 206 114 561 10 30 39 30 33 46 64 65 67 69 85 88 89 91 97 98 100
30 c 12 24 206 272 565 10 13 3 34 39 42 44 59 75 78 79 84 92
31 c 37 31 206 19 566 10 14 24 33 35 40 41 44 51 57 63 65 77 79 81 86 88 89 90 91 97 98
32 c 55 80 206 33 568 10 10 15 33 49 50 53 54 58 61 64 71 72 73 75 77 83 84 85 88 96
33 c 44 5 206 218 571 10 20 21 51 66 72 75 86 87 90 92 95 100
34 c 92 30 206 55 575 10 10 2 39 41 43 49 51 64 77 80 84 88 89 98
35 c 49 58 206 249 580 10 10 8 36 40 47 51 54 56 59 64 75 80 82 94 95 100
36 c 53 43 206 14 581 10 14 19 39 43 49 56 74 84 90 95 98 99 100
37 c 60 85 206 191 586 10 30 32 38 41 44 47 49 51 53 58 60 61 63 68 69 79 89 92 97
38 c 26 35 206 149 586 10 15 19 39 52 68 74 82 84
39 c 65 20 206 39 593 10 6 1 43 46 48 49 59 64 70 75 77 82 89 91 94
40 c 20 82 206 37 597 10 10 13 44 49 56 59 65 75 90 93 94 97
41 c 95 35 206 57 600 10 20 18 42 52 55 66 82 96 100
42 c 85 25 206 51 602 10 10 15 57 63 68 70 72 88
43 c 21 24 206 212 605 10 28 34 44 53 57 61 63 64 86 88 89 95 96
44 c 2 45 206 38 606 10 10 4 48 53 66 98 99
45 c 6 68 206 215 608 10 30 30 54 57 59 60 62 65 69 81 97 98
46 c 63 23 206 198 609 10 2 1 48 55 76 77 100
47 c 55 20 206 161 610 10 19 15 49 52 55 59 73 75 76 77 83 87
48 c 65 85 206 43 617 10 40 42 49 61 64 67 68 69 72 74 79 91 92 97 100
49 c 63 65 206 27 622 10 8 1 52 56 61 62 89 100
50 c 15 80 206 229 624 10 10 3 56 58 65 66 89 97
51 c 20 50 206 239 630 10 5 5 82 84 85 89 91 100
52 c 20 85 206 40 630 10 20 14 56 58 60 63 67 75 76 77 83 85 90 98 99
53 c 37 47 206 204 633 10 6 11 54 56 60 67 80 85 89 92
54 c 57 48 206 265 638 10 23 33 60 61 67 71 74 78 94 97
55 c 40 15 206 229 640 10 40 46 60 67 73 76 78 80 87
56 c 10 35 206 213 648 10 20 24 60 62 66 71 75 84 91 95 96 100
57 c 57 29 206 259 650 10 18 24 58 61 69 80 90 91 98 100
58 c 60 80 206 36 658 10 10 4 66 68 75 82 87 88 89
59 c 42 12 206 341 658 10 10 15 75 76 86 87 91 92
60 c 8 56 206 190 659 10 27 21 70 75 88 97
61 c 18 75 206 228 667 10 20 11 64 75 79 83 95 97
62 c 58 75 206 201 670 10 20 16 67 73 75 77 84 86 88 91 100
63 c 30 25 206 227 686 10 23 25 73 74 79 83 85 89 98 99
64 c 5 45 322 35 697 10 10 10 70 81 82 85 89
65 c 10 20 322 42 706 10 19 29 70 80 81 96
66 c 22 85 322 353 708 10 10 8 74 77 82 83 100
67 c 85 35 322 342 751 10 30 35 77 78 82 89 90 96 98
68 c 10 40 322 404 753 10 30 29 83 89 100
69 c 72 35 322 351 782 10 30 21 72 79 83 89 91 97
70 c 18 80 322 315 782 10 10 13 73 84 90 98
71 c 4 18 322 426 787 10 35 27 76 77 78 88
72 c 95 30 322 389 788 10 30 26 82
73 c 42 15 322 391 802 10 10 1 74 76 77 78 90 91 94
74 c 65 82 345 410 823 10 10 18 78 88 92
75 c 55 54 345 418 825 10 26 26 93 96 97
76 c 55 85 367 429 838 10 20 22 82 88
77 c 50 35 367 390 843 10 19 18 80 82 86
78 c 41 37 367 404 847 10 16 13 80 82 86 96 98
79 c 55 60 393 448 873 10 16 15 82 95
80 c 30 60 422 420 897 10 16 19 84 89 93 94 95 99
81 c 67 5 422 325 897 10 25 26 95 98
82 c 87 30 422 425 898 10 10 14 92 93 95 96 99
83 c 23 3 422 390 900 10 7 7 85 92 96 97
84 c 15 10 422 401 902 10 20 18 92 97 99
85 c 35 5 424 386 904 10 20 13 88
86 c 42 5 424 396 904 10 10 11
87 c 67 85 425 410 905 10 20 11 91 96
88 c 40 60 427 436 907 10 21 20 97
89 c 0 45 429 394 909 10 20 16 90 92 96 98
90 c 25 85 434 388 911 10 20 28 92 97
91 c 5 35 434 395 911 10 10 3 96
92 c 20 80 434 425 913 10 40 49 96
93 c 20 20 434 430 913 10 8 6 95
94 c 38 15 434 389 914 10 10 1 95 97 100
95 c 15 60 443 401 923 10 17 15 97
96 c 61 52 448 373 928 10 3 3 99
97 c 35 69 450 330 930 10 23 16
98 c 31 67 450 356 930 10 3 5
99 c 49 42 457 442 937 10 13 17
100 c 47 47 462 444 942 10 13 12

