StringID Type x y release ReadyTime DueDate ServiceTime weight volume Item_Conflitante1 Item_Conflitante2 Item_Conflitante3 Item_Conflitante4 Item_Conflitante5 Item_Conflitante6 Item_Conflitante7 Item_Conflitante8 Item_Conflitante9 Item_Conflitante10 Item_Conflitante11 Item_Conflitante12 Item_Conflitante13 Item_Conflitante14 Item_Conflitante15 Item_Conflitante16 Item_Conflitante17 Item_Conflitante18 Item_Conflitante19 Item_Conflitante20 Item_Conflitante21 Item_Conflitante22 Item_Conflitante23 Peso_Total Volume_Total
0 d 35 35 0 0 1000 0 0 0                        1000 1000
1 c 57 48 40 388 465 10 23 22 4 5 6 7 11 13 14 17 18 27 31 33 38 40 48 51 52 61 69 74 77 98 100
2 c 35 40 40 104 255 10 16 21 3 6 9 22 23 24 32 38 69 72 75 76 80 83 88 92 94 96 100
3 c 61 52 40 384 499 10 3 6 12 15 24 31 36 39 43 53 59 63 64 69 73 76 82 89 90 96
4 c 40 60 40 259 354 10 21 24 9 10 18 24 25 34 40 44 45 47 57 62 64 72 80 86 96 100
5 c 62 77 40 49 188 10 20 12 6 10 13 14 15 29 37 45 65 68 80 90 93
6 c 2 60 40 41 208 10 5 1 8 11 12 18 22 23 29 31 33 35 43 45 47 49 67 69 75 76 78 81 85 95 96
7 c 49 42 40 290 373 10 13 9 8 16 19 22 32 41 42 46 47 62 63 64 71 73 74 75 77 79 86 94 95 96 99
8 c 5 5 40 302 405 10 16 7 10 14 20 29 37 42 57 58 64 66 80
9 c 60 12 40 33 224 10 31 41 10 16 19 22 23 30 44 46 47 53 58 60 63 72 75 81 84 86 93 94 96 98
10 c 40 25 40 360 437 10 9 12 25 31 32 37 43 51 54 65 70 75 80 82 86 87 88 90 99
11 c 24 12 40 25 172 10 5 8 26 29 34 48 52 53 59 61 65 67 75 83 88 89 96
12 c 11 14 40 233 340 10 18 19 15 22 25 32 38 41 71 75 78 82 88 92 98 100
13 c 6 38 40 29 189 10 16 17 18 25 30 32 38 40 43 57 61 70 75 76 77 79 87 90 96
14 c 20 26 40 333 432 10 9 15 18 19 20 30 31 39 40 42 48 51 54 68 69 72 87 98 99
15 c 37 31 40 414 489 10 14 8 18 24 25 27 28 34 35 38 45 46 52 57 60 66 72 81 84 85 92 94 99
16 c 37 47 40 162 293 10 6 1 17 20 24 28 29 33 35 41 42 43 44 46 55 60 62 74 78 81
17 c 67 5 40 294 401 10 25 22 18 19 32 40 47 48 49 50 53 57 61 62 64 82 83 84 95 100
18 c 24 58 40 163 302 10 19 16 24 29 37 39 42 43 46 52 58 65 66 72 76 78 79 86
19 c 15 77 40 214 333 10 9 1 22 23 25 29 31 44 49 64 76 79 82 85 86 87 88 92 93 95 100
20 c 55 5 40 206 325 10 29 30 23 30 39 42 44 46 47 50 56 57 62 64 70 73 74 82 84 90 91
21 c 45 10 40 409 494 10 18 10 33 42 48 52 56 61 62 78 82 84 89 91 92 95
22 c 53 52 40 45 200 10 11 15 41 49 50 54 65 75 76 78 84 85 86 87 91
23 c 10 43 40 404 481 10 9 9 27 31 36 39 41 44 53 58 69 74 77 81 86 91 100
24 c 22 22 40 18 181 10 2 1 30 41 54 61 73 76 90 92 93
25 c 26 52 40 279 388 10 9 6 26 29 33 35 37 53 55 61 68 83 98
26 c 28 18 40 420 447 10 26 24 40 51 53 62 63 70 75 79 90 91 92 94 96
27 c 55 60 40 400 497 10 16 10 33 36 41 43 45 58 63 75 77 82 94 100
28 c 30 5 40 175 300 10 8 14 34 38 43 44 45 47 55 56 60 79 80 86 90 97
29 c 20 65 40 206 325 10 12 14 34 37 41 53 54 57 63 70 72 76 87 99
30 c 11 31 40 436 511 10 7 1 33 43 53 62 70 71 76 80 82 84 85 93 95 99
31 c 42 7 40 396 511 10 5 10 32 33 41 43 45 46 55 56 60 64 67 79 80 90 92 94 95 97
32 c 25 30 40 415 514 10 3 12 37 40 41 47 51 55 63 76 78 85 88 89 90 92
33 c 6 68 40 501 540 10 30 20 34 38 41 48 50
34 c 30 60 252 577 632 10 16 21 35 37 42 44 45 54 61 62 63 64 65 70 77 95 100
35 c 53 12 252 585 692 10 6 5 47 60 72 79 85 97
36 c 49 73 252 592 693 10 25 23 47 49 55 59 61 62 66 72 77 78 80 83 88
37 c 63 23 252 620 739 10 2 1 52 53 56 73 81 91 94 99
38 c 56 39 252 637 752 10 36 32 49 50 51 57 62 78 88 92 95
39 c 55 20 327 678 801 10 19 13 50 53 61 73 79 86 89
40 c 46 13 327 681 802 10 8 18 43 53 66 69 76 77 80 82 83 90 91 98
41 c 63 65 327 686 813 10 8 10 46 48 52 62 68 74 76 85 90
42 c 30 25 327 690 827 10 23 14 46 48 51 55 60 77 86 89 91 92 94 97
43 c 5 30 370 733 870 10 2 4 45 47 51 55 70 72 80 85 87 88 97
44 c 57 68 450 0 950 10 15 19 55 68 72 74 79 81 82 85 91 94
45 c 53 43 452 817 952 10 14 21 47 57 59 62 63 66 68 73 83 88 97
46 c 65 55 453 0 953 10 14 4 53 63 67 73 81 83 84 92 96 98
47 c 2 48 454 0 954 10 1 1 51 56 58 60 68 70 72 76 79 83 85 86 89
48 c 4 18 454 0 954 10 35 32 58 60 62 78 82 85 89 93
49 c 27 69 455 0 955 10 10 15 59 61 64 74 77 82 85 90 97
50 c 23 3 455 0 955 10 7 17 55 59 63 65 66 67 71 79 82 84 91 94
51 c 8 56 455 0 955 10 27 20 52 55 62 68 69 76 78 79 81 90 95 98
52 c 35 69 456 0 956 10 23 22 61 70 75 77 78 82 85 87 89 92 96
53 c 65 20 456 817 956 10 6 15 54 55 66 77 79 81 84 92
54 c 31 67 457 0 957 10 3 6 71 73 75 80 86 91 94 95 96 97
55 c 15 10 457 0 957 10 20 16 57 60 70 76 85 99
56 c 15 60 457 0 957 10 17 23 58 61 64 65 67 78 79 80 82 91
57 c 45 65 458 0 958 10 9 9 71 74 86 87 91
58 c 64 42 460 0 960 10 9 2 59 65 86 94
59 c 10 20 460 0 960 10 19 16 62 66 70 79 80 93 95
60 c 65 35 460 0 960 10 3 1 64 75 77 87 95 96
61 c 13 52 462 0 962 10 36 41 68 70 82 85 87 90 94
62 c 55 54 462 0 962 10 26 34 68 71 80 85 93 95 96 97 99
63 c 49 11 462 0 962 10 18 11 64 69 71 78 81 90
64 c 49 58 463 0 963 10 10 5 67 73 80 81 87 88 93 97
65 c 12 24 464 0 964 10 13 18 77 82 93 96 97 99
66 c 15 19 464 0 964 10 1 2 68 72 76 86 96
67 c 18 18 465 798 965 10 17 27 68 82 97 99
68 c 32 12 466 0 966 10 7 16 75 76 83 84 85 86 88 89
69 c 16 22 466 0 966 10 41 51 71 91
70 c 15 47 466 0 966 10 16 25 72 78 80 85 91 95 96 98
71 c 47 16 467 0 967 10 25 28 72 77 80 82 87 89 92 96
72 c 55 45 467 0 967 10 13 15 73 75 87 89 90 93 94 95 96 100
73 c 57 29 467 0 967 10 18 25 76 81 85 93
74 c 19 21 468 0 968 10 10 13 80 88 96 97 98
75 c 37 56 468 788 968 10 5 1 82 84 94 100
76 c 20 20 468 0 968 10 8 18 90 91 98
77 c 14 37 468 0 968 10 11 13 78 79 83 85 97
78 c 20 50 468 0 968 10 5 1 96
79 c 56 37 468 839 968 10 6 9 80 81 85
80 c 18 24 469 811 969 10 22 16 89
81 c 15 30 469 0 969 10 26 17 86 93
82 c 44 17 469 0 969 10 9 8 93 95 99 100
83 c 17 34 471 0 971 10 3 5 84 90 94 96 98
84 c 45 20 471 0 971 10 11 20 100
85 c 35 17 472 0 972 10 7 10 93
86 c 31 52 472 0 972 10 27 37 99
87 c 25 21 472 0 972 10 12 5 91 95
88 c 21 24 472 0 972 10 28 24 90 93 97
89 c 47 47 473 0 973 10 13 22 90 94 95 96 97
90 c 41 49 474 0 974 10 10 8 93 96
91 c 22 27 474 0 974 10 11 16 96 98
92 c 20 40 474 0 974 10 12 21 95 97
93 c 50 35 475 0 975 10 19 22
94 c 25 24 475 0 975 10 20 18
95 c 26 27 477 0 977 10 27 33
96 c 45 30 478 0 978 10 17 10 97
97 c 27 43 478 0 978 10 9 9
98 c 36 26 480 849 980 10 18 12
99 c 26 35 481 0 981 10 15 22
100 c 41 37 483 0 983 10 16 23

