StringID Type x y release ReadyTime DueDate ServiceTime weight volume Item_Conflitante1 Item_Conflitante2 Item_Conflitante3 Item_Conflitante4 Item_Conflitante5 Item_Conflitante6 Item_Conflitante7 Item_Conflitante8 Item_Conflitante9 Item_Conflitante10 Item_Conflitante11 Item_Conflitante12 Item_Conflitante13 Item_Conflitante14 Item_Conflitante15 Item_Conflitante16 Item_Conflitante17 Item_Conflitante18 Item_Conflitante19 Item_Conflitante20 Item_Conflitante21 Item_Conflitante22 Item_Conflitante23 Item_Conflitante24 Item_Conflitante25 Item_Conflitante26 Item_Conflitante27 Item_Conflitante28 Item_Conflitante29 Item_Conflitante30 Peso_Total Volume_Total
0 d 40 50 0 0 960 0 0 0                               1000 1000
1 c 38 5 0 231 291 10 30 39 2 3 5 15 54 56 71 73 77 84 88 91
2 c 12 24 0 389 449 10 13 13 10 12 19 20 27 29 31 36 37 38 40 44 49 54 59 65 67 70 71 74 81 86 94
3 c 20 50 0 405 465 10 5 1 6 13 17 28 32 48 50 51 57 75 76 85 86 94
4 c 53 43 0 14 74 10 14 8 12 16 42 46 55 64 66 68 74 77 86
5 c 95 35 0 138 273 10 20 18 10 11 17 18 21 25 33 36 37 38 41 54 62 72 82 85 92
6 c 92 30 0 78 339 10 10 3 11 12 20 24 29 40 47 53 59 61 68 72 73 74 80 81 86 96 100
7 c 90 35 0 132 375 10 10 7 12 13 16 18 22 23 25 36 45 49 52 53 56 60 64 72 74 76 78 79 80 86 88 91 92 93 94 95 96 98
8 c 88 30 0 252 359 10 10 8 9 12 14 17 20 23 33 41 44 48 50 51 54 57 65 67 71 75 83 89
9 c 26 35 0 338 398 10 15 25 13 16 21 37 46 50 68 71 73 80 81 85 87 90 92 93 96 98
10 c 24 58 0 262 377 10 19 27 13 16 17 18 28 30 31 32 58 60 62 70 73 78 99
11 c 85 25 0 71 208 10 10 15 14 22 24 26 31 33 37 47 56 59 61 65 80 94
12 c 2 45 0 38 322 10 10 15 19 20 26 27 45 47 51 56 57 69 82 86 91
13 c 20 82 0 37 177 10 10 6 18 23 42 44 64 71 80 82 87 97
14 c 65 85 0 43 186 10 40 32 21 29 35 36 37 38 43 45 51 57 64 69 73 92 93 94 98 99
15 c 55 82 0 247 307 10 10 4 16 19 27 32 40 47 53 58 60 70 71 77 79 88 91
16 c 62 80 0 308 368 10 30 29 26 30 31 41 42 52 53 56 66 69 70 73 75 77 82 90
17 c 60 80 0 46 201 10 10 1 19 30 37 38 39 41 47 57 63 75 79 87 92 95 97 98
18 c 45 65 0 214 421 10 9 19 24 28 37 41 43 45 51 56 58 62 63 76 82 86 91 96 97
19 c 60 85 0 339 438 10 30 27 26 42 53 59 64 71 72 74 76 77 84 85 86 88 93 94
20 c 65 35 0 197 257 10 3 1 22 30 31 37 38 43 45 51 60 63 67 71 77 79 82 83 84 87 90 97
21 c 10 35 0 401 461 10 20 15 22 24 27 28 29 30 33 34 44 45 46 47 50 52 54 56 65 71 77 81 89 93
22 c 6 68 0 382 442 10 30 27 24 27 30 33 39 40 42 45 57 61 71 74 77 88 94 97
23 c 60 12 0 298 358 10 31 39 25 29 46 53 62 71 72 74 80
24 c 2 60 0 240 451 10 5 14 28 29 30 35 38 51 61 68 84 86 90
25 c 65 55 0 191 410 10 14 18 27 38 39 41 45 57 60 64 66 79 87 93 96 100
26 c 31 52 0 187 247 10 27 20 30 32 38 44 52 58 75 78 87 91 100
27 c 15 80 0 397 457 10 10 1 29 35 48 53 60 62 63 66 69 71 82 92
28 c 42 10 0 199 428 10 40 36 30 34 46 50 54 55 56 60 63 66 67 83 84 85 98
29 c 64 42 0 298 358 10 9 17 30 32 36 38 39 50 61 71 73 76 88 96
30 c 55 80 0 33 166 10 10 11 34 40 42 51 55 65 70 86 90 94 99
31 c 35 40 0 11 140 10 16 26 33 34 41 46 47 55 56 58 64 66 72 74 77 83 85 99
32 c 45 30 0 191 310 10 17 27 36 39 44 49 52 58 71 75 80 87 91 96 98
33 c 5 45 0 35 366 10 10 5 43 45 48 49 56 57 58 67 70 71 76 79 83 84 88 95 98
34 c 2 40 0 204 264 10 20 18 37 38 39 42 58 60 61 65 68 70 71 72 83 89 91 98
35 c 0 40 0 204 425 10 20 13 40 44 52 56 58 80 91
36 c 65 20 0 39 316 10 6 1 41 49 52 55 59 64 65 67 78 86 90 98
37 c 8 40 0 225 285 10 40 39 39 47 48 53 59 63 64 79 90 93
38 c 8 56 201 366 483 10 27 24 58 62 64 67 72 73 78 79 81 85 86 87 95 98 99
39 c 44 5 201 306 483 10 20 22 41 71 75 91 99
40 c 57 29 201 425 485 10 18 17 43 56 68 69 74 80 83 87 90 95
41 c 40 15 201 383 486 10 40 47 48 56 61 68 72 81 88 96 99
42 c 58 75 201 377 494 10 20 14 48 53 73 75 79 80 85 89 91
43 c 27 43 201 14 494 10 9 8 44 46 48 49 50 66 71 73 76 85 87 89 96
44 c 26 52 201 14 494 10 9 3 45 52 56 70 79 80 82 85 89 90 96
45 c 49 58 201 332 497 10 10 9 47 48 49 51 56 57 60 61 62 65 67 73 79 87 90 96
46 c 55 20 201 273 498 10 19 26 48 64 66 73 74 88 90 96 97 99
47 c 37 31 201 19 499 10 14 7 48 50 59 61 62 85 96 100
48 c 56 37 201 20 500 10 6 5 53 62 64 65 76 79 83 91 93
49 c 18 75 201 393 502 10 20 26 50 55 68 70 72 76 79 81 90
50 c 25 30 201 25 505 10 3 1 60 63 64 78 84 85 93 97
51 c 21 24 201 310 507 10 28 24 53 58 61 66 72 77 78 93 97
52 c 63 65 201 27 507 10 8 12 68 71 78 79 81 85 87 99
53 c 22 75 201 30 510 10 30 32 60 76 87 89 91 94 97 99
54 c 20 85 201 40 520 10 20 30 70 75 78 79 82 84 86 88 99
55 c 10 20 201 42 522 10 19 12 78 81 82 87
56 c 8 45 201 43 523 10 20 10 62 81 87 97 100
57 c 40 5 201 45 525 10 10 12 58 62 68 74 80 83 89 95
58 c 37 47 201 311 526 10 6 11 62 64 65 67 71 74 78 79 86 96
59 c 88 35 201 50 530 10 20 30 65 71 74 77 81 95 99
60 c 5 5 201 57 537 10 16 6 61 70 76 78 86 99
61 c 42 12 201 460 539 10 10 9 62 67 78
62 c 30 25 201 342 571 10 23 28 96
63 c 15 75 201 120 600 10 20 25 66 68 71 80 81 84 90 95
64 c 10 40 201 535 622 10 30 31 76 79 86 90 93 100
65 c 63 23 201 164 644 10 2 1 72 77 79 82 83 84 90 95 96
66 c 18 80 201 432 665 10 10 6 68 71 76 78 89 92 94
67 c 50 35 201 560 673 10 19 24 74 79 99
68 c 41 37 201 570 681 10 16 23 80 81 85 90 92 93 95 100
69 c 30 60 307 629 689 10 16 12 73 74 75 79 81 84 86 95
70 c 57 48 307 212 692 10 23 29 73 87 95
71 c 4 18 307 516 697 10 35 42 83 84 85 91 92 96
72 c 42 15 307 494 699 10 10 20 80 81 88 92
73 c 40 60 307 613 730 10 21 18 76 85 88 91 92 100
74 c 20 80 307 674 734 10 40 34 83 85 94
75 c 20 20 307 675 735 10 8 11 76 87 93 95 97
76 c 55 85 307 531 736 10 20 16 77 78 85 88 98
77 c 5 35 307 683 743 10 10 11 83 91 93 94 97 100
78 c 55 60 307 554 767 10 16 21 85 91 92 99 100
79 c 22 85 307 291 771 10 10 7 82 87 90 97
80 c 67 85 307 655 778 10 20 11 97 100
81 c 85 35 307 307 787 10 30 27 87 90 96 97
82 c 87 30 377 562 799 10 10 3 88 91 92 98
83 c 72 35 377 327 807 10 30 31 84 89 90 91 93
84 c 0 45 377 698 827 10 20 12 91 97 98
85 c 95 30 377 349 829 10 30 21 87 99
86 c 23 3 377 794 854 10 7 3 97 99
87 c 65 82 377 377 857 10 10 13 89 91 94 100
88 c 55 54 382 382 862 10 26 26 89 90 91 93 98
89 c 38 15 392 609 872 10 10 13 90 92 94 95
90 c 35 5 424 821 881 10 20 24 93 94 98
91 c 15 60 424 623 884 10 17 21 92 99
92 c 67 5 424 611 897 10 25 29 94 99
93 c 15 10 424 842 902 10 20 29 94 99 100
94 c 42 5 424 424 904 10 10 19 95
95 c 25 85 431 431 911 10 20 30 97
96 c 61 52 448 789 928 10 3 13
97 c 35 69 450 780 930 10 23 27
98 c 31 67 450 870 930 10 3 4 99 100
99 c 49 42 457 457 937 10 13 4
100 c 47 47 462 817 942 10 13 9

