StringID Type x y release ReadyTime DueDate ServiceTime weight volume Item_Conflitante1 Item_Conflitante2 Item_Conflitante3 Item_Conflitante4 Item_Conflitante5 Item_Conflitante6 Item_Conflitante7 Item_Conflitante8 Item_Conflitante9 Item_Conflitante10 Item_Conflitante11 Item_Conflitante12 Item_Conflitante13 Item_Conflitante14 Item_Conflitante15 Item_Conflitante16 Item_Conflitante17 Item_Conflitante18 Item_Conflitante19 Item_Conflitante20 Item_Conflitante21 Item_Conflitante22 Item_Conflitante23 Peso_Total Volume_Total
0 d 40 50 0 0 1236 0 0 0                        200 200
1 c 50 40 70 100 289 90 50 40 18 22 57 60 67 68 69 71 86 87
2 c 8 40 70 33 313 90 40 43 4 13 20 23 48 49 50 53 58 63 65 66 72 77 79 83 84 91 97
3 c 67 85 70 257 552 90 20 30 4 6 10 19 21 27 36 41 50 66 69 76 93 94
4 c 5 35 70 191 436 90 10 4 14 34 44 46 60 66 80 84 97
5 c 95 35 70 194 459 90 20 30 10 17 23 33 45 52 58 60 69 70 87 88 93 97
6 c 2 40 70 305 512 90 20 22 12 14 24 28 31 37 42 43 47 50 53 55 56 57 76 85 93 100
7 c 0 40 70 414 587 90 30 28 10 11 20 21 26 29 33 47 49 64 65 66 81 100
8 c 88 35 70 50 295 90 20 15 9 11 17 41 47 54 55 56 60 63 65 70 71 72 81 82 85 97 98
9 c 35 30 70 180 405 90 10 2 12 19 20 24 34 48 64 72 76 81 82 83 90
10 c 35 32 70 63 338 90 10 19 21 40 52 53 58 59 64 67 78 93 99
11 c 33 32 70 19 345 90 20 10 12 13 15 20 21 34 44 47 61 87 91 96 98
12 c 33 35 70 16 273 90 10 11 20 28 33 35 37 40 47 48 53 57 60 61 66 70 71 73 77 83 92 97
13 c 32 30 70 278 493 90 10 8 16 19 22 24 26 33 35 39 41 52 56 59 62 63 65 67 69 70 76 86 88 89 96
14 c 30 32 70 355 602 90 30 33 18 29 30 33 43 45 64 70 71 72 77 78 80 88 91 96 98
15 c 60 55 70 20 276 90 10 17 25 27 29 34 45 55 73 74 81 83 84 85 93
16 c 95 30 70 284 559 90 30 29 26 27 29 36 49 51 53 54 58 70 71 85 87 99 100
17 c 75 55 70 293 496 90 20 14 28 38 54 58 61 71 73 82 94 98
18 c 65 55 70 25 260 90 20 24 22 27 43 46 49 50 54 57 63 71 74 76 80 81 88 100
19 c 66 55 70 76 335 90 10 8 30 31 37 48 55 57 60 72 73 82 90 92 93
20 c 44 5 70 193 440 90 20 25 24 26 28 31 44 47 50 55 60 65 69 70 85
21 c 42 10 70 78 365 90 40 35 23 26 32 62 81 86 93
22 c 42 15 70 35 287 90 10 14 24 25 26 27 33 35 38 40 43 46 55 58 60 65 66 72 76 82 88 89 93 94 97
23 c 40 5 70 308 513 90 30 36 24 32 38 41 45 50 61 68 74 91 96
24 c 40 15 70 35 246 90 40 31 27 35 40 42 56 71 74 75 93 94 99
25 c 47 40 70 12 275 90 10 8 31 32 36 45 52 55 60 65 71 73 79 81 91
26 c 72 55 70 154 449 90 10 16 30 35 41 44 46 54 59 64 70 72 74 78 79 80 88 93 95 98
27 c 50 35 70 181 398 90 20 13 29 31 36 47 52 53 62 71 78 91 92 93 95 98 99 100
28 c 10 35 70 144 293 90 20 28 38 47 55 57 58 61 67 70 81 88 95 97
29 c 20 55 70 368 585 90 10 13 53 54 62 63 66 67 74 79 82 88 92 93 96
30 c 10 40 70 31 309 90 30 22 32 36 37 38 42 46 54 73 74 78 88 96 99
31 c 22 75 70 30 280 90 30 31 34 35 36 39 47 49 52 54 73 74 81 86 87 92 93
32 c 58 75 70 30 248 90 20 12 52 53 57 70 71 73 76 85 89 91
33 c 90 35 70 119 344 90 10 14 36 48 53 61 68 71 84 93 100
34 c 42 66 70 16 336 90 10 1 36 37 41 45 51 70 71 79 81 83 84 89
35 c 60 80 70 36 283 90 10 5 44 54 65 71 79 81 82 83 91 95 100
36 c 42 65 70 15 226 90 10 16 39 45 48 53 57 60 63 67 72 74 75 78 85 88 98
37 c 85 35 70 47 356 90 30 25 42 45 49 54 55 62 67 85 87 89 90 91 92 96 99
38 c 40 66 70 87 308 90 20 12 41 43 46 67 68 69 73 74 81 85 90 96 98 100
39 c 38 68 70 150 429 90 20 22 46 51 53 55 56 58 64 66 68 71 73 79 80 81 86 96 100
40 c 53 35 70 263 502 90 50 60 43 48 55 57 60 66 69 73 83
41 c 35 66 70 279 488 90 10 8 42 43 44 46 49 53 58 60 64 71 94 100
42 c 35 69 70 363 590 90 10 19 50 51 63 64 69 80 87
43 c 20 50 70 288 475 90 10 9 44 45 47 48 49 50 74 82 84 85 87 88 93 98
44 c 48 40 70 12 223 90 10 6 52 76 77 78 80 85 89 100
45 c 62 80 70 130 305 90 30 36 51 54 55 62 63 70 75 80 84 97 99
46 c 23 52 70 179 398 90 10 6 59 68 77 78 84 93 100
47 c 20 85 70 394 609 90 40 37 58 60 65 66 70 71 75 82 87
48 c 18 75 70 33 226 90 20 20 49 63 66 69 73 82 96 98
49 c 15 75 70 68 365 90 20 18 51 55 57 60 66 70 75 86 91 93 97 99 100
50 c 15 80 70 176 447 90 10 2 53 60 63 64 68 69 70 71 73 75 81 88 90 92 95 99
51 c 53 30 70 367 588 90 10 2 52 64 66 67 74 88 96
52 c 30 50 70 10 265 90 10 16 54 66 75 78 81 83 90 97 98
53 c 20 80 70 318 495 90 40 41 54 55 59 64 65 70 71 72 75 77 81 89 94
54 c 65 82 70 209 412 90 10 14 56 67 69 83 84 90 92 94
55 c 65 85 70 409 584 90 40 46 58 60 67 73 76 85 88
56 c 25 50 70 15 333 90 10 17 57 65 67 73 98
57 c 25 52 70 88 305 90 40 31 60 61 64 69 84 87 89 92 93 95 97 100
58 c 70 58 70 360 621 90 20 15 60 63 71 80 86 91 99
59 c 38 5 70 376 629 90 30 29 68 71 75 99
60 c 92 30 70 370 659 90 10 20 61 66 75 77 82 87 89 91
61 c 23 55 70 476 663 90 20 27 63 66 68 70 75 80 90 93
62 c 30 30 70 453 688 90 10 8 75 89
63 c 68 60 294 470 697 90 30 31 70 80 84 85 87 89 90 91
64 c 22 85 294 489 698 90 10 19 67 77 80 87 91 93
65 c 0 45 294 481 710 90 20 17 67 70 89 91
66 c 38 70 294 429 710 90 10 12 67 71 72 86 91
67 c 60 85 294 470 713 90 30 37 79 83 87 90 95 99
68 c 35 5 294 463 728 90 20 22 74 79 94
69 c 50 30 294 412 729 90 10 5 74 87 90 91 92
70 c 88 30 294 469 748 90 10 15 76 80 82 93 98
71 c 28 30 294 539 786 90 10 8 74 78 87 90 91 92 99
72 c 48 30 294 539 786 90 10 19 73 76 77 88 93 95
73 c 5 45 294 588 793 90 10 10 74 88
74 c 65 60 294 551 802 90 30 27 81 92 97
75 c 25 55 294 502 821 90 10 8 86 94 98
76 c 40 69 294 499 824 90 20 29 84 86 92 99
77 c 25 85 294 547 826 90 20 17 88 94
78 c 87 30 294 573 826 90 10 1 86 88 92
79 c 45 30 294 669 842 90 10 19 80 81 84 92 96 98
80 c 55 85 294 530 843 90 20 22 83 84 87 93 98
81 c 28 55 294 664 845 90 10 10 88 98
82 c 42 68 294 643 866 90 10 13 84 88 93
83 c 38 15 294 519 872 90 10 7 84 86 89 92 94 95 99
84 c 25 30 294 635 876 90 10 8 90 91 96
85 c 85 25 294 694 895 90 10 6 87 98 100
86 c 63 58 294 640 899 90 10 2 89 98 99
87 c 8 45 294 655 912 90 20 30 88 91 100
88 c 55 80 438 628 935 90 10 5 91
89 c 45 70 438 756 939 90 30 38 90 91 98
90 c 47 35 438 753 948 90 10 14 91 94 95 96 100
91 c 60 60 438 756 969 90 10 18 92 93 97
92 c 26 32 438 719 976 90 10 4 95 96 97 99 100
93 c 28 52 438 704 991 90 20 29 98
94 c 30 52 438 836 1043 90 20 18 96
95 c 45 35 438 836 1049 90 10 14 99 100
96 c 45 68 438 830 1049 90 10 16
97 c 25 35 438 825 1056 90 10 5
98 c 28 35 508 867 1126 90 10 4
99 c 30 35 509 837 1127 90 10 4
100 c 45 65 512 847 1130 90 20 24

