StringID Type x y release ReadyTime DueDate ServiceTime weight volume Item_Conflitante1 Item_Conflitante2 Item_Conflitante3 Item_Conflitante4 Item_Conflitante5 Item_Conflitante6 Item_Conflitante7 Item_Conflitante8 Item_Conflitante9 Item_Conflitante10 Item_Conflitante11 Item_Conflitante12 Item_Conflitante13 Item_Conflitante14 Item_Conflitante15 Item_Conflitante16 Item_Conflitante17 Item_Conflitante18 Item_Conflitante19 Item_Conflitante20 Item_Conflitante21 Item_Conflitante22 Item_Conflitante23 Item_Conflitante24 Item_Conflitante25 Item_Conflitante26 Item_Conflitante27 Item_Conflitante28 Item_Conflitante29 Item_Conflitante30 Item_Conflitante31 Item_Conflitante32 Item_Conflitante33 Item_Conflitante34 Item_Conflitante35 Item_Conflitante36 Item_Conflitante37 Item_Conflitante38 Peso_Total Volume_Total
0 d 35 35 0 0 230 0 0 0                                       200 200
1 c 49 42 34 27 128 10 13 20 4 5 12 24 26 27 28 31 34 35 46 50 51 57 58 69 76 78 82 84 86 88 89 91 93 96 97 99
2 c 12 24 34 29 132 10 13 8 4 5 6 8 10 11 12 15 21 22 23 25 26 28 29 30 40 47 50 51 55 56 57 58 63 64 67 73 82 88 89 93 94 95 96 97 98 100
3 c 40 60 34 25 132 10 21 15 4 5 6 8 10 14 16 18 24 27 29 42 48 53 58 60 66 71 72 79 83 85 87 88 89 90 94 97
4 c 27 43 34 11 133 10 9 2 8 13 14 18 20 22 23 26 29 30 39 43 44 48 56 62 63 64 71 75 76 77 78 83 85 90 91 92 93 97 98 99 100
5 c 50 35 34 15 133 10 19 23 8 9 17 20 23 24 25 28 32 36 37 39 40 46 47 49 50 51 53 60 65 66 68 69 72 73 75 79 81 84 87 97 100
6 c 28 18 34 61 134 10 26 34 11 15 22 25 27 28 29 35 41 51 53 58 61 65 68 70 73 75 76 79 81 84 92 94 95 99
7 c 44 17 34 30 135 10 9 15 8 9 17 20 22 23 30 32 33 34 37 44 47 59 61 63 70 80 82 84 87 90 94
8 c 20 50 34 36 135 10 5 1 9 10 14 16 22 34 35 38 43 46 49 50 52 54 56 57 59 68 76 79 80 83 85 88 89 90 97 98 99 100
9 c 41 37 34 6 136 10 16 19 10 11 16 18 23 24 29 35 37 40 42 43 45 47 48 51 54 61 63 65 72 74 75 83 85 91 92 93 97 100
10 c 45 20 34 18 136 10 11 5 12 13 18 19 22 25 33 39 44 46 50 51 52 53 54 55 57 59 60 61 62 64 74 76 78 80 88 90 92 94
11 c 26 52 34 21 136 10 9 9 16 23 29 32 33 39 44 45 46 48 54 58 61 66 67 75 76 77 83 84 85 89 90 92 93 94 95 99 100
12 c 20 40 34 47 136 10 12 21 14 22 25 28 35 40 45 47 49 59 60 64 65 66 70 72 75 77 81 82 86 93 94 95 98 99
13 c 37 47 34 12 137 10 6 6 15 16 20 21 23 25 32 34 38 39 40 47 51 60 61 65 77 80 83 89 93 98
14 c 31 52 34 17 138 10 27 36 16 18 26 27 28 35 38 39 41 42 51 53 60 61 63 67 68 70 71 72 78 81 82 86 89 95 96 100
15 c 40 25 34 40 139 10 9 3 19 21 26 31 33 34 37 38 40 49 52 54 55 61 62 70 71 78 79 80 81 83 84 85 86 87 93 94 96 99 100
16 c 10 20 34 29 139 10 19 9 19 21 27 29 34 36 37 39 41 42 46 47 51 52 53 57 62 65 67 70 71 73 76 84 86 95 96 97 100
17 c 35 40 34 5 140 10 16 17 18 19 21 22 26 30 32 33 41 42 44 46 47 50 51 53 56 58 61 72 73 74 77 79 82 83 87 89 91 94 95 100
18 c 55 54 34 57 140 10 26 21 23 24 27 28 38 40 46 54 56 60 66 67 68 69 75 81 83 86 87 91 93 94 95 97
19 c 49 11 34 27 141 10 18 15 23 33 39 42 45 46 48 54 57 63 66 67 72 74 75 77 82 84 86 88 96 97 98 99
20 c 19 21 34 21 142 10 10 7 22 29 30 32 33 34 37 39 45 50 58 59 62 63 65 83 85 89 91 95 97
21 c 20 26 34 33 142 10 9 14 23 26 29 33 34 42 48 49 50 56 58 63 67 68 80 82 83 85 87 88 90 91 97 100
22 c 25 24 34 14 143 10 20 28 25 30 32 35 39 40 47 49 53 57 58 63 64 66 70 75 77 81 84 85 87 89 91 99
23 c 11 14 34 31 144 10 18 23 26 37 40 41 42 44 45 46 50 57 66 67 68 69 71 72 73 75 76 78 80 81 83 88 90 91
24 c 15 60 34 32 146 10 17 8 28 32 33 35 36 38 39 41 46 48 50 52 56 59 63 66 68 75 79 80 83 87 88 89 92 94 95 97 98 99
25 c 57 48 34 47 146 10 23 33 26 28 30 31 33 36 39 40 43 47 50 51 56 58 61 65 66 70 72 74 75 76 82 85 87 90 94 99 100
26 c 15 47 34 23 146 10 16 8 27 33 34 36 44 45 46 48 49 50 51 52 59 63 64 65 68 73 74 76 77 79 81 83 85 86 87 91 93 94 96 97 100
27 c 35 17 34 18 147 10 7 1 29 33 34 36 40 45 47 52 57 64 66 69 70 74 76 77 81 86 89 92 94 99
28 c 16 22 34 44 147 10 41 48 29 31 35 36 38 40 44 46 50 52 60 64 70 71 72 78 79 80 81 82 90 95 96 99
29 c 57 68 34 39 148 10 15 20 34 35 36 37 38 39 42 44 53 55 56 57 59 70 77 78 79 81 86 88 90 96 99
30 c 4 18 34 49 148 10 35 43 31 34 41 48 57 59 60 61 64 70 76 83 87 88 90 92 94 98 100
31 c 37 31 34 51 148 10 14 8 34 37 40 41 48 53 54 61 64 65 66 68 72 77 81 86 95 97 99 100
32 c 49 58 34 36 149 10 10 6 36 37 44 46 48 51 52 60 61 64 66 72 74 75 79 81 82 83 84 86 90 92 94 96
33 c 10 43 34 50 149 10 9 10 34 37 42 43 48 49 58 61 65 70 74 76 80 91 93 96 99 100
34 c 64 42 35 29 150 10 9 3 36 42 49 50 52 53 55 58 62 72 74 80 82 87 89 98
35 c 26 27 36 58 151 10 27 25 36 38 40 41 43 45 46 47 50 51 52 53 55 56 58 65 66 70 76 78 82 83 84 91 92 95 96 99 100
36 c 6 68 37 73 152 10 30 31 38 45 46 51 52 58 61 62 63 68 69 70 71 80 83 85 90 92 95 99 100
37 c 20 65 37 33 152 10 12 4 40 41 42 49 55 58 59 62 63 64 72 77 78 80 82 91 96 98 100
38 c 30 5 37 30 152 10 8 10 40 42 45 46 52 53 54 64 66 67 68 70 73 74 76 77 82 86 88 90 92 93 95 100
39 c 45 10 42 50 153 10 18 23 44 51 52 54 55 57 61 62 67 69 70 73 75 79 84 86 89 93 94 96 100
40 c 31 67 42 46 153 10 3 1 41 45 49 51 54 55 57 62 63 71 75 80 83 84 86 87 88 92 94 97 99 100
41 c 5 5 42 42 153 10 16 22 44 47 50 52 53 55 63 66 72 73 78 80 90 91 95 96 97 98 99
42 c 11 31 42 57 154 10 7 11 49 53 54 55 61 62 64 66 68 69 71 72 74 77 79 80 81 82 85 92 95 97 98
43 c 24 58 42 25 154 10 19 15 48 51 53 54 56 59 60 65 66 68 71 76 78 79 80 81 82 85 89 93 98 99
44 c 55 5 42 36 155 10 29 26 45 47 51 54 61 69 72 73 76 78 80 81 82 85 86 87 88 89 92 94 95
45 c 67 5 42 43 156 10 25 21 48 49 53 57 58 61 64 65 66 68 72 73 74 75 77 80 81 83 85 88 92 93 95 97
46 c 55 60 42 47 156 10 16 6 53 55 59 62 63 65 66 69 70 73 77 78 79 81 83 87 90 91 95 96 99
47 c 14 37 42 21 157 10 11 10 49 52 55 56 59 64 66 67 71 72 74 76 77 84 88 89 93
48 c 25 30 43 49 158 10 3 1 49 50 53 56 58 63 65 72 73 74 76 77 83 86 94 97 100
49 c 24 12 43 25 158 10 5 3 50 52 54 56 60 62 67 68 72 73 74 76 79 80 81 83 89 95
50 c 61 52 52 42 159 10 3 9 51 53 54 55 56 58 60 62 67 69 79 88 97 99
51 c 22 22 52 18 159 10 2 1 55 71 72 73 76 77 82 84 88 91 92 95
52 c 42 7 52 43 160 10 5 1 53 56 58 61 69 71 78 82 84 86 93 97 98
53 c 53 52 52 24 161 10 11 4 58 61 62 63 67 68 69 81 82 83 84 85 86 91 93 95 100
54 c 32 12 52 48 163 10 7 1 59 60 63 65 75 76 83 86 87 88 91 93 95 96 97 99 100
55 c 55 45 52 76 165 10 13 15 56 57 63 66 67 71 77 78 79 81 83 84 87 93
56 c 15 77 52 46 165 10 9 9 57 62 65 66 67 70 71 73 77 83 84 88 90 91 92 99
57 c 15 30 52 20 167 10 26 19 58 60 64 71 72 74 75 76 78 81 82 83 84 85 86 94 95
58 c 6 38 57 29 169 10 16 20 61 64 69 72 74 75 78 82 84 89 92 94 95 96 97 98 99
59 c 47 16 57 22 170 10 25 33 67 69 71 73 80 84 86 90 93 97 99
60 c 62 77 57 49 170 10 20 26 65 68 72 73 74 76 78 89 94 99
61 c 30 60 57 85 172 10 16 26 62 65 66 71 79 83 86 87 89 96 98 99
62 c 27 69 57 34 172 10 10 15 68 70 71 72 78 79 82 84 89 90 93 95 96 98 100
63 c 65 55 58 70 173 10 14 12 65 68 73 79 80 82 91 99
64 c 8 56 61 34 176 10 27 21 67 74 77 78 79 81 83 86 89 91 96
65 c 2 60 63 41 178 10 5 8 67 70 75 79 80 84 85 86 88 91 94 98 99 100
66 c 63 65 63 54 178 10 8 9 74 75 76 82 83 84 85 88 92 97 98
67 c 49 73 64 68 179 10 25 35 73 74 75 79 80 87 88 89 92 98 100
68 c 2 48 67 63 180 10 1 2 69 71 73 80 81 83 86 87 88 89 91 95
69 c 47 47 67 75 182 10 13 15 81 83 88 93 94 95 97
70 c 45 65 67 79 182 10 9 12 73 76 77 83 85 88 89 92 96 98
71 c 25 21 68 92 183 10 12 15 72 75 76 78 79 80 83 89 96
72 c 21 24 68 17 183 10 28 29 88 91 93 94 95 97 98 100
73 c 23 3 70 82 185 10 7 14 74 80 86 90 92 94
74 c 45 30 71 87 186 10 17 13 76 80 81 83 86 91 92 94 95 96 98
75 c 35 69 71 67 186 10 23 19 79 81 82 84 88 91 94 95 97
76 c 65 20 71 56 186 10 6 1 79 80 85 86 88 91 95 96 99
77 c 60 12 71 33 186 10 31 25 82 85 89 93 96 97
78 c 15 10 72 32 187 10 20 17 89 91 94 98 100
79 c 63 23 74 69 189 10 2 1 81 83 85 90 95
80 c 5 30 74 60 189 10 2 1 81 84 87 88 92 94 95 98 99
81 c 20 20 75 87 190 10 8 5 82 84 94 96 97
82 c 65 35 75 58 190 10 3 5 84 86 87 88 89 90 91 95 99 100
83 c 53 12 75 76 190 10 6 10 84 87 91 93 94 95
84 c 22 27 75 89 190 10 11 20 89 90 91 97
85 c 13 52 77 65 192 10 36 40 92 93 95 96 98
86 c 15 19 79 70 194 10 1 9 88 89 92
87 c 55 20 80 73 195 10 19 12 93 94 97
88 c 18 18 80 51 195 10 17 8 90 91 95 100
89 c 46 13 80 74 195 10 8 3 91 96
90 c 57 29 82 90 197 10 18 24 94 95 96 98
91 c 56 37 83 73 198 10 6 1 94 97 98
92 c 56 39 83 80 198 10 36 27 95 96 97 100
93 c 37 56 83 48 198 10 5 8 95
94 c 18 24 85 60 199 10 22 20 97 99
95 c 53 43 85 72 200 10 14 17 98
96 c 17 34 86 70 201 10 3 1
97 c 41 49 89 73 204 10 10 7
98 c 30 25 93 79 208 10 23 24 99
99 c 36 26 95 84 210 10 18 21
100 c 26 35 96 68 211 10 15 15

