StringID Type x y release ReadyTime DueDate ServiceTime weight volume Item_Conflitante1 Item_Conflitante2 Item_Conflitante3 Item_Conflitante4 Item_Conflitante5 Item_Conflitante6 Item_Conflitante7 Item_Conflitante8 Item_Conflitante9 Item_Conflitante10 Item_Conflitante11 Item_Conflitante12 Item_Conflitante13 Item_Conflitante14 Item_Conflitante15 Item_Conflitante16 Item_Conflitante17 Item_Conflitante18 Item_Conflitante19 Item_Conflitante20 Item_Conflitante21 Item_Conflitante22 Item_Conflitante23 Item_Conflitante24 Item_Conflitante25 Item_Conflitante26 Item_Conflitante27 Item_Conflitante28 Item_Conflitante29 Item_Conflitante30 Item_Conflitante31 Item_Conflitante32 Item_Conflitante33 Item_Conflitante34 Item_Conflitante35 Item_Conflitante36 Peso_Total Volume_Total
0 d 35 35 0 0 1000 0 0 0                                     1000 1000
1 c 57 68 40 268 367 10 15 23 5 23 27 29 30 31 33 35 39 40 42 44 51 54 56 60 70 74 78 79 82 88 89 90 93 95 96 98 100
2 c 2 60 40 41 208 10 5 1 3 4 7 8 12 15 16 32 37 39 43 50 53 61 65 67 68 70 71 72 73 78 83 86 88 91 92 95 98 99 100
3 c 14 37 40 96 249 10 11 17 4 5 7 8 10 11 13 15 20 21 22 23 30 35 39 42 46 50 52 53 54 57 58 59 66 68 70 73 82 84 87 89 92 95 97
4 c 5 5 40 302 405 10 16 20 9 17 20 31 36 37 38 43 49 51 54 58 61 63 64 65 70 71 72 74 77 82 84 89 93 94 95 99
5 c 60 12 40 33 224 10 31 25 8 9 10 11 14 15 17 18 30 32 35 36 38 40 42 47 49 58 63 65 68 70 76 77 79 80 82 84 87 92 96 98 99
6 c 40 25 40 360 437 10 9 15 12 20 22 27 28 33 35 42 43 44 45 47 51 53 56 57 59 66 68 72 73 75 78 81 85 88 89 90 92 93 96 97 100
7 c 24 12 40 25 172 10 5 6 11 12 13 16 17 18 33 35 37 39 40 43 48 55 56 57 60 61 62 63 65 66 68 69 70 72 77 81 87 91 92 93 94 95
8 c 15 47 40 162 289 10 16 24 9 16 20 22 24 25 28 29 30 31 32 34 35 37 41 44 45 47 57 58 64 69 76 86 90 92 94 98 100
9 c 11 14 40 233 340 10 18 9 10 12 22 25 28 29 30 33 35 36 37 38 40 44 47 52 55 57 63 65 68 70 71 76 80 84 87 93 96 99 100
10 c 6 38 40 29 189 10 16 17 11 13 19 22 23 24 26 30 34 35 36 42 46 48 55 56 57 59 65 67 68 69 70 71 73 79 80 84 87 88 91 94 97 98 99
11 c 8 56 40 85 250 10 27 20 12 15 21 23 25 26 27 28 29 30 32 34 36 38 39 40 47 59 70 71 73 75 76 77 81 83 85 87 88 89 91 96 97 98 100
12 c 55 54 40 411 456 10 26 23 13 15 19 23 26 32 33 39 44 45 50 51 54 58 59 60 62 67 72 74 75 81 84 88 92 93 95
13 c 20 26 40 333 432 10 9 19 14 16 18 23 25 26 30 33 38 43 48 51 55 56 66 71 74 75 83 84 87 90 92 94 99
14 c 49 58 40 348 453 10 10 20 15 18 20 24 25 27 32 33 35 36 37 38 39 46 50 52 54 57 59 61 62 63 68 69 71 73 74 77 79 85 86 91 92 93 95 100
15 c 27 43 40 174 299 10 9 2 18 19 20 24 25 29 30 31 33 42 43 44 54 56 57 58 61 62 67 75 77 78 81 82 84 87 95 96
16 c 37 31 40 414 489 10 14 17 19 20 22 23 26 29 33 34 35 37 38 39 41 46 49 53 56 57 58 60 62 63 64 66 73 74 75 77 78 81 83 86 87 92 99
17 c 57 48 40 388 465 10 23 17 24 25 26 35 41 51 53 54 55 57 59 64 65 71 76 78 80 82 83 84 85 87 90 94 95 98 99 100
18 c 61 52 40 384 499 10 3 1 19 23 24 26 27 29 32 34 38 39 40 44 47 48 52 65 67 77 79 85 87 90 91 94 95 96 97 98
19 c 49 42 40 290 373 10 13 14 26 27 29 34 37 46 50 51 52 63 65 67 71 74 79 80 82 85 88 91 93 94
20 c 49 11 40 236 345 10 18 12 21 25 28 29 33 35 36 39 40 41 45 47 48 51 52 53 62 64 67 71 72 74 75 87 89 94 99
21 c 21 24 40 17 229 10 28 22 23 25 26 29 30 33 36 39 48 52 55 56 57 63 64 65 66 67 78 82 89 91 93 95 99
22 c 44 17 40 308 399 10 9 8 24 25 30 31 35 40 45 46 49 51 55 58 60 64 65 68 72 78 79 80 82 86 88 92 98 100
23 c 12 24 40 290 377 10 13 3 25 26 28 29 34 35 39 47 48 53 55 62 63 64 73 74 81 82 84 85 87 94 96 97 98
24 c 24 58 40 163 302 10 19 24 26 31 33 34 35 37 39 45 49 58 62 67 68 69 75 76 79 81 83 84 85 89 92 93 98
25 c 27 69 40 34 191 10 10 20 28 34 38 44 45 46 47 52 53 55 60 61 62 65 69 76 81 82 83 85 87 88 90 91 96 98
26 c 15 77 40 214 333 10 9 1 31 32 33 35 38 40 43 46 48 49 52 55 64 67 72 75 81 82 83 86 96 98 100
27 c 62 77 40 49 188 10 20 25 31 36 37 40 41 45 49 53 54 56 59 63 70 72 74 75 78 82 84 86 94 95
28 c 47 16 40 31 208 10 25 17 30 34 38 41 43 46 47 50 52 53 59 65 68 69 70 73 74 77 81 85 87 91 92 93 97 100
29 c 67 5 40 294 401 10 25 33 31 34 35 39 40 45 48 53 55 64 65 76 78 79 81 83 85 94 95 98 99 100
30 c 53 52 40 45 200 10 11 14 32 34 35 41 43 44 46 47 48 49 53 61 64 65 69 71 83 91 96 98
31 c 16 22 40 376 461 10 41 33 36 40 41 42 45 50 52 55 56 57 58 59 62 63 64 66 72 74 75 77 78 79 84 85 88 96 97 99
32 c 37 47 40 162 293 10 6 11 34 35 44 46 49 51 52 56 57 69 78 81 84 87 88 91 93 98
33 c 40 60 40 259 354 10 21 28 34 36 39 44 47 48 49 57 60 61 64 68 70 72 77 78 81 82 83 90 91 95 96 98 99
34 c 19 21 40 183 306 10 10 19 35 36 38 39 41 44 46 56 59 62 64 66 68 69 71 74 76 77 83 84 92 98
35 c 35 17 40 143 282 10 7 13 36 40 49 52 53 58 62 64 65 76 77 80 85 86 87 88 89 90 91 93 96 99
36 c 25 24 40 92 231 10 20 13 40 44 47 48 51 53 55 56 57 59 63 67 72 74 76 78 79 91 95 99
37 c 15 30 40 34 209 10 26 20 44 45 51 53 55 57 65 68 76 81 85 89 96 97
38 c 20 50 40 331 410 10 5 12 44 48 51 53 58 61 68 69 70 74 83 84 86 89
39 c 10 43 40 404 481 10 9 11 42 44 47 58 59 62 64 68 70 72 73 75 77 79 82 84 92 94 97
40 c 55 60 40 400 497 10 16 26 44 45 47 49 51 52 54 58 59 64 69 71 78 85 86 90 91 95 96
41 c 20 65 40 206 325 10 12 21 43 51 54 57 58 63 65 75 82 84 85 86 88 92 97 100
42 c 50 35 40 228 345 10 19 26 49 51 53 54 66 67 72 73 74 81 92 99 100
43 c 15 10 40 32 243 10 20 23 45 46 47 55 58 59 60 63 65 69 71 77 83 88
44 c 30 5 40 175 300 10 8 5 46 47 48 50 52 53 55 61 70 73 74 80 83 88 95 96
45 c 31 52 40 152 275 10 27 33 46 47 51 54 64 65 68 69 72 76 80 83 87 88 89 94 100
46 c 22 22 40 18 181 10 2 4 47 49 50 52 54 55 56 59 60 63 66 69 71 87 88 93 94 96
47 c 20 40 40 377 434 10 12 17 48 49 51 56 57 61 70 71 74 75 77 81 82 84 85 86 91 96 97 98
48 c 10 20 40 272 373 10 19 19 49 52 53 65 66 72 74 75 79 81 87 88 92 93 95 100
49 c 26 52 40 279 388 10 9 13 50 52 53 56 57 63 67 68 70 76 77 79 85 87 88 89 90 91 94 95 96 98 99
50 c 64 42 40 190 313 10 9 2 52 53 54 56 63 67 71 75 77 79 80 86 90 95 96 98 100
51 c 31 67 40 392 487 10 3 1 56 63 66 68 69 71 72 73 77 81 83 85 86 87 91 92 95
52 c 45 20 40 214 331 10 11 7 54 60 66 68 69 75 81 82 83 86 89 92 95
53 c 45 10 40 409 494 10 18 26 57 58 59 68 70 76 77 78 82 83 95 96 98 99
54 c 55 5 40 206 325 10 29 38 59 60 62 63 64 65 66 67 77 79 84 85 88 89 92 97 98
55 c 15 60 40 269 378 10 17 18 58 63 64 67 70 72 78 79 83 84 85 86 87 89 91 98 99
56 c 28 18 40 420 447 10 26 19 63 64 69 71 73 74 77 80 82 83 88 89 96 97 98 100
57 c 4 18 40 388 465 10 35 28 61 62 63 69 70 73 94 98 99
58 c 35 40 40 104 255 10 16 17 59 61 68 70 71 72 73 74 75 79 81 83 87 88 92 99
59 c 41 37 40 114 255 10 16 9 60 62 65 66 70 76 77 78 79 82 83 84 88 90 92 93 95 96
60 c 26 27 40 436 503 10 27 23 62 69 71 72 74 78 80 82 83 84 85 89 92 95 96 97 98
61 c 42 7 40 396 511 10 5 1 65 69 73 90 95 96 98 99
62 c 11 31 40 436 511 10 7 17 65 70 71 72 76 78 81 82 89 91 94 96 98 100
63 c 25 30 40 415 514 10 3 11 66 69 70 71 75 83 87 88 91 93 96 98 100
64 c 32 12 40 421 530 10 7 1 68 70 75 76 81 86 90 91 92 96 98 99
65 c 6 68 40 501 540 10 30 20 68 77 79 81 83 93 94
66 c 55 45 239 527 584 10 13 19 68 74 75 81 83 88 89 96 99
67 c 65 55 239 529 614 10 14 17 69 74 76 77 79 80 81 86 87 88 89 95 96 98 99
68 c 2 48 239 515 628 10 1 1 80 81 86 89 90 95 97 100
69 c 30 60 239 577 632 10 16 8 71 72 73 74 79 80 84 87 89 100
70 c 47 47 239 547 642 10 13 12 71 72 73 75 76 77 79 81 82 83 87 89 91 92 93 94
71 c 45 65 239 581 666 10 9 14 74 77 79 80 83 84 85 90 92 96 97
72 c 45 30 239 588 667 10 17 26 75 76 80 82 85 87 88 89 90 91 92 93 96 99 100
73 c 25 21 239 612 673 10 12 3 86 88 89 90 92 95 97 98 99
74 c 22 27 239 607 690 10 11 19 76 77 88 91 93 96 98 99
75 c 53 12 239 585 692 10 6 9 85 86 88 92 97 98 99
76 c 49 73 239 592 693 10 25 32 77 80 81 82 89 99
77 c 20 20 239 606 693 10 8 7 80 81 83 86 87 90 91 94 97 98 100
78 c 23 3 239 620 705 10 7 9 96 98
79 c 57 29 239 641 734 10 18 28 82 86 88 93 94 96 99
80 c 63 23 239 620 739 10 2 1 83 84 87 91 92 93 99 100
81 c 56 39 348 637 752 10 36 45 82 85 89 90 91 94 96 98
82 c 35 69 348 660 777 10 23 13 83 84 86 91 94 96 98
83 c 55 20 348 678 801 10 19 17 88 91 93 99 100
84 c 46 13 348 681 802 10 8 17 85 88 89 90 93 94 98 99 100
85 c 63 65 348 686 813 10 8 13 91 96 99
86 c 30 25 348 690 827 10 23 27 88 93 94 99
87 c 65 35 348 704 847 10 3 1 88 94
88 c 41 49 348 707 848 10 10 8 94 95 96 97
89 c 17 34 370 721 862 10 3 3 91 94 96 99
90 c 15 19 370 739 866 10 1 6
91 c 5 30 370 733 870 10 2 6 96 100
92 c 13 52 420 773 906 10 36 43 95 97 100
93 c 26 35 420 755 920 10 15 6 98 100
94 c 53 43 456 817 952 10 14 12
95 c 65 20 456 817 956 10 6 12 96 98 99
96 c 18 18 465 798 965 10 17 12 98 100
97 c 37 56 468 788 968 10 5 9 100
98 c 56 37 468 839 968 10 6 10
99 c 18 24 469 811 969 10 22 21 100
100 c 36 26 480 849 980 10 18 26

