StringID Type x y release ReadyTime DueDate ServiceTime weight volume Item_Conflitante1 Item_Conflitante2 Item_Conflitante3 Item_Conflitante4 Item_Conflitante5 Item_Conflitante6 Item_Conflitante7 Item_Conflitante8 Item_Conflitante9 Item_Conflitante10 Item_Conflitante11 Item_Conflitante12 Item_Conflitante13 Item_Conflitante14 Item_Conflitante15 Item_Conflitante16 Item_Conflitante17 Item_Conflitante18 Item_Conflitante19 Item_Conflitante20 Item_Conflitante21 Item_Conflitante22 Item_Conflitante23 Item_Conflitante24 Item_Conflitante25 Item_Conflitante26 Item_Conflitante27 Item_Conflitante28 Item_Conflitante29 Item_Conflitante30 Item_Conflitante31 Item_Conflitante32 Item_Conflitante33 Item_Conflitante34 Item_Conflitante35 Peso_Total Volume_Total
0 d 40 50 0 0 3390 0 0 0                                    700 700
1 c 67 85 0 694 854 90 20 23 5 9 14 17 19 21 23 24 26 28 29 34 36 39 41 44 45 46 53 57 67 68 70 71 73 74 84 87 90 92 94 95 97 99
2 c 53 35 0 213 373 90 50 50 4 7 10 13 16 18 23 25 26 27 29 30 31 34 44 45 48 52 54 55 56 60 63 64 68 70 75 77 78 81 85 87 95 97 98
3 c 45 35 0 680 840 90 10 15 9 11 18 21 31 37 52 54 61 64 66 74 77 78 81 82 83 87 89 90 95
4 c 47 40 0 12 172 90 10 6 5 7 13 14 16 17 18 21 24 28 29 33 43 55 58 62 65 66 67 68 72 76 81 82 84 87 91 94 97 98 99 100
5 c 50 35 0 120 280 90 20 25 8 15 16 27 30 31 33 35 36 38 43 50 52 53 56 57 58 59 76 85 86 93 98 100
6 c 38 5 0 1442 1602 90 30 32 8 10 13 15 20 23 26 31 32 35 42 45 46 47 48 49 50 54 58 61 62 63 69 73 75 78 79 81 85 86 91 94 95 98 99
7 c 42 15 0 1065 1225 90 10 13 9 21 30 33 34 36 40 43 46 47 49 50 55 58 64 68 70 75 80 86 87 88 93 96 97
8 c 44 5 0 1256 1416 90 20 12 9 10 15 17 18 19 21 24 32 34 35 40 41 44 45 51 52 54 56 67 69 76 78 80 84 91 97
9 c 55 80 0 407 567 90 10 2 10 11 16 18 21 22 23 25 28 39 41 42 55 63 64 65 69 71 74 76 77 79 83 84 91 92 93 97
10 c 0 40 0 1063 1223 90 30 24 11 13 18 19 27 28 29 32 35 37 46 48 50 57 58 59 61 67 68 70 71 72 82 83 84 96 97 98
11 c 55 85 0 502 662 90 20 16 15 25 27 29 34 44 50 51 53 55 56 61 66 71 76 78 80 84 88 91 92 97 100
12 c 60 66 0 1261 1421 90 10 4 14 15 22 24 30 40 42 52 54 56 59 63 67 68 84 85 90 93 94
13 c 70 58 681 1641 1801 90 20 17 14 17 21 30 32 33 34 35 36 39 40 43 45 49 56 58 62 65 67 70 72 73 74 77 78 80 83 84 88 89 91 93 98
14 c 14 66 681 1643 1803 90 10 1 18 19 21 25 28 29 31 32 33 38 39 41 45 46 48 50 51 54 57 61 64 66 67 68 77 79 80 84 88 90 91 92 94 97 99
15 c 32 20 681 1913 2073 90 10 3 16 18 19 20 25 27 28 31 40 41 42 43 50 51 53 56 60 62 64 67 70 73 76 79 81 85 86 87 88 89 92 94 99 100
16 c 90 35 681 2131 2291 90 10 8 17 26 28 34 36 37 38 39 40 43 46 54 57 59 60 62 65 68 76 77 78 81 82 86 88 89 91 92 93 94 98 100
17 c 20 80 681 2216 2376 90 40 34 24 27 32 35 36 38 41 42 45 47 49 50 54 63 64 66 70 73 74 79 82 84 91 92 96 97
18 c 22 75 1163 2405 2565 90 30 35 19 22 27 30 35 36 37 38 41 44 45 50 52 53 55 60 63 64 66 76 80 82 87 88 90 91 95 96 97
19 c 22 66 1163 2504 2664 90 40 33 20 24 25 26 29 30 32 36 37 38 39 50 51 54 55 56 59 60 62 64 74 76 80 83 87 88 89 93 94 95 97
20 c 28 70 1163 2601 2761 90 10 12 27 31 32 40 45 47 50 53 60 61 62 63 66 68 71 78 80 83 86 87 92 96
21 c 87 30 1163 2608 2768 90 10 20 23 24 31 37 42 46 49 53 57 63 67 71 74 76 79 81 83 88 89 91 92 93 95 96 99
22 c 35 69 1163 2698 2858 90 10 5 28 30 36 43 47 50 52 54 55 64 67 69 71 83 95
23 c 34 60 1365 2887 3047 90 20 10 27 29 33 41 46 50 54 55 56 59 61 64 73 74 76 78 79 81 84 87 93 94 96
24 c 72 45 1365 2900 3060 90 10 2 30 31 34 35 37 42 44 46 47 49 55 56 62 64 67 68 70 71 72 79 88 94 95 97 98 99
25 c 95 30 1579 0 3241 90 30 33 32 34 35 38 40 42 43 51 54 56 58 59 63 67 75 79 80 82 83 84 85 87 95
26 c 95 35 1579 0 3242 90 20 29 27 30 33 44 45 46 48 52 53 65 69 73 74 79 81 88 89 92 94
27 c 92 30 1579 0 3244 90 10 1 34 35 37 40 44 47 48 56 57 60 61 62 63 65 67 68 69 71 72 74 79 80 81 88 89 91 96
28 c 85 25 1579 0 3248 90 10 17 31 33 34 37 38 39 41 43 46 51 59 63 69 70 71 74 76 80 92 95 96 99 100
29 c 85 35 1579 0 3252 90 30 26 30 36 38 43 44 50 51 53 54 59 62 68 69 72 74 78 82 85 89 93 99
30 c 86 46 1579 0 3253 90 30 37 31 34 36 38 40 42 43 51 52 56 61 80 83 87 89 90 93 94 95 96
31 c 35 5 1579 0 3254 90 20 23 33 38 39 40 42 43 44 47 58 60 63 65 70 73 75 77 87 88 89
32 c 40 5 1579 0 3255 90 30 31 33 35 37 42 47 51 58 60 62 64 66 70 74 77 79 80 86 89 93 94 96
33 c 64 46 1579 3097 3257 90 20 11 34 36 37 38 42 43 44 45 46 52 54 55 57 58 60 68 69 71 72 78 82 83 98
34 c 60 85 1579 0 3259 90 30 40 39 46 47 49 58 62 68 69 72 75 76 83 92 100
35 c 38 10 1579 0 3259 90 10 3 45 46 47 57 58 60 64 79 81 82 83 84 87 90 92 93 94 100
36 c 65 82 1579 0 3259 90 10 17 39 42 44 45 48 59 61 65 66 67 68 69 70 72 74 78 86 87 96
37 c 0 45 1579 0 3259 90 20 23 42 43 44 45 47 48 52 56 57 58 61 63 66 70 72 73 75 81 86 93 98 100
38 c 42 10 1579 0 3259 90 40 33 40 42 43 47 48 50 52 53 56 57 58 59 65 68 70 73 74 76 85 88 89 90 96
39 c 20 85 1579 0 3259 90 40 38 41 47 48 53 58 60 67 68 72 73 74 81 86 87 89 92
40 c 78 40 1579 0 3260 90 20 18 42 47 51 52 53 56 62 63 64 66 67 70 84 89 91 95 96
41 c 22 85 1579 0 3260 90 10 5 44 45 52 53 55 56 57 58 63 64 69 77 82 85 86 87 93 94 96 97 99 100
42 c 2 40 1579 0 3260 90 20 25 45 47 49 53 55 56 59 62 68 69 72 79 83 85 88 89 91 92 94 95 96 99
43 c 15 80 1579 0 3260 90 10 1 44 45 56 64 66 73 75 77 84 85 86 94 98
44 c 25 85 1579 0 3261 90 20 16 45 51 53 54 55 59 62 65 70 74 75 76 80 86 100
45 c 5 35 1579 0 3261 90 10 20 48 62 63 64 65 72 73 75 81 82 84 87 91 94 96 98
46 c 62 80 1579 0 3262 90 30 22 48 56 57 58 60 64 70 77 78 81 83 84 86 92 93 95
47 c 4 55 1579 0 3263 90 20 22 48 49 50 53 55 60 61 65 66 67 68 73 74 75 78 79 81 84 87 88 89 97
48 c 5 45 1579 0 3264 90 10 3 54 55 60 66 68 69 71 73 74 76 79 80 83 84 86 88 92 94 96
49 c 75 55 1579 0 3264 90 20 24 51 53 57 59 63 69 70 72 81 82 86 88 92 93 94 100
50 c 38 15 1579 0 3264 90 40 39 53 56 58 62 65 69 75 84 85 90 93 94 95 96
51 c 15 75 1579 0 3264 90 20 26 52 53 63 64 66 68 69 73 80 81 86 87 89 95 99
52 c 8 62 1579 0 3265 90 10 15 63 65 69 70 72 79 85 88 89 95 96 98 99
53 c 8 40 1579 0 3266 90 40 42 56 57 58 60 68 71 74 75 78 80 81 82 83 96 97 98
54 c 10 35 1579 0 3266 90 20 13 56 58 65 69 71 72 73 77 80 83 85 94 95
55 c 18 75 1579 0 3266 90 20 29 56 58 61 65 66 67 79 83 88 89 92 95
56 c 72 55 1579 0 3267 90 10 15 59 62 65 66 69 71 76 80 88 89 97
57 c 8 45 1579 0 3267 90 20 13 58 63 64 66 67 70 74 76 77 81 82 83 86 90 91 95 96 98 100
58 c 36 18 1579 0 3267 90 10 4 63 64 66 68 70 71 73 74 77 79 84 85 89 92 93 98
59 c 10 40 1579 0 3268 90 30 32 61 63 65 66 70 74 77 79 82 84 89 90 94 95 98
60 c 48 20 1579 0 3268 90 10 19 65 68 70 72 75 76 82 91 99
61 c 58 75 1579 0 3269 90 20 16 63 64 67 68 69 71 72 75 76 77 81 85 92 93 96 97 99
62 c 62 69 1579 0 3270 90 10 5 63 65 69 70 72 74 76 77 81 82 84 87 93 99
63 c 52 75 1579 0 3272 90 10 16 64 66 71 75 79 96 100
64 c 58 70 1579 0 3273 90 20 18 69 70 73 77 80 85 92 95 97 98
65 c 65 60 1579 0 3273 90 30 33 68 69 75 77 78 79 87 90 92 93 94
66 c 66 55 1579 0 3273 90 10 17 69 70 71 72 80 83 88 90 95 96
67 c 44 25 1579 0 3274 90 10 9 70 74 80 85 86 92 93 94 97 98 100
68 c 16 42 1579 0 3274 90 20 25 72 73 75 77 78 82 85 89 94 95 98 99 100
69 c 34 25 1579 0 3274 90 30 40 72 73 75 76 77 81 82 84 86 88 94 96 97
70 c 62 40 1580 0 3275 90 10 17 72 73 75 76 77 79 82 83 91 99
71 c 25 30 1580 0 3275 90 10 6 80 82 89 95 96
72 c 53 30 1582 0 3276 90 10 19 73 79 80 81 84 90 91 94 98 99
73 c 60 60 1582 0 3277 90 10 10 74 80 81 85 86 87 93 94
74 c 30 30 1582 0 3277 90 10 15 75 77 78 80 84 85 87 89 93 95 100
75 c 26 32 1582 0 3277 90 10 3 79 81 85 94 97 98
76 c 50 30 1582 0 3277 90 10 1 77 83 86 91 93 94
77 c 25 35 1587 0 3278 90 10 11 78 79 81 85 91 96 98
78 c 56 64 1587 0 3278 90 10 8 81 85 89
79 c 48 30 1587 0 3278 90 10 1 81 82 91 94 95 98
80 c 42 30 1587 0 3279 90 10 17 82 90 91 93 95 100
81 c 60 55 1587 0 3279 90 10 20 83 84 86 87 89 91 98
82 c 45 70 1587 0 3279 90 30 34 84 85 87 92 96 100
83 c 20 55 1587 0 3279 90 10 9 87 89 90 93 96 99
84 c 20 50 1587 0 3280 90 10 3 85 88 89 92 95 97 98
85 c 33 32 1587 0 3280 90 20 17 87 91 94 97 100
86 c 30 35 1587 0 3281 90 10 16 88 94
87 c 35 32 1587 0 3281 90 10 8 90 91 97
88 c 23 52 1587 0 3282 90 10 8 94 100
89 c 33 35 1588 0 3283 90 10 7 90 95 97 98
90 c 47 35 1588 0 3283 90 10 13 91 97 98 99
91 c 35 66 1588 0 3283 90 10 4 94 97
92 c 45 65 1589 0 3284 90 20 14 94 95 97
93 c 42 65 1589 0 3284 90 10 8 95 97
94 c 50 40 1590 0 3285 90 50 46 98 99
95 c 25 50 1590 0 3285 90 10 13
96 c 28 52 1592 0 3287 90 20 27 98
97 c 30 56 1593 0 3288 90 20 30 100
98 c 36 40 1594 0 3289 90 10 19
99 c 30 50 1595 0 3290 90 10 1 100
100 c 42 58 1596 0 3291 90 40 47

