StringID Type x y release ReadyTime DueDate ServiceTime weight volume Item_Conflitante1 Item_Conflitante2 Item_Conflitante3 Item_Conflitante4 Item_Conflitante5 Item_Conflitante6 Item_Conflitante7 Item_Conflitante8 Item_Conflitante9 Item_Conflitante10 Item_Conflitante11 Item_Conflitante12 Item_Conflitante13 Item_Conflitante14 Item_Conflitante15 Item_Conflitante16 Item_Conflitante17 Item_Conflitante18 Item_Conflitante19 Item_Conflitante20 Item_Conflitante21 Item_Conflitante22 Item_Conflitante23 Item_Conflitante24 Item_Conflitante25 Item_Conflitante26 Item_Conflitante27 Item_Conflitante28 Item_Conflitante29 Item_Conflitante30 Item_Conflitante31 Item_Conflitante32 Item_Conflitante33 Item_Conflitante34 Item_Conflitante35 Item_Conflitante36 Item_Conflitante37 Item_Conflitante38 Item_Conflitante39 Item_Conflitante40 Peso_Total Volume_Total
0 d 40 50 0 0 960 0 0 0                                         1000 1000
1 c 45 30 206 20 498 10 17 22 9 11 17 19 21 23 27 31 32 35 36 42 46 48 50 51 57 60 64 65 67 70 75 76 88 90 92 95 96 98
2 c 26 52 206 14 499 10 9 18 3 6 12 20 22 26 27 29 31 32 33 34 36 41 46 54 55 59 60 61 65 66 68 69 70 72 74 80 82 86 97 100
3 c 55 82 206 49 504 10 10 1 10 18 24 34 36 38 40 46 50 53 56 57 60 63 67 74 87 98 99
4 c 27 43 206 14 506 10 9 8 6 8 9 10 13 18 21 22 24 28 32 35 38 42 47 48 51 52 54 61 64 71 74 84 85 88 90 91 93 98
5 c 31 52 206 9 510 10 27 33 11 12 13 23 26 30 31 38 45 48 49 52 53 54 59 60 61 62 63 64 67 72 76 80 83 87 91 95 96
6 c 8 40 206 33 511 10 40 45 8 10 13 16 21 22 26 27 29 32 34 35 37 38 41 45 46 47 48 49 52 56 57 58 62 71 72 74 76 77 78 81 82 85 87 88 97 98 99 100
7 c 25 30 206 25 516 10 3 4 14 18 22 23 24 30 33 34 35 40 42 43 46 52 53 58 59 61 72 73 82 83 85 87 88 89 91 92 93 95 96 98
8 c 40 5 206 45 517 10 10 15 9 11 15 28 31 35 44 46 47 51 53 57 59 68 69 70 71 81 82 88 93 98 99
9 c 8 45 206 46 519 10 20 14 11 20 21 22 27 28 35 36 40 41 44 48 51 52 56 58 60 61 62 63 71 73 75 82 87 88 93 96 100
10 c 5 5 206 63 520 10 16 20 12 13 17 19 24 26 28 30 33 36 37 43 45 47 51 52 53 55 56 62 63 65 66 68 77 80 82 90 97 99
11 c 65 55 206 81 520 10 14 8 15 18 19 20 22 23 25 28 31 34 38 39 40 47 48 52 54 57 58 61 62 64 65 66 69 71 78 79 81 84 85 87 88 92 93 94 95 99
12 c 88 30 206 90 521 10 10 20 16 17 22 24 31 32 36 37 39 45 46 48 53 69 78 79 80 81 82 84 85 86 88 96
13 c 38 5 206 45 523 10 30 35 15 16 17 26 27 28 29 34 35 38 41 43 44 46 47 48 53 54 56 58 64 65 72 76 77 84 100
14 c 45 65 206 110 525 10 9 3 22 27 32 34 38 40 45 56 59 60 65 68 69 72 73 75 84 86 89 91 94 95 97
15 c 2 40 206 39 528 10 20 17 16 18 19 20 23 29 30 31 37 39 43 48 50 53 54 55 60 62 64 66 67 74 75 77 78 79 81 82 89 91 94 100
16 c 60 12 206 125 530 10 31 31 17 18 22 29 30 33 34 42 43 47 48 50 51 55 58 59 60 61 65 69 70 72 73 82 84 85 86 87 88 91 92
17 c 35 40 206 11 530 10 16 8 18 19 22 31 37 41 42 45 46 47 49 55 58 68 70 73 76 77 83 93 96 97 99 100
18 c 88 35 206 50 534 10 20 27 19 21 33 37 39 41 43 44 45 46 47 51 52 61 62 66 67 68 69 70 81 85 86 90 91 92 97 99
19 c 0 40 206 94 535 10 20 28 26 27 34 35 38 42 43 50 52 59 61 65 73 76 82 84 85 86 96 99 100
20 c 90 35 206 52 536 10 10 18 24 26 27 32 33 38 41 42 43 49 52 55 58 61 63 73 74 75 76 77 78 79 80 83 90 97 99
21 c 56 37 206 20 539 10 6 7 24 26 28 30 34 35 38 42 43 47 55 57 61 64 75 76 87 90 93 95 96
22 c 42 10 206 85 542 10 40 35 25 28 30 33 41 44 47 48 52 53 54 55 56 57 60 66 67 69 75 76 79 80 85 86 87 88 89 90 94 96 99
23 c 22 75 206 30 546 10 30 33 27 35 38 39 40 47 49 51 52 53 55 56 57 58 67 68 75 77 80 81 82 87 90 91 94 95 98 100
24 c 65 35 206 29 548 10 3 13 25 29 32 35 37 43 44 52 54 57 60 62 63 64 65 68 71 74 75 76 80 87 89 90 91 94
25 c 24 58 206 90 549 10 19 22 29 32 36 37 39 45 49 53 55 57 68 69 70 74 78 86 88 89 90 91 92 97 100
26 c 64 42 206 100 555 10 9 8 27 28 31 32 35 38 46 50 52 54 58 60 66 68 69 72 75 77 78 80 88 96 97 100
27 c 2 60 206 135 556 10 5 3 28 33 41 43 47 48 49 52 60 61 63 64 65 66 67 68 72 79 80 85 93 99
28 c 15 75 206 161 558 10 20 17 29 30 31 42 46 50 51 52 53 55 56 59 64 65 67 71 76 80 82 87 92 94 96
29 c 62 80 206 114 561 10 30 39 31 34 35 37 39 41 42 46 47 50 51 52 54 59 60 64 65 68 79 80 81 85 86 87 95 97
30 c 12 24 206 272 565 10 13 3 41 44 45 48 51 54 56 58 62 64 66 68 69 74 79 81 84 85 94 95 98
31 c 37 31 206 19 566 10 14 24 35 39 42 48 53 55 57 62 67 70 73 75 81 82 86 89 90 92 93 94 97 98
32 c 55 80 206 33 568 10 10 15 36 40 43 48 50 55 60 68 73 78 79 87 90 91
33 c 44 5 206 218 571 10 20 21 37 38 40 46 49 51 53 63 64 65 67 71 72 73 74 79 85 89 92 96 97 98
34 c 92 30 206 55 575 10 10 2 36 37 39 51 53 55 66 67 69 73 76 82 86 89 93 99
35 c 49 58 206 249 580 10 10 8 37 38 45 46 50 56 57 58 60 66 68 73 74 76 81 82 83 85 89 97 98 99
36 c 53 43 206 14 581 10 14 19 40 44 45 46 49 51 55 62 69 71 76 78 79 84 85 88 89 91 92 94 97 98
37 c 60 85 206 191 586 10 30 32 39 42 43 45 50 54 68 69 77 80 82 83 86 87 88 96 98 99
38 c 26 35 206 149 586 10 15 19 39 40 49 50 52 57 58 59 70 71 73 79 80 88 89 91 95 98
39 c 65 20 206 39 593 10 6 1 40 41 43 47 48 51 55 59 65 72 75 78 85 87 91 94 95 98 99
40 c 20 82 206 37 597 10 10 13 42 45 46 48 50 58 61 63 64 65 68 70 71 74 76 77 79 82 90 92
41 c 95 35 206 57 600 10 20 18 42 45 46 48 57 63 64 67 73 74 75 78 80 84 95
42 c 85 25 206 51 602 10 10 15 43 44 46 50 54 56 57 59 66 69 70 72 73 80 83 87 88 90
43 c 21 24 206 212 605 10 28 34 52 54 59 60 70 72 75 77 79 80 82 83 86 87 90 93
44 c 2 45 206 38 606 10 10 4 45 46 53 54 58 62 68 69 71 75 79 81 86 88 89 92 93 97
45 c 6 68 206 215 608 10 30 30 46 47 50 51 54 56 58 62 63 72 79 80 86 88 89 92 97 98 99
46 c 63 23 206 198 609 10 2 1 47 49 50 52 57 65 69 70 71 82 83 89 92 95 96 99
47 c 55 20 206 161 610 10 19 15 48 60 61 63 65 68 69 70 72 78 79 87 94 97 100
48 c 65 85 206 43 617 10 40 42 52 54 55 57 60 63 68 72 74 76 77 81 85 86 88 89 91 96
49 c 63 65 206 27 622 10 8 1 50 52 53 57 59 62 68 69 72 80 81 84 87 90 91 92 94
50 c 15 80 206 229 624 10 10 3 54 57 70 74 78 79 81 82 83 89 90 92 93 95
51 c 20 50 206 239 630 10 5 5 53 54 69 70 71 72 75 82 84 87 89 92 96 100
52 c 20 85 206 40 630 10 20 14 53 54 66 67 70 71 73 77 81 83 87 89 100
53 c 37 47 206 204 633 10 6 11 62 66 68 70 73 79 81 82 87 91 97 99
54 c 57 48 206 265 638 10 23 33 56 58 61 69 71 81 84 86 91 92 97 98 99
55 c 40 15 206 229 640 10 40 46 56 58 60 65 72 74 80 81 87 88 90 91 92 94 96 99 100
56 c 10 35 206 213 648 10 20 24 58 69 70 73 74 75 78 82 90 91 93 96 100
57 c 57 29 206 259 650 10 18 24 67 70 72 73 77 82 83 87 89 92 94 99 100
58 c 60 80 206 36 658 10 10 4 60 62 67 68 70 72 73 78 85 87 90 96 97 98
59 c 42 12 206 341 658 10 10 15 60 65 66 73 74 76 77 80 83 84 85 91 93 94 100
60 c 8 56 206 190 659 10 27 21 63 64 70 75 76 85 86 87 88 91 93 94 98
61 c 18 75 206 228 667 10 20 11 62 63 64 65 66 70 77 79 99
62 c 58 75 206 201 670 10 20 16 68 69 71 75 78 81 83 94 95 99 100
63 c 30 25 206 227 686 10 23 25 65 66 71 73 76 80 81 89 91 94
64 c 5 45 322 35 697 10 10 10 65 70 75 77 83 85 88 93 97
65 c 10 20 322 42 706 10 19 29 66 67 72 78 80 85 87 95 97 98 100
66 c 22 85 322 353 708 10 10 8 72 73 78 79 84 87 88 92 95 96 97 99
67 c 85 35 322 342 751 10 30 35 69 72 74 77 78 80 84 89 96
68 c 10 40 322 404 753 10 30 29 70 72 74 75 80 82 83 88 91 92 93 94 96 97 98 100
69 c 72 35 322 351 782 10 30 21 72 74 75 78 79 85 86 87 89 90 92 93 94 95 98 100
70 c 18 80 322 315 782 10 10 13 77 78 79 80 81 84 85 86 89 94
71 c 4 18 322 426 787 10 35 27 78 82 83 85 86 89 94 98 100
72 c 95 30 322 389 788 10 30 26 74 79 80 81 85 89 90 93 96 98 99
73 c 42 15 322 391 802 10 10 1 75 78 80 84 89 93 96 97
74 c 65 82 345 410 823 10 10 18 76 80 84 90 91 92 99
75 c 55 54 345 418 825 10 26 26 78 79 84 91 92 94
76 c 55 85 367 429 838 10 20 22 78 90 92 96 97 100
77 c 50 35 367 390 843 10 19 18 81 84 89 96 98 100
78 c 41 37 367 404 847 10 16 13 79 82 83 90 93 94 95 99 100
79 c 55 60 393 448 873 10 16 15 86 87 88 90 91 92 95
80 c 30 60 422 420 897 10 16 19 84 85 87 90
81 c 67 5 422 325 897 10 25 26 83 84 85 89 90 92 93 94 96 98 99
82 c 87 30 422 425 898 10 10 14 85 87 89 90 91 100
83 c 23 3 422 390 900 10 7 7 86 87 89 94
84 c 15 10 422 401 902 10 20 18 86 87 88 92 98
85 c 35 5 424 386 904 10 20 13 89 90 93 95
86 c 42 5 424 396 904 10 10 11 90 96 98 100
87 c 67 85 425 410 905 10 20 11 90 95 97 98 100
88 c 40 60 427 436 907 10 21 20 92 93
89 c 0 45 429 394 909 10 20 16 90 92 95 100
90 c 25 85 434 388 911 10 20 28 98 99
91 c 5 35 434 395 911 10 10 3
92 c 20 80 434 425 913 10 40 49 93 97 98
93 c 20 20 434 430 913 10 8 6 96 98
94 c 38 15 434 389 914 10 10 1 95 97 99
95 c 15 60 443 401 923 10 17 15 96 98
96 c 61 52 448 373 928 10 3 3 98
97 c 35 69 450 330 930 10 23 16 99 100
98 c 31 67 450 356 930 10 3 5 99 100
99 c 49 42 457 442 937 10 13 17
100 c 47 47 462 444 942 10 13 12

