StringID Type x y release ReadyTime DueDate ServiceTime weight volume Item_Conflitante1 Item_Conflitante2 Item_Conflitante3 Item_Conflitante4 Item_Conflitante5 Item_Conflitante6 Item_Conflitante7 Item_Conflitante8 Item_Conflitante9 Item_Conflitante10 Item_Conflitante11 Item_Conflitante12 Item_Conflitante13 Item_Conflitante14 Item_Conflitante15 Item_Conflitante16 Item_Conflitante17 Item_Conflitante18 Item_Conflitante19 Item_Conflitante20 Item_Conflitante21 Peso_Total Volume_Total
0 d 40 50 0 0 240 0 0 0                      200 200
1 c 38 5 5 65 95 10 30 40 2 3 4 5 6 7 8 10 11 12 13 14 15 16 17 18 19 21 22 24 25
2 c 2 40 5 58 88 10 20 18 3 4 5 6 8 9 10 12 13 14 15 18 19 20 22 23 24 25
3 c 8 40 5 59 89 10 40 34 4 5 6 7 9 10 13 14 15 16 17 18 20 21 23 24 25
4 c 15 80 5 91 121 10 10 16 5 6 7 8 10 11 12 13 14 15 16 17 18 20 21 23 24 25
5 c 10 35 5 91 121 10 20 28 6 7 8 9 10 12 13 14 15 17 18 19 20 23 24
6 c 40 15 5 92 122 10 40 45 7 8 9 10 11 13 14 15 17 18 19 20 21 22 23 24
7 c 18 75 5 95 125 10 20 13 8 9 10 11 12 13 14 15 16 17 19 21 22 23 24
8 c 10 40 29 119 149 10 30 33 9 10 12 13 14 15 16 17 19 23 24 25
9 c 20 80 51 141 171 10 40 47 10 12 13 14 15 16 17 19 20 21 22 23 24 25
10 c 5 35 52 142 172 10 10 4 11 12 13 14 15 16 17 18 19 20 21 22 24 25
11 c 0 45 59 149 179 10 20 12 12 13 14 15 16 17 18 19 20 22 23 24 25
12 c 44 5 64 0 184 10 20 15 13 15 16 18 19 20 21 22 23 24 25
13 c 35 5 64 154 184 10 20 27 14 15 17 18 19 20 21 22 23 24 25
14 c 40 5 65 0 185 10 10 18 15 16 17 18 19 20 23 24 25
15 c 0 40 68 0 188 10 20 16 16 17 18 19 20 21 22 24 25
16 c 20 85 69 0 189 10 20 13 17 18 19 20 21 22 23 24 25
17 c 42 10 69 0 189 10 40 42 18 19 20 23 24 25
18 c 22 85 70 0 190 10 10 2 19 21 23 24 25
19 c 25 85 71 0 191 10 20 17 20 21 22 23 24 25
20 c 5 45 74 0 194 10 10 16 21 22 23 24 25
21 c 15 75 74 0 194 10 20 27 22 23 24 25
22 c 42 15 74 0 194 10 10 4 23 25
23 c 38 15 74 0 194 10 10 11 24 25
24 c 8 45 77 0 197 10 20 17 25
25 c 22 75 79 0 199 10 30 20

