StringID Type x y release ReadyTime DueDate ServiceTime weight volume Item_Conflitante1 Item_Conflitante2 Item_Conflitante3 Item_Conflitante4 Item_Conflitante5 Item_Conflitante6 Item_Conflitante7 Item_Conflitante8 Item_Conflitante9 Item_Conflitante10 Item_Conflitante11 Item_Conflitante12 Item_Conflitante13 Item_Conflitante14 Item_Conflitante15 Item_Conflitante16 Item_Conflitante17 Item_Conflitante18 Item_Conflitante19 Item_Conflitante20 Peso_Total Volume_Total
0 d 40 50 0 0 960 0 0 0                     1000 1000
1 c 38 5 28 201 321 10 30 34 3 4 5 6 7 8 9 10 11 13 15 16 19 22 23 25
2 c 2 40 28 174 294 10 20 15 4 5 7 8 9 10 11 12 13 15 16 17 18 19 20 21 22 23 24 25
3 c 8 40 28 195 315 10 40 39 7 8 9 10 12 13 15 16 17 18 20 21 22 23 24 25
4 c 15 80 28 367 487 10 10 13 6 7 8 9 10 11 12 13 14 15 16 17 19 20 21 22 24 25
5 c 10 35 28 371 491 10 20 20 6 8 9 10 11 12 14 15 16 17 18 19 20 21 22 23
6 c 40 15 28 375 495 10 40 45 8 9 10 11 12 13 14 15 16 17 19 20 21 23 24 25
7 c 18 75 28 388 508 10 20 15 8 9 10 12 13 14 15 16 17 18 19 20 22 23 24 25
8 c 10 40 159 519 639 10 30 20 10 11 12 13 14 15 17 18 19 20 21 22 23 25
9 c 20 80 343 644 764 10 40 31 12 13 14 15 16 17 19 20 21 22 23 24 25
10 c 5 35 343 653 773 10 10 18 12 13 14 15 16 17 18 19 21 22 24 25
11 c 0 45 343 703 823 10 20 25 13 14 15 17 18 19 20 22 23 24 25
12 c 44 5 424 0 904 10 20 19 13 14 15 16 17 18 20 21 22 23 25
13 c 35 5 424 784 904 10 20 19 14 15 17 18 19 20 21 22 23 24 25
14 c 40 5 425 0 905 10 10 13 15 16 17 18 19 20 21 22 23 24 25
15 c 0 40 428 0 908 10 20 20 16 17 18 20 22 23 25
16 c 20 85 429 0 909 10 20 12 17 18 20 21 22 23 24
17 c 42 10 429 0 909 10 40 43 18 19 20 21 24 25
18 c 22 85 430 0 910 10 10 9 19 21 22 23 24 25
19 c 25 85 431 0 911 10 20 26 20 21 22 23 24 25
20 c 5 45 434 0 914 10 10 10 21 22 24 25
21 c 15 75 434 0 914 10 20 28 22 23 24
22 c 42 15 434 0 914 10 10 11 23 24
23 c 38 15 434 0 914 10 10 1 24 25
24 c 8 45 437 0 917 10 20 19 25
25 c 22 75 439 0 919 10 30 20

