StringID Type x y release ReadyTime DueDate ServiceTime weight volume Item_Conflitante1 Item_Conflitante2 Item_Conflitante3 Item_Conflitante4 Item_Conflitante5 Item_Conflitante6 Item_Conflitante7 Item_Conflitante8 Item_Conflitante9 Item_Conflitante10 Item_Conflitante11 Peso_Total Volume_Total
0 d 35 35 0 0 230 0 0 0            200 200
1 c 11 31 0 101 111 10 7 14 13 35 57 72 79 87 92 93
2 c 53 52 0 37 47 10 11 17 3 11 28 29 32 34 35 39 96
3 c 2 60 0 41 51 10 5 2 18 51 79
4 c 55 54 0 94 104 10 26 29 36 40 54 56 86
5 c 60 12 0 44 54 10 31 29 7 10 23 38 76
6 c 40 25 0 85 95 10 9 12 24 67 99
7 c 42 7 0 97 107 10 5 7 21 23 36 42 58 60 81 90
8 c 24 12 0 31 41 10 5 3 9 36 39 64 66 68 73 98
9 c 11 14 0 69 79 10 18 23 10 17 33 37 74 75 77 86 90 97 99
10 c 6 38 0 32 42 10 16 9 36 39 84 88 92
11 c 8 56 0 51 61 10 27 21 21 62 74 76 95 98
12 c 20 26 0 83 93 10 9 4 19 27 47 57 75 90 100
13 c 40 60 0 71 81 10 21 28 30 32 41 56 57 58 72 82 86 96
14 c 49 58 0 88 98 10 10 1 21 41 48 56 62 91
15 c 32 12 0 101 111 10 7 11 29 77 92
16 c 57 48 0 92 102 10 23 14 17 26 39 43 59 60
17 c 61 52 0 96 106 10 3 8 25 28 47 54 73 89
18 c 12 24 0 76 86 10 13 9 44 60 70 75
19 c 24 58 0 58 68 10 19 21 59 71 74 79 93 98 100
20 c 27 69 0 34 44 10 10 17 37 53 91
21 c 15 77 0 73 83 10 9 9 30 34 43 97
22 c 62 77 0 51 61 10 20 17 24 45 54 59 64 90 99
23 c 67 5 0 83 93 10 25 18 33 46 51
24 c 37 47 0 50 60 10 6 1 28 30 41 46 50 59 60 61 65 67 95
25 c 57 68 0 77 87 10 15 6 29 81 95
26 c 44 17 0 78 88 10 9 12 28 32 47 61 65 78 81 85 86
27 c 37 31 0 95 105 10 14 18 35 43 47 50 55
28 c 64 42 0 63 73 10 9 5 47 53 89 91
29 c 5 5 0 83 93 10 16 11 39 40 70 71 84 98 100
30 c 35 40 0 37 47 10 16 25 34 67 70 72 89
31 c 22 22 0 18 28 10 2 8 39 46 65 75 80 82 87
32 c 31 67 0 95 105 10 3 1 76 85 88 91
33 c 25 30 0 99 109 10 3 9 66 71 74 90 94 96
34 c 10 43 0 95 105 10 9 11 49 71 76
35 c 55 60 0 97 107 10 16 22 61 68 84 91
36 c 20 65 0 67 77 10 12 13 38 53 68 72 79 81 99
37 c 26 52 0 74 84 10 9 5 57 59 68 84 94
38 c 41 37 0 39 49 10 16 13 48 57 70 87
39 c 15 10 0 32 42 10 20 21 48 57 80 88
40 c 30 5 3 61 71 10 8 16 90 91
41 c 10 20 3 75 85 10 19 11 70 80 85 89 96
42 c 20 40 3 87 97 10 12 12 47 63 79
43 c 49 42 3 73 83 10 13 4 56 60 66 67 85
44 c 15 60 3 76 86 10 17 21 51 53 68 79 94 95 96
45 c 28 18 3 93 103 10 26 17 47 49 61 67 92
46 c 45 10 3 97 107 10 18 27 84 91 99
47 c 4 18 3 94 104 10 35 30 60 65
48 c 55 5 3 68 78 10 29 23 52 56 61 68 84
49 c 6 68 3 108 118 10 30 29 56 73 78 83 94 100
50 c 2 48 38 117 127 10 1 6
51 c 30 60 38 124 134 10 16 7 61 63 69 73 76 80 99
52 c 45 65 38 126 136 10 9 17 85 90
53 c 49 73 38 127 137 10 25 31 59 61 74 76 77 87
54 c 53 12 38 130 140 10 6 1 55 72 76 80 81 93
55 c 23 3 38 132 142 10 7 15 63 68 77 98
56 c 25 21 38 133 143 10 12 14 67 73 99
57 c 63 23 38 136 146 10 2 1 71 88 98
58 c 57 29 38 140 150 10 18 20 59 62 78 82 98
59 c 35 69 38 141 151 10 23 29 62 64 66 80 93
60 c 56 39 38 142 152 10 36 44 62 66 73 75 82 85
61 c 63 65 38 143 153 10 8 18 63 79
62 c 46 13 44 149 159 10 8 7 72
63 c 55 20 44 149 159 10 19 21 68
64 c 65 35 48 153 163 10 3 1 68 71 84 88 91 97
65 c 5 30 52 157 167 10 2 3 70 75 84 85 89 95 99
66 c 30 25 54 159 169 10 23 28 89 96
67 c 17 34 57 162 172 10 3 1 70 82 88 89 94
68 c 65 20 68 172 182 10 6 13
69 c 65 55 68 0 183 10 14 19 100
70 c 26 35 71 176 186 10 15 5 74 100
71 c 53 43 74 179 189 10 14 17 92
72 c 37 56 77 182 192 10 5 4
73 c 49 11 77 0 192 10 18 26 74
74 c 56 37 77 182 192 10 6 6 75 77 83 92 97 98 100
75 c 13 52 77 0 192 10 36 30 88 91
76 c 15 19 79 0 194 10 1 10 82 97
77 c 18 18 80 185 195 10 17 25 78 79 93 100
78 c 15 47 81 0 196 10 16 23
79 c 16 22 81 0 196 10 41 39 88
80 c 55 45 82 0 197 10 13 5 82 83 84 99
81 c 47 16 82 0 197 10 25 34 97
82 c 20 50 83 0 198 10 5 6
83 c 19 21 83 0 198 10 10 13 93 97 100
84 c 18 24 83 188 198 10 22 24 87
85 c 20 20 83 0 198 10 8 14 94
86 c 14 37 83 0 198 10 11 1 90
87 c 15 30 84 0 199 10 26 34 90
88 c 45 20 86 0 201 10 11 19 99
89 c 35 17 87 0 202 10 7 1 96 98
90 c 21 24 87 0 202 10 28 19
91 c 31 52 87 0 202 10 27 35
92 c 47 47 88 0 203 10 13 19
93 c 22 27 89 0 204 10 11 1 98
94 c 41 49 89 0 204 10 10 3
95 c 25 24 90 0 205 10 20 20
96 c 50 35 90 0 205 10 19 19 100
97 c 26 27 92 0 207 10 27 28
98 c 45 30 93 0 208 10 17 24 99
99 c 27 43 93 0 208 10 9 1
100 c 36 26 95 200 210 10 18 28

