StringID Type x y release ReadyTime DueDate ServiceTime weight volume Item_Conflitante1 Item_Conflitante2 Item_Conflitante3 Item_Conflitante4 Item_Conflitante5 Item_Conflitante6 Item_Conflitante7 Item_Conflitante8 Item_Conflitante9 Item_Conflitante10 Item_Conflitante11 Item_Conflitante12 Peso_Total Volume_Total
0 d 35 35 0 0 1000 0 0 0             1000 1000
1 c 41 37 96 65 305 10 16 16 12 19 22 42 47 50 56 63
2 c 64 42 96 132 372 10 9 11 11 12 15 46 49 52 57 60 68 79 81 93
3 c 40 60 96 187 427 10 21 12 15 32 61 78 79 82 89 90
4 c 53 52 96 24 264 10 11 14 43 59 62 68 94 95
5 c 5 5 96 234 474 10 16 24 6 22 37 41 43 60 62 87 97 100
6 c 60 12 96 33 273 10 31 36 8 19 21 46 55
7 c 24 12 96 25 265 10 5 11 15 16 49 50 52 64 97
8 c 11 14 96 167 407 10 18 10 17 23 38 39 56 61 94
9 c 6 38 96 29 269 10 16 7 87 90
10 c 8 56 96 48 288 10 27 21 18 68 73 85 100
11 c 49 42 96 212 452 10 13 20 24 29 48 73 74 85 96
12 c 12 24 96 214 454 10 13 16 19 36 50 53 77 79 81 94 98
13 c 24 58 96 113 353 10 19 26 18 39 43 47 71 72 74 78 81 88 99 100
14 c 27 69 96 34 274 10 10 12 51 52 61 62 82 86 95 98
15 c 15 77 96 154 394 10 9 16 27 30 47 56 63 65 81 85
16 c 62 77 96 49 289 10 20 18 17 25 31 38 46 63 72 97
17 c 67 5 96 228 468 10 25 33 23 59 60 62 64 69 83 90
18 c 37 47 96 108 348 10 6 1 22 25 44 56 95
19 c 57 68 96 198 438 10 15 11 22 33 34 37 42 45 60 72 87 92
20 c 35 40 96 60 300 10 16 12 33 56 60 69 80 95
21 c 55 5 96 146 386 10 29 28 28 37 45 46 71 78 82 88 90
22 c 2 60 96 41 281 10 5 7 38 43 44 49 66 68 83 94
23 c 44 17 96 234 474 10 9 8 30 36 38 51 59
24 c 22 22 96 18 258 10 2 8 62 69 95 99
25 c 15 60 96 204 444 10 17 7 36 80 88
26 c 20 65 96 146 386 10 12 20 41 71 90
27 c 26 52 96 214 454 10 9 7 34 38 49 52 78 87 89
28 c 10 20 96 203 443 10 19 15 40 50 53 59 69 83 90 91 94 98
29 c 15 10 96 32 272 10 20 27 30 35 60 73 79 97
30 c 30 5 96 118 358 10 8 14 33 49 57 59 74 76 79 81 89
31 c 20 26 96 263 503 10 9 16 49 95
32 c 40 25 96 279 519 10 9 4 42 45 47 60 61 67 76
33 c 49 58 96 281 521 10 10 7 34 38 64 74 87 92
34 c 20 40 96 286 526 10 12 4 77 86 91 95
35 c 57 48 96 307 547 10 23 19 66 67
36 c 4 18 96 307 547 10 35 40 38 55 58 72 79 83 100
37 c 28 18 96 314 554 10 26 21 48 54 70
38 c 55 54 96 314 554 10 26 17 51 56 62 68 70 87 89 100
39 c 31 67 96 320 560 10 3 5 40 82 88 89
40 c 61 52 96 322 562 10 3 2 49 52 75 78
41 c 10 43 96 323 563 10 9 1 44 46 83 86 97
42 c 55 60 96 329 569 10 16 10 49 63 70 81
43 c 37 31 96 332 572 10 14 7 51 54 68 72 73 77
44 c 45 10 96 332 572 10 18 9 67 75 93 96
45 c 42 7 96 334 574 10 5 13 47 55 59 64 88
46 c 25 30 96 345 585 10 3 6 54 88
47 c 11 31 96 354 594 10 7 12 65 96
48 c 32 12 96 356 596 10 7 2 62 65 67 82 85
49 c 6 68 263 401 641 10 30 26 70 75 77 82
50 c 2 48 263 452 692 10 1 9 66 73 81 88 89
51 c 30 60 263 485 725 10 16 20
52 c 45 65 263 504 744 10 9 2 62 91
53 c 53 12 263 519 759 10 6 8 59 71 76 78 81
54 c 49 73 263 523 763 10 25 22 81 86 94 95
55 c 25 21 263 523 763 10 12 4 58 68 71 78 82 88
56 c 23 3 362 543 783 10 7 1 72 99
57 c 63 23 362 560 800 10 2 2 62 73 80 93
58 c 57 29 362 568 808 10 18 24 73
59 c 56 39 362 575 815 10 36 41 64 65 85
60 c 35 69 362 599 839 10 23 28 67 89 91
61 c 55 20 362 620 860 10 19 25 65 69 83 93 99 100
62 c 46 13 362 622 862 10 8 9 89 91 94 99
63 c 63 65 379 630 870 10 8 11 71 79 84 91 95
64 c 30 25 379 639 879 10 23 31 79 86 99
65 c 65 35 396 656 896 10 3 1 70 94
66 c 17 34 412 672 912 10 3 7 73 75 76 99
67 c 5 30 422 682 922 10 2 1 70 82 100
68 c 65 55 453 0 953 10 14 16 77 99
69 c 65 20 456 716 956 10 6 7 78
70 c 26 35 458 718 958 10 15 17 78
71 c 49 11 462 0 962 10 18 26 73 81 86 93
72 c 13 52 462 0 962 10 36 33 84 87 89
73 c 15 19 464 0 964 10 1 3 76 87 92
74 c 18 18 465 725 965 10 17 26 82 85 90 91
75 c 15 47 466 0 966 10 16 9 86 88 98
76 c 16 22 466 0 966 10 41 36 83 90 100
77 c 55 45 467 0 967 10 13 22 81 96
78 c 47 16 467 0 967 10 25 35 84 86
79 c 37 56 468 728 968 10 5 6 80 81 82 84 89
80 c 19 21 468 0 968 10 10 2 89
81 c 56 37 468 728 968 10 6 1 89 94
82 c 20 20 468 0 968 10 8 11
83 c 14 37 468 0 968 10 11 19 84
84 c 20 50 468 0 968 10 5 10 99 100
85 c 18 24 469 729 969 10 22 13 90
86 c 15 30 469 0 969 10 26 30 97
87 c 53 43 470 730 970 10 14 7 96
88 c 45 20 471 0 971 10 11 21 90 96 98
89 c 31 52 472 0 972 10 27 37
90 c 35 17 472 0 972 10 7 4 93 97
91 c 21 24 472 0 972 10 28 32
92 c 47 47 473 0 973 10 13 14 96
93 c 22 27 474 0 974 10 11 17
94 c 41 49 474 0 974 10 10 2 97
95 c 25 24 475 0 975 10 20 20
96 c 50 35 475 0 975 10 19 10
97 c 26 27 477 0 977 10 27 25
98 c 45 30 478 0 978 10 17 25
99 c 27 43 478 0 978 10 9 15
100 c 36 26 480 740 980 10 18 27

