StringID Type x y release ReadyTime DueDate ServiceTime weight volume Item_Conflitante1 Item_Conflitante2 Item_Conflitante3 Item_Conflitante4 Item_Conflitante5 Item_Conflitante6 Item_Conflitante7 Item_Conflitante8 Item_Conflitante9 Item_Conflitante10 Item_Conflitante11 Item_Conflitante12 Peso_Total Volume_Total
0 d 40 50 0 0 240 0 0 0             200 200
1 c 60 80 0 37 67 10 10 1 15 18 19 38 67 70 78 79 82
2 c 85 25 0 51 81 10 10 7 8 13 17 18 21 31 36 45 49 50 54 66
3 c 60 85 0 85 115 10 30 32 22 32 74 77 93
4 c 88 30 0 74 104 10 10 1 40 61 86
5 c 55 80 0 33 63 10 10 1 13 15 23 29 41 44 47 53 58 70 75 89
6 c 55 82 0 64 94 10 10 16 10 56
7 c 95 35 0 62 92 10 20 23 22 43 49 52 68 69 72
8 c 20 82 0 37 67 10 10 19 9 13 15 16 26 28 31 38 55 69 85 97
9 c 26 35 0 77 107 10 15 10 14 33 43 54 57 61 78 95
10 c 38 5 0 65 95 10 30 21 15 25 58 67 78 81 84 92
11 c 12 24 0 90 120 10 13 15 18 37 51 62 65
12 c 6 68 0 89 119 10 30 40 29 36 43 52 53 61 63 70
13 c 62 80 0 75 105 10 30 33 15 37 43 45 47 49
14 c 8 56 0 90 120 10 27 23 19 26 32 42 46 93
15 c 65 85 0 43 73 10 40 35 22 49 67 69 75 77 79
16 c 24 58 0 67 97 10 19 16 26 30 41 46 52 57 65 69
17 c 60 12 0 75 105 10 31 23 24 26 27 47 61 62 66 84 95
18 c 65 35 0 52 82 10 3 12 40 61 67 72 90
19 c 8 40 0 59 89 10 40 44 20 21 29 55 57 64 93
20 c 31 52 0 41 71 10 27 34 35 39 56 60 68 88
21 c 64 42 0 70 100 10 9 16 23 27 29 34 38 44 50 59 73 78 85 90
22 c 35 40 0 11 41 10 16 16 39 54 70 71 72 73 97 99
23 c 45 30 0 53 83 10 17 15 35 36 44 55 67 93 95
24 c 53 43 0 14 44 10 14 10 27 53 59 78
25 c 2 40 0 58 88 10 20 26 48 49 68 88
26 c 15 80 1 91 121 10 10 19 51 52 72 88 89 93 95
27 c 20 50 1 91 121 10 5 3 36 37 43 47 94 100
28 c 10 35 1 91 121 10 20 22 41 52 57 91 93 94
29 c 58 75 6 92 122 10 20 17 34 46 55 92
30 c 40 15 6 92 122 10 40 39 38 46 53 56 58 67 71 82 87 94
31 c 18 75 6 95 125 10 20 29 45 56 71 77 91
32 c 57 29 6 96 126 10 18 16 36 40 52 53 64 66 73
33 c 42 12 14 104 134 10 10 4 35 42 46 55 59 82 89 94 98
34 c 10 40 29 119 149 10 30 40 40 45 58 63 70 78 81
35 c 50 35 40 130 160 10 19 17 39 41 55 79
36 c 41 37 43 133 163 10 16 17 44 49 94
37 c 67 85 49 139 169 10 20 28 55 62 89
38 c 30 60 50 140 170 10 16 14 39 58 67 71 84 91 92
39 c 20 20 51 141 171 10 8 14 44 66 78 86
40 c 20 80 51 141 171 10 40 50 50 52 56 57 82
41 c 95 30 52 0 171 10 30 27 56 58 68 80
42 c 5 5 52 0 172 10 16 12 45 51 72 83 89 91 93
43 c 5 35 52 142 172 10 10 17 45 54 65 67 80
44 c 40 60 54 144 174 10 21 11 58 68 88 95 97 99
45 c 92 30 54 0 174 10 10 3 51 60 68 72 76 90 91
46 c 90 35 57 0 177 10 10 6 69 79
47 c 67 5 57 0 177 10 25 23 48 70 72
48 c 87 30 58 0 178 10 10 5 55 66 92
49 c 0 45 59 149 179 10 20 20 57
50 c 88 35 59 0 179 10 20 17 69 70 82 95
51 c 23 3 60 150 180 10 7 2 65 87 88 89
52 c 4 18 64 0 181 10 35 45 56 67 79 86
53 c 85 35 64 0 182 10 30 40 70 86 91
54 c 15 10 64 152 182 10 20 11 55 75 76 93
55 c 42 5 64 0 184 10 10 19 71 76 86 100
56 c 44 5 64 0 184 10 20 17 93 99 100
57 c 35 5 64 154 184 10 20 22 60 70 73 100
58 c 40 5 65 0 185 10 10 8 80
59 c 10 20 67 0 187 10 19 17 80 81 83 92
60 c 0 40 68 0 188 10 20 16 64 65 78 82 97 99
61 c 42 10 69 0 189 10 40 50 67 72 95
62 c 20 85 69 0 189 10 20 18 100
63 c 65 82 69 0 189 10 10 12 74 77 80 83 97
64 c 22 85 70 0 190 10 10 1 94 95 100
65 c 65 20 70 0 190 10 6 1 76
66 c 2 60 70 0 190 10 5 1 88
67 c 25 85 71 0 191 10 20 25 71 78 84 96 99
68 c 2 45 72 0 191 10 10 13 74 75
69 c 55 85 72 0 191 10 20 19 94 100
70 c 18 80 72 0 192 10 10 11 79 86 89 100
71 c 63 23 74 0 194 10 2 4 92 98 99
72 c 72 35 74 0 194 10 30 31 84 92 98
73 c 15 75 74 0 194 10 20 29 78
74 c 5 45 74 0 194 10 10 6 79 88
75 c 42 15 74 0 194 10 10 9 93
76 c 38 15 74 0 194 10 10 8 99
77 c 55 20 76 0 196 10 19 17 91 96 100
78 c 21 24 77 0 197 10 28 33 87
79 c 8 45 77 0 197 10 20 29 84 92
80 c 22 75 83 0 199 10 30 24 89 94
81 c 63 65 83 0 202 10 8 16 83 87 96
82 c 15 60 83 0 203 10 17 18 83 89 90 92
83 c 30 25 83 0 203 10 23 17 99
84 c 65 55 84 0 204 10 14 16
85 c 25 30 85 0 205 10 3 1 90 93
86 c 61 52 88 178 208 10 3 1
87 c 56 37 89 0 209 10 6 4 89 95 100
88 c 35 69 90 180 210 10 23 15 99
89 c 37 31 90 0 210 10 14 19 95 99
90 c 31 67 91 180 210 10 3 1
91 c 55 60 91 0 211 10 16 20 95 96
92 c 57 48 92 0 212 10 23 22 94
93 c 45 65 94 0 214 10 9 1 98
94 c 55 54 94 0 214 10 26 24
95 c 27 43 95 0 215 10 9 9
96 c 26 52 95 0 215 10 9 1
97 c 49 58 97 0 217 10 10 19
98 c 49 42 97 0 217 10 13 18
99 c 47 47 102 192 222 10 13 16
100 c 37 47 105 0 225 10 6 9

