StringID Type x y release ReadyTime DueDate ServiceTime weight volume Item_Conflitante1 Item_Conflitante2 Item_Conflitante3 Item_Conflitante4 Item_Conflitante5 Item_Conflitante6 Item_Conflitante7 Item_Conflitante8 Item_Conflitante9 Item_Conflitante10 Item_Conflitante11 Item_Conflitante12 Item_Conflitante13 Peso_Total Volume_Total
0 d 35 35 0 0 1000 0 0 0              1000 1000
1 c 24 58 94 113 353 10 19 19 30 45 55 67 76
2 c 67 5 94 228 468 10 25 19 12 26 61 69 80 81 85 90
3 c 37 47 94 108 348 10 6 14 17 30 34 44 72 85 98
4 c 6 38 94 29 269 10 16 11 16 21 29 58 60 78 94 95 96 97
5 c 11 14 94 167 407 10 18 21 10 16 17 23 47 88 92
6 c 24 12 94 25 265 10 5 4 27 31 46 76 83 88
7 c 60 12 94 33 273 10 31 35 17 43 56 57 80 86
8 c 5 5 94 234 474 10 16 13 16 27 34 40 43 47 48 67 84 97
9 c 2 60 94 41 281 10 5 10 19 27 34 78
10 c 53 52 94 24 264 10 11 13 17 27 41 44 59 61 74
11 c 15 77 94 154 394 10 9 1 19 45 66 76 86 87
12 c 49 42 94 212 452 10 13 19 29 33 40 66 69 90 92 95
13 c 40 60 94 187 427 10 21 19 21 44 55 61 66 88 94 98
14 c 35 40 94 60 300 10 16 9 28 34 38 41 49 52 84 87 97
15 c 55 5 94 146 386 10 29 28 18 19 21 35 43 67 70 75 79 88 94
16 c 62 77 94 49 289 10 20 18 24 34 47 61 81 83 94 100
17 c 22 22 94 18 258 10 2 1 22 36 39 46 48 57 64 80
18 c 30 5 94 118 358 10 8 16 32 33 36 46 63 68 73 79 83 87
19 c 20 65 94 146 386 10 12 4 52 66 75 80 83 96
20 c 26 52 94 214 454 10 9 9 35 41 47 62 72 76 99
21 c 20 26 94 263 503 10 9 19 23 64 65 72 75 76 84 95 98
22 c 40 25 94 279 519 10 9 15 27 38 40 44 80
23 c 57 48 94 307 547 10 23 18 31 46 86 95 97
24 c 28 18 94 314 554 10 26 23 36 50 58 64 72 78 82
25 c 61 52 94 322 562 10 3 2 46 55 81 87 88 98
26 c 10 43 94 323 563 10 9 1 49 67 86 90 93 98
27 c 55 60 94 329 569 10 16 11 36 41 51
28 c 45 10 94 332 572 10 18 22 31 34 38
29 c 37 31 94 332 572 10 14 15 35 37 52 65 76 93 99
30 c 42 7 94 334 574 10 5 7 51 54 55 56 60 66 68 70 81 89 90 94 97
31 c 25 30 94 345 585 10 3 13 74 88
32 c 11 31 94 354 594 10 7 11 37 41 66 80 93 94
33 c 6 68 263 401 641 10 30 35 63 76 83
34 c 30 60 263 485 725 10 16 9 45 62 82 84 87 91
35 c 53 12 263 519 759 10 6 14 70 72 74 77 83 87 90 93
36 c 49 73 263 523 763 10 25 30 41 50 60 75 92
37 c 63 23 362 560 800 10 2 10 48 57 68 77 95
38 c 56 39 362 575 815 10 36 28 42 58 70 78 81 82 86 89
39 c 55 20 362 620 860 10 19 10 48 58 62 81 90
40 c 46 13 362 622 862 10 8 1 51 71
41 c 63 65 379 630 870 10 8 1 44 51 54 59 63 71 80 92 96
42 c 30 25 379 639 879 10 23 21 61 92 93
43 c 5 30 422 682 922 10 2 1 64 66 77 84 86
44 c 57 68 450 0 950 10 15 13 50 53
45 c 65 55 453 0 953 10 14 13 63 75 80 83 95 99
46 c 2 48 454 0 954 10 1 1 65 81
47 c 4 18 454 0 954 10 35 42 60 61 71 74 92 97 99
48 c 27 69 455 0 955 10 10 15 79 80 81 86 90 96
49 c 8 56 455 0 955 10 27 36 54 73 86 95
50 c 23 3 455 0 955 10 7 7 60 72 77 98 99
51 c 65 20 456 716 956 10 6 1
52 c 35 69 457 0 956 10 23 27 68 78 88 89 91
53 c 15 10 457 0 957 10 20 20 59 60 64 83 86
54 c 31 67 457 0 957 10 3 1 55 59 73
55 c 15 60 457 0 957 10 17 14 90 91 93
56 c 45 65 458 0 958 10 9 10 57 69 72 73 77 92 100
57 c 65 35 460 0 960 10 3 1 60 82 86 91 92
58 c 64 42 462 0 960 10 9 1 65 85 90 93 95
59 c 10 20 462 0 960 10 19 23 73 92
60 c 13 52 462 0 962 10 36 42 85 91 92 98 100
61 c 55 54 462 0 962 10 26 22 77 79
62 c 49 11 462 0 962 10 18 20 67 81 82 88
63 c 49 58 463 0 963 10 10 4 75 76 93
64 c 15 19 464 0 964 10 1 1 66 77 79 95
65 c 12 24 464 0 964 10 13 10 70 78 85 100
66 c 18 18 465 725 965 10 17 9 88 92 93
67 c 15 47 466 0 966 10 16 18 70 71 93
68 c 32 12 466 0 966 10 7 1 89 91 92 98
69 c 16 22 466 0 966 10 41 36 96
70 c 57 29 467 0 967 10 18 18 72 79 99
71 c 47 16 467 0 967 10 25 15 72 73 76 92 93
72 c 55 45 467 0 967 10 13 17 86 89
73 c 14 37 468 0 968 10 11 18 94 98
74 c 56 37 468 728 968 10 6 15 75 78 79 84 88
75 c 20 50 468 0 968 10 5 11 76 77 82 90 96
76 c 37 56 468 728 968 10 5 1 77 85 93 95
77 c 19 21 468 0 968 10 10 1 85 89 92
78 c 20 20 468 0 968 10 8 11 84
79 c 44 17 469 0 969 10 9 6
80 c 15 30 469 0 969 10 26 24 82 97 99
81 c 18 24 469 729 969 10 22 28
82 c 53 43 470 730 970 10 14 18 91 98 99
83 c 45 20 471 0 971 10 11 7 88 91 97
84 c 17 34 471 0 971 10 3 1 86
85 c 25 21 472 0 972 10 12 21 86 90 98 100
86 c 35 17 472 0 972 10 7 9
87 c 21 24 472 0 972 10 28 31 94 95 100
88 c 31 52 472 0 972 10 27 29 96
89 c 47 47 473 0 973 10 13 19
90 c 20 40 474 0 974 10 12 15 98
91 c 41 49 474 0 974 10 10 8 92
92 c 22 27 474 0 974 10 11 15
93 c 25 24 475 0 975 10 20 20
94 c 50 35 475 0 975 10 19 27 99
95 c 26 27 477 0 977 10 27 17
96 c 45 30 478 0 978 10 17 9
97 c 27 43 478 0 978 10 9 14
98 c 36 26 480 740 980 10 18 21 99
99 c 26 35 481 0 981 10 15 10
100 c 41 37 483 0 983 10 16 19

