StringID Type x y release ReadyTime DueDate ServiceTime weight volume Item_Conflitante1 Item_Conflitante2 Item_Conflitante3 Item_Conflitante4 Item_Conflitante5 Item_Conflitante6 Item_Conflitante7 Item_Conflitante8 Item_Conflitante9 Item_Conflitante10 Item_Conflitante11 Peso_Total Volume_Total
0 d 35 35 0 0 1000 0 0 0            1000 1000
1 c 35 40 54 44 315 10 16 24 10 37 39 40 45 47 49 55 74 77 90
2 c 40 60 54 199 414 10 21 26 4 15 44 46 59 87 96
3 c 53 52 54 24 299 10 11 10 28 51 55 57 74 91
4 c 2 60 54 41 328 10 5 13 21 23 29 32 33 53 66 99
5 c 26 52 54 219 448 10 9 18 10 23 35 38 42 60 65 69 75
6 c 5 5 54 298 409 10 16 14 7 18 50 59 72 92
7 c 60 12 54 33 344 10 31 22 8 22 23 43 66
8 c 57 48 54 377 476 10 23 25 13 30 59 60 63 95 97 100
9 c 24 12 54 25 292 10 5 12 39 55 66 71 76 79 80 95
10 c 22 22 54 18 159 10 2 10 18 57 74 80
11 c 11 14 54 230 343 10 18 21 20 31 45 55 58 62 89 90 96
12 c 28 18 54 397 470 10 26 20 31 45 50 53 71
13 c 20 26 54 328 437 10 9 9 23 40 47 63 91
14 c 37 31 54 403 500 10 14 9 18 22 26 39 70 85
15 c 24 58 54 168 297 10 19 23 27 28 36 51 69 97
16 c 15 77 54 154 393 10 9 11 48 49 78 82 85
17 c 62 77 54 49 308 10 20 28 34 43 48 59 64 66 75
18 c 67 5 54 291 404 10 25 32 22 33 46 49 57 83 100
19 c 37 47 54 165 290 10 6 1 24 26 27 30 34 41 45 50 67 99
20 c 49 42 54 281 382 10 13 19 57 71 79 80 85 89
21 c 6 38 54 29 309 10 16 26 28 42 49 76
22 c 55 5 54 206 325 10 29 21 28 34 47 67 68 76 80
23 c 40 25 54 300 497 10 9 18 34 42 61 77 80 93
24 c 10 43 54 393 492 10 9 17 32 58 79 88 96
25 c 20 65 54 206 325 10 12 21 26
26 c 30 5 54 176 299 10 8 10 37 50 63 98
27 c 55 60 54 394 503 10 16 14 32
28 c 64 42 54 29 513 10 9 11 31 49 50 63 64 66 71 82 97
29 c 11 31 54 425 522 10 7 12 35 42 46 50 56 64 69 86 92
30 c 41 37 54 6 526 10 16 7 36
31 c 57 68 54 98 537 10 15 25 34 48 60 69 80 83 99
32 c 12 24 54 126 541 10 13 12 34 47 53 72
33 c 10 20 54 102 543 10 19 14 42 54 63 78
34 c 15 60 54 95 552 10 17 27 45 54 87 88
35 c 45 10 54 349 554 10 18 16 76 85
36 c 61 52 227 324 559 10 3 5 42 49 91
37 c 44 17 227 143 564 10 9 7 60 71 80 85
38 c 42 7 227 336 571 10 5 1 59 71 80 82 88 91 95 99
39 c 25 30 227 355 574 10 3 1 64 80 82
40 c 20 40 227 229 582 10 12 2 53 72 89
41 c 27 69 227 34 588 10 10 3 54 64 97
42 c 55 54 227 268 599 10 26 19 45 49 53 62 65 93
43 c 6 68 227 441 600 10 30 34 49 52 53 56 89 93
44 c 8 56 227 34 602 10 27 21 51 56 72 73 81 94
45 c 4 18 227 230 623 10 35 39 54 63 86 98
46 c 49 58 227 176 625 10 10 7 69 70 85 99
47 c 31 67 227 225 654 10 3 1 77 94
48 c 20 50 227 72 669 10 5 1 67 77 79 96
49 c 30 60 227 517 692 10 16 13
50 c 15 10 227 32 694 10 20 12 52 53 60 64 90 97 98
51 c 32 12 227 246 705 10 7 1 52 55 65 93 95
52 c 49 11 227 27 711 10 18 11 56 90
53 c 50 35 227 15 725 10 19 10 56 62 66 67 80 81 93 100
54 c 45 20 227 18 727 10 11 19 65 98
55 c 16 22 227 110 727 10 41 34 59 71 77 82 86 87 92 95
56 c 63 23 329 620 739 10 2 1 70 74
57 c 31 52 329 17 744 10 27 25 69 97
58 c 19 21 329 21 748 10 10 13 78
59 c 27 43 329 11 748 10 9 3 68
60 c 26 27 329 190 749 10 27 28 68 71 83 91 99
61 c 53 12 329 525 752 10 6 1 65 71 95
62 c 49 73 329 532 753 10 25 16 71 76 82 84 99
63 c 15 47 329 23 761 10 16 18 79 81 94 95
64 c 35 17 329 18 792 10 7 16 65 72
65 c 25 24 329 14 793 10 20 29 66 83 95
66 c 55 20 329 679 800 10 19 16 84
67 c 46 13 329 681 802 10 8 3 79
68 c 2 48 329 338 805 10 1 8 75 97
69 c 56 39 329 577 812 10 36 44 73 89 91
70 c 55 45 329 289 822 10 13 18 74 78 90 93
71 c 30 25 329 694 823 10 23 18 81 87
72 c 25 21 329 462 823 10 12 13 82 84
73 c 45 65 329 418 829 10 9 18 79
74 c 14 37 378 21 842 10 11 13 75 79 87 88
75 c 23 3 378 458 867 10 7 13 94 98 99
76 c 63 65 378 626 873 10 8 16 79 83 87
77 c 65 55 378 265 878 10 14 9 81 95 96
78 c 57 29 417 475 900 10 18 18 85 88
79 c 15 30 417 20 906 10 26 32 80 83 94
80 c 47 16 417 22 915 10 25 17 87 90 99
81 c 47 47 417 272 917 10 13 23 97 98
82 c 45 30 430 328 927 10 17 8 89 95
83 c 5 30 430 673 930 10 2 1 84 88
84 c 53 43 448 821 948 10 14 22 85 88
85 c 22 27 453 344 953 10 11 10 98
86 c 35 69 455 482 955 10 23 16 89 93
87 c 65 20 456 826 956 10 6 10 91
88 c 65 35 460 435 960 10 3 1
89 c 20 20 460 339 960 10 8 1
90 c 13 52 462 200 962 10 36 27
91 c 15 19 464 222 964 10 1 1 93 96
92 c 18 18 465 821 965 10 17 24
93 c 37 56 468 668 968 10 5 4
94 c 56 37 469 719 968 10 6 14 95
95 c 18 24 469 691 969 10 22 31 96
96 c 17 34 471 449 971 10 3 1
97 c 21 24 472 17 972 10 28 32
98 c 41 49 474 190 974 10 10 12
99 c 36 26 480 854 980 10 18 11
100 c 26 35 481 409 981 10 15 25

