StringID Type x y release ReadyTime DueDate ServiceTime weight volume Item_Conflitante1 Item_Conflitante2 Item_Conflitante3 Item_Conflitante4 Item_Conflitante5 Item_Conflitante6 Item_Conflitante7 Item_Conflitante8 Item_Conflitante9 Item_Conflitante10 Item_Conflitante11 Item_Conflitante12 Item_Conflitante13 Item_Conflitante14 Peso_Total Volume_Total
0 d 35 35 0 0 230 0 0 0               200 200
1 c 35 40 2 27 57 10 16 19 13 14 25 27 29 59 76 80 87
2 c 40 60 2 61 91 10 21 19 8 9 25 39 48 54 64 95
3 c 49 42 2 63 93 10 13 20 18 22 54 57 61 79 86
4 c 15 77 2 63 93 10 9 8 13 21 24 49 64 72 84 95
5 c 53 52 2 27 57 10 11 11 26 27 37 39 48 50 51 61 66 69 82 84 89 94
6 c 2 60 2 41 71 10 5 6 16 19 20 28 54 85 92
7 c 5 5 2 73 103 10 16 19 16 23 31 33 43 44 68 78 84 85
8 c 60 12 2 34 64 10 31 35 13 45 46 47 70 89 90
9 c 40 25 2 75 105 10 9 10 13 36 45 71 74 94 96
10 c 24 12 2 25 55 10 5 6 30 36 54 69 93
11 c 11 14 2 59 89 10 18 18 21 26 27 28 34 41
12 c 6 38 2 29 59 10 16 18 13 25 33 43 49 57 58 84 90
13 c 20 26 2 73 103 10 9 14 24 26 31 45 50 62 69 71 72 73 87
14 c 37 31 2 85 115 10 14 20 31 35 36 41 71 72 78 90 99
15 c 37 47 2 40 70 10 6 1 39 68 73 75 93
16 c 67 5 2 73 103 10 25 26 20 34 63 83 84 87 89 98
17 c 24 58 2 48 78 10 19 13 19 20 32 40 82 94
18 c 57 48 2 82 112 10 23 22 26 38 43 52 60
19 c 55 5 2 58 88 10 29 24 22 27 34 56
20 c 62 77 2 49 79 10 20 19 23 34 39 91
21 c 26 52 2 64 94 10 9 17 30 44 47 68 69
22 c 10 43 2 85 115 10 9 3 31 36 40 55 61 73 91 94
23 c 30 5 2 51 81 10 8 15 29 41 52 84 85 93 94
24 c 28 18 2 83 113 10 26 20 36 40 45 49 71 77 94 95 98
25 c 20 65 2 57 87 10 12 7 34 42 53 67 70 97
26 c 22 22 2 18 48 10 2 6 37 48 53 59 79
27 c 61 52 2 86 116 10 3 13 33 39 40 41 45 84 100
28 c 45 10 2 87 117 10 18 28 29 50 52 72 78
29 c 42 7 2 87 117 10 5 1 40 47 86 90
30 c 55 60 2 87 117 10 16 10
31 c 25 30 13 89 119 10 3 1 32 34 45 70 99
32 c 11 31 13 91 121 10 7 1 80 81 96
33 c 6 68 13 98 128 10 30 39 61 84 90
34 c 30 60 32 114 144 10 16 14 61 62 72 81 88 97
35 c 49 73 32 117 147 10 25 22 37 41 46 50 53 57 64 71 74 81 84 97
36 c 53 12 35 120 150 10 6 7 40 49 51 59 75 82 93 95 100
37 c 63 23 41 126 156 10 2 12 42 47 67 70 77 78 85 92
38 c 56 39 47 132 162 10 36 36 41 48 51 53 60 62 65 75 76 82 84
39 c 63 65 48 133 163 10 8 3 98
40 c 55 20 54 139 169 10 19 17 49 52 66 72 76 83 86 92
41 c 46 13 54 139 169 10 8 13 44 54 77 91 99 100
42 c 5 30 62 147 177 10 2 1 71 75 81
43 c 30 25 64 149 179 10 23 15 47 50 60 66 77 88
44 c 57 68 65 0 180 10 15 18 62 63 66 73 74 88 96
45 c 65 55 68 0 183 10 14 8 80
46 c 4 18 69 0 184 10 35 42 47 55 67 73 89
47 c 2 48 69 0 184 10 1 2 71 75 80 87
48 c 27 69 70 0 185 10 10 14 50 54 57 60 81
49 c 8 56 70 0 185 10 27 20 59 65
50 c 23 3 70 0 185 10 7 1 63 94 100
51 c 35 69 71 0 186 10 23 23 71 72 82
52 c 65 20 72 156 186 10 6 1 63 73
53 c 15 10 72 0 187 10 20 15
54 c 31 67 72 0 187 10 3 8 76 81 93
55 c 15 60 72 0 187 10 17 24 61 76 85 91 94 99
56 c 45 65 73 0 188 10 9 1 65 70 94 97
57 c 10 20 75 0 190 10 19 10 65 68 92 99
58 c 64 42 77 0 190 10 9 5 66 82 86 100
59 c 65 35 77 0 190 10 3 13 72 87 91
60 c 13 52 77 0 192 10 36 37 76
61 c 49 11 77 0 192 10 18 19 66 68 80 84 96
62 c 55 54 77 0 192 10 26 32 65 69 92
63 c 49 58 78 0 193 10 10 11 69 87
64 c 15 19 79 0 194 10 1 7 75 85 88 96
65 c 12 24 79 0 194 10 13 23 70 80 97 100
66 c 18 18 80 165 195 10 17 18 75 90 93
67 c 15 47 81 0 196 10 16 16 71 95
68 c 32 12 81 0 196 10 7 17
69 c 16 22 81 0 196 10 41 34 95
70 c 57 29 82 0 197 10 18 13 93 98
71 c 47 16 82 0 197 10 25 27 78 82 90
72 c 55 45 82 0 197 10 13 4
73 c 14 37 83 0 198 10 11 9 77 79
74 c 56 37 83 168 198 10 6 15 75 96 99
75 c 20 50 83 0 198 10 5 1 100
76 c 37 56 83 168 198 10 5 1 79 85 95
77 c 19 21 83 0 198 10 10 7 96
78 c 20 20 83 0 198 10 8 7 85 94
79 c 53 43 84 169 199 10 14 14 96 98
80 c 44 17 84 0 199 10 9 17 96
81 c 15 30 84 0 199 10 26 28 85 88
82 c 18 24 84 169 199 10 22 19
83 c 45 20 86 0 201 10 11 12 84 91 92
84 c 17 34 86 0 201 10 3 1 87 88
85 c 25 21 87 0 202 10 12 9 93
86 c 35 17 87 0 202 10 7 6 93 95
87 c 21 24 87 0 202 10 28 36
88 c 31 52 87 0 202 10 27 17 92
89 c 47 47 88 0 203 10 13 9
90 c 20 40 89 0 204 10 12 5 98
91 c 41 49 89 0 204 10 10 4 96
92 c 22 27 89 0 204 10 11 8
93 c 25 24 90 0 205 10 20 21
94 c 50 35 90 0 205 10 19 25
95 c 26 27 92 0 207 10 27 25
96 c 45 30 93 0 208 10 17 11 98
97 c 27 43 93 0 208 10 9 4 99
98 c 36 26 95 180 210 10 18 15
99 c 26 35 96 0 211 10 15 7
100 c 41 37 98 0 213 10 16 15

