StringID Type x y release ReadyTime DueDate ServiceTime weight volume Item_Conflitante1 Item_Conflitante2 Item_Conflitante3 Item_Conflitante4 Item_Conflitante5 Item_Conflitante6 Item_Conflitante7 Item_Conflitante8 Item_Conflitante9 Item_Conflitante10 Item_Conflitante11 Item_Conflitante12 Peso_Total Volume_Total
0 d 35 35 0 0 230 0 0 0             200 200
1 c 49 42 34 27 128 10 13 20 5 7 15 21 47 54 55 58 59 82 83 92
2 c 12 24 34 29 132 10 13 8 6 22 46 50 52 66 78 99
3 c 40 60 34 25 132 10 21 15 6 15 20 22 42 53 61 65 70 100
4 c 27 43 34 11 133 10 9 2 12 20 34 62 88
5 c 50 35 34 15 133 10 19 23 12 14 15 51 65 66 80 96 98
6 c 28 18 34 61 134 10 26 34 12 20 25 32 46 58 68 73 87 91
7 c 44 17 34 30 135 10 9 15 17 20 46 57 61 78 94
8 c 20 50 34 36 135 10 5 1 29 32 43 54 59 78 96
9 c 41 37 34 6 136 10 16 19 16 76 78 94 96
10 c 45 20 34 18 136 10 11 5 13 18 56 84 87
11 c 26 52 34 21 136 10 9 9 40 50 52 81 89 98
12 c 20 40 34 47 136 10 12 21 18 25 33 39 47 57 86
13 c 37 47 34 12 137 10 6 6 30 35 54 58 71 77
14 c 31 52 34 17 138 10 27 36 29 38 49 70 99
15 c 40 25 34 40 139 10 9 3 18 49 58 67 83 89 92
16 c 10 20 34 29 139 10 19 9 24 44 76 91 95
17 c 35 40 34 5 140 10 16 17 41 45 49 52 72 81 92 95
18 c 55 54 34 57 140 10 26 21 29 31 45 48 68 70 93
19 c 49 11 34 27 141 10 18 15 21 27 33 41 84 95
20 c 19 21 34 21 142 10 10 7 24 35 36 40 53 78
21 c 20 26 34 33 142 10 9 14 83 96
22 c 25 24 34 14 143 10 20 28 24 26 28 29 52 60 69 78 85 97
23 c 11 14 34 31 144 10 18 23 43 49 53 56 82 84
24 c 15 60 34 32 146 10 17 8 48 57 97 100
25 c 57 48 34 47 146 10 23 33 27 55 61 63 71 79 89
26 c 15 47 34 23 146 10 16 8 35 66 78 87 93 100
27 c 35 17 34 18 147 10 7 1 35 46 57 59 80 96 97
28 c 16 22 34 44 147 10 41 48 29 88 94 95
29 c 57 68 34 39 148 10 15 20 34 56 66 74 79 86 97
30 c 4 18 34 49 148 10 35 43 31 55 63 74 76 95
31 c 37 31 34 51 148 10 14 8 71 93
32 c 49 58 34 36 149 10 10 6 58 66 77 79
33 c 10 43 34 50 149 10 9 10 54 62 84 91
34 c 64 42 35 29 150 10 9 3 53 54 81 88 92 94 97 99
35 c 26 27 36 58 151 10 27 25 38 57 98
36 c 6 68 37 73 152 10 30 31 41 65
37 c 20 65 37 33 152 10 12 4 38 75 92 94
38 c 30 5 37 30 152 10 8 10 39 41 55 59 77 79 82 88 97
39 c 45 10 42 50 153 10 18 23 66 68 78
40 c 31 67 42 46 153 10 3 1 41 72 80 87 92 100
41 c 5 5 42 42 153 10 16 22 64 75 80
42 c 11 31 42 57 154 10 7 11 65
43 c 24 58 42 25 154 10 19 15 74 90 96 98
44 c 55 5 42 36 155 10 29 26 64 71 82 86 98
45 c 67 5 42 43 156 10 25 21 83 84 85 97 100
46 c 55 60 42 47 156 10 16 6 74 78 85 87
47 c 14 37 42 21 157 10 11 10 58 69 73 76 80 84 96
48 c 25 30 43 49 158 10 3 1 54 59 85 86 89
49 c 24 12 43 25 158 10 5 3 75 78 82 89 92
50 c 61 52 52 42 159 10 3 9 53
51 c 22 22 52 18 159 10 2 1 74 80 85
52 c 42 7 52 43 160 10 5 1 60 71 82
53 c 53 52 52 24 161 10 11 4 56 67 72 85 87 95
54 c 32 12 52 48 163 10 7 1 76
55 c 55 45 52 76 165 10 13 15 66 82
56 c 15 77 52 46 165 10 9 9 57 68 76
57 c 15 30 52 20 167 10 26 19 62 79 82 96
58 c 6 38 57 29 169 10 16 20 74 76 80 95
59 c 47 16 57 22 170 10 25 33 62 71 84 86
60 c 62 77 57 49 170 10 20 26 64 71 72 75
61 c 30 60 57 85 172 10 16 26 64 87
62 c 27 69 57 34 172 10 10 15 74 79 80 100
63 c 65 55 58 70 173 10 14 12 76 82
64 c 8 56 61 34 176 10 27 21 77 94
65 c 2 60 63 41 178 10 5 8 96 100
66 c 63 65 63 54 178 10 8 9 80 89
67 c 49 73 64 68 179 10 25 35 75 81
68 c 2 48 67 63 180 10 1 2 77 80
69 c 47 47 67 75 182 10 13 15 70 71
70 c 45 65 67 79 182 10 9 12 74 76 91 96
71 c 25 21 68 92 183 10 12 15 73 80 92 93 94
72 c 21 24 68 17 183 10 28 29 73 76 79 99
73 c 23 3 70 82 185 10 7 14 82 93
74 c 45 30 71 87 186 10 17 13 76 93 97
75 c 35 69 71 67 186 10 23 19 82 85 92
76 c 65 20 71 56 186 10 6 1 95
77 c 60 12 71 33 186 10 31 25 97 98
78 c 15 10 72 32 187 10 20 17
79 c 63 23 74 69 189 10 2 1 86 90 95
80 c 5 30 74 60 189 10 2 1 93 95
81 c 20 20 75 87 190 10 8 5 94
82 c 65 35 75 58 190 10 3 5 87
83 c 53 12 75 76 190 10 6 10
84 c 22 27 75 89 190 10 11 20 89
85 c 13 52 77 65 192 10 36 40
86 c 15 19 79 70 194 10 1 9
87 c 55 20 80 73 195 10 19 12 91 95
88 c 18 18 80 51 195 10 17 8
89 c 46 13 80 74 195 10 8 3
90 c 57 29 82 90 197 10 18 24
91 c 56 37 83 73 198 10 6 1 98
92 c 56 39 83 80 198 10 36 27
93 c 37 56 83 48 198 10 5 8 97
94 c 18 24 85 60 199 10 22 20
95 c 53 43 85 72 200 10 14 17
96 c 17 34 86 70 201 10 3 1
97 c 41 49 89 73 204 10 10 7 100
98 c 30 25 93 79 208 10 23 24
99 c 36 26 95 84 210 10 18 21
100 c 26 35 96 68 211 10 15 15

