StringID Type x y release ReadyTime DueDate ServiceTime weight volume Item_Conflitante1 Item_Conflitante2 Item_Conflitante3 Item_Conflitante4 Item_Conflitante5 Item_Conflitante6 Item_Conflitante7 Item_Conflitante8 Item_Conflitante9 Item_Conflitante10 Item_Conflitante11 Item_Conflitante12 Peso_Total Volume_Total
0 d 40 50 0 0 1236 0 0 0             200 200
1 c 2 40 11 357 460 90 20 20 15 19 33 35 36 51 60 77 83 84 94
2 c 0 40 11 457 544 90 30 27 35 45 50 80 81
3 c 35 30 11 236 349 90 10 12 24 37 42 47 57 69 81
4 c 35 32 11 132 269 90 10 9 15 21 38 54 70 88 92 98
5 c 33 32 11 27 190 90 20 11 11 12 20 42 45 46 62 80 89 90
6 c 33 35 11 16 144 90 10 10 44 78
7 c 32 30 11 332 439 90 10 5 8 21 26 27 33 39 51 78 90
8 c 30 32 11 417 540 90 30 30 10 20 25 37 41 42 43 76 95
9 c 60 55 11 20 148 90 10 18 14 33 44 68 89 90
10 c 65 55 11 56 173 90 20 19 14 19 20 53 54 72 77 85
11 c 66 55 11 141 270 90 10 7 29 52 58 67 88
12 c 44 5 11 255 378 90 20 20 36 48 73 77
13 c 42 10 11 150 293 90 40 33 42 53 66 87 100
14 c 42 15 11 63 190 90 10 17 16 21 39 49 83 90
15 c 40 5 11 359 462 90 30 39 20 23 37 77 80 93 100
16 c 40 15 11 35 140 90 40 48 51 80 92
17 c 38 5 11 439 566 90 30 39 20 44 48 61 77 95
18 c 90 35 11 175 288 90 10 2 28 37 38 43 44 58 67 78 87 88 94
19 c 53 35 11 323 442 90 50 47 20 28 40 41 43 61 64 66 84 92 95 98
20 c 92 30 11 442 587 90 10 7 22 41 67 93
21 c 53 30 11 422 533 90 10 1 23 25 53 63 66 82 89
22 c 95 35 11 260 393 90 20 17 29 39 42 68 72 80 85 93
23 c 95 30 11 353 490 90 30 32 28 85
24 c 5 35 11 252 375 90 10 2 61 70 98
25 c 85 35 11 47 201 90 30 28 43 51 56 60 95
26 c 47 40 11 12 143 90 10 17 69 70 100
27 c 72 55 11 228 375 90 10 2 34 67 83 88
28 c 48 40 11 50 155 90 10 2 37 82 91 93
29 c 50 40 11 147 242 90 50 40 30 37 39 64 65 72 98
30 c 50 35 11 235 344 90 20 30 46 69 72 74 96
31 c 70 58 11 425 556 90 20 10 42 59 64 79 84 95 100
32 c 75 55 11 344 445 90 20 19 46 79 84
33 c 67 85 11 331 478 90 20 21 44 46 72
34 c 88 35 11 78 201 90 20 25 63 77 94
35 c 10 40 11 31 170 90 30 35 91 97
36 c 58 75 11 30 139 90 20 14 39 40 41 43 77 94 96 98
37 c 42 66 11 25 186 90 10 3
38 c 60 80 11 64 187 90 10 16 44 48 57 71 76
39 c 42 65 11 15 120 90 10 10 41 42 73 78 88
40 c 40 66 11 142 253 90 20 12 92
41 c 38 68 11 220 359 90 20 26 62 77 82 89 91
42 c 35 66 11 331 436 90 10 5 63 64 66 69 82 85 86 94
43 c 35 69 11 420 533 90 10 5 57 73 82 86
44 c 22 75 11 30 155 90 30 24 60 62 64 66 73 85 90 94 95
45 c 20 80 11 362 451 90 40 34 54 68 77 84
46 c 20 85 11 448 555 90 40 40 80 88
47 c 8 40 11 52 193 90 40 39 60 94
48 c 15 75 11 142 291 90 20 13 84
49 c 15 80 11 244 379 90 10 16 66 92 99
50 c 30 50 11 10 137 90 10 19 54 60 75
51 c 18 75 11 75 172 90 20 19 56 71 76 77 78
52 c 65 82 11 260 361 90 10 4 69 73 83 85
53 c 10 35 11 181 256 90 20 16 54 57 58 59 84 94 95 96 100
54 c 65 85 11 453 540 90 40 34 61
55 c 25 50 11 25 184 90 10 17 66 74 79 90 99
56 c 20 55 11 422 531 90 10 1 71 72 82 85 86
57 c 25 52 11 142 251 90 40 40 60 63 65 76 78 90
58 c 20 50 11 335 428 90 10 19 62 65 73
59 c 23 55 11 523 616 90 20 27 78 82 93
60 c 62 80 11 174 261 90 30 26 80 81 93
61 c 23 52 11 234 343 90 10 5 66 71 75 76
62 c 30 30 11 512 629 90 10 9 63 81 88 95 98
63 c 68 60 275 527 640 90 30 33 72 85 95
64 c 38 70 275 499 640 90 10 17 70 89 90 97 100
65 c 22 85 275 541 646 90 10 5 67 68 77 86 91
66 c 50 30 275 491 650 90 10 1 78 91 100
67 c 60 85 275 531 652 90 30 27 81 95 98
68 c 0 45 275 538 653 90 20 18 92
69 c 35 5 275 529 662 90 20 12 77 78
70 c 88 30 275 539 678 90 10 14 72 99
71 c 28 30 275 601 724 90 10 13 91 97
72 c 48 30 275 601 724 90 10 17 93
73 c 65 60 275 614 739 90 30 28 83 100
74 c 25 55 275 582 741 90 10 17 76 79 83 93 98
75 c 5 45 275 639 742 90 10 14 79 83 90
76 c 40 69 275 580 743 90 20 27
77 c 25 85 275 617 756 90 20 24 85
78 c 87 30 275 636 763 90 10 1 85 91 98 99
79 c 55 85 275 608 765 90 20 22 88
80 c 38 15 275 607 784 90 10 10
81 c 45 30 275 712 799 90 10 5 89 98
82 c 28 55 275 709 800 90 10 8
83 c 42 68 275 699 810 90 10 15 90 91 98
84 c 25 30 275 695 816 90 10 1
85 c 63 58 275 705 834 90 10 20 87 90 96
86 c 85 25 275 744 845 90 10 13 96
87 c 8 45 275 719 848 90 20 28 90
88 c 55 80 275 705 858 90 10 1 100
89 c 45 70 275 802 893 90 30 21 98
90 c 47 35 380 802 899 90 10 11
91 c 26 32 380 783 912 90 10 18 93 100
92 c 60 60 380 809 916 90 10 4
93 c 28 52 380 776 919 90 20 28
94 c 30 52 380 888 991 90 20 14
95 c 45 68 380 885 994 90 10 4
96 c 45 35 380 889 996 90 10 8 98
97 c 25 35 380 883 998 90 10 8
98 c 28 35 480 969 1098 90 10 12
99 c 45 65 485 962 1103 90 20 28
100 c 30 35 509 982 1127 90 10 12

