StringID Type x y release ReadyTime DueDate ServiceTime weight volume Item_Conflitante1 Item_Conflitante2 Item_Conflitante3 Item_Conflitante4 Item_Conflitante5 Item_Conflitante6 Item_Conflitante7 Item_Conflitante8 Item_Conflitante9 Item_Conflitante10 Item_Conflitante11 Item_Conflitante12 Item_Conflitante13 Item_Conflitante14 Item_Conflitante15 Peso_Total Volume_Total
0 d 40 50 0 0 960 0 0 0                1000 1000
1 c 35 40 16 11 131 10 16 11 21 31 32 51 63 94
2 c 45 30 16 191 311 10 17 8 17 24 26 55 86
3 c 65 20 16 39 159 10 6 14 7 9 24 25 36 41 54 57 63 75 86 87 100
4 c 95 35 16 146 266 10 20 16 22 26 29 39 42 48 49 50 52 58 76 77
5 c 92 30 16 149 269 10 10 16 51 62 79
6 c 90 35 16 194 314 10 10 17 21 70 74 88 97
7 c 88 30 16 246 366 10 10 14 46 49 63 76
8 c 65 35 16 167 287 10 3 13 36 96
9 c 38 5 16 201 321 10 30 29 18 19 21 40 44 56 86 96
10 c 45 65 16 258 378 10 9 8 11 13 27 55 61 62 70 86 98 100
11 c 55 20 16 326 446 10 19 24 14 19 27 30 34 35 41 43 47 53 76 78 83 97 98
12 c 65 85 16 43 163 10 40 34 27 31 32 36 39 59 61 76 82 83 89 100
13 c 26 35 16 308 428 10 15 5 25 44 48 50 68 84
14 c 62 80 16 278 398 10 30 34 15 27 44 54 56 72 89 92 97
15 c 60 80 16 64 184 10 10 13 29 37 60 61 64
16 c 60 85 16 329 449 10 30 38 19 39 53 59 82 83 98
17 c 2 45 16 105 225 10 10 11 26 30 38 69 87
18 c 55 80 16 33 153 10 10 13 24 38 42 61 63 65 69 70 91 93
19 c 85 25 16 80 200 10 10 11 20 21 38 41 57 69 85 97
20 c 20 82 16 37 157 10 10 6 27 28 34 59 76 95 99
21 c 55 82 16 217 337 10 10 8 31 36 38 41 66 76 81
22 c 31 52 16 157 277 10 27 23 72 76 82 84
23 c 60 12 16 268 388 10 31 35 42 50 53 62 68 71 76
24 c 2 60 16 286 406 10 5 13 52 56 83 87
25 c 53 43 16 14 134 10 14 19 28 30 46 48 93
26 c 49 58 16 355 475 10 10 8 37 55 59 66 70 73 81 93
27 c 64 42 16 268 388 10 9 18 58
28 c 12 24 16 359 479 10 13 16 31 48 83 86 97
29 c 6 68 16 352 472 10 30 29 31 47 59 70 81 97
30 c 8 40 16 195 315 10 40 38 38 42 45 53 57 76 98
31 c 65 55 16 241 361 10 14 18 39 57 58 62 95
32 c 5 45 16 35 155 10 10 2 42 54 56 62 63
33 c 2 40 16 174 294 10 20 13 37 44 49 90 91 93 97
34 c 0 40 16 255 375 10 20 20 37 50 68 70 81 83 90 91
35 c 24 58 16 260 380 10 19 23 59 66 67 93 95 100
36 c 44 5 16 335 455 10 20 19 77 78 86 90
37 c 42 10 16 254 374 10 40 46 38 88 89 97
38 c 37 47 16 359 479 10 6 3 49 51 56 67
39 c 21 24 16 349 469 10 28 34 45 46 68 70 76 94 95
40 c 8 56 16 365 485 10 27 27 80 83 99
41 c 15 80 16 367 487 10 10 7 61 62 81
42 c 10 35 16 371 491 10 20 14 43 49 50 82 86 87 91 98
43 c 20 50 16 375 495 10 5 1 52 66 91
44 c 40 15 16 375 495 10 40 38 57 63 79 87 93
45 c 58 75 16 376 496 10 20 17 52 63 77 82 92 93 95 96
46 c 18 75 206 388 508 10 20 23 51 60 72 73 75 78
47 c 57 29 206 395 515 10 18 8 54 62 71 84 100
48 c 30 25 206 397 517 10 23 26 60 70 81 94
49 c 42 12 206 440 560 10 10 12 56 59 60 65 82 85
50 c 18 80 206 489 609 10 10 7 51 57 70
51 c 10 40 206 519 639 10 30 24 63 69 81
52 c 42 15 206 537 657 10 10 2 63 89 98
53 c 4 18 206 547 667 10 35 27 58 59 84 93
54 c 50 35 206 557 677 10 19 14 69 93 94 100
55 c 41 37 206 566 686 10 16 20 58 81 89
56 c 55 85 297 574 694 10 20 29 77 93 98
57 c 30 60 297 599 719 10 16 18 76 97 99
58 c 55 60 297 601 721 10 16 13 67 90
59 c 40 60 297 612 732 10 21 20 72 85 92
60 c 87 30 297 621 741 10 10 19 73
61 c 20 80 297 644 764 10 40 42 69 79 98
62 c 20 20 297 645 765 10 8 6 73 74 83 93
63 c 5 35 297 653 773 10 10 1 64 75 87 91
64 c 67 85 297 657 777 10 20 19 67 77 91 92 94
65 c 38 15 353 681 801 10 10 4 85 89
66 c 15 60 353 694 814 10 17 10 82 98
67 c 0 45 353 703 823 10 20 23 70 78 86 92 93
68 c 67 5 353 713 833 10 25 24 80
69 c 23 3 419 764 884 10 7 6
70 c 95 30 419 0 891 10 30 33 96
71 c 5 5 419 0 892 10 16 23 73 87 93 97
72 c 88 35 419 0 899 10 20 11 73 77 88 89 96 97
73 c 15 10 422 782 902 10 20 14 87 93 97
74 c 85 35 422 0 902 10 30 23 88 93
75 c 35 5 424 784 904 10 20 15 76 77 99
76 c 42 5 424 0 904 10 10 16
77 c 40 5 425 0 905 10 10 15 98
78 c 10 20 427 0 907 10 19 22 88 97 98
79 c 20 85 429 0 909 10 20 13 98
80 c 65 82 434 0 909 10 10 1
81 c 22 85 434 0 910 10 10 11 82
82 c 25 85 434 0 911 10 20 30 86
83 c 63 23 434 0 914 10 2 2 88 91
84 c 72 35 434 0 914 10 30 29 92
85 c 15 75 434 0 914 10 20 11 92
86 c 8 45 437 0 917 10 20 19 93
87 c 22 75 439 0 919 10 30 34 90 92
88 c 63 65 442 0 922 10 8 1 92 99
89 c 25 30 445 0 925 10 3 4 96
90 c 61 52 450 808 928 10 3 2 92 93
91 c 56 37 450 0 929 10 6 13 98
92 c 35 69 450 810 930 10 23 33
93 c 37 31 450 0 930 10 14 10
94 c 31 67 450 810 930 10 3 1 98
95 c 57 48 452 0 932 10 23 21
96 c 55 54 454 0 934 10 26 21 99
97 c 27 43 455 0 935 10 9 8 99 100
98 c 26 52 455 0 935 10 9 15 99
99 c 49 42 457 0 937 10 13 13
100 c 47 47 462 822 942 10 13 20

