StringID Type x y release ReadyTime DueDate ServiceTime weight volume Item_Conflitante1 Item_Conflitante2 Item_Conflitante3 Item_Conflitante4 Item_Conflitante5 Item_Conflitante6 Item_Conflitante7 Item_Conflitante8 Item_Conflitante9 Item_Conflitante10 Item_Conflitante11 Item_Conflitante12 Peso_Total Volume_Total
0 d 35 35 0 0 1000 0 0 0             1000 1000
1 c 31 52 205 17 501 10 27 24 22 50 88
2 c 27 43 205 11 502 10 9 8 27 29 46 59 67 74 86 88 100
3 c 19 21 205 21 506 10 10 20 26 40 50 59 62 75 76 100
4 c 45 20 205 36 509 10 11 5 26 30 40 44 48 61 74 75
5 c 20 65 205 33 511 10 12 18 42 71 95
6 c 64 42 205 29 513 10 9 15 9 19 34 40 54 57 70 80
7 c 37 47 205 12 513 10 6 1 19 44 55 57 64 77
8 c 11 14 205 59 514 10 18 19 15 16 25 32 36 62 67 69 70 76 85
9 c 55 5 205 36 514 10 29 33 19 36 40 42 46 50 61 73 85
10 c 15 47 205 23 515 10 16 9 12 17 19 40 48 58 69 83 97
11 c 49 11 205 62 519 10 18 21 20 23 27 29 36 50 66 67 69 75 78 90
12 c 30 5 205 30 519 10 8 2 13 40 41 64 89
13 c 40 60 205 91 522 10 21 19 18 39 60 61 62 66 90
14 c 50 35 205 50 523 10 19 12 33 34 40 49 56 81
15 c 15 77 205 46 524 10 9 10 19 32 36 56 58 77 81
16 c 41 37 205 6 526 10 16 14 22 30 42 62 69 72 78 80 89 96
17 c 25 24 205 14 533 10 20 16 18 35 36 78
18 c 35 17 205 18 534 10 7 7 33 36 42 80 86 89
19 c 49 42 205 129 534 10 13 22 26 54 55 72 88
20 c 57 68 205 98 537 10 15 9 36 68 72 88 98
21 c 12 24 205 126 541 10 13 20 36 38 74 81 100
22 c 10 20 205 102 543 10 19 16 26 28 32 35 49 76 84
23 c 24 58 205 25 544 10 19 28 42 62 63 79 81 94
24 c 35 40 205 5 548 10 16 6 26 27 34 60 62
25 c 15 60 205 95 552 10 17 14 32 34 66 76
26 c 24 12 205 25 560 10 5 10 45 47 56
27 c 26 52 205 104 563 10 9 10 34 35 37 51 55 68
28 c 44 17 205 143 564 10 9 19 46 69 71 73 77 90 96 97
29 c 14 37 205 21 568 10 11 5 41 42 54 59 75 80 87 90
30 c 62 77 205 49 568 10 20 23 32 41 44 48 73 80 90
31 c 20 50 205 172 569 10 5 5 41 78 81
32 c 67 5 205 120 575 10 25 28 34 38 65 88 96
33 c 53 52 205 24 575 10 11 20 72 81 99
34 c 5 5 205 130 577 10 16 20 41 43 51 66 85 95
35 c 28 18 205 287 580 10 26 19 36 40 66 84
36 c 20 40 205 229 582 10 12 10 37 63 68 75
37 c 22 22 205 18 585 10 2 1 44 51 52 64 69 89
38 c 27 69 205 34 588 10 10 16 50 76 79 81 90 96
39 c 6 38 205 29 589 10 16 15 60 67 84 85 89 95
40 c 40 25 205 201 596 10 9 15 42 63 84
41 c 55 54 205 268 599 10 26 26 51 62 75 97 100
42 c 20 26 205 164 601 10 9 5 75 91 99
43 c 8 56 205 34 602 10 27 23 44 92 93 100
44 c 15 30 205 20 610 10 26 23 97
45 c 2 60 205 41 615 10 5 2 60 71 99
46 c 47 16 205 22 617 10 25 27 61 71 91 96
47 c 4 18 205 230 623 10 35 36 48 87
48 c 57 48 205 230 623 10 23 21 52 67 78
49 c 16 22 205 213 624 10 41 31 54 55 64
50 c 49 58 205 176 625 10 10 15 56 63 64 69 78 92
51 c 10 43 205 245 640 10 9 15 67 100
52 c 37 31 205 256 647 10 14 8 58 60 78 98 99
53 c 31 67 205 225 654 10 3 6 71 75 77 84 85
54 c 60 12 205 33 655 10 31 36
55 c 26 27 205 283 656 10 27 19 67 89
56 c 45 10 205 246 657 10 18 24 65 86 93
57 c 55 60 205 231 666 10 16 14 73 80 99 100
58 c 11 31 205 278 669 10 7 1 64 91 95 96
59 c 61 52 205 207 676 10 3 1 63 71 73 74 85
60 c 6 68 205 362 679 10 30 23 61 65 67 68 78 89
61 c 21 24 205 17 681 10 28 31 68 75 78 81
62 c 25 30 205 245 684 10 3 5 96
63 c 42 7 205 219 688 10 5 1 65 67 79 91 97 99 100
64 c 15 10 205 32 694 10 20 13 67 79 80 90 93
65 c 32 12 205 246 705 10 7 11
66 c 55 45 323 378 733 10 13 19
67 c 65 55 323 367 776 10 14 10 69 76 87 98 100
68 c 30 60 323 430 779 10 16 11 75 80
69 c 2 48 323 338 805 10 1 1 77 81 83
70 c 47 47 323 379 810 10 13 11 73 74 98 99
71 c 25 21 323 462 823 10 12 13 75 84 94 100
72 c 45 30 367 428 827 10 17 17 85 91 99
73 c 45 65 367 418 829 10 9 10 88
74 c 22 27 367 445 852 10 11 9 82 87 90 97
75 c 20 20 367 443 856 10 8 16 84 97
76 c 49 73 367 421 864 10 25 19
77 c 53 12 367 412 865 10 6 1 79 81 87 89 91 93
78 c 23 3 367 458 867 10 7 4 80 84
79 c 57 29 418 475 900 10 18 16 85 89 96
80 c 63 23 418 441 918 10 2 7 94
81 c 56 39 430 459 930 10 36 45 88
82 c 63 65 448 453 948 10 8 15 97
83 c 35 69 455 482 955 10 23 13
84 c 65 20 456 438 956 10 6 6
85 c 5 30 459 444 959 10 2 1 94
86 c 65 35 460 435 960 10 3 1 100
87 c 13 52 462 454 962 10 36 32
88 c 15 19 464 469 964 10 1 1
89 c 46 13 465 482 965 10 8 18
90 c 55 20 465 477 965 10 19 16 94
91 c 18 18 465 391 965 10 17 9
92 c 37 56 468 368 968 10 5 8
93 c 56 37 468 470 968 10 6 7
94 c 18 24 470 414 969 10 22 23
95 c 53 43 470 460 970 10 14 10 99 100
96 c 17 34 471 449 971 10 3 1
97 c 41 49 474 451 974 10 10 1
98 c 30 25 478 462 978 10 23 25 100
99 c 36 26 480 479 980 10 18 18
100 c 26 35 481 409 981 10 15 23

