StringID Type x y release ReadyTime DueDate ServiceTime weight volume Item_Conflitante1 Item_Conflitante2 Item_Conflitante3 Item_Conflitante4 Item_Conflitante5 Item_Conflitante6 Item_Conflitante7 Item_Conflitante8 Item_Conflitante9 Item_Conflitante10 Item_Conflitante11 Item_Conflitante12 Item_Conflitante13 Item_Conflitante14 Item_Conflitante15 Peso_Total Volume_Total
0 d 35 35 0 0 1000 0 0 0                1000 1000
1 c 57 68 40 268 367 10 15 23 13 50 61 69 70 76 86
2 c 2 60 40 41 208 10 5 1 28 31 36 37 40 48 66 72 75 89 99
3 c 14 37 40 96 249 10 11 17 7 9 17 19 30 37 57 69 75 82 89
4 c 5 5 40 302 405 10 16 20 14 21 28 43 47 79 97
5 c 60 12 40 33 224 10 31 25 11 17 22 32 48 54 56 60 61 72 80 91 94 97 100
6 c 40 25 40 360 437 10 9 15 14 31 36 39 41 52 69 85
7 c 24 12 40 25 172 10 5 6 51
8 c 15 47 40 162 289 10 16 24 15 23 26 35 38 44 46 77 90 99
9 c 11 14 40 233 340 10 18 9 12 13 33 40 42 51 64 70 73 81 86 89 94
10 c 6 38 40 29 189 10 16 17 28 47 58 61 66 83 84
11 c 8 56 40 85 250 10 27 20 37 67 74 86
12 c 55 54 40 411 456 10 26 23 14 17 19 20 25 26 50 53 64 65 71 85
13 c 20 26 40 333 432 10 9 19 49 50 60 62 64 78 100
14 c 49 58 40 348 453 10 10 20 17 33 51 61 71 80 96 97
15 c 27 43 40 174 299 10 9 2 29 32 44 58 63 72 89 90
16 c 37 31 40 414 489 10 14 17 23 57
17 c 57 48 40 388 465 10 23 17 23 59 67 88 98
18 c 61 52 40 384 499 10 3 1 23 24 38 50 51 67 90 93 100
19 c 49 42 40 290 373 10 13 14 32 33 48 53 86
20 c 49 11 40 236 345 10 18 12 46 48 55 72 94 98
21 c 21 24 40 17 229 10 28 22 22 48
22 c 44 17 40 308 399 10 9 8 23 25 33 44 55 57 63 78 92 95 96 99
23 c 12 24 40 290 377 10 13 3 27 42 61 64 73 78 86 98
24 c 24 58 40 163 302 10 19 24 28 38 54 55 77 82 97
25 c 27 69 40 34 191 10 10 20 55 64 65 83
26 c 15 77 40 214 333 10 9 1 44 71 99
27 c 62 77 40 49 188 10 20 25 57 59 64 82
28 c 47 16 40 31 208 10 25 17 38 42 59 70 88 89 91
29 c 67 5 40 294 401 10 25 33 38 50 57 62 71
30 c 53 52 40 45 200 10 11 14 31 44 45
31 c 16 22 40 376 461 10 41 33 33 40 41 61 63 68 76 77 80 88 97
32 c 37 47 40 162 293 10 6 11 35 56 62 75 77 93 100
33 c 40 60 40 259 354 10 21 28 40 46 49 62 68 89 95 97
34 c 19 21 40 183 306 10 10 19 45 50 64 95
35 c 35 17 40 143 282 10 7 13 59 79 85 98
36 c 25 24 40 92 231 10 20 13 37 58 64 76 79 85 86
37 c 15 30 40 34 209 10 26 20 49 53 56 66 69 96 99
38 c 20 50 40 331 410 10 5 12
39 c 10 43 40 404 481 10 9 11 76 83 89
40 c 55 60 40 400 497 10 16 26 41 53 61 62 75 99
41 c 20 65 40 206 325 10 12 21 43 65 69 86 90
42 c 50 35 40 228 345 10 19 26 58 65 71
43 c 15 10 40 32 243 10 20 23 50 51 76 80 84 86 88
44 c 30 5 40 175 300 10 8 5 56 89
45 c 31 52 40 152 275 10 27 33 48 57 70
46 c 22 22 40 18 181 10 2 4 51 57 64 67 81 93
47 c 20 40 40 377 434 10 12 17 57 75 76 78 79 87 88 91
48 c 10 20 40 272 373 10 19 19 49 86 90 98
49 c 26 52 40 279 388 10 9 13 56 58 72 78 89 100
50 c 64 42 40 190 313 10 9 2 55 56 84 95
51 c 31 67 40 392 487 10 3 1 58 60
52 c 45 20 40 214 331 10 11 7 66 72 86 98
53 c 45 10 40 409 494 10 18 26 63 65 66 89 90 92 93
54 c 55 5 40 206 325 10 29 38 58 64 66 85 97
55 c 15 60 40 269 378 10 17 18 56 82 91
56 c 28 18 40 420 447 10 26 19 57 61 77 87 93
57 c 4 18 40 388 465 10 35 28 71 93
58 c 35 40 40 104 255 10 16 17 80 83 87 93 97
59 c 41 37 40 114 255 10 16 9 79 91 99
60 c 26 27 40 436 503 10 27 23 61 66 85
61 c 42 7 40 396 511 10 5 1 62 67 83 96 98
62 c 11 31 40 436 511 10 7 17 84
63 c 25 30 40 415 514 10 3 11 64 72 80 82 95 96 98 100
64 c 32 12 40 421 530 10 7 1 79 91 97
65 c 6 68 40 501 540 10 30 20 68 71 72 88 95
66 c 55 45 239 527 584 10 13 19 80
67 c 65 55 239 529 614 10 14 17 99
68 c 2 48 239 515 628 10 1 1 74 89 95
69 c 30 60 239 577 632 10 16 8 77 100
70 c 47 47 239 547 642 10 13 12 87
71 c 45 65 239 581 666 10 9 14 76 84
72 c 45 30 239 588 667 10 17 26 77
73 c 25 21 239 612 673 10 12 3 79 93
74 c 22 27 239 607 690 10 11 19 80 82 83 89 100
75 c 53 12 239 585 692 10 6 9 89 91 99
76 c 49 73 239 592 693 10 25 32
77 c 20 20 239 606 693 10 8 7 78 81 88 98
78 c 23 3 239 620 705 10 7 9 96 98
79 c 57 29 239 641 734 10 18 28
80 c 63 23 239 620 739 10 2 1 85
81 c 56 39 348 637 752 10 36 45 85 90
82 c 35 69 348 660 777 10 23 13 93 98
83 c 55 20 348 678 801 10 19 17 86
84 c 46 13 348 681 802 10 8 17 91 95
85 c 63 65 348 686 813 10 8 13
86 c 30 25 348 690 827 10 23 27 87 89
87 c 65 35 348 704 847 10 3 1
88 c 41 49 348 707 848 10 10 8 97 100
89 c 17 34 370 721 862 10 3 3 92 98 99
90 c 15 19 370 739 866 10 1 6 95 97
91 c 5 30 370 733 870 10 2 6
92 c 13 52 420 773 906 10 36 43 96
93 c 26 35 420 755 920 10 15 6
94 c 53 43 456 817 952 10 14 12 95
95 c 65 20 456 817 956 10 6 12
96 c 18 18 465 798 965 10 17 12
97 c 37 56 468 788 968 10 5 9
98 c 56 37 468 839 968 10 6 10
99 c 18 24 469 811 969 10 22 21
100 c 36 26 480 849 980 10 18 26

