StringID Type x y release ReadyTime DueDate ServiceTime weight volume Item_Conflitante1 Item_Conflitante2 Item_Conflitante3 Item_Conflitante4 Item_Conflitante5 Item_Conflitante6 Item_Conflitante7 Item_Conflitante8 Item_Conflitante9 Item_Conflitante10 Item_Conflitante11 Item_Conflitante12 Item_Conflitante13 Item_Conflitante14 Item_Conflitante15 Item_Conflitante16 Item_Conflitante17 Item_Conflitante18 Item_Conflitante19 Item_Conflitante20 Item_Conflitante21 Item_Conflitante22 Item_Conflitante23 Item_Conflitante24 Item_Conflitante25 Item_Conflitante26 Item_Conflitante27 Item_Conflitante28 Item_Conflitante29 Item_Conflitante30 Item_Conflitante31 Item_Conflitante32 Item_Conflitante33 Item_Conflitante34 Item_Conflitante35 Item_Conflitante36 Item_Conflitante37 Item_Conflitante38 Item_Conflitante39 Item_Conflitante40 Item_Conflitante41 Item_Conflitante42 Item_Conflitante43 Item_Conflitante44 Item_Conflitante45 Item_Conflitante46 Item_Conflitante47 Item_Conflitante48 Item_Conflitante49 Item_Conflitante50 Item_Conflitante51 Item_Conflitante52 Item_Conflitante53 Item_Conflitante54 Item_Conflitante55 Item_Conflitante56 Item_Conflitante57 Item_Conflitante58 Item_Conflitante59 Item_Conflitante60 Item_Conflitante61 Item_Conflitante62 Item_Conflitante63 Item_Conflitante64 Item_Conflitante65 Item_Conflitante66 Item_Conflitante67 Item_Conflitante68 Item_Conflitante69 Item_Conflitante70 Peso_Total Volume_Total
0 d 35 35 0 0 230 0 0 0                                                                       200 200
1 c 49 42 34 27 128 10 13 20 2 3 6 8 9 10 11 12 14 17 18 19 20 21 22 23 24 26 30 32 33 35 36 37 38 39 41 42 43 46 47 50 53 54 55 56 57 58 59 62 64 66 67 69 70 71 74 75 77 78 82 84 85 87 88 89 91 92 93 94 95 96 100
2 c 12 24 34 29 132 10 13 8 4 5 6 11 12 14 15 16 17 18 19 20 21 24 25 26 27 32 33 34 35 36 37 38 39 42 44 45 47 48 49 51 52 53 58 59 64 65 67 68 71 74 75 77 78 80 82 85 86 89 90 92 96 98 99 100
3 c 40 60 34 25 132 10 21 15 5 6 8 9 10 11 12 13 14 15 17 18 19 20 22 23 24 25 26 27 29 30 31 33 34 35 37 39 40 41 42 44 45 46 47 48 49 50 51 52 53 54 55 56 58 60 63 68 71 72 73 74 75 76 77 78 79 81 85 86 89 90 91 93 94 96 98
4 c 27 43 34 11 133 10 9 2 5 7 8 9 10 12 13 14 15 17 18 20 21 23 24 28 30 32 33 35 36 39 40 42 43 44 45 46 47 49 50 52 53 56 57 58 59 62 63 66 70 73 74 76 77 79 81 85 86 88 89 90 91 94 95 96 98 100
5 c 50 35 34 15 133 10 19 23 6 7 11 12 13 14 15 16 17 18 19 21 22 23 24 25 26 28 29 30 31 32 33 34 36 37 38 39 40 41 42 43 45 46 47 49 52 53 54 57 59 60 61 63 66 68 69 71 72 74 75 76 79 81 82 83 84 85 86 87 88 90 91 92 94 95 96 97 98 100
6 c 28 18 34 61 134 10 26 34 7 9 10 11 12 13 15 19 20 22 23 27 29 30 31 32 35 36 37 38 40 42 44 45 46 47 48 49 50 52 53 54 59 62 64 66 67 68 71 73 74 75 76 77 79 80 81 83 84 85 86 87 89 90 91 92 93 95 96 98 99 100
7 c 44 17 34 30 135 10 9 15 8 10 11 12 13 15 16 19 22 23 26 27 28 29 32 33 35 36 37 38 39 40 41 42 43 44 45 46 48 53 54 56 57 58 59 60 61 62 63 64 66 67 68 70 72 73 74 77 78 82 83 84 87 88 89 90 91 93 94 98 100
8 c 20 50 34 36 135 10 5 1 10 11 14 15 16 19 23 25 26 28 29 30 34 35 36 39 41 42 43 44 45 47 49 50 51 52 53 54 55 56 57 59 64 65 66 67 71 72 73 74 77 78 82 83 87 90 91 92 93 95 96 98 99
9 c 41 37 34 6 136 10 16 19 10 12 13 15 16 20 21 22 23 24 25 26 27 29 31 32 33 35 37 38 40 41 42 43 46 47 48 49 50 51 53 54 57 58 59 60 61 62 63 64 65 66 67 70 72 73 74 78 79 81 82 83 84 85 87 88 89 90 91 92 93 94 96 98
10 c 45 20 34 18 136 10 11 5 11 12 13 14 15 16 19 21 24 25 26 27 28 29 30 31 32 34 35 37 38 40 41 42 43 44 45 47 49 50 51 53 55 56 58 60 61 62 66 67 69 70 71 73 74 75 77 80 82 83 84 85 86 88 90 91 93 98 99
11 c 26 52 34 21 136 10 9 9 12 13 14 15 16 17 19 20 24 25 27 28 29 31 33 35 36 37 38 39 40 42 43 45 46 47 50 51 52 54 58 59 60 62 63 64 65 67 68 69 70 71 72 73 74 76 77 78 79 80 81 84 85 86 87 88 89 93 94 95 96 97 98 99 100
12 c 20 40 34 47 136 10 12 21 13 14 15 18 19 20 21 23 25 26 27 29 30 31 32 33 34 35 36 37 38 39 40 41 43 45 46 47 48 49 51 52 53 54 56 57 58 62 64 67 68 69 70 71 72 74 75 76 77 78 79 80 81 82 83 86 87 89 90 91 92 93 94 96 100
13 c 37 47 34 12 137 10 6 6 16 18 20 24 25 26 27 28 29 30 31 33 34 35 38 39 41 42 43 46 47 48 49 50 51 52 53 57 58 60 61 64 66 68 69 70 71 72 73 75 76 78 81 82 83 84 85 87 88 91 92 93 94 95 96 98 99 100
14 c 31 52 34 17 138 10 27 36 15 16 17 18 21 22 23 24 25 26 27 28 29 30 31 32 33 35 36 37 39 42 43 45 46 47 49 51 52 55 56 57 58 60 62 65 66 67 68 69 70 72 74 76 79 80 81 83 84 85 88 89 90 91 93 94 95 96 98 99
15 c 40 25 34 40 139 10 9 3 17 18 19 20 22 23 24 25 26 28 29 30 31 32 33 35 36 37 40 41 44 46 47 49 50 51 52 53 54 55 57 58 60 61 66 67 68 69 70 71 72 73 74 75 76 77 78 79 80 81 82 83 85 86 87 88 90 92 94 95 96 97 98 99 100
16 c 10 20 34 29 139 10 19 9 19 20 21 23 24 25 26 27 28 30 32 33 34 38 39 43 44 45 46 48 49 53 54 57 58 59 61 63 65 67 69 70 71 72 73 74 75 76 77 78 80 82 83 86 88 89 90 91 92 93 94 95 97 99
17 c 35 40 34 5 140 10 16 17 18 21 22 23 24 25 26 27 28 29 30 31 32 33 34 36 38 39 41 43 45 46 47 48 49 50 51 52 53 54 55 56 58 59 62 63 64 65 67 68 70 71 72 73 75 76 77 78 79 80 81 84 86 87 88 90 92 93 94 95 96 98 99
18 c 55 54 34 57 140 10 26 21 19 20 21 22 24 25 27 28 30 31 34 35 36 37 39 40 41 42 43 44 45 46 47 49 50 51 52 53 54 55 56 60 63 64 66 68 71 72 74 75 76 80 83 84 86 87 88 90 91 92 93 94 95 97 99 100
19 c 49 11 34 27 141 10 18 15 20 21 22 23 25 26 27 28 29 30 32 34 35 36 38 39 40 42 43 44 45 51 52 55 57 59 60 61 63 64 68 69 70 71 72 73 74 75 76 77 78 79 80 82 83 84 87 91 92 94 97 98 99 100
20 c 19 21 34 21 142 10 10 7 21 22 24 25 26 28 29 30 31 32 33 34 35 36 37 38 39 42 43 45 46 48 49 51 52 54 55 56 57 58 59 60 63 65 66 68 69 70 71 73 74 77 78 83 84 86 87 90 94 96 97 98 99
21 c 20 26 34 33 142 10 9 14 22 25 26 30 32 35 36 37 38 39 40 41 42 43 44 45 47 50 51 52 53 54 55 56 57 59 60 61 62 63 64 67 68 69 70 71 72 73 74 76 79 81 82 83 84 85 87 88 89 90 91 92 93 94 95 96 97 99 100
22 c 25 24 34 14 143 10 20 28 24 25 26 27 29 30 33 35 37 38 39 41 42 43 44 45 46 47 48 49 50 53 54 56 58 59 60 61 62 63 64 65 66 67 69 70 71 72 73 75 76 77 78 79 80 85 86 89 91 92 93 95 97 98
23 c 11 14 34 31 144 10 18 23 24 27 28 29 30 31 32 34 37 38 39 40 42 43 44 48 49 50 52 53 54 55 56 58 59 61 63 64 65 66 68 69 73 75 76 77 78 80 81 82 83 84 85 86 89 90 91 92 93 94 95 97 98 100
24 c 15 60 34 32 146 10 17 8 26 29 30 32 33 35 36 38 42 43 44 45 46 47 48 50 51 52 53 54 55 56 57 58 62 65 66 67 68 69 72 74 75 76 78 79 80 81 83 84 86 87 89 91 98 99 100
25 c 57 48 34 47 146 10 23 33 26 27 28 30 32 33 37 38 39 40 43 46 47 48 50 51 53 54 56 57 58 59 60 61 63 64 65 66 67 68 69 71 72 73 74 75 76 78 79 80 81 83 87 89 90 91 92 93 94 97 98 99 100
26 c 15 47 34 23 146 10 16 8 27 28 29 30 31 32 33 36 37 38 40 42 44 46 47 48 49 50 51 52 53 54 55 59 60 61 62 65 66 67 68 69 70 71 72 75 76 78 80 81 83 85 88 89 90 92 93 94 95 96 97 98 99
27 c 35 17 34 18 147 10 7 1 29 30 32 33 34 35 37 38 39 40 41 45 46 47 48 49 50 51 52 55 56 58 59 60 61 63 64 66 68 69 70 71 74 75 76 77 78 79 80 81 85 86 87 88 89 92 93 94 96 97 98
28 c 16 22 34 44 147 10 41 48 29 30 31 35 36 38 39 40 41 42 43 44 45 46 47 49 50 54 55 56 57 58 59 60 63 64 65 66 67 69 70 71 72 73 74 75 76 77 78 79 80 82 83 85 86 87 88 89 90 93 94 95 96 97 99 100
29 c 57 68 34 39 148 10 15 20 30 31 32 33 34 36 37 38 39 40 41 42 44 45 46 47 48 50 51 53 54 56 57 58 59 60 61 62 63 64 66 68 69 70 72 75 76 78 79 82 83 84 85 86 88 89 90 91 92 93 94 97 99
30 c 4 18 34 49 148 10 35 43 31 32 33 34 35 38 40 41 42 43 44 45 46 47 48 51 53 56 57 59 60 61 62 63 64 65 67 68 70 72 73 74 75 76 77 81 82 84 85 86 87 89 94 95 97 98 99 100
31 c 37 31 34 51 148 10 14 8 32 33 34 35 36 38 39 41 42 43 44 45 46 47 48 50 51 52 53 58 59 60 62 63 65 68 74 75 78 79 80 82 83 84 85 86 87 89 90 91 93 96 98 99
32 c 49 58 34 36 149 10 10 6 33 35 37 38 39 40 41 44 45 46 47 48 50 51 54 55 56 57 58 59 60 62 63 64 65 66 68 69 74 75 76 77 78 80 81 84 90 91 92 93 96 97 98 99 100
33 c 10 43 34 50 149 10 9 10 34 36 38 39 41 43 45 46 48 50 51 52 53 56 57 58 62 63 64 65 66 67 68 70 72 74 76 78 79 80 81 82 85 86 88 89 91 92 93 94 95 96 97 99
34 c 64 42 35 29 150 10 9 3 35 36 37 38 39 40 41 43 44 48 49 51 52 56 57 58 59 61 62 64 65 68 70 71 73 74 75 76 77 81 82 84 86 88 92 93 94 95 96 97 99
35 c 26 27 36 58 151 10 27 25 36 37 38 39 41 42 43 45 47 48 49 51 53 54 58 59 60 62 63 65 66 67 68 69 70 71 72 73 74 75 76 77 78 80 81 83 84 85 86 87 88 89 91 93 94 95 96 97 98 99 100
36 c 6 68 37 73 152 10 30 31 37 38 39 41 42 45 46 48 49 51 52 53 55 58 59 60 63 65 66 67 68 69 70 71 72 74 76 77 78 80 82 85 86 89 91 93 94 95 96 97 98 100
37 c 20 65 37 33 152 10 12 4 38 39 41 42 43 44 46 47 49 50 51 53 54 55 56 58 59 60 63 64 65 66 68 69 70 75 76 77 78 79 80 82 83 84 85 86 87 90 92 94 95 96 97 98 99 100
38 c 30 5 37 30 152 10 8 10 39 40 42 44 45 46 48 50 51 53 54 56 59 60 62 64 65 67 69 71 72 73 74 76 77 78 79 80 81 82 84 87 88 89 90 93 95 97 98 99 100
39 c 45 10 42 50 153 10 18 23 43 44 47 48 49 50 51 52 53 54 55 56 58 59 61 63 65 66 71 73 74 77 78 79 82 83 86 89 91 92 95 96 97 98
40 c 31 67 42 46 153 10 3 1 41 43 45 46 49 53 54 55 56 57 58 59 60 61 64 65 68 69 71 72 74 75 76 77 78 79 80 83 84 85 87 88 90 92 93 94 95 99
41 c 5 5 42 42 153 10 16 22 42 43 44 45 47 48 49 52 54 56 57 59 60 63 64 67 68 69 71 72 73 74 82 83 84 85 87 88 89 90 92 93 94 99
42 c 11 31 42 57 154 10 7 11 43 45 47 48 50 51 52 55 56 57 58 59 60 61 62 63 64 65 66 67 69 70 73 74 75 76 77 78 79 80 82 83 85 86 87 88 89 92 94 96 97 99 100
43 c 24 58 42 25 154 10 19 15 44 45 48 49 50 51 52 53 54 56 57 58 59 60 61 62 64 65 66 69 70 71 72 73 74 75 76 77 78 80 81 82 84 85 86 87 88 92 93 95 96 97 98 100
44 c 55 5 42 36 155 10 29 26 45 48 49 50 51 52 53 54 55 57 58 59 60 61 62 63 64 65 67 72 73 74 78 80 82 83 86 87 88 89 90 95 96 97 99 100
45 c 67 5 42 43 156 10 25 21 48 49 52 55 57 58 59 60 61 62 63 64 65 66 67 68 69 70 71 72 75 77 78 79 80 81 82 83 85 86 88 90 91 92 93 94 95 97 100
46 c 55 60 42 47 156 10 16 6 47 48 49 50 51 53 54 56 60 61 62 64 65 67 69 70 71 72 73 74 76 78 79 80 81 82 84 85 86 87 88 89 91 93 94 95 96 100
47 c 14 37 42 21 157 10 11 10 48 49 50 51 52 53 54 56 58 60 61 62 63 64 65 66 67 70 71 72 73 74 75 76 77 78 79 80 81 82 83 84 85 86 87 88 89 90 91 92 95 96 97 98 99 100
48 c 25 30 43 49 158 10 3 1 49 50 52 53 54 55 56 57 59 60 61 62 63 65 66 68 69 70 72 74 76 77 78 79 81 82 83 85 86 87 90 92 93 96 97 98 99 100
49 c 24 12 43 25 158 10 5 3 50 51 52 53 58 59 62 64 65 70 71 73 74 75 76 77 78 79 80 81 82 83 84 86 87 89 90 92 93 94 97 98 99 100
50 c 61 52 52 42 159 10 3 9 53 54 55 56 57 58 59 60 61 62 64 65 66 67 68 69 70 72 73 75 76 79 80 82 84 85 86 87 88 89 90 91 92 93 95 96 97 98 99 100
51 c 22 22 52 18 159 10 2 1 52 54 57 58 59 60 61 63 65 69 70 71 75 76 78 79 80 81 83 84 85 86 89 91 92 93 94 95 96 98 99 100
52 c 42 7 52 43 160 10 5 1 53 55 56 58 59 60 62 66 67 70 71 72 73 74 76 77 78 79 80 81 82 83 84 85 86 87 88 89 90 92 93 96 97 98 99 100
53 c 53 52 52 24 161 10 11 4 54 55 56 57 59 62 63 65 66 67 68 69 73 74 76 78 80 81 82 83 84 86 87 88 90 91 92 93 94 97 98 100
54 c 32 12 52 48 163 10 7 1 55 57 59 61 63 64 65 66 67 68 69 70 71 74 75 76 77 78 79 81 83 84 85 86 87 88 89 90 91 93 95 96 97 98 99 100
55 c 55 45 52 76 165 10 13 15 57 59 61 62 64 65 66 67 68 69 70 72 73 74 76 77 78 79 80 81 82 84 86 87 88 89 93 95 96 97 98 99 100
56 c 15 77 52 46 165 10 9 9 60 61 62 63 64 65 66 67 69 70 71 72 73 76 77 78 79 81 82 84 85 86 87 90 91 92 93 94 95 96 97 100
57 c 15 30 52 20 167 10 26 19 58 59 60 61 62 63 64 65 66 69 71 72 73 76 77 79 81 83 84 87 88 89 90 91 92 93 94 95 96
58 c 6 38 57 29 169 10 16 20 59 60 61 62 63 64 65 66 67 68 71 72 74 75 76 82 83 85 86 87 88 89 91 93 96 99 100
59 c 47 16 57 22 170 10 25 33 60 61 62 63 64 65 67 68 70 71 72 76 77 78 79 80 81 82 83 84 86 87 88 89 90 91 93 96 97 99
60 c 62 77 57 49 170 10 20 26 61 62 63 66 68 70 71 72 73 76 78 79 80 81 82 84 85 86 87 89 90 91 92 93 94 95 96 97 98 100
61 c 30 60 57 85 172 10 16 26 64 65 66 67 68 69 70 71 72 73 74 75 76 77 79 80 83 84 87 88 89 93 94 95 97 99 100
62 c 27 69 57 34 172 10 10 15 63 64 66 67 68 70 71 72 73 76 77 78 82 83 84 85 86 87 88 89 90 91 92 93 94 95 97 98 99 100
63 c 65 55 58 70 173 10 14 12 64 65 66 68 70 71 75 76 77 79 82 83 84 86 88 89 91 93 97 98 99
64 c 8 56 61 34 176 10 27 21 65 67 68 70 71 72 73 75 76 77 78 79 80 81 84 87 88 89 90 91 92 93 94 95 96 98 99 100
65 c 2 60 63 41 178 10 5 8 66 67 69 70 71 72 74 75 76 77 78 79 80 81 82 83 85 86 88 90 91 95 96 98 99 100
66 c 63 65 63 54 178 10 8 9 67 68 69 72 73 75 76 78 79 82 84 86 88 90 91 92 93 94 95 97 98 100
67 c 49 73 64 68 179 10 25 35 68 69 70 74 75 76 77 78 79 81 83 85 86 88 90 92 93 94 96 99 100
68 c 2 48 67 63 180 10 1 2 69 70 71 73 74 75 76 78 81 82 83 85 86 87 88 89 90 91 93 94 95 96 97 98
69 c 47 47 67 75 182 10 13 15 70 71 72 75 76 77 78 79 80 81 82 83 84 87 88 89 90 91 95 97 99
70 c 45 65 67 79 182 10 9 12 71 75 77 78 79 80 85 86 88 90 91 93 94 95 97 98 99
71 c 25 21 68 92 183 10 12 15 72 73 75 76 77 78 80 83 84 85 86 88 89 90 91 92 93 94 96 99 100
72 c 21 24 68 17 183 10 28 29 73 74 76 77 78 79 80 81 82 83 84 85 86 87 89 90 91 93 94 95 96 98
73 c 23 3 70 82 185 10 7 14 74 76 78 79 80 81 82 83 85 86 87 88 89 90 91 92 93 94 95 96 100
74 c 45 30 71 87 186 10 17 13 75 76 77 78 79 80 81 82 85 87 90 91 92 94 95 97 98
75 c 35 69 71 67 186 10 23 19 76 77 78 80 82 83 85 87 88 90 93 94 95 96 97 98 99 100
76 c 65 20 71 56 186 10 6 1 77 79 80 81 83 84 85 86 87 88 89 90 92 93 96 98 99 100
77 c 60 12 71 33 186 10 31 25 78 79 80 81 82 84 86 88 89 90 91 92 96 99
78 c 15 10 72 32 187 10 20 17 81 82 83 84 85 91 92 95 96 97 98 99 100
79 c 63 23 74 69 189 10 2 1 80 84 85 88 89 91 92 93 95 96 98 99 100
80 c 5 30 74 60 189 10 2 1 82 84 85 86 87 90 93 95 96 97 98
81 c 20 20 75 87 190 10 8 5 82 84 86 87 89 90 91 92 94 95 96 97 100
82 c 65 35 75 58 190 10 3 5 83 86 88 92 93 95 96 97 99
83 c 53 12 75 76 190 10 6 10 85 86 87 89 90 91 92 93 94 95 97 98 99 100
84 c 22 27 75 89 190 10 11 20 85 86 90 91 92 93 95 99
85 c 13 52 77 65 192 10 36 40 86 87 88 90 91 92 93 94 95 96 98 99
86 c 15 19 79 70 194 10 1 9 87 88 91 92 93 96 98 99
87 c 55 20 80 73 195 10 19 12 88 89 92 93 94 96 97 98
88 c 18 18 80 51 195 10 17 8 90 91 93 94 95 96 98 99
89 c 46 13 80 74 195 10 8 3 90 91 93 94 95 98
90 c 57 29 82 90 197 10 18 24 91 92 94 95 96 97 98
91 c 56 37 83 73 198 10 6 1 93 95 96 97 99
92 c 56 39 83 80 198 10 36 27 93 94 96
93 c 37 56 83 48 198 10 5 8 95 98 99 100
94 c 18 24 85 60 199 10 22 20 95 97 99 100
95 c 53 43 85 72 200 10 14 17 96 97 98 99
96 c 17 34 86 70 201 10 3 1 98 99
97 c 41 49 89 73 204 10 10 7 99
98 c 30 25 93 79 208 10 23 24 99 100
99 c 36 26 95 84 210 10 18 21
100 c 26 35 96 68 211 10 15 15

