StringID Type x y release ReadyTime DueDate ServiceTime weight volume Item_Conflitante1 Item_Conflitante2 Item_Conflitante3 Item_Conflitante4 Item_Conflitante5 Item_Conflitante6 Item_Conflitante7 Item_Conflitante8 Item_Conflitante9 Item_Conflitante10 Item_Conflitante11 Item_Conflitante12 Item_Conflitante13 Item_Conflitante14 Item_Conflitante15 Item_Conflitante16 Item_Conflitante17 Item_Conflitante18 Item_Conflitante19 Item_Conflitante20 Item_Conflitante21 Item_Conflitante22 Item_Conflitante23 Item_Conflitante24 Item_Conflitante25 Item_Conflitante26 Item_Conflitante27 Item_Conflitante28 Item_Conflitante29 Item_Conflitante30 Item_Conflitante31 Item_Conflitante32 Item_Conflitante33 Item_Conflitante34 Item_Conflitante35 Item_Conflitante36 Item_Conflitante37 Item_Conflitante38 Item_Conflitante39 Item_Conflitante40 Item_Conflitante41 Item_Conflitante42 Item_Conflitante43 Item_Conflitante44 Item_Conflitante45 Item_Conflitante46 Item_Conflitante47 Item_Conflitante48 Item_Conflitante49 Item_Conflitante50 Item_Conflitante51 Item_Conflitante52 Item_Conflitante53 Item_Conflitante54 Item_Conflitante55 Item_Conflitante56 Item_Conflitante57 Item_Conflitante58 Item_Conflitante59 Item_Conflitante60 Item_Conflitante61 Item_Conflitante62 Item_Conflitante63 Item_Conflitante64 Item_Conflitante65 Item_Conflitante66 Item_Conflitante67 Item_Conflitante68 Item_Conflitante69 Item_Conflitante70 Item_Conflitante71 Item_Conflitante72 Item_Conflitante73 Item_Conflitante74 Peso_Total Volume_Total
0 d 35 35 0 0 230 0 0 0                                                                           200 200
1 c 67 5 0 73 103 10 25 32 2 3 4 5 12 13 14 16 17 19 20 24 27 28 29 30 33 36 38 40 41 42 43 44 45 46 48 50 51 54 55 56 57 58 59 60 63 65 67 68 70 71 72 73 74 76 77 78 80 82 83 84 86 91 92 94 95 96 98 100
2 c 14 37 0 34 64 10 11 2 4 5 6 8 10 12 17 18 22 24 25 27 29 30 31 32 33 34 35 38 40 41 42 43 45 46 47 48 51 52 56 57 60 61 62 64 65 66 70 71 72 74 77 79 81 82 84 85 86 88 89 90 93 95 97 100
3 c 2 60 0 41 71 10 5 4 4 5 6 7 8 9 12 13 14 15 18 22 23 25 26 27 28 29 30 31 32 33 34 35 36 37 38 39 41 42 44 45 47 48 49 51 52 54 55 56 58 59 61 64 66 67 68 69 70 71 72 73 75 78 79 81 82 83 86 88 90 93 94 97 98 99
4 c 15 47 0 45 75 10 16 18 5 6 7 8 9 10 11 12 13 14 15 16 18 20 22 23 24 26 27 28 29 31 33 34 35 38 39 40 43 44 45 46 47 49 50 52 54 55 56 57 58 59 60 62 64 65 66 67 68 69 70 71 72 76 77 78 79 80 81 83 85 86 87 88 89 90 91 92 94 95 97 98 99 100
5 c 5 5 0 73 103 10 16 6 6 7 8 9 10 11 12 13 14 15 16 17 20 21 24 25 26 28 29 30 31 32 33 34 35 37 40 43 44 45 46 47 48 51 52 53 54 55 57 58 59 60 63 64 65 69 70 72 75 76 77 79 80 81 82 84 85 86 88 89 90 91 92 95 96 97 100
6 c 60 12 0 34 64 10 31 31 7 8 10 11 13 14 16 17 18 19 20 21 24 25 32 33 34 35 36 37 38 39 40 41 42 43 45 46 47 49 51 52 53 54 55 56 59 60 62 63 64 66 67 68 70 71 72 73 75 76 78 79 80 82 83 84 85 86 87 88 89 91 92 95 96 97 98 99 100
7 c 40 25 0 75 105 10 9 9 9 10 11 13 14 15 16 17 18 19 22 23 25 26 28 30 31 32 33 34 36 37 38 39 41 43 44 45 46 47 50 52 53 56 57 58 59 61 62 63 64 65 66 67 71 72 73 74 75 76 77 82 84 85 86 87 89 90 91 92 93 94 96 97 98 100
8 c 24 12 0 25 55 10 5 4 11 12 13 15 17 18 19 20 21 22 23 26 27 28 29 32 33 35 37 38 39 40 41 42 43 44 45 46 47 48 50 52 54 57 58 60 61 62 64 66 68 69 71 72 74 75 76 77 80 82 83 84 86 87 89 90 91 92 93 94 95 96 99 100
9 c 55 54 0 84 114 10 26 34 10 11 12 14 15 16 17 19 26 27 28 30 32 35 36 37 38 39 40 42 43 45 46 47 49 50 51 52 54 56 59 60 61 62 63 64 65 66 67 68 69 71 72 75 78 79 80 82 84 85 86 87 88 90 91 92 94 95 97 98 99 100
10 c 11 14 0 59 89 10 18 9 12 13 14 15 18 19 20 21 22 24 25 26 27 28 30 31 32 35 37 38 39 41 42 44 45 46 47 49 50 51 52 53 55 56 57 58 61 62 63 64 68 69 71 72 73 74 76 78 79 80 81 83 84 85 86 87 88 89 91 92 93 96 98 99 100
11 c 6 38 0 29 59 10 16 12 12 14 15 16 17 18 20 21 23 25 27 28 29 30 31 33 34 35 36 37 40 41 43 44 45 46 47 48 49 51 53 54 55 56 57 60 61 62 63 64 65 66 68 69 70 71 73 74 76 79 80 84 85 88 89 90 96 97 100
12 c 8 56 0 41 71 10 27 19 13 14 15 16 19 21 22 23 25 26 27 29 31 32 34 35 36 38 39 40 42 43 45 46 47 48 49 50 51 52 53 54 55 56 59 61 62 63 67 68 69 71 72 75 80 81 82 83 84 85 87 88 89 90 92 93 94 95 96 97 98
13 c 57 48 0 82 112 10 23 23 14 18 19 21 22 25 27 28 29 30 31 33 35 36 37 38 39 40 41 42 44 46 48 49 50 51 52 53 54 56 57 58 59 60 61 63 64 66 68 69 71 73 75 78 79 81 87 88 90 91 92 94 96 97 98 99 100
14 c 53 52 0 27 57 10 11 4 15 16 18 19 20 21 22 23 25 26 27 28 30 31 33 35 36 37 38 39 41 42 43 44 45 47 49 51 53 54 55 56 57 58 60 61 62 63 65 66 67 68 70 72 73 75 78 79 81 82 83 84 87 88 89 90 91 93 94 95 96 98 99 100
15 c 20 26 0 73 103 10 9 19 16 17 18 20 21 25 26 27 28 30 31 32 34 35 36 42 43 44 45 46 47 48 52 53 55 56 57 58 62 63 69 70 71 73 74 76 78 79 80 82 84 85 86 87 88 89 90 91 92 93 94 95 96 97 98 99
16 c 27 43 0 42 72 10 9 1 17 18 22 23 24 25 27 29 30 31 32 33 34 35 36 37 38 39 40 44 45 46 48 49 51 52 53 54 56 57 58 59 60 61 68 69 70 71 72 73 81 84 85 86 88 91 92 93 95 97 98 99
17 c 37 31 0 85 115 10 14 8 18 19 20 23 24 25 26 27 28 29 30 31 32 33 34 35 36 37 38 41 42 43 44 45 46 47 48 49 50 51 53 54 55 56 57 58 60 65 67 68 70 71 72 73 75 78 82 83 87 88 89 90 92 93 94 95 99
18 c 49 42 0 63 93 10 13 12 20 21 23 26 27 33 34 35 36 37 38 39 40 42 43 44 45 46 47 49 50 51 52 53 54 56 58 60 62 65 66 68 69 70 71 77 78 79 81 87 88 90 91 92 94 96 97 99 100
19 c 49 11 0 59 89 10 18 21 20 21 22 24 25 26 27 29 30 32 34 35 37 38 39 40 41 44 46 47 48 49 50 51 52 53 54 55 56 59 61 62 63 65 66 67 70 71 72 73 76 77 79 80 84 85 86 88 89 90 91 92 94 95 97 98 99 100
20 c 44 17 0 68 98 10 9 18 21 22 23 27 28 29 30 32 33 34 35 36 38 40 41 45 47 50 51 53 54 55 56 57 58 61 62 65 66 68 69 70 71 72 74 77 79 80 81 82 83 84 85 86 88 90 91 92 93 94 96 98 100
21 c 21 24 0 17 47 10 28 28 22 23 24 26 27 28 30 33 35 36 37 38 39 40 41 42 43 44 45 46 47 49 50 52 53 54 55 56 58 59 60 61 62 64 65 66 68 69 70 71 72 76 77 78 79 80 82 84 85 86 87 88 89 94 95 96 98 99
22 c 47 16 0 25 55 10 25 22 24 25 26 28 30 31 32 34 35 36 38 40 41 43 44 45 47 48 49 51 52 53 54 56 59 60 63 65 67 69 70 73 74 75 77 78 79 80 81 82 83 85 88 89 91 93 94 95 96 97 98 100
23 c 12 24 0 66 96 10 13 3 24 25 27 28 30 31 32 33 34 35 37 38 40 41 43 45 46 47 48 50 52 53 54 55 56 58 59 60 61 62 65 66 67 68 69 71 72 73 74 75 79 80 81 82 83 84 85 86 88 89 90 91 92 93 94 95 96 98 99 100
24 c 24 58 0 48 78 10 19 29 26 28 30 31 32 33 34 35 36 37 40 41 42 44 45 46 50 52 54 57 59 60 61 63 64 65 67 69 70 72 73 75 77 78 79 80 83 84 85 86 88 89 90 91 93 94 96 97 98 99 100
25 c 27 69 0 34 64 10 10 5 26 30 32 33 35 37 38 39 42 43 44 45 46 47 48 50 51 52 53 55 56 58 59 60 61 62 65 67 71 72 73 75 77 79 81 82 83 84 85 86 87 88 89 90 94 95 96 97 98 99 100
26 c 15 77 0 63 93 10 9 15 28 29 30 31 33 34 35 37 38 39 41 42 43 44 45 47 48 49 51 53 54 56 57 58 59 60 61 62 63 65 66 68 69 70 72 73 75 76 78 81 82 83 84 85 86 87 89 90 93 95 97 98 99 100
27 c 62 77 0 49 79 10 20 28 28 29 30 31 32 33 34 37 39 40 42 43 45 47 48 49 50 51 52 53 54 55 56 57 58 60 61 62 66 71 72 73 74 75 76 78 79 80 81 82 83 85 86 89 91 93 94 95 98
28 c 57 68 0 67 97 10 15 25 29 30 31 32 34 38 39 40 41 42 43 44 45 46 49 50 53 54 55 56 58 60 61 62 63 64 65 67 69 70 72 73 75 77 79 81 83 85 87 89 90 91 92 93 94 95 96 98 100
29 c 49 58 0 78 108 10 10 11 33 35 36 37 39 40 41 42 44 45 46 49 50 51 52 53 54 55 58 59 62 63 64 65 67 68 69 71 72 74 76 78 79 81 82 83 84 85 86 87 89 90 92 93 95 96 97 98
30 c 31 52 0 40 70 10 27 26 31 32 34 35 36 37 38 39 40 41 42 45 46 47 49 50 52 53 54 55 56 59 60 61 62 63 64 66 69 71 72 73 74 76 77 81 83 84 85 86 89 90 91 92 94 95 96 97 98 99 100
31 c 37 47 0 40 70 10 6 5 33 34 37 38 39 40 42 43 44 45 46 47 48 51 52 53 54 55 56 57 58 59 60 63 65 69 70 71 75 76 77 80 81 82 83 85 86 87 88 89 90 93 95 96 98 99
32 c 30 5 0 51 81 10 8 10 33 34 35 36 37 38 40 41 42 43 44 46 48 49 50 51 53 56 57 61 62 63 64 66 67 68 69 72 76 77 78 79 80 83 85 88 89 90 93 94 95 97 98 99 100
33 c 20 50 0 71 101 10 5 8 34 35 36 37 39 41 44 45 46 47 48 49 50 51 52 53 55 57 58 60 61 62 63 70 71 72 73 74 78 79 80 81 84 85 88 89 91 92 94 96 98 99 100
34 c 10 43 0 85 115 10 9 15 35 36 38 39 40 41 42 43 44 45 46 47 50 51 52 53 54 55 56 57 59 60 61 62 63 65 67 68 70 71 72 73 74 76 80 81 82 83 84 86 87 89 90 91 92 94 96 97 98 99 100
35 c 25 24 0 29 59 10 20 24 38 39 40 41 43 46 47 48 50 51 52 53 54 55 57 58 59 62 63 64 65 67 68 70 71 72 73 74 75 76 77 79 82 83 84 85 86 87 88 89 90 92 93 94 95 96 99
36 c 20 65 0 57 87 10 12 4 37 38 41 44 45 47 49 50 52 54 55 59 61 62 64 65 66 67 68 69 70 72 73 75 76 77 78 80 81 82 83 84 86 87 89 90 91 92 94 95 97 99 100
37 c 50 35 0 53 83 10 19 15 42 43 44 47 48 51 52 55 57 58 60 61 62 63 65 66 71 75 76 77 78 79 80 81 83 84 85 88 89 90 92 93 95 96 97 98 99
38 c 22 22 0 18 48 10 2 5 40 41 42 43 45 46 47 48 49 51 52 54 57 61 62 63 68 69 70 71 74 75 76 77 79 81 82 83 84 86 87 90 91 95 96 98 99 100
39 c 15 10 0 32 62 10 20 17 40 42 43 45 48 50 51 53 55 57 58 59 60 63 64 67 68 69 72 74 75 76 77 79 80 82 83 84 85 87 88 92 94 96 97 98 100
40 c 40 60 0 61 91 10 21 30 41 43 44 45 46 47 49 50 51 52 53 54 55 56 57 59 60 62 63 64 65 66 67 70 71 72 74 77 78 79 80 81 83 84 85 88 89 90 91 93 96 97 99
41 c 35 17 0 40 70 10 7 1 43 44 45 46 49 51 53 54 56 57 58 59 60 61 64 65 67 69 70 71 72 74 75 76 77 79 80 81 82 83 85 86 87 90 93 94 95 96 97 98 99 100
42 c 10 20 0 65 95 10 19 28 43 44 45 46 47 48 49 51 52 53 54 55 59 60 61 62 63 64 65 66 67 68 69 70 71 72 74 75 76 78 80 81 82 83 84 86 87 88 90 93 94 96 97 99 100
43 c 19 21 0 48 78 10 10 7 46 48 49 50 52 53 54 55 56 60 61 63 64 65 66 68 69 70 73 74 76 77 79 80 81 82 83 89 90 91 92 93 94 95 100
44 c 20 40 0 77 107 10 12 22 45 47 48 49 50 51 53 56 58 59 61 63 64 66 68 69 72 73 75 76 77 78 79 80 83 85 86 88 90 92 94 95 96 98 100
45 c 31 67 0 85 115 10 3 1 47 48 50 51 52 53 54 55 56 57 58 59 61 65 66 67 69 70 73 74 77 78 80 81 82 85 89 90 91 92 93 94 99
46 c 26 52 0 64 94 10 9 6 48 50 51 52 53 54 55 56 57 59 60 61 63 64 65 66 67 68 70 71 73 75 76 78 80 81 82 83 84 85 89 91 92 93 94 95 97 98 99
47 c 64 42 0 53 83 10 9 11 49 51 54 55 56 58 60 61 62 63 64 65 66 67 68 71 72 73 74 76 77 79 80 83 84 85 86 87 88 89 90 91 92 94 95 96 97 98 99 100
48 c 41 37 0 29 59 10 16 18 49 50 51 52 53 55 56 57 59 60 61 63 64 65 67 68 69 71 74 75 77 78 79 80 81 82 84 89 91 92 93 95 96 97 98 99
49 c 35 40 0 27 57 10 16 12 50 52 54 56 58 60 61 62 63 66 67 68 70 71 72 73 75 76 77 79 80 82 83 84 86 87 88 90 93 96 97 98 99 100
50 c 16 22 6 81 111 10 41 50 51 52 54 56 57 58 60 61 63 64 66 67 68 69 71 72 73 75 77 80 81 83 84 85 86 87 88 89 90 92 93 94 96 97 98 99 100
51 c 15 60 6 66 96 10 17 11 52 53 56 57 58 59 60 65 67 69 70 71 72 73 74 75 77 78 79 81 82 83 84 86 87 88 89 90 91 92 94 95 98
52 c 4 18 6 84 114 10 35 34 53 54 55 56 57 58 59 60 61 62 63 64 65 66 67 68 69 70 71 73 74 75 76 77 78 81 82 84 85 86 87 88 90 91 92 95 96 99 100
53 c 15 30 6 24 54 10 26 27 57 58 59 60 61 63 64 66 67 69 70 72 73 74 75 76 78 79 80 83 84 85 88 90 91 92 93 94 95 96 97 98 99 100
54 c 55 5 6 58 88 10 29 19 55 56 57 58 59 61 62 64 65 66 67 68 69 70 71 72 73 74 75 76 78 79 81 82 83 84 85 86 87 88 89 91 92 93 96 97 99 100
55 c 45 20 6 52 82 10 11 10 56 57 59 61 64 65 68 69 70 72 74 76 77 78 79 80 81 82 83 86 89 92 94 97 98 100
56 c 28 18 6 83 113 10 26 30 57 58 60 61 62 63 64 65 71 73 74 77 78 79 80 81 82 83 84 87 89 91 92 93 94 95 97 100
57 c 61 52 6 86 116 10 3 8 58 61 64 65 66 68 69 70 71 73 74 77 78 81 82 83 84 85 86 87 89 93 94 95 96 98 99 100
58 c 45 10 6 87 117 10 18 13 59 60 61 63 65 66 68 70 71 72 80 81 82 83 84 85 87 88 89 90 91 92 94 95 98 100
59 c 42 7 6 87 117 10 5 1 63 64 66 67 68 69 71 72 75 76 77 78 79 80 81 82 83 84 85 86 87 89 90 91 93 95 98 99 100
60 c 55 60 6 87 117 10 16 6 61 63 64 65 67 68 69 70 72 73 74 75 77 78 79 81 82 83 84 85 86 88 89 90 92 93 94 95 98 100
61 c 25 30 6 89 119 10 3 4 62 63 66 67 68 71 72 73 74 76 78 80 81 82 83 84 85 86 88 89 90 92 94 96 98 100
62 c 26 27 6 90 120 10 27 30 65 66 67 69 72 73 74 78 79 80 82 84 85 88 89 92 93 94 95 96 97 98 99
63 c 11 31 6 91 121 10 7 14 64 66 67 70 72 75 76 77 78 79 81 82 83 84 86 88 89 92 93 94 97 98 99 100
64 c 32 12 6 91 121 10 7 7 67 69 70 71 72 76 77 78 80 81 83 84 87 88 90 91 95 96 97 100
65 c 6 68 13 98 128 10 30 36 66 67 68 69 71 72 74 75 76 78 83 84 92 94 95 97 99
66 c 55 45 22 106 136 10 13 18 67 70 71 73 74 77 78 80 81 82 84 85 86 87 88 91 92 96 98 99 100
67 c 2 48 22 107 137 10 1 1 70 73 75 76 77 78 81 83 84 85 86 87 88 89 90 92 93 94 95 96 97 98 99
68 c 65 55 22 107 137 10 14 23 70 71 73 75 78 79 80 81 82 83 86 87 88 89 90 92 93 95 96 97 98 100
69 c 47 47 32 114 144 10 13 6 70 71 72 75 76 77 79 80 81 82 84 85 89 90 91 92 93 95 96 97 99 100
70 c 30 60 32 114 144 10 16 24 71 72 73 74 76 77 78 79 80 81 82 86 88 89 90 92 94 95 96 97 98
71 c 45 65 32 116 146 10 9 19 72 75 77 78 79 80 81 82 86 87 88 89 93 94 96 97 98 99 100
72 c 49 73 32 117 147 10 25 24 74 75 79 81 82 83 84 85 87 88 89 90 91 93 94 96 97 98 99
73 c 53 12 46 120 150 10 6 13 74 76 78 79 80 81 82 84 85 86 87 89 91 92 93 95 96 97 98 99 100
74 c 45 30 46 122 152 10 17 15 76 77 79 80 81 82 83 84 85 86 88 89 90 91 92 93 94 95 96 97 99 100
75 c 23 3 46 122 152 10 7 10 77 78 79 80 82 86 87 88 90 91 93 94 97 99 100
76 c 25 21 46 123 153 10 12 2 77 78 79 80 81 82 84 85 87 88 89 91 92 93 94 97 98 99
77 c 20 20 46 124 154 10 8 7 79 80 81 82 83 85 86 88 89 90 92 94 95 97 98 100
78 c 22 27 46 125 155 10 11 3 80 83 85 86 87 88 89 90 93 94 97 99 100
79 c 63 23 46 126 156 10 2 12 81 82 83 85 86 87 88 89 90 91 92 93 94 95 96 97 99 100
80 c 57 29 46 130 160 10 18 23 81 82 83 85 86 87 89 90 91 93 96 97 98 99 100
81 c 35 69 46 131 161 10 23 16 83 86 87 88 89 92 93 95 97 98 99 100
82 c 56 39 54 132 162 10 36 42 83 84 85 88 90 92 93 94 98 100
83 c 63 65 54 133 163 10 8 5 88 89 90 91 92 93 95 97 98 99 100
84 c 46 13 54 139 169 10 8 17 86 87 88 89 90 91 92 95 96 98 100
85 c 55 20 54 139 169 10 19 29 86 87 88 89 91 92 97 99 100
86 c 65 35 58 143 173 10 3 1 87 88 89 90 91 92 95 96 98
87 c 5 30 65 147 177 10 2 5 88 91 92 94 95 96 97 98 99
88 c 30 25 65 149 179 10 23 24 89 90 91 93 94 97 98 99
89 c 15 19 65 150 180 10 1 1 91 93 94 96 97 98 100
90 c 41 49 66 151 181 10 10 1 91 92 93 94 95 97 98 99 100
91 c 17 34 67 152 182 10 3 1 92 93 94 95 96 98 99 100
92 c 13 52 71 155 185 10 36 45 93 94 95 96 97 99
93 c 65 20 71 156 186 10 6 12 94 96 97 98 100
94 c 18 18 83 165 195 10 17 23 96 100
95 c 26 35 83 166 196 10 15 21 98 99
96 c 56 37 83 168 198 10 6 1 98 99 100
97 c 37 56 83 168 198 10 5 1 98 100
98 c 53 43 84 169 199 10 14 13 99
99 c 18 24 84 169 199 10 22 13 100
100 c 36 26 95 180 210 10 18 10

