StringID Type x y release ReadyTime DueDate ServiceTime weight volume Item_Conflitante1 Item_Conflitante2 Item_Conflitante3 Item_Conflitante4 Item_Conflitante5 Item_Conflitante6 Item_Conflitante7 Item_Conflitante8 Item_Conflitante9 Item_Conflitante10 Item_Conflitante11 Item_Conflitante12 Item_Conflitante13 Item_Conflitante14 Item_Conflitante15 Item_Conflitante16 Item_Conflitante17 Item_Conflitante18 Item_Conflitante19 Item_Conflitante20 Item_Conflitante21 Item_Conflitante22 Item_Conflitante23 Item_Conflitante24 Item_Conflitante25 Item_Conflitante26 Item_Conflitante27 Item_Conflitante28 Item_Conflitante29 Item_Conflitante30 Item_Conflitante31 Item_Conflitante32 Item_Conflitante33 Item_Conflitante34 Item_Conflitante35 Item_Conflitante36 Item_Conflitante37 Item_Conflitante38 Item_Conflitante39 Item_Conflitante40 Item_Conflitante41 Item_Conflitante42 Item_Conflitante43 Item_Conflitante44 Item_Conflitante45 Item_Conflitante46 Item_Conflitante47 Item_Conflitante48 Item_Conflitante49 Item_Conflitante50 Item_Conflitante51 Item_Conflitante52 Item_Conflitante53 Item_Conflitante54 Item_Conflitante55 Item_Conflitante56 Item_Conflitante57 Item_Conflitante58 Item_Conflitante59 Item_Conflitante60 Item_Conflitante61 Item_Conflitante62 Item_Conflitante63 Item_Conflitante64 Item_Conflitante65 Item_Conflitante66 Item_Conflitante67 Peso_Total Volume_Total
0 d 35 35 0 0 1000 0 0 0                                                                    1000 1000
1 c 35 40 54 44 315 10 16 24 2 3 4 5 6 9 10 11 12 13 14 15 16 18 23 24 27 28 29 30 31 32 34 35 36 38 39 41 43 46 47 48 49 51 53 55 56 57 58 60 61 62 63 64 65 67 68 70 74 75 76 77 82 83 84 85 86 87 89 90 91 94 96 97 99 100
2 c 40 60 54 199 414 10 21 26 4 5 6 7 8 11 12 13 14 15 16 17 19 20 21 22 23 27 29 33 35 36 37 42 43 45 46 47 48 49 50 51 53 54 55 56 57 58 60 62 63 64 66 67 68 70 72 73 76 77 79 82 83 86 87 88 89 91 93 94 95 96 97 98 99 100
3 c 53 52 54 24 299 10 11 10 4 5 8 9 11 12 13 16 18 19 20 21 22 23 24 26 27 28 29 30 32 34 35 36 38 39 41 42 45 49 50 51 52 53 55 56 57 58 60 61 63 64 66 67 68 72 74 75 76 77 80 81 82 84 86 88 90 91 93 95 96 97 98 99
4 c 2 60 54 41 328 10 5 13 6 7 8 9 10 11 12 13 14 16 18 20 21 22 23 24 25 26 27 28 33 35 38 39 42 43 44 45 47 48 49 50 51 52 53 54 56 57 58 61 62 65 68 69 71 74 76 80 83 86 90 91 92 93 94 95 96 98
5 c 26 52 54 219 448 10 9 18 7 11 12 14 17 18 19 20 22 24 25 26 27 29 30 32 33 35 37 38 39 40 41 42 43 44 46 47 49 50 51 53 55 56 57 58 59 62 63 65 67 68 70 71 73 74 76 77 78 79 80 81 82 83 84 85 87 89 90 91 92 93 94 95 97 98 100
6 c 5 5 54 298 409 10 16 14 7 8 9 11 12 13 14 15 17 18 19 20 21 22 26 29 30 31 34 35 39 40 41 42 43 44 46 48 49 50 52 53 54 56 58 59 60 64 65 67 69 70 71 72 74 76 77 78 79 80 81 82 85 86 91 92 94 95 96 97 98 100
7 c 60 12 54 33 344 10 31 22 8 9 11 13 15 16 17 18 20 21 23 24 25 27 28 29 30 35 40 41 43 44 45 46 47 48 49 51 52 53 54 55 57 58 59 60 61 63 64 66 67 68 69 70 72 73 74 75 77 79 80 84 85 87 89 91 92 93 94 95 96 97 98 99 100
8 c 57 48 54 377 476 10 23 25 10 11 12 15 16 17 18 19 24 25 28 29 30 31 33 34 35 36 37 38 39 40 42 43 44 47 49 50 51 54 55 56 57 58 60 65 66 70 71 72 73 74 75 76 77 78 80 81 82 86 87 88 89 91 93 96 97 98 99 100
9 c 24 12 54 25 292 10 5 12 11 12 13 15 16 17 18 19 22 25 26 28 29 30 31 33 34 35 39 42 43 44 45 47 48 51 52 53 55 56 57 58 59 61 63 64 66 67 68 69 70 71 72 75 76 77 79 82 83 84 85 87 88 89 90 93 94 96 100
10 c 22 22 54 18 159 10 2 10 11 12 13 14 15 17 19 21 22 23 24 27 30 33 34 35 36 37 38 39 41 42 43 44 45 46 47 48 49 50 51 52 53 54 57 60 62 66 67 69 70 71 72 73 74 77 78 79 80 82 83 88 89 92 93 95 99 100
11 c 11 14 54 230 343 10 18 21 12 16 17 19 20 22 25 26 28 29 30 31 32 33 34 35 36 38 40 41 42 45 47 48 49 51 52 54 55 56 58 59 62 63 64 66 67 68 69 70 71 72 74 75 77 79 81 82 83 86 87 88 89 91 92 93 94 95 96 99
12 c 28 18 54 397 470 10 26 20 13 16 17 18 19 21 22 23 24 25 27 28 30 31 32 33 34 35 36 38 40 42 43 45 46 47 48 52 53 54 55 56 57 59 60 61 62 64 65 66 67 68 69 73 74 77 79 80 81 85 87 88 89 90 91 93 95 96 97 98 99
13 c 20 26 54 328 437 10 9 9 14 15 17 18 19 21 23 24 25 26 28 29 31 33 36 38 39 40 41 44 45 47 48 52 53 54 55 56 57 59 60 61 62 63 64 65 69 70 71 72 73 74 77 79 80 81 82 83 84 85 86 87 88 91 93 94 95 96 97 99 100
14 c 37 31 54 403 500 10 14 9 15 18 19 20 21 22 23 26 29 30 31 34 35 36 37 39 41 42 43 44 45 46 47 49 50 52 53 54 55 56 58 59 60 63 64 65 66 67 68 70 72 74 75 77 78 79 80 82 83 85 86 87 88 91 92 94 96 97 98 100
15 c 24 58 54 168 297 10 19 23 16 17 18 19 20 24 25 27 28 30 31 32 33 35 36 38 39 41 42 43 44 45 47 48 50 52 54 56 58 59 61 62 63 67 68 69 70 71 72 73 76 79 81 82 85 86 87 88 89 90 92 93 96 98 99
16 c 15 77 54 154 393 10 9 11 17 19 20 21 22 23 24 26 27 28 30 33 34 35 36 37 38 39 40 41 42 43 45 47 48 49 50 52 54 56 57 58 61 62 63 64 66 69 70 71 72 73 75 76 77 79 80 82 83 84 86 87 88 89 91 95 96 97 99
17 c 62 77 54 49 308 10 20 28 18 19 21 22 23 24 25 27 29 30 31 32 34 36 37 38 39 41 42 43 44 45 46 49 53 54 56 57 58 60 62 63 64 65 69 72 73 74 76 78 79 80 82 83 84 86 87 89 90 91 92 93 95 99 100
18 c 67 5 54 291 404 10 25 32 19 20 21 22 23 24 25 27 29 31 32 34 35 36 37 38 39 40 41 42 44 46 47 48 49 51 54 55 56 57 58 59 60 62 65 66 68 70 72 73 74 75 76 77 78 79 80 81 82 83 84 85 87 88 89 90 91 93 96
19 c 37 47 54 165 290 10 6 1 20 21 22 23 24 27 28 29 30 31 32 33 34 37 38 39 41 42 45 46 47 48 49 50 53 54 56 58 60 61 63 65 66 69 71 72 73 75 76 77 78 79 80 82 83 85 86 87 88 90 91 93 94 98 100
20 c 49 42 54 281 382 10 13 19 21 22 23 24 29 30 31 32 34 35 36 40 42 43 44 45 48 49 51 52 57 58 60 61 62 65 67 69 70 71 72 73 75 78 79 80 81 83 85 86 87 88 89 90 93 94 96 97 100
21 c 6 38 54 29 309 10 16 26 22 23 24 25 26 27 28 30 31 32 34 35 36 37 38 39 42 43 44 45 46 47 48 49 50 52 53 54 55 56 57 58 59 62 63 64 68 69 70 71 72 73 75 76 77 78 79 81 83 86 87 88 89 90 92 93 97 98 99
22 c 55 5 54 206 325 10 29 21 23 24 26 27 28 29 30 31 32 34 35 36 37 40 41 43 46 47 49 50 51 52 53 54 56 59 61 63 64 65 66 67 69 71 72 73 74 75 76 77 78 79 80 81 83 84 86 87 88 89 93 95 96 97 98 99
23 c 40 25 54 300 497 10 9 18 24 25 26 27 28 30 31 32 33 36 39 40 42 43 44 45 46 47 48 51 53 54 55 56 57 58 60 61 62 63 64 66 67 68 69 70 71 72 73 74 76 77 78 79 80 82 83 84 85 86 89 90 91 92 93 94 95 97
24 c 10 43 54 393 492 10 9 17 25 27 28 29 30 31 36 39 41 42 43 44 45 46 47 48 50 52 55 56 58 59 60 64 65 66 67 68 71 72 73 75 77 81 83 84 85 86 87 88 90 91 94 95 96 97 98 99
25 c 20 65 54 206 325 10 12 21 28 30 33 35 37 38 39 42 43 44 45 46 47 48 49 50 51 54 55 57 58 60 61 62 63 65 66 67 69 70 71 72 73 74 75 76 77 78 79 80 81 84 86 87 88 90 91 93 96 98 99
26 c 30 5 54 176 299 10 8 10 27 28 29 30 31 33 34 40 41 42 43 46 47 48 49 50 53 54 55 56 58 60 61 64 65 66 67 69 70 75 77 78 79 81 82 83 84 85 86 88 92 93 94 95 96 98 100
27 c 55 60 54 394 503 10 16 14 28 29 30 31 32 33 34 35 37 38 39 40 42 43 45 47 49 51 52 54 55 56 57 58 60 61 65 66 68 70 71 73 74 75 77 79 80 82 84 86 87 88 89 90 91 92 93 94 96 98 99 100
28 c 64 42 54 29 513 10 9 11 30 35 36 37 39 41 45 50 52 54 57 59 62 65 66 69 70 71 72 74 75 76 77 78 79 81 83 87 88 89 90 91 92 94 95 96 97 98 99 100
29 c 11 31 54 425 522 10 7 12 30 33 36 37 38 39 40 42 43 45 46 47 51 52 54 56 57 59 61 62 63 64 65 66 67 68 69 70 71 73 74 75 76 77 78 79 80 82 84 85 86 87 88 89 90 95 96 97 98 99
30 c 41 37 54 6 526 10 16 7 31 33 34 36 37 38 40 41 42 43 44 45 46 48 49 50 51 52 58 64 65 66 70 71 72 73 76 77 79 80 81 82 83 84 85 86 88 89 90 91 92 94 95 97 98 99 100
31 c 57 68 54 98 537 10 15 25 32 33 34 36 38 39 40 42 43 44 45 46 47 48 50 52 53 55 56 58 61 62 65 67 68 69 70 71 72 73 75 76 79 81 82 84 86 87 89 91 92 93 95 97 98 99 100
32 c 12 24 54 126 541 10 13 12 33 34 38 39 44 45 46 47 48 49 50 51 52 53 54 55 57 58 60 61 62 63 64 65 67 69 71 72 73 75 76 77 78 79 81 82 85 86 87 88 89 90 91 92 94 95 96 97 100
33 c 10 20 54 102 543 10 19 14 34 35 40 42 43 44 45 46 47 48 49 50 51 52 53 54 56 57 58 59 61 62 63 64 65 66 68 70 75 76 77 80 81 82 83 84 86 87 88 90 91 92 95 98 99
34 c 15 60 54 95 552 10 17 27 35 37 38 39 42 43 45 46 48 52 53 55 56 57 59 61 62 63 64 69 70 72 73 75 76 79 80 81 82 83 86 87 88 89 90 91 93 95 97 100
35 c 45 10 54 349 554 10 18 16 36 37 38 39 41 43 44 45 46 47 48 53 54 55 56 59 60 62 63 64 65 66 68 69 70 71 74 75 78 80 82 83 84 85 86 88 89 91 92 94 96 98
36 c 61 52 227 324 559 10 3 5 37 38 39 42 43 46 47 50 53 54 55 56 57 58 59 61 62 63 67 68 69 70 75 77 78 80 81 84 85 88 90 91 92 93 94 97 98 99
37 c 44 17 227 143 564 10 9 7 40 42 43 44 45 46 47 51 52 53 55 57 58 60 62 64 65 66 67 69 70 71 72 73 74 75 79 80 81 82 84 86 87 88 89 90 92 93 94 95 96 97 99 100
38 c 42 7 227 336 571 10 5 1 39 40 41 42 43 44 46 47 49 50 52 53 54 55 56 57 58 60 61 62 63 64 65 66 67 68 69 71 73 74 75 76 77 78 79 80 81 82 84 88 89 90 91 92 94 95 96 98
39 c 25 30 227 355 574 10 3 1 40 41 42 43 44 46 47 48 50 51 54 55 56 57 61 64 65 66 67 70 71 73 75 78 80 81 82 83 84 85 86 87 88 89 90 91 93 94 96 97 99 100
40 c 20 40 227 229 582 10 12 2 42 43 44 45 46 47 49 50 52 55 58 59 60 61 62 63 64 65 66 67 68 69 70 71 72 73 75 77 78 81 83 84 85 86 89 91 92 93 95 99
41 c 27 69 227 34 588 10 10 3 42 43 44 46 48 49 52 53 54 55 56 59 61 64 66 69 70 71 72 73 74 75 78 80 81 84 85 86 88 89 91 92 94 95 96 97 98
42 c 55 54 227 268 599 10 26 19 43 44 50 51 52 53 54 55 56 57 58 61 62 65 66 67 68 70 73 74 78 79 80 81 83 85 86 88 90 91 92 93 95 96 98 99 100
43 c 6 68 227 441 600 10 30 34 44 45 46 47 48 50 51 53 54 55 56 57 58 60 61 62 64 66 67 68 69 70 71 72 76 77 78 79 81 83 86 88 90 92 94 95 97 98 99 100
44 c 8 56 227 34 602 10 27 21 45 46 47 50 51 52 53 54 56 57 58 60 61 64 65 66 67 68 69 74 76 77 78 79 80 81 83 84 86 89 90 91 94 95 96 97 98 99 100
45 c 4 18 227 230 623 10 35 39 46 48 49 51 52 53 54 55 56 59 60 61 62 64 66 67 68 70 71 72 73 74 75 76 78 79 80 81 82 85 86 87 89 90 91 92 93 94 97 98 100
46 c 49 58 227 176 625 10 10 7 50 51 53 54 55 57 58 61 62 63 64 65 66 68 70 71 74 76 77 78 79 80 81 82 85 89 90 91 92 93 94 95 96 98 99 100
47 c 31 67 227 225 654 10 3 1 49 50 51 52 53 57 58 60 62 64 65 66 68 69 70 71 76 77 78 80 83 84 85 86 87 88 89 90 94 97 98 99 100
48 c 20 50 227 72 669 10 5 1 49 50 51 52 53 54 56 57 58 59 62 63 64 65 66 69 70 71 73 74 75 76 77 79 80 82 83 84 85 88 89 90 92 95 96 97 99 100
49 c 30 60 227 517 692 10 16 13 50 51 53 58 59 61 62 64 65 66 67 70 72 73 74 75 76 78 79 80 81 82 83 85 86 87 89 90 91 92 93 94 95 97 99 100
50 c 15 10 227 32 694 10 20 12 53 54 56 57 58 59 60 62 63 64 66 68 69 72 73 74 76 78 80 81 82 83 84 85 86 88 89 90 91 92 95 96 98 99
51 c 32 12 227 246 705 10 7 1 54 55 56 57 58 59 60 61 63 64 65 66 67 68 69 70 71 73 74 77 79 80 81 82 83 84 85 86 87 88 89 90 91 93 94 95 96 97 98 99 100
52 c 49 11 227 27 711 10 18 11 53 54 55 57 58 60 62 63 65 66 67 69 70 71 72 73 74 75 76 77 79 80 82 84 85 86 87 88 89 92 93 94 96 97 99 100
53 c 50 35 227 15 725 10 19 10 55 58 59 60 62 63 64 65 67 68 69 70 73 74 75 78 80 82 83 84 85 86 87 89 91 92 93 94 95 96 97 98 100
54 c 45 20 227 18 727 10 11 19 55 56 57 58 59 61 62 63 64 66 67 68 69 70 71 72 73 74 75 77 78 79 80 82 83 84 86 89 90 91 92 93 94 96 97 100
55 c 16 22 227 110 727 10 41 34 56 57 58 59 60 61 62 63 64 66 67 68 69 70 71 72 74 75 76 77 81 82 83 84 85 86 87 91 92 93 96 97 98 99 100
56 c 63 23 329 620 739 10 2 1 58 59 61 62 63 64 65 66 68 70 71 72 73 74 76 77 79 80 81 83 85 86 89 90 91 93 94 95 96 97 98 99
57 c 31 52 329 17 744 10 27 25 58 59 60 62 63 64 65 66 68 69 70 71 72 76 78 79 80 81 82 84 86 89 90 91 92 93 94 95 96 97 98 99 100
58 c 19 21 329 21 748 10 10 13 60 61 63 64 66 68 71 72 74 75 76 77 78 79 80 81 82 83 84 86 87 88 89 91 93 99 100
59 c 27 43 329 11 748 10 9 3 61 63 64 65 66 67 70 71 73 75 76 78 79 80 83 85 86 89 90 92 93 94 95 96 99 100
60 c 26 27 329 190 749 10 27 28 61 62 65 67 68 69 70 72 75 76 77 78 80 81 82 83 84 86 87 90 91 92 93 94 96 99
61 c 53 12 329 525 752 10 6 1 62 64 66 67 68 69 70 71 72 73 74 75 77 82 83 84 86 87 88 90 92 93 94 95 99
62 c 49 73 329 532 753 10 25 16 63 64 65 66 67 68 71 72 73 74 75 76 77 78 79 80 81 82 83 84 85 86 87 88 90 91 92 96 97 98 99
63 c 15 47 329 23 761 10 16 18 64 65 66 67 68 69 70 71 73 74 75 78 79 81 82 84 86 87 88 90 92 93 94 95 96 97 98 99 100
64 c 35 17 329 18 792 10 7 16 65 66 67 69 70 72 73 74 76 77 78 79 81 83 84 86 88 91 92 94 97 98 100
65 c 25 24 329 14 793 10 20 29 67 69 70 71 73 75 76 77 78 80 81 83 87 90 91 93 94 96 97 98 99 100
66 c 55 20 329 679 800 10 19 16 67 68 69 72 73 74 75 76 77 78 79 80 85 86 87 88 89 90 91 92 93 94 95 97 98 99
67 c 46 13 329 681 802 10 8 3 68 70 71 72 74 75 77 78 81 83 84 85 86 87 88 89 90 92 93 94 96 97 98 99 100
68 c 2 48 329 338 805 10 1 8 69 71 73 74 76 78 79 80 81 82 84 85 86 87 88 89 90 91 92 93 94 95 96 97 98 99
69 c 56 39 329 577 812 10 36 44 70 71 72 73 75 78 79 80 81 82 83 88 89 91 92 93 94 95 96 97 98 99
70 c 55 45 329 289 822 10 13 18 71 72 73 75 76 78 79 80 81 82 83 85 88 89 91 93 94 95 96 98 99 100
71 c 30 25 329 694 823 10 23 18 72 73 74 76 77 78 80 81 82 83 85 86 88 89 91 92 93 97 99
72 c 25 21 329 462 823 10 12 13 73 76 77 78 79 80 81 82 83 84 85 86 87 88 89 91 92 93 94 96 97 98 99 100
73 c 45 65 329 418 829 10 9 18 74 75 76 77 78 79 80 81 90 91 93 94 95 96 99
74 c 14 37 378 21 842 10 11 13 75 76 77 78 79 80 83 86 87 88 90 91 92 93 94 95 99 100
75 c 23 3 378 458 867 10 7 13 76 77 78 79 80 81 82 83 84 86 90 91 93 94 96 97 98 100
76 c 63 65 378 626 873 10 8 16 78 79 82 83 84 86 87 88 91 94 95 98 99 100
77 c 65 55 378 265 878 10 14 9 79 81 83 84 86 87 88 89 90 91 92 93 94 95 96 97 98 100
78 c 57 29 417 475 900 10 18 18 79 80 81 82 83 86 87 88 89 91 92 93 94 95 96 99
79 c 15 30 417 20 906 10 26 32 80 81 82 83 84 86 89 90 91 92 93 94 95 96 97 98 100
80 c 47 16 417 22 915 10 25 17 82 84 85 86 87 88 90 91 92 93 94 95 97 98 100
81 c 47 47 417 272 917 10 13 23 82 83 86 87 88 89 90 91 92 93 95 96 97 98 99 100
82 c 45 30 430 328 927 10 17 8 83 84 86 87 89 90 91 94 95 98 99 100
83 c 5 30 430 673 930 10 2 1 85 86 87 89 90 92 93 95 96 97 100
84 c 53 43 448 821 948 10 14 22 85 86 87 90 91 92 93 94 95 96 97 98 99 100
85 c 22 27 453 344 953 10 11 10 86 87 88 89 90 91 92 95 96 97 99
86 c 35 69 455 482 955 10 23 16 88 89 91 92 93 95 96 99
87 c 65 20 456 826 956 10 6 10 88 89 92 93 94 95 99 100
88 c 65 35 460 435 960 10 3 1 89 90 91 92 93 95 98 99 100
89 c 20 20 460 339 960 10 8 1 90 91 92 93 94 95 96 97 98 99
90 c 13 52 462 200 962 10 36 27 93 94 98 99 100
91 c 15 19 464 222 964 10 1 1 92 93 94 96 97 98 100
92 c 18 18 465 821 965 10 17 24 93 94 96 97 98 100
93 c 37 56 468 668 968 10 5 4 94 95 97 99 100
94 c 56 37 469 719 968 10 6 14 95 96 97 98 99 100
95 c 18 24 469 691 969 10 22 31 96 97 98 99 100
96 c 17 34 471 449 971 10 3 1 97 98 99 100
97 c 21 24 472 17 972 10 28 32 98 100
98 c 41 49 474 190 974 10 10 12 99 100
99 c 36 26 480 854 980 10 18 11 100
100 c 26 35 481 409 981 10 15 25

