StringID Type x y release ReadyTime DueDate ServiceTime weight volume Item_Conflitante1 Item_Conflitante2 Item_Conflitante3 Item_Conflitante4 Item_Conflitante5 Item_Conflitante6 Item_Conflitante7 Item_Conflitante8 Item_Conflitante9 Item_Conflitante10 Item_Conflitante11 Item_Conflitante12 Item_Conflitante13 Item_Conflitante14 Item_Conflitante15 Item_Conflitante16 Item_Conflitante17 Item_Conflitante18 Item_Conflitante19 Item_Conflitante20 Item_Conflitante21 Item_Conflitante22 Item_Conflitante23 Item_Conflitante24 Item_Conflitante25 Item_Conflitante26 Item_Conflitante27 Item_Conflitante28 Item_Conflitante29 Item_Conflitante30 Item_Conflitante31 Item_Conflitante32 Item_Conflitante33 Item_Conflitante34 Item_Conflitante35 Item_Conflitante36 Item_Conflitante37 Item_Conflitante38 Item_Conflitante39 Item_Conflitante40 Item_Conflitante41 Item_Conflitante42 Item_Conflitante43 Item_Conflitante44 Item_Conflitante45 Item_Conflitante46 Item_Conflitante47 Item_Conflitante48 Item_Conflitante49 Item_Conflitante50 Item_Conflitante51 Item_Conflitante52 Item_Conflitante53 Item_Conflitante54 Item_Conflitante55 Item_Conflitante56 Item_Conflitante57 Item_Conflitante58 Item_Conflitante59 Item_Conflitante60 Item_Conflitante61 Item_Conflitante62 Item_Conflitante63 Item_Conflitante64 Item_Conflitante65 Item_Conflitante66 Item_Conflitante67 Item_Conflitante68 Item_Conflitante69 Item_Conflitante70 Item_Conflitante71 Item_Conflitante72 Item_Conflitante73 Peso_Total Volume_Total
0 d 40 50 0 0 960 0 0 0                                                                          1000 1000
1 c 40 5 108 158 391 10 10 1 3 4 5 8 10 12 15 19 20 23 25 26 27 29 30 32 33 34 38 39 41 42 44 45 48 49 50 51 52 53 54 56 57 59 60 61 62 63 64 65 68 70 73 75 76 78 79 80 81 84 85 86 88 90 92 93 94 97 98 99 100
2 c 37 31 108 19 326 10 14 8 3 6 7 8 9 10 11 12 13 16 17 18 19 21 22 23 24 25 26 27 28 29 30 31 33 34 36 38 40 43 45 46 49 50 51 52 54 57 60 62 63 64 68 69 72 77 82 83 84 85 86 88 89 91 94 96 97
3 c 92 30 108 68 349 10 10 9 5 6 7 8 11 12 13 14 16 20 21 22 23 26 28 29 30 32 33 34 35 36 37 38 41 42 43 45 47 48 49 50 51 52 54 56 58 60 63 64 65 66 67 68 69 70 71 73 74 75 77 78 79 80 81 84 85 86 87 88 90 93 95 96 97 98 100
4 c 90 35 108 131 376 10 10 16 5 7 9 10 14 15 16 19 20 21 22 25 27 29 30 33 35 37 38 39 40 43 44 46 47 48 50 51 52 53 54 56 57 59 61 62 63 64 66 67 68 70 71 74 75 76 78 80 81 82 83 86 87 88 89 94 95 96 97 98 99 100
5 c 10 20 108 42 466 10 19 13 6 7 8 9 11 12 14 15 16 19 22 23 24 25 26 27 29 30 31 34 36 37 38 39 40 42 43 44 45 46 47 48 49 50 51 53 54 55 56 57 58 60 61 63 64 65 66 67 68 71 73 74 75 77 78 79 80 84 86 87 89 90 91 92 93 95 96 98 99 100
6 c 88 35 108 102 347 10 20 14 8 9 10 11 12 13 14 15 16 17 18 19 20 21 22 23 24 25 26 27 29 30 31 33 35 36 37 38 39 40 41 42 43 44 45 46 50 52 53 54 57 58 59 60 61 62 64 65 66 67 69 71 72 73 75 76 77 78 79 81 82 85 86 87 88 89 90 91 93 96 97 98 99
7 c 27 43 108 85 338 10 9 12 8 9 10 12 13 14 15 19 20 21 26 27 28 29 30 31 32 33 34 35 38 39 40 41 43 44 45 46 47 49 50 54 56 57 58 59 60 61 62 63 64 65 66 67 68 69 70 71 73 74 76 77 78 79 80 81 82 84 85 87 88 89 90 91 92 93 94 96 99
8 c 49 58 108 369 460 10 10 1 11 13 14 15 16 17 18 19 21 22 24 26 30 32 33 34 35 40 41 42 45 48 50 51 52 53 54 55 56 57 58 60 61 63 64 66 69 70 71 73 75 76 77 78 79 80 81 82 85 87 90 91 92 93 94 96 100
9 c 5 5 108 183 400 10 16 20 10 12 15 18 19 20 21 22 23 24 27 29 30 31 33 34 35 36 37 38 39 40 42 43 44 45 46 48 49 51 52 53 54 55 57 58 59 60 62 63 64 65 66 67 68 69 70 72 73 74 75 76 79 80 81 82 84 87 88 89 90 92 93 94 95 96 97 98 99
10 c 2 60 108 255 436 10 5 11 11 12 17 19 20 21 22 23 24 25 27 28 30 31 33 34 35 36 39 42 43 44 45 46 47 48 49 50 51 53 54 55 56 57 58 59 61 63 64 66 69 70 72 75 78 79 81 83 85 88 89 94 98 99 100
11 c 63 65 108 27 382 10 8 13 12 13 14 15 16 17 18 19 20 21 22 23 24 26 28 29 31 32 33 34 35 36 37 41 43 44 45 46 47 49 52 53 54 56 58 59 61 62 63 65 66 67 69 71 72 73 74 75 80 81 82 86 87 89 90 92 94 96 97 98 99
12 c 65 55 108 201 400 10 14 20 15 16 17 21 23 24 25 26 27 28 29 30 31 32 33 34 35 36 39 41 42 43 44 45 46 47 49 52 53 54 55 57 58 59 60 61 63 65 66 67 68 69 70 71 72 74 75 76 78 83 84 86 87 88 89 90 92 93 95 97 98 99
13 c 2 45 108 38 366 10 10 1 14 15 16 17 18 19 21 26 27 28 32 33 35 36 37 38 39 40 41 42 43 44 48 49 50 51 52 53 55 56 57 58 59 60 61 62 64 66 67 68 69 72 73 74 77 78 79 84 86 88 90 91 92 93 94 98 99
14 c 25 30 108 109 360 10 3 5 16 17 21 22 24 25 28 29 30 31 32 34 35 36 37 39 40 43 44 46 47 48 49 50 51 52 54 56 58 60 61 62 64 65 66 67 69 70 71 72 74 75 76 78 79 81 82 83 84 86 87 88 89 90 91 92 93 94 96 97 98 100
15 c 65 20 108 39 353 10 6 1 17 20 21 22 23 24 25 27 28 31 36 38 39 41 42 43 44 46 47 49 51 52 54 55 57 58 59 61 62 63 64 65 66 67 68 70 72 73 74 76 77 78 79 81 82 85 87 88 90 92 93 94 97 98 99
16 c 12 24 108 365 472 10 13 12 18 19 24 25 27 28 29 30 33 35 36 38 39 41 42 43 44 45 46 48 49 50 51 52 53 54 56 58 59 61 62 64 66 68 71 72 74 75 76 78 79 80 81 83 84 85 86 88 89 90 91 93 94 95 96 97 98 99 100
17 c 42 10 108 205 422 10 40 43 18 19 20 21 23 27 28 29 31 32 34 36 37 38 40 42 46 47 48 49 50 52 55 56 57 58 59 60 61 62 64 65 68 69 70 71 72 73 77 78 81 82 83 85 91 92 94 95 98
18 c 45 65 108 230 405 10 9 13 20 21 23 24 25 27 28 29 32 33 34 35 36 38 39 40 42 43 44 45 46 47 49 50 51 52 53 54 55 56 58 59 61 62 63 64 65 67 68 69 70 73 74 75 76 77 78 80 84 85 87 88 89 90 91 92 93 95 97 98 99 100
19 c 15 75 108 281 438 10 20 13 20 22 23 24 25 26 27 28 30 31 32 33 35 37 39 40 41 42 45 46 47 48 49 51 52 54 55 56 57 58 60 62 63 65 67 68 69 71 73 77 80 81 82 83 84 85 86 87 88 90 92 94 95 96 97 98 99 100
20 c 0 40 108 214 415 10 20 30 21 23 24 25 28 29 31 33 34 35 38 40 41 42 43 45 46 47 48 49 50 51 52 54 55 56 58 60 62 63 64 65 67 68 70 72 74 75 80 81 82 83 84 85 86 92 93 95 97 98 99 100
21 c 26 52 108 109 354 10 9 16 22 24 29 30 31 32 33 34 35 40 41 42 43 44 45 47 48 49 50 52 53 55 56 58 59 61 62 63 65 66 67 68 69 70 72 73 74 77 78 79 80 81 82 83 84 85 86 88 89 91 92 93 94 95 96 98 99 100
22 c 22 75 108 73 350 10 30 33 24 25 26 30 31 32 33 34 35 36 37 41 42 43 46 47 50 51 52 54 56 57 58 60 61 62 63 66 67 68 69 71 73 74 76 77 80 81 83 84 85 86 87 88 89 91 93 94 96 97 98 99 100
23 c 5 45 108 35 457 10 10 13 24 26 28 29 30 31 32 33 35 36 38 39 41 44 45 46 47 49 50 51 53 55 57 61 62 63 64 65 66 67 68 69 70 71 72 73 75 79 80 81 82 83 84 86 88 90 92 96 97 98 99
24 c 56 37 108 20 299 10 6 1 25 26 27 28 29 30 31 33 35 36 40 41 43 44 45 46 49 50 52 53 54 56 57 59 60 61 62 63 64 66 67 68 71 72 73 74 75 76 82 83 84 85 86 87 88 89 91 92 93 95 96 98 100
25 c 8 45 108 166 399 10 20 18 26 28 31 32 35 36 37 40 41 43 44 45 46 47 49 50 52 53 54 55 56 59 60 62 64 65 66 67 69 70 71 72 77 79 80 81 83 84 85 87 88 89 90 91 92 94 97 98 99 100
26 c 20 85 108 40 390 10 20 29 28 29 30 31 32 33 35 37 38 39 40 42 46 47 49 51 54 55 56 57 59 60 61 62 63 66 69 71 72 74 75 79 80 81 82 83 84 85 86 87 89 90 91 92 95 99 100
27 c 44 5 108 338 451 10 20 11 28 31 32 34 35 36 37 38 40 43 45 47 48 50 52 53 54 55 56 58 59 60 61 62 63 66 68 69 70 72 75 76 77 78 79 81 83 84 85 86 87 88 89 90 91 92 94 95 96 98 99 100
28 c 21 24 108 332 485 10 28 27 29 30 31 32 33 34 35 36 37 39 40 41 42 43 44 45 46 47 48 49 50 51 53 55 58 59 60 62 63 64 66 67 68 69 71 73 74 75 76 77 78 80 82 83 84 87 89 91 95 98 99 100
29 c 63 23 108 318 489 10 2 1 30 31 32 33 34 35 38 40 41 44 45 47 49 50 52 53 54 55 56 58 59 60 61 62 63 67 68 70 71 72 73 74 76 77 78 81 82 88 90 91 95 96 98 99 100
30 c 55 20 108 281 490 10 19 19 31 32 33 37 41 42 43 44 47 48 49 50 52 53 55 56 57 58 59 60 62 63 64 65 66 68 72 73 74 75 76 77 78 80 82 83 86 88 90 91 93 94 96 97 98
31 c 55 82 108 62 491 10 10 16 32 33 34 36 37 38 39 40 44 46 47 49 52 53 54 55 58 59 60 61 63 64 65 66 67 69 72 74 76 77 78 79 80 82 83 84 86 87 88 89 91 92 93 95 96 99 100
32 c 60 12 108 162 493 10 31 21 33 35 37 38 40 41 42 43 44 45 46 48 49 50 51 52 53 54 55 57 58 59 60 61 62 63 64 65 66 67 68 69 70 72 73 74 75 76 77 78 79 80 81 83 84 88 89 93 95 96 98 100
33 c 45 30 108 20 497 10 17 11 36 39 40 42 43 44 46 50 52 54 55 56 57 59 60 61 62 63 64 65 66 67 68 69 70 71 72 75 76 78 80 81 83 84 86 88 89 90 91 92 93 95 96 97 99
34 c 88 30 108 114 497 10 10 17 35 36 37 38 39 40 42 43 44 45 46 48 49 52 53 55 56 62 65 66 67 69 70 71 72 73 76 78 83 84 86 88 89 90 91 92 95 96 99 100
35 c 8 40 108 33 510 10 40 31 36 38 40 41 43 45 47 55 59 60 61 62 63 64 65 67 68 69 70 71 72 74 75 76 78 79 80 81 83 84 85 87 88 90 91 92 93 94 97 99 100
36 c 37 47 108 324 513 10 6 2 37 39 40 41 42 45 46 47 48 49 51 53 54 56 57 58 60 61 63 64 65 66 67 68 71 72 73 74 75 76 77 79 80 81 82 83 85 86 89 90 92 95 96 97 98 99
37 c 57 48 108 385 518 10 23 23 38 39 40 41 42 43 44 46 47 48 50 51 53 54 55 58 60 62 63 64 65 66 67 70 71 72 73 74 77 78 79 80 81 82 83 84 85 88 89 90 92 94 95 98
38 c 38 5 108 45 522 10 30 23 42 43 45 46 47 49 51 52 53 55 57 59 60 62 63 65 66 67 69 71 73 74 75 78 79 81 83 84 85 87 88 92 98 99
39 c 31 52 108 9 532 10 27 22 41 42 43 47 50 54 55 56 57 59 60 61 63 65 67 69 72 73 75 76 78 79 80 81 82 83 84 85 86 87 89 90 91 94 96 97 98 99 100
40 c 2 40 108 39 538 10 20 19 41 42 43 44 45 48 51 53 54 55 57 58 59 60 62 64 67 68 73 75 76 77 79 81 84 85 86 87 88 89 90 92 93 95 97 98 100
41 c 24 58 108 100 539 10 19 22 42 47 48 49 50 51 52 53 54 55 56 57 58 59 60 61 62 63 65 66 67 69 70 71 73 74 75 76 77 79 80 81 84 89 90 91 93 94 95 96 97 98
42 c 64 42 108 112 543 10 9 15 43 46 47 48 50 51 52 53 55 56 57 58 60 61 62 63 64 65 67 68 69 71 73 74 75 78 80 81 84 85 88 89 90 97 98 100
43 c 62 80 108 131 544 10 30 24 44 45 46 47 48 50 52 54 57 58 59 60 61 62 63 64 67 69 70 71 72 75 76 77 79 81 83 84 85 87 88 89 90 92 93 95 96 97 100
44 c 60 85 108 233 544 10 30 22 48 49 50 51 52 53 55 56 58 60 61 62 64 66 67 69 71 72 73 74 75 76 77 78 79 80 81 82 83 84 85 87 89 90 91 92 94 95 96 97 100
45 c 26 35 108 170 565 10 15 21 46 47 50 51 53 55 56 57 58 59 61 62 63 64 65 66 67 68 69 70 71 73 74 76 77 78 80 82 85 90 91 92 95 96
46 c 6 68 108 258 565 10 30 35 49 50 51 53 59 60 61 63 64 65 66 67 69 70 71 73 75 76 77 78 80 81 82 84 85 89 90 91 93 94 95 97 98 99 100
47 c 30 25 108 347 566 10 23 29 48 49 52 53 54 55 58 59 61 62 63 64 65 66 68 70 72 73 75 76 77 80 81 82 83 84 90 93 94 95 96 97 98 99
48 c 35 40 108 11 570 10 16 8 49 50 51 52 53 55 57 59 60 62 63 64 70 71 72 73 75 77 78 83 84 85 87 90 92 93 94 97 98 99 100
49 c 42 12 108 423 576 10 10 13 50 53 55 56 57 58 59 62 63 64 65 66 67 68 69 70 71 73 74 75 76 77 78 79 80 84 85 86 88 90 91 92 93 96 98 99
50 c 15 80 108 272 581 10 10 11 52 54 55 56 57 58 59 60 61 62 63 65 66 68 69 71 72 73 74 75 77 78 79 80 82 84 85 87 89 90 91 92 94 95 96 97 98 100
51 c 20 50 108 284 585 10 5 15 53 54 55 56 57 58 59 60 61 62 64 65 67 68 69 70 72 73 74 75 76 77 78 79 80 81 83 84 86 87 88 89 92 94 95 96 99 100
52 c 65 35 108 29 587 10 3 1 53 54 55 56 57 60 62 64 65 66 67 68 69 70 72 73 75 76 77 79 80 81 84 86 87 88 89 90 91 92 94 96 97 98 99
53 c 22 85 108 473 588 10 10 14 54 56 59 62 64 66 68 69 70 71 72 74 75 76 78 82 83 84 85 86 87 91 94 95 96 97 99 100
54 c 57 29 238 304 605 10 18 20 56 58 59 61 62 63 64 65 66 68 69 70 71 72 74 75 76 78 79 80 82 83 84 85 87 89 90 92 93 94 95 96 97 99 100
55 c 40 15 238 263 606 10 40 49 56 58 59 62 63 65 66 67 68 70 71 72 73 74 75 76 77 78 79 80 81 82 83 84 85 86 91 92 93 96 97 98 99 100
56 c 55 80 238 33 624 10 10 10 57 58 59 60 61 63 64 65 66 69 73 74 75 77 78 79 80 82 86 87 88 89 91 92 93 94 95 96 97 98 99 100
57 c 10 35 238 236 625 10 20 19 61 62 63 65 68 69 71 73 74 76 77 78 79 80 83 84 86 87 88 89 91 92 93 94 95 96 97 98 99 100
58 c 85 35 238 462 631 10 30 35 59 62 63 64 65 70 71 72 73 74 75 76 77 78 79 82 84 86 87 88 89 90 92 93 94 95 96 97 99 100
59 c 18 75 238 249 646 10 20 27 61 63 65 66 67 69 71 72 77 78 80 81 82 83 86 88 89 90 92 93 94 95 96 97 98
60 c 8 56 238 195 654 10 27 19 61 62 63 65 67 69 70 71 72 73 74 76 77 78 81 82 84 87 89 90 91 93 94 95 97 98 99 100
61 c 72 35 238 471 662 10 30 36 62 63 65 71 72 73 75 76 78 79 80 82 83 84 86 87 88 89 90 92 93 94 95 96 97 99 100
62 c 18 80 238 435 662 10 10 4 63 64 65 68 69 71 72 73 74 75 77 78 79 80 81 82 83 84 85 86 88 90 91 92 93 94 95 97 100
63 c 95 35 238 57 664 10 20 10 64 66 67 68 71 72 74 75 76 77 79 80 81 82 83 84 85 86 89 90 92 93 95 96 98
64 c 58 75 238 207 664 10 20 30 65 69 70 73 74 75 76 77 78 79 80 81 82 83 84 86 88 89 91 92 93 94 98 99 100
65 c 4 18 238 546 667 10 35 27 66 67 68 69 70 71 74 75 77 78 81 84 85 86 87 88 89 90 91 92 93 95 96 100
66 c 95 30 238 509 668 10 30 26 67 69 70 71 73 74 75 77 80 84 85 88 89 90 92 93 94 95 96 97 99 100
67 c 53 43 238 14 669 10 14 23 68 71 72 73 74 76 77 78 79 81 82 84 87 90 91 92 93 94 98 99
68 c 85 25 238 51 673 10 10 19 69 70 71 74 81 82 83 84 88 89 92 94 95 97 98 99 100
69 c 20 82 238 37 677 10 10 11 70 71 72 73 74 75 76 77 78 79 80 81 82 83 86 87 88 90 91 92 93 94 96 98 99
70 c 42 15 238 511 682 10 10 15 71 72 73 74 75 76 79 81 82 83 84 85 86 89 91 92 94 95 96 97 98 99 100
71 c 10 40 238 470 687 10 30 36 73 74 75 77 79 80 81 82 83 84 86 87 88 89 93 94 96 97 98 99 100
72 c 65 82 238 530 703 10 10 4 73 74 75 76 78 79 80 81 85 88 89 91 92 94 95 96 98 100
73 c 55 54 238 538 705 10 26 21 74 75 78 80 81 82 83 84 85 89 90 91 93 94 96 97 99
74 c 65 85 238 43 712 10 40 34 79 80 81 82 83 87 88 89 90 91 92 93 94 98 99
75 c 55 85 238 549 718 10 20 23 76 78 79 81 82 83 84 85 86 87 88 89 91 92 93 95 96 98 99 100
76 c 55 60 320 568 753 10 16 7 77 79 81 83 84 85 86 88 89 93 94 96 98 99 100
77 c 87 30 320 564 797 10 10 2 78 79 80 82 83 85 86 87 90 91 92 94 95 97 98 99 100
78 c 60 80 320 36 800 10 10 11 80 81 83 84 85 86 87 88 89 90 91 92 93 95 96 99 100
79 c 41 37 349 423 828 10 16 26 81 82 83 85 86 87 89 90 91 93 94 95 96 97 99 100
80 c 50 35 349 404 829 10 19 18 81 82 83 84 85 87 88 89 92 94 96 98 100
81 c 25 85 416 591 874 10 20 18 82 83 86 87 88 89 90 91 92 95 99 100
82 c 38 15 416 598 883 10 10 11 83 84 85 87 88 89 90 91 93 94 95 96 97
83 c 15 60 416 613 894 10 17 18 84 86 87 92 96 97 98 100
84 c 30 60 416 421 896 10 16 15 87 88 89 93 96 97 98 100
85 c 67 5 417 565 897 10 25 28 86 87 89 90 92 93 94 95 96 97 98 99 100
86 c 23 3 420 360 900 10 7 9 88 90 91 92 93 94 95 97 98 100
87 c 15 10 422 380 902 10 20 25 88 89 92 93 94 95 96 98
88 c 40 60 422 441 902 10 21 25 89 91 93 94 97 98 99 100
89 c 42 5 424 636 904 10 10 11 90 91 94 96 98 99 100
90 c 35 5 433 348 904 10 20 20 91 92 93 94 95 96 97 98 100
91 c 67 85 433 396 905 10 20 29 92 93 94 95 96 98 100
92 c 49 42 433 651 906 10 13 16 93 94 95 96 97 98 99 100
93 c 0 45 433 359 909 10 20 14 94 95 96 97 99 100
94 c 5 35 433 359 911 10 10 4 99
95 c 20 20 433 427 913 10 8 13 97 98 100
96 c 20 80 433 418 913 10 40 38 97 100
97 c 61 52 448 298 928 10 3 13 98 99 100
98 c 35 69 450 211 930 10 23 21 99
99 c 31 67 450 262 930 10 3 6 100
100 c 47 47 462 426 942 10 13 21

