StringID Type x y release ReadyTime DueDate ServiceTime weight volume Item_Conflitante1 Item_Conflitante2 Item_Conflitante3 Item_Conflitante4 Item_Conflitante5 Item_Conflitante6 Item_Conflitante7 Item_Conflitante8 Item_Conflitante9 Item_Conflitante10 Item_Conflitante11 Item_Conflitante12 Item_Conflitante13 Item_Conflitante14 Item_Conflitante15 Item_Conflitante16 Item_Conflitante17 Item_Conflitante18 Item_Conflitante19 Item_Conflitante20 Item_Conflitante21 Item_Conflitante22 Item_Conflitante23 Item_Conflitante24 Item_Conflitante25 Item_Conflitante26 Item_Conflitante27 Item_Conflitante28 Item_Conflitante29 Item_Conflitante30 Item_Conflitante31 Item_Conflitante32 Item_Conflitante33 Item_Conflitante34 Item_Conflitante35 Item_Conflitante36 Item_Conflitante37 Item_Conflitante38 Item_Conflitante39 Item_Conflitante40 Item_Conflitante41 Item_Conflitante42 Item_Conflitante43 Item_Conflitante44 Item_Conflitante45 Item_Conflitante46 Item_Conflitante47 Item_Conflitante48 Item_Conflitante49 Peso_Total Volume_Total
0 d 35 35 0 0 1000 0 0 0                                                  1000 1000
1 c 24 58 94 113 353 10 19 19 6 8 10 11 14 15 16 21 23 25 28 30 31 34 36 37 38 42 43 44 45 48 50 52 53 54 55 57 60 64 65 67 69 72 73 74 75 76 78 79 80 83 87 92 93 96 97 98
2 c 67 5 94 228 468 10 25 19 3 4 5 7 8 11 12 14 16 17 18 19 20 24 26 27 29 32 34 37 38 41 42 46 48 49 50 51 52 56 59 60 62 63 67 68 72 75 76 77 80 81 83 84 86 91 92 93 95
3 c 37 47 94 108 348 10 6 14 10 12 17 21 24 25 26 31 33 34 37 38 39 40 41 45 46 49 50 51 55 58 59 61 62 63 64 65 66 68 69 70 71 73 75 76 78 79 82 86 87 96
4 c 6 38 94 29 269 10 16 11 6 7 10 12 13 15 17 19 20 22 24 25 27 34 35 37 38 39 40 42 44 45 47 49 50 51 52 58 62 63 64 67 72 77 81 82 83 84 85 86 87 90 91 98 99 100
5 c 11 14 94 167 407 10 18 21 6 7 8 11 12 13 15 16 19 20 26 27 28 35 40 41 42 43 44 45 46 54 55 57 58 64 66 67 68 72 73 79 80 81 84 86 88 91 92 94 95 97 98 99 100
6 c 24 12 94 25 265 10 5 4 7 9 10 11 12 15 18 19 20 21 23 26 27 31 35 39 40 42 44 47 52 54 55 56 57 58 59 61 64 65 67 71 72 76 77 79 81 82 83 84 85 88 90 92 93 97 98 99
7 c 60 12 94 33 273 10 31 35 8 11 17 18 23 26 27 29 31 32 33 35 36 37 43 44 46 47 48 49 52 53 54 59 60 62 63 64 65 69 73 74 75 76 77 79 80 83 84 86 87 93 94 95 97 98 99
8 c 5 5 94 234 474 10 16 13 10 12 13 15 17 18 20 24 29 30 32 33 34 38 39 40 41 43 44 45 46 49 51 53 56 58 60 62 64 68 69 70 72 73 74 75 76 80 87 94 95 96
9 c 2 60 94 41 281 10 5 10 10 13 14 15 24 25 29 30 32 33 34 35 36 37 40 41 42 45 46 47 49 51 52 57 59 60 61 63 67 70 74 75 77 80 81 85 90 91 93 95 96 99
10 c 53 52 94 24 264 10 11 13 12 14 17 20 22 24 25 26 29 33 39 40 41 43 45 48 49 50 51 56 59 60 61 62 63 65 67 68 70 71 72 74 76 78 79 82 84 85 86 87 88 91 92 93 95 96 97 99
11 c 15 77 94 154 394 10 9 1 14 16 17 22 23 24 28 31 33 37 40 41 42 46 47 50 51 53 55 62 63 65 66 67 72 75 76 77 80 82 84 86 92 96 97 99 100
12 c 49 42 94 212 452 10 13 19 14 16 17 20 21 23 24 25 27 28 32 33 36 37 38 40 42 48 49 58 60 61 62 64 65 66 70 75 79 81 82 85 87 91 93 96 97 98 100
13 c 40 60 94 187 427 10 21 19 14 18 20 21 23 25 29 32 33 34 35 39 41 42 43 44 45 49 50 51 54 57 58 59 62 63 64 65 67 69 70 71 73 74 75 76 77 79 80 81 83 86 87 89 91 92 95
14 c 35 40 94 60 300 10 16 9 15 19 21 23 24 25 26 28 30 33 36 37 40 42 44 45 46 48 50 51 52 53 55 56 59 60 63 64 65 66 67 68 70 72 73 74 75 76 79 80 84 89 98 99
15 c 55 5 94 146 386 10 29 28 18 19 20 27 28 30 31 32 34 35 36 37 45 46 50 51 53 55 56 57 60 62 63 64 66 69 72 74 76 78 80 84 85 86 88 89 93 98
16 c 62 77 94 49 289 10 20 18 18 19 22 23 25 26 31 38 41 43 46 48 49 51 52 53 54 55 57 61 62 64 65 66 68 70 71 72 75 77 79 80 81 83 84 97 98
17 c 22 22 94 18 258 10 2 1 20 25 26 27 30 32 33 36 37 38 39 40 41 43 44 45 46 48 50 51 52 53 55 56 59 63 64 65 68 72 73 75 78 79 80 81 82 87 89 94 95 96 98 99
18 c 30 5 94 118 358 10 8 16 21 23 26 27 33 34 36 38 39 41 42 46 47 49 50 51 52 53 59 61 64 65 68 69 72 73 77 78 79 85 86 87 88 90 92 94 96
19 c 20 65 94 146 386 10 12 4 20 21 23 28 31 33 37 39 40 42 43 44 46 50 52 53 54 63 65 66 71 74 75 79 81 84 85 89 91 93 94 96 97 98 99 100
20 c 26 52 94 214 454 10 9 9 22 23 24 25 26 28 29 30 31 35 36 37 40 42 44 45 46 49 51 53 55 56 60 62 66 67 68 69 71 72 74 75 76 77 78 79 81 82 88 90 92 94 95 96
21 c 20 26 94 263 503 10 9 19 23 25 26 27 28 29 30 32 33 34 37 38 39 40 45 47 49 51 53 55 57 60 61 67 68 71 75 80 81 83 85 86 87 88 92 94 95 98 100
22 c 40 25 94 279 519 10 9 15 23 27 28 29 30 34 37 38 39 40 41 44 45 47 54 57 58 61 69 70 72 80 82 83 85 86 87 89 91 92 94 96 99 100
23 c 57 48 94 307 547 10 23 18 24 25 27 32 35 37 38 39 41 42 43 45 46 49 50 52 53 60 62 63 65 68 69 72 74 76 78 82 83 84 85 93 95 96 99
24 c 28 18 94 314 554 10 26 23 30 34 37 38 42 44 45 46 48 49 50 51 52 53 55 58 59 65 66 68 70 71 73 76 79 81 85 86 87 88 89 90 92 95 97 98 100
25 c 61 52 94 322 562 10 3 2 26 27 29 30 31 32 33 34 37 39 44 45 47 49 53 55 56 61 62 63 66 67 68 69 70 71 73 75 78 79 80 83 84 85 90 92 94 95 99 100
26 c 10 43 94 323 563 10 9 1 27 29 31 33 35 37 40 42 44 46 47 48 51 53 55 60 61 62 64 67 72 73 76 77 78 79 80 83 86 91 92 94 97 100
27 c 55 60 94 329 569 10 16 11 30 31 35 36 37 39 44 45 49 50 52 58 62 73 76 81 82 83 84 85 86 88 89 93 95 98 99 100
28 c 45 10 94 332 572 10 18 22 29 30 31 32 33 37 40 42 46 48 54 56 58 59 60 61 66 68 73 74 76 77 78 82 89 90 91 92 93 94 95 96 97 98
29 c 37 31 94 332 572 10 14 15 30 33 35 36 39 41 50 53 55 57 58 59 60 61 62 64 69 70 72 73 77 79 80 83 84 87 88 89 91 92 94 97 100
30 c 42 7 94 334 574 10 5 7 33 37 38 39 40 41 47 49 50 51 54 55 58 60 61 63 64 67 70 72 74 75 77 78 81 82 84 86 92 93 96 100
31 c 25 30 94 345 585 10 3 13 33 35 36 37 38 40 41 45 46 47 50 51 52 53 55 58 62 63 64 71 72 73 75 77 78 80 81 83 84 89 91 94 98 99
32 c 11 31 94 354 594 10 7 11 33 35 37 38 40 41 42 44 50 51 54 60 62 63 65 69 72 77 78 79 80 85 87 90 91 94 95 97
33 c 6 68 263 401 641 10 30 35 36 41 47 48 49 50 55 56 62 66 68 70 72 73 74 75 77 80 81 85 86 90 93 94 95 98 99 100
34 c 30 60 263 485 725 10 16 9 35 37 40 43 46 49 50 52 54 55 56 57 58 59 61 62 63 65 66 68 71 73 75 76 77 78 79 86 88 90 92 99
35 c 53 12 263 519 759 10 6 14 40 42 43 45 47 49 50 51 52 54 55 57 58 60 62 63 65 70 71 73 74 78 81 83 85 86 87 88 89 90 91 95 96 98 99 100
36 c 49 73 263 523 763 10 25 30 37 38 42 47 49 52 53 54 56 57 59 63 65 66 67 70 72 75 79 83 86 94 99
37 c 63 23 362 560 800 10 2 10 38 39 40 42 46 47 48 50 51 52 53 56 57 58 59 60 61 62 66 67 68 69 70 73 77 78 79 81 84 88 90 92 93 94 97 99 100
38 c 56 39 362 575 815 10 36 28 41 45 46 47 48 49 51 52 53 54 57 58 59 60 63 64 65 66 68 73 74 76 77 78 80 81 83 87 89 93 95 97 98
39 c 55 20 362 620 860 10 19 10 43 44 45 48 49 53 56 57 58 60 61 62 63 64 66 67 68 70 72 73 74 78 80 83 86 88 89 90 91 92 93 94 97 98 99
40 c 46 13 362 622 862 10 8 1 41 42 43 44 45 46 47 50 53 56 60 61 62 70 71 74 76 78 80 81 82 84 85 86 87 89 90 93 94 95 96 97 99 100
41 c 63 65 379 630 870 10 8 1 44 45 49 52 58 59 60 61 65 68 69 72 73 75 76 77 78 79 86 87 89 90 96 97 98 100
42 c 30 25 379 639 879 10 23 21 43 44 48 50 54 55 56 58 61 62 63 64 65 66 67 68 70 74 75 76 77 78 81 82 85 86 91 92 93 98
43 c 5 30 422 682 922 10 2 1 45 48 49 50 51 52 54 56 59 60 61 62 63 66 67 70 72 73 74 77 78 79 80 82 83 86 87 89 93 95 98 99
44 c 57 68 450 0 950 10 15 13 45 46 50 51 53 54 55 58 59 60 61 64 66 70 78 84 85 87 88 91 92 93 94 96 97 99 100
45 c 65 55 453 0 953 10 14 13 46 47 48 51 52 53 54 55 57 61 62 64 65 68 69 71 72 74 75 76 77 82 84 85 86 87 91 92 93 94 98 99
46 c 2 48 454 0 954 10 1 1 47 50 52 54 56 58 62 63 66 71 72 73 75 77 84 85 86 87 88 89 91 93 94 100
47 c 4 18 454 0 954 10 35 42 48 50 51 56 58 59 61 63 66 68 69 70 71 75 76 78 79 84 87 89 97 100
48 c 27 69 455 0 955 10 10 15 49 50 51 53 55 57 58 59 60 61 62 63 64 65 66 67 70 72 73 74 77 78 80 81 82 88 93 94 95 96 97 98
49 c 8 56 455 0 955 10 27 36 53 54 57 59 60 61 62 63 69 74 79 82 83 85 87 88 89 90 91 93 100
50 c 23 3 455 0 955 10 7 7 52 64 67 68 72 73 74 76 77 79 82 83 84 85 86 90 91 92 100
51 c 65 20 456 716 956 10 6 1 52 53 54 55 57 58 59 64 65 68 69 70 72 73 74 76 79 80 81 83 84 85 86 88 89 91 92 94 95 98 99
52 c 35 69 457 0 956 10 23 27 54 58 61 63 65 67 71 74 75 76 77 78 79 80 81 83 84 85 86 88 89 90 91 92 96 97 98
53 c 15 10 457 0 957 10 20 20 55 57 59 60 62 64 66 67 69 70 71 73 75 76 77 80 83 84 86 90 94 95 98
54 c 31 67 457 0 957 10 3 1 55 57 60 63 65 68 69 70 71 72 73 75 77 78 79 80 81 82 83 84 86 87 88 89 90 91 93 96 97
55 c 15 60 457 0 957 10 17 14 58 60 64 66 68 72 74 75 76 77 78 80 82 86 87 89 90 91 93 94 95 96 98
56 c 45 65 458 0 958 10 9 10 58 59 60 62 65 69 71 77 81 82 86 87 88 89 90 92 95 96 99 100
57 c 65 35 460 0 960 10 3 1 58 59 60 61 62 63 64 65 66 69 70 71 72 73 74 76 77 78 79 81 82 83 86 88 90 91 94 96 99
58 c 64 42 462 0 960 10 9 1 59 61 65 67 68 77 78 80 84 86 87 91 93 96 98 100
59 c 10 20 462 0 960 10 19 23 64 66 67 69 71 72 73 75 77 81 86 88 89 91 93 95 97
60 c 13 52 462 0 962 10 36 42 62 63 73 76 77 78 81 83 87 88 90 95 97 98
61 c 55 54 462 0 962 10 26 22 62 63 67 70 71 73 76 77 81 82 83 84 85 87 88 91 93
62 c 49 11 462 0 962 10 18 20 64 65 67 68 71 72 73 75 77 80 83 84 85 87 90 91 92 93 96 98
63 c 49 58 463 0 963 10 10 4 65 66 67 69 71 73 77 78 82 83 84 85 86 87 92 93 94 96 97
64 c 15 19 464 0 964 10 1 1 66 67 68 70 72 73 75 76 77 80 82 83 85 87 88 89 91 92 94 96 99 100
65 c 12 24 464 0 964 10 13 10 66 69 71 73 74 76 81 84 85 87 88 90 93 95 97 98 99
66 c 18 18 465 725 965 10 17 9 67 68 70 73 76 78 79 82 83 86 88 89 90 91 92 98 99
67 c 15 47 466 0 966 10 16 18 68 69 70 71 72 73 74 75 76 78 79 81 84 86 87 88 89 90 91 93 96 99 100
68 c 32 12 466 0 966 10 7 1 69 71 74 75 79 80 81 83 87 88 92 94 95 97 98 100
69 c 16 22 466 0 966 10 41 36 71 73 76 77 80 84 86 88 89 92 93 94 95 96 97 99 100
70 c 57 29 467 0 967 10 18 18 75 76 78 79 82 84 85 86 90 93 94 95 97 98
71 c 47 16 467 0 967 10 25 15 74 75 78 81 84 85 86 89 91 92 94 95 97 98 99 100
72 c 55 45 467 0 967 10 13 17 73 75 77 78 81 85 87 94 97 98
73 c 14 37 468 0 968 10 11 18 74 75 76 79 80 81 82 85 86 87 89 90 91 92 95 97 98 100
74 c 56 37 468 728 968 10 6 15 75 77 79 81 82 83 89 90 94 99 100
75 c 20 50 468 0 968 10 5 11 76 78 79 80 82 83 84 86 87 90 94 95 96 99 100
76 c 37 56 468 728 968 10 5 1 77 78 79 80 81 84 85 86 87 88 97 98
77 c 19 21 468 0 968 10 10 1 78 80 84 85 86 87 88 89 93 94 95 96 99
78 c 20 20 468 0 968 10 8 11 80 82 83 84 85 86 94 95 97 98
79 c 44 17 469 0 969 10 9 6 83 85 86 88 90 92 93 94 97 98
80 c 15 30 469 0 969 10 26 24 82 83 85 86 88 89 91 92 93 95 97 98
81 c 18 24 469 729 969 10 22 28 82 86 91 96 97 98 99 100
82 c 53 43 470 730 970 10 14 18 83 86 90 92 93 94 95 97 98 100
83 c 45 20 471 0 971 10 11 7 84 85 86 89 91 97 98 100
84 c 17 34 471 0 971 10 3 1 85 86 87 88 89 90 91 97 99
85 c 25 21 472 0 972 10 12 21 92 93 94 96 97
86 c 35 17 472 0 972 10 7 9 91 94 95 97 98 99 100
87 c 21 24 472 0 972 10 28 31 89 91 96 97 98 100
88 c 31 52 472 0 972 10 27 29 89 90 96 98 100
89 c 47 47 473 0 973 10 13 19 90 91 93 96 98 99
90 c 20 40 474 0 974 10 12 15 91 92 99
91 c 41 49 474 0 974 10 10 8 95 98 100
92 c 22 27 474 0 974 10 11 15 95 96 97 100
93 c 25 24 475 0 975 10 20 20 94 99
94 c 50 35 475 0 975 10 19 27 95 97
95 c 26 27 477 0 977 10 27 17 96 98
96 c 45 30 478 0 978 10 17 9 98
97 c 27 43 478 0 978 10 9 14 98 99 100
98 c 36 26 480 740 980 10 18 21 99 100
99 c 26 35 481 0 981 10 15 10
100 c 41 37 483 0 983 10 16 19

