StringID Type x y release ReadyTime DueDate ServiceTime weight volume Item_Conflitante1 Item_Conflitante2 Item_Conflitante3 Item_Conflitante4 Item_Conflitante5 Item_Conflitante6 Item_Conflitante7 Item_Conflitante8 Item_Conflitante9 Peso_Total Volume_Total
0 d 35 35 0 0 1000 0 0 0          1000 1000
1 c 55 5 85 146 386 10 29 26 3 4 5 11 13 18
2 c 30 5 85 118 358 10 8 12 5 8 11 13 18 24
3 c 20 65 85 146 386 10 12 20 5 6 8 9 17 18 21 22 23
4 c 10 43 85 323 563 10 9 19 5 8 13 15 17 25
5 c 55 60 85 329 569 10 16 7 8 9 13 15 17 18 21 23
6 c 45 10 85 332 572 10 18 27 17 23 24
7 c 25 30 85 345 585 10 3 9 11 13 17 23
8 c 30 60 225 485 725 10 16 8 16 19 20
9 c 55 20 379 620 860 10 19 14 11 14 18 22 23 25
10 c 30 25 379 639 879 10 23 33 14 18 20
11 c 5 30 422 682 922 10 2 1 13 17 19 20 21 23 25
12 c 65 20 457 716 956 10 6 2 19 20 24 25
13 c 15 10 457 0 957 10 20 27 16 18 19 22
14 c 15 60 457 0 957 10 17 19 18 19 20 23
15 c 45 65 458 0 958 10 9 5 17 21 23
16 c 10 20 460 0 960 10 19 24 20
17 c 65 35 460 0 960 10 3 1 20 21 22
18 c 55 45 467 0 967 10 13 19 19 20
19 c 20 50 468 0 968 10 5 10
20 c 15 30 469 0 969 10 26 20 24
21 c 45 20 471 0 971 10 11 8 25
22 c 35 17 472 0 972 10 7 3 23
23 c 20 40 474 0 974 10 12 21 24
24 c 41 49 474 0 974 10 10 7 25
25 c 50 35 475 0 975 10 19 26

