StringID Type x y release ReadyTime DueDate ServiceTime weight volume Item_Conflitante1 Item_Conflitante2 Item_Conflitante3 Item_Conflitante4 Item_Conflitante5 Item_Conflitante6 Item_Conflitante7 Item_Conflitante8 Item_Conflitante9 Item_Conflitante10 Item_Conflitante11 Item_Conflitante12 Peso_Total Volume_Total
0 d 40 50 0 0 1236 0 0 0             200 200
1 c 20 80 0 384 429 90 40 35 4 13 17 20 21 24 25
2 c 22 75 0 30 92 90 30 36 4 9 13 18 19 24
3 c 35 69 0 448 505 90 10 2 5 6 7 11 12 14 17 18 19 21 22 24
4 c 38 70 0 534 605 90 10 10 7 10 14 19 21 23
5 c 38 68 0 255 324 90 20 10 6 9 16 18 23 24
6 c 25 52 0 169 224 90 40 38 10 11 14 17 18 19 20 24
7 c 28 55 164 732 777 90 10 12 12 13 14 19 24
8 c 42 68 164 727 782 90 10 18 9 10 16 19 21 22 24
9 c 20 85 515 0 1105 90 40 32 17 23
10 c 15 80 515 0 1106 90 10 19 13 14 24
11 c 22 85 515 0 1106 90 10 5 12 13 14 17 18 24
12 c 25 85 515 0 1107 90 20 17 14 15 17 20 21
13 c 15 75 515 0 1110 90 20 28 15 17 20 22
14 c 18 75 515 0 1112 90 20 26 20 22 25
15 c 45 70 515 0 1125 90 30 28 18 19 22 25
16 c 45 68 515 0 1127 90 10 10 17 20 23
17 c 40 69 515 0 1127 90 20 22 21 23
18 c 42 66 515 0 1129 90 10 10 20 22 23
19 c 35 66 515 0 1129 90 10 8 20 25
20 c 42 65 515 0 1130 90 10 1 23
21 c 40 66 515 0 1130 90 20 15
22 c 25 50 515 0 1131 90 10 12
23 c 28 52 515 0 1133 90 20 16
24 c 30 52 517 0 1135 90 20 14 25
25 c 30 50 518 0 1136 90 10 9

