StringID Type x y release ReadyTime DueDate ServiceTime weight volume Item_Conflitante1 Item_Conflitante2 Item_Conflitante3 Item_Conflitante4 Item_Conflitante5 Item_Conflitante6 Item_Conflitante7 Item_Conflitante8 Item_Conflitante9 Item_Conflitante10 Peso_Total Volume_Total
0 d 40 50 0 0 960 0 0 0           1000 1000
1 c 38 5 28 201 321 10 30 24 8 9 12 14 19
2 c 40 5 28 215 335 10 10 10 6 7 18 22 23 25
3 c 42 10 28 254 374 10 40 42 5 11 13 14 15 18 20 24
4 c 44 5 28 335 455 10 20 10 5 11 16 18 19 24
5 c 0 40 28 255 375 10 20 29 9 10 12 13 18 22
6 c 2 40 28 174 294 10 20 24 7 8 9 10 12 14 15 16 24 25
7 c 5 45 28 35 155 10 10 16 8 11 15 22 24
8 c 8 40 28 195 315 10 40 33 9 10 12 13 19 21 22 25
9 c 8 45 28 223 343 10 20 22 19 23
10 c 15 75 28 300 420 10 20 12 15 21 23 25
11 c 20 85 28 73 193 10 20 10 14 17 20 23 24
12 c 22 75 28 152 272 10 30 22 13
13 c 15 80 28 367 487 10 10 8 19 20 22 23 25
14 c 10 35 28 371 491 10 20 29 19 21 22 23 24
15 c 40 15 28 375 495 10 40 44 18 20 21 24
16 c 18 75 28 388 508 10 20 26 18 19 24
17 c 22 85 177 471 591 10 10 13 21 22 24
18 c 10 40 177 519 639 10 30 22 23
19 c 42 15 177 537 657 10 10 3 24
20 c 20 80 321 644 764 10 40 47 22
21 c 5 35 321 653 773 10 10 7
22 c 25 85 321 673 793 10 20 17 23 25
23 c 38 15 321 681 801 10 10 16
24 c 0 45 343 703 823 10 20 18 25
25 c 35 5 424 784 904 10 20 10

