StringID Type x y release ReadyTime DueDate ServiceTime weight volume Item_Conflitante1 Item_Conflitante2 Item_Conflitante3 Item_Conflitante4 Item_Conflitante5 Item_Conflitante6 Item_Conflitante7 Item_Conflitante8 Item_Conflitante9 Item_Conflitante10 Peso_Total Volume_Total
0 d 40 50 0 0 3390 0 0 0           700 700
1 c 52 75 0 71 711 90 10 10 11 12 17 20 22 23
2 c 45 70 0 20 660 90 30 25 5 6 7 9 11 12 15 22
3 c 62 69 0 927 1567 90 10 8 4 5 6 7 13 19 24 25
4 c 60 66 0 1021 1661 90 10 8 6 8 11 16 17 19 21 22 23
5 c 42 65 0 15 655 90 10 1 7 10 12 13 14 16 19 24
6 c 16 42 0 257 897 90 20 21 7 21
7 c 58 70 0 833 1473 90 20 12 9 12 15 16 19 20
8 c 28 52 0 12 652 90 20 15 9 10 17
9 c 30 50 0 10 650 90 10 12 10 11 12 14 15 16 17 20 21 23
10 c 25 50 0 15 655 90 10 7 11 13 14 17 19 20 21
11 c 14 66 921 1403 2043 90 10 19 13 16 17 19 24 25
12 c 15 75 921 1502 2142 90 20 27 16
13 c 15 80 921 1597 2237 90 10 18 14 15 16 20 25
14 c 20 85 921 1694 2334 90 40 39 17 23 25
15 c 22 85 921 1786 2426 90 10 13 21 22
16 c 25 85 921 1879 2519 90 20 10 21
17 c 20 80 921 1976 2616 90 40 41 24
18 c 18 75 1306 2071 2711 90 20 25 22 24
19 c 22 75 1306 2165 2805 90 30 31 20 22 23 25
20 c 22 66 1306 2264 2904 90 40 40 23 24
21 c 28 70 1306 2361 3001 90 10 14 22 24
22 c 35 69 1496 2458 3098 90 10 10
23 c 35 66 1496 2551 3191 90 10 14 24
24 c 34 60 1592 2647 3287 90 20 30 25
25 c 30 56 1593 2648 3288 90 20 10

