StringID Type x y release ReadyTime DueDate ServiceTime weight volume Item_Conflitante1 Item_Conflitante2 Item_Conflitante3 Item_Conflitante4 Item_Conflitante5 Item_Conflitante6 Item_Conflitante7 Item_Conflitante8 Peso_Total Volume_Total
0 d 35 35 0 0 230 0 0 0         200 200
1 c 55 5 12 43 102 10 29 29 5 12 16 17 24
2 c 45 20 12 37 96 10 11 4 11 13 17 24
3 c 15 60 12 52 109 10 17 14 4 8 10 12 13 20
4 c 20 40 12 69 114 10 12 22 9 10 11 12 13 15 19 23
5 c 10 20 12 52 107 10 19 23 7 14 16
6 c 30 5 12 35 96 10 8 13 8 11 12 15 16 17 21 22
7 c 15 10 12 32 114 10 20 15 8 9 11 15 18 20 21 22
8 c 20 65 12 42 101 10 12 2 9 16 18 19
9 c 50 35 12 38 97 10 19 21 18 19 20
10 c 20 50 12 61 110 10 5 13 12 14 17 22
11 c 15 30 12 20 93 10 26 36 19 24
12 c 35 17 12 22 87 10 7 1 17 21 22 24 25
13 c 10 43 12 75 124 10 9 7 22
14 c 45 10 12 76 127 10 18 8 17 22 25
15 c 55 60 28 74 129 10 16 25 16 17 22 24
16 c 25 30 28 76 131 10 3 1 19 20 24
17 c 55 45 28 98 143 10 13 15 21
18 c 30 60 41 107 150 10 16 15 21 22 24 25
19 c 45 65 41 105 156 10 9 1 22 23 25
20 c 55 20 69 123 184 10 19 27
21 c 65 20 71 121 186 10 6 15 22 23
22 c 5 30 74 124 189 10 2 8
23 c 65 35 75 124 190 10 3 8 24 25
24 c 30 25 81 131 196 10 23 26
25 c 41 49 83 133 198 10 10 20

