StringID Type x y release ReadyTime DueDate ServiceTime weight volume Item_Conflitante1 Item_Conflitante2 Item_Conflitante3 Item_Conflitante4 Item_Conflitante5 Item_Conflitante6 Item_Conflitante7 Item_Conflitante8 Item_Conflitante9 Peso_Total Volume_Total
0 d 40 50 0 0 3390 0 0 0          700 700
1 c 52 75 0 311 471 90 10 10 3 5 6 9 10 11 16 17
2 c 45 70 0 213 373 90 30 21 10 15 16 20
3 c 62 69 0 1167 1327 90 10 8 7 9 10 19 22 23 25
4 c 60 66 0 1261 1421 90 10 8 6 7 11 12 13 17 19 22 24
5 c 42 65 0 25 185 90 10 19 7 19 25
6 c 16 42 0 497 657 90 20 26 9 10 13 14 15 18 22 23
7 c 58 70 0 1073 1233 90 20 24 11 12 13 15 20 23
8 c 28 52 0 22 182 90 20 10 11 12 13 14 24
9 c 30 50 0 10 170 90 10 10 11 14 17 22 24
10 c 25 50 0 116 276 90 10 19 11 12 14 21
11 c 14 66 870 1643 1803 90 10 1 12 13 20 22
12 c 15 75 870 1742 1902 90 20 29 14 16 23
13 c 15 80 870 1837 1997 90 10 8 18 21 22 23
14 c 20 85 870 1934 2094 90 40 42 15 17 21 22
15 c 22 85 870 2026 2186 90 10 5 19 21 22 24 25
16 c 25 85 870 2119 2279 90 20 21 18 19 22
17 c 20 80 870 2216 2376 90 40 41 18 19 20 21 22
18 c 18 75 870 2311 2471 90 20 10 24
19 c 22 75 870 2405 2565 90 30 40 20 25
20 c 22 66 1256 2504 2664 90 40 43 21 24 25
21 c 28 70 1256 2601 2761 90 10 5 22 25
22 c 35 69 1256 2698 2858 90 10 20 23
23 c 35 66 1256 2791 2951 90 10 3
24 c 34 60 1352 2887 3047 90 20 10
25 c 30 56 1448 2983 3143 90 20 13

