StringID Type x y release ReadyTime DueDate ServiceTime weight volume Item_Conflitante1 Item_Conflitante2 Item_Conflitante3 Item_Conflitante4 Item_Conflitante5 Item_Conflitante6 Item_Conflitante7 Item_Conflitante8 Item_Conflitante9 Item_Conflitante10 Peso_Total Volume_Total
0 d 40 50 0 0 1236 0 0 0           200 200
1 c 30 50 132 10 370 90 10 2 2 3 4 5 6 7 8 18 19 20
2 c 15 80 132 132 492 90 10 16 3 5 6 9 14 18 20 22
3 c 15 75 132 37 397 90 20 13 6 13 17 20 24 25
4 c 18 75 132 33 393 90 20 11 11 12 16 19
5 c 20 80 132 227 587 90 40 39 6 11 15 19 21 22 24
6 c 22 75 132 30 390 90 30 39 17 18 20 21 24
7 c 25 50 132 15 375 90 10 16 8 10 11 14 16 18 22 25
8 c 35 66 132 204 564 90 10 6 9 10 12 16 24
9 c 25 52 132 17 377 90 40 46 12 13
10 c 38 68 132 110 470 90 20 22 11 14 15 17 19
11 c 40 66 132 18 378 90 20 13 12 14 16 20 21 22
12 c 42 65 132 15 375 90 10 12 14 17 18 21
13 c 42 66 132 16 376 90 10 13 14 19 20 21 23
14 c 35 69 132 297 657 90 10 12 15 16 18 20
15 c 20 85 132 322 682 90 40 36 17 19 20 22 23
16 c 38 70 132 390 750 90 10 14 20
17 c 22 85 317 414 774 90 10 19 18 20 21 23
18 c 40 69 317 482 842 90 20 22 22 25
19 c 25 85 317 507 867 90 20 17 23
20 c 42 68 317 575 935 90 10 16 23
21 c 28 55 317 575 935 90 10 15 23
22 c 45 70 410 668 1028 90 30 37
23 c 28 52 410 668 1028 90 20 17
24 c 45 68 502 760 1120 90 10 18
25 c 30 52 502 760 1120 90 20 23

