StringID Type x y release ReadyTime DueDate ServiceTime weight volume Item_Conflitante1 Item_Conflitante2 Item_Conflitante3 Item_Conflitante4 Item_Conflitante5 Item_Conflitante6 Item_Conflitante7 Item_Conflitante8 Item_Conflitante9 Peso_Total Volume_Total
0 d 35 35 0 0 230 0 0 0          200 200
1 c 55 5 0 68 78 10 29 21 4 5 7 8 11 14 21 23
2 c 45 10 0 97 107 10 18 16 3 4 7 13 17 22 23
3 c 30 5 0 61 71 10 8 4 6 8 10 11 18 20 25
4 c 25 30 0 99 109 10 3 1 6 7 8 10 11 15 16 18
5 c 10 43 0 95 105 10 9 15 7 9 16 21 23
6 c 55 60 0 97 107 10 16 16 13 15 17 19 25
7 c 20 65 0 67 77 10 12 9 8 10 12 14 17 20 22
8 c 30 60 19 124 134 10 16 26 16 18 19 20 22 25
9 c 55 20 44 149 159 10 19 15 11 21 24 25
10 c 5 30 52 157 167 10 2 6 11 14 16 17 18 22 23 24 25
11 c 30 25 54 159 169 10 23 32 12 14 18 25
12 c 65 20 72 172 182 10 6 1 13 15 21 25
13 c 15 10 72 0 187 10 20 27 14 15 17 22 23
14 c 15 60 72 0 187 10 17 27 20 23
15 c 45 65 73 0 188 10 9 15 16 17 21
16 c 10 20 75 0 190 10 19 21 19 22 23 24
17 c 65 35 75 0 190 10 3 1 21 22
18 c 55 45 82 0 197 10 13 7 23 24
19 c 20 50 83 0 198 10 5 4 20
20 c 15 30 84 0 199 10 26 26
21 c 45 20 86 0 201 10 11 17 25
22 c 35 17 87 0 202 10 7 12
23 c 20 40 89 0 204 10 12 22
24 c 41 49 89 0 204 10 10 13
25 c 50 35 90 0 205 10 19 12

