StringID Type x y release ReadyTime DueDate ServiceTime weight volume Item_Conflitante1 Item_Conflitante2 Item_Conflitante3 Item_Conflitante4 Item_Conflitante5 Item_Conflitante6 Item_Conflitante7 Item_Conflitante8 Item_Conflitante9 Item_Conflitante10 Peso_Total Volume_Total
0 d 40 50 0 0 1236 0 0 0           200 200
1 c 30 50 28 10 137 90 10 5 2 4 6 10 12 16 18
2 c 15 80 28 244 379 90 10 7 3 8 14 18 20 23 24
3 c 15 75 28 142 291 90 20 28 7 12 16 21 24
4 c 18 75 28 75 172 90 20 10 6 7 20 21 23 25
5 c 20 85 28 448 555 90 40 36 9 10 16 19 21
6 c 20 80 28 362 451 90 40 41 10 11 16 17 18 19 22 23 24 25
7 c 22 75 28 30 155 90 30 33 8 10 14 16 19 22 23
8 c 25 50 28 25 184 90 10 9 10 11 13 15 18 19 20 22 23
9 c 35 69 28 420 533 90 10 16 12 13 14 16 17 19
10 c 25 52 28 142 251 90 40 45 11 14 15 19 22 23 24
11 c 38 68 28 220 359 90 20 27 15 16 17 20
12 c 40 66 28 142 253 90 20 26 13 15
13 c 42 65 28 15 120 90 10 9 14 15 18 20
14 c 42 66 28 25 186 90 10 3 15 18 19 20 21 24 25
15 c 35 66 28 331 436 90 10 13 16 18 19
16 c 38 70 28 499 640 90 10 20 20 21 23
17 c 22 85 28 541 646 90 10 1 18 21 24
18 c 40 69 301 580 743 90 20 13 21 23 24
19 c 25 85 301 617 756 90 20 21 24
20 c 28 55 301 709 800 90 10 3 24
21 c 42 68 301 699 810 90 10 7 23 25
22 c 45 70 301 802 893 90 30 21 23
23 c 28 52 301 776 919 90 20 24 24 25
24 c 30 52 373 888 991 90 20 23 25
25 c 45 68 376 885 994 90 10 2

