StringID Type x y release ReadyTime DueDate ServiceTime weight volume Item_Conflitante1 Item_Conflitante2 Item_Conflitante3 Item_Conflitante4 Item_Conflitante5 Item_Conflitante6 Item_Conflitante7 Item_Conflitante8 Item_Conflitante9 Item_Conflitante10 Peso_Total Volume_Total
0 d 40 50 0 0 3390 0 0 0           700 700
1 c 52 75 0 302 479 90 10 14 3 5 8 11 12 13 14 18 21
2 c 45 70 0 157 428 90 30 27 3 4 5 6 7 10 12 18 20 21
3 c 62 69 0 1138 1355 90 10 13 7 9 10 11 13 14 15 16 20 23
4 c 60 66 0 1247 1434 90 10 10 10 13 14 15 18 22 25
5 c 42 65 0 15 208 90 10 10 6 9 15 17 18 20 21 22 23
6 c 16 42 0 209 944 90 20 29 7 15 25
7 c 58 70 0 1059 1246 90 20 23 8 10 16 18
8 c 28 52 0 12 752 90 20 17 9 14 15 19 25
9 c 30 50 0 10 963 90 10 4 10 11 16 17 19 20 22 23 25
10 c 25 50 0 15 532 90 10 3 11 12 15 16 17 19 24 25
11 c 14 66 1038 1316 2129 90 10 7 13 20 21 24
12 c 15 75 1038 1299 2344 90 20 26 13 17 20 22
13 c 15 80 1038 1461 2372 90 10 2 14 17 19 21 22 25
14 c 20 85 1038 1512 2515 90 40 40 17 18 19 20 24
15 c 25 85 1038 1772 2625 90 20 16 17 19
16 c 22 85 1038 1586 2625 90 10 14 22 25
17 c 20 80 1038 1858 2733 90 40 42 24 25
18 c 22 75 1295 2135 2834 90 30 38 20 24
19 c 18 75 1295 1895 2886 90 20 12 21 23 24 25
20 c 22 66 1295 2177 2990 90 40 30 22
21 c 35 69 1432 2428 3127 90 10 20 22 24
22 c 28 70 1576 2090 3271 90 10 19
23 c 35 66 1588 2311 3283 90 10 5
24 c 30 56 1593 2062 3288 90 20 23
25 c 34 60 1593 2035 3288 90 20 27

