StringID Type x y release ReadyTime DueDate ServiceTime weight volume Item_Conflitante1 Item_Conflitante2 Item_Conflitante3 Item_Conflitante4 Item_Conflitante5 Item_Conflitante6 Peso_Total Volume_Total
0 d 40 50 0 0 960 0 0 0       1000 1000
1 c 38 5 45 231 291 10 30 21 4 6 9 15 16
2 c 42 10 45 199 428 10 40 36 7 12 15
3 c 15 80 45 397 457 10 10 14 7 10 11 15 20
4 c 10 35 45 401 461 10 20 23 7 11 16 17 21 25
5 c 0 40 45 204 425 10 20 19 7 19
6 c 8 40 45 225 285 10 40 34 10 19 23
7 c 2 40 45 204 264 10 20 30 8 9 20
8 c 5 45 45 35 366 10 10 8 12 14 16 23 24
9 c 44 5 45 306 483 10 20 13 13
10 c 40 15 45 383 486 10 40 45 17 22
11 c 18 75 45 393 502 10 20 17 13 14 20 25
12 c 22 75 45 30 510 10 30 34
13 c 20 85 45 40 520 10 20 26 16
14 c 8 45 45 43 523 10 20 29 15 23
15 c 40 5 45 45 525 10 10 17 17 19 24
16 c 15 75 254 120 600 10 20 11 25
17 c 10 40 254 535 622 10 30 27 20 24
18 c 42 15 254 494 699 10 10 3 20 22
19 c 20 80 254 674 734 10 40 35 22
20 c 5 35 291 683 743 10 10 4 22
21 c 22 85 291 291 771 10 10 15
22 c 0 45 347 698 827 10 20 27
23 c 38 15 392 609 872 10 10 1
24 c 35 5 401 821 881 10 20 19
25 c 25 85 431 431 911 10 20 29

