StringID Type x y release ReadyTime DueDate ServiceTime weight volume Item_Conflitante1 Item_Conflitante2 Item_Conflitante3 Item_Conflitante4 Item_Conflitante5 Peso_Total Volume_Total
0 d 35 35 0 0 230 0 0 0      200 200
1 c 30 5 4 51 81 10 8 11 5 9 12
2 c 15 10 4 32 62 10 20 12 4 8 9 13
3 c 20 65 4 57 87 10 12 14 4 8 9 22
4 c 10 20 4 65 95 10 19 25 5 11 14 16 17
5 c 20 40 4 77 107 10 12 22 16 18
6 c 10 43 4 85 115 10 9 3 14 16 22
7 c 15 60 4 66 96 10 17 16 19 23
8 c 55 5 4 58 88 10 29 36 10 12 19
9 c 55 60 4 87 117 10 16 9
10 c 45 10 4 87 117 10 18 27 13
11 c 25 30 4 89 119 10 3 12 13 20
12 c 30 60 31 114 144 10 16 16 13 15
13 c 45 65 31 116 146 10 9 19 15 16
14 c 55 20 54 139 169 10 19 27
15 c 65 35 58 143 173 10 3 6 17 18
16 c 5 30 62 147 177 10 2 1 22 24 25
17 c 30 25 64 149 179 10 23 31 24
18 c 65 20 71 156 186 10 6 3 19 22
19 c 55 45 82 0 197 10 13 7 21 23
20 c 20 50 83 0 198 10 5 9
21 c 15 30 84 0 199 10 26 16 23
22 c 45 20 86 0 201 10 11 4
23 c 35 17 87 0 202 10 7 4
24 c 41 49 89 0 204 10 10 18
25 c 50 35 90 0 205 10 19 18

