StringID Type x y release ReadyTime DueDate ServiceTime weight volume Item_Conflitante1 Item_Conflitante2 Item_Conflitante3 Item_Conflitante4 Item_Conflitante5 Peso_Total Volume_Total
0 d 40 50 0 0 3390 0 0 0      700 700
1 c 28 52 0 22 182 90 20 26 7 10 16 21
2 c 30 50 0 10 170 90 10 12 8 11 17 18 24
3 c 60 66 0 1261 1421 90 10 20 12 18 23
4 c 16 42 0 497 657 90 20 20 10 14
5 c 25 50 0 116 276 90 10 7 12 18
6 c 14 66 870 1643 1803 90 10 15 13 21 22
7 c 15 75 870 1742 1902 90 20 15 8 9 12 14 24
8 c 15 80 870 1837 1997 90 10 18 12 13 14 17 21
9 c 20 85 870 1934 2094 90 40 46
10 c 22 85 870 2026 2186 90 10 8 16 23
11 c 20 80 870 2216 2376 90 40 36 13 15 16 21
12 c 18 75 870 2311 2471 90 20 28 13 20 21
13 c 22 75 870 2405 2565 90 30 32 16 25
14 c 22 66 1256 2504 2664 90 40 34 22
15 c 28 70 1256 2601 2761 90 10 3 17 20 22
16 c 35 69 1256 2698 2858 90 10 7
17 c 35 66 1256 2791 2951 90 10 1
18 c 34 60 1352 2887 3047 90 20 22 19 21 25
19 c 25 85 1589 0 3261 90 20 16 24
20 c 62 69 1589 0 3270 90 10 14 21 22
21 c 52 75 1589 0 3272 90 10 6
22 c 58 70 1589 0 3273 90 20 10 25
23 c 45 70 1589 0 3279 90 30 21
24 c 42 65 1589 0 3284 90 10 9 25
25 c 30 56 1593 0 3288 90 20 26

