StringID Type x y release ReadyTime DueDate ServiceTime weight volume Item_Conflitante1 Item_Conflitante2 Item_Conflitante3 Item_Conflitante4 Item_Conflitante5 Item_Conflitante6 Item_Conflitante7 Item_Conflitante8 Item_Conflitante9 Item_Conflitante10 Item_Conflitante11 Item_Conflitante12 Item_Conflitante13 Item_Conflitante14 Item_Conflitante15 Item_Conflitante16 Item_Conflitante17 Item_Conflitante18 Item_Conflitante19 Item_Conflitante20 Item_Conflitante21 Item_Conflitante22 Item_Conflitante23 Item_Conflitante24 Item_Conflitante25 Item_Conflitante26 Item_Conflitante27 Item_Conflitante28 Peso_Total Volume_Total
0 d 40 50 0 0 1236 0 0 0                             200 200
1 c 42 15 6 95 158 90 10 4 4 5 9 11 14 22 23 24 29 51 57 60 70 75 80 81 82 85 87 88
2 c 42 10 6 186 257 90 40 48 7 27 32 33 37 41 52 57 69 73 91 96 97
3 c 44 5 6 286 347 90 20 12 18 22 40 41 45 49 55 56 57 58 63 65 68 70 71 72 74 81 84 86 90 91 94
4 c 68 60 6 555 612 90 30 28 6 16 26 31 39 41 56 64 66 67 69 70 100
5 c 66 55 6 173 238 90 10 3 10 29 31 51 54 68 71 87 89 94 97
6 c 65 55 6 85 144 90 20 25 8 13 22 27 29 30 37 54 58 65 67 72
7 c 40 5 6 385 436 90 30 34 14 17 23 28 32 37 43 44 54 55 61 71 77 93 98
8 c 60 55 6 20 84 90 10 15 10 12 15 16 17 30 31 32 34 41 44 51 65 69 78 83 85 95
9 c 30 30 6 541 600 90 10 20 10 13 14 20 21 24 25 35 39 41 49 53 55 58 59 61 62 63 64 65 73 75 79 85 88 89 90 98
10 c 32 30 6 359 412 90 10 12 13 16 21 31 32 35 38 42 49 63 74 76 84 86 89 99
11 c 33 35 6 16 80 90 10 6 14 21 26 27 29 33 34 36 42 53 59 73 74 88 92 94 97
12 c 33 32 6 68 149 90 20 13 15 20 27 28 30 31 45 57 58 59 60 64 75 81 85 94 98
13 c 35 32 6 166 235 90 10 15 19 20 32 35 40 43 46 52 58 69 84 91 93 95 96 97 99
14 c 35 30 6 264 321 90 10 1 28 29 33 35 40 42 59 81 82 84 87 88 89 90 100
15 c 30 32 6 448 509 90 30 32 16 22 33 34 39 42 48 53 57 65 67 69 74 75 76 80 81 83 89 92 94 95 98
16 c 90 35 6 203 260 90 10 13 24 27 41 54 61 63 67 75 78 80 81 82 84 86 89
17 c 40 15 6 35 87 90 40 49 19 22 23 24 34 47 57 65 67 73 79 83 93 94
18 c 70 58 6 458 523 90 20 10 48 50 57 59 60 72 73 84 88 91 97 99
19 c 88 35 6 109 170 90 20 24 27 32 38 39 58 59 63 64 69 81 83 92 94
20 c 53 35 6 353 412 90 50 48 25 30 32 33 34 35 47 49 56 62 64 74 80 84 95
21 c 92 30 6 478 551 90 10 7 22 32 48 56 58 60 69 82 91
22 c 53 30 6 450 505 90 10 18 27 29 43 48 51 56 67 82 86 87 96 97 100
23 c 95 35 6 293 360 90 20 13 32 52 54 58 59 62 65 72 76 77 89 93
24 c 95 30 6 387 456 90 30 30 42 44 49 63 74 77 82 91 95 96 98
25 c 38 5 6 471 534 90 30 20 28 30 34 56 59 70 72 75 94 97
26 c 85 35 6 47 124 90 30 20 31 35 37 44 49 53 54 62 63 69 72 76 77 79 87 90 97
27 c 47 40 6 12 77 90 10 1 33 36 40 41 48 56 59 61 68 73 82 88 91 99 100
28 c 72 55 6 265 338 90 10 20 36 64 75 79 93 95
29 c 48 40 6 76 129 90 10 17 36 39 41 64 68 73 77 78 92 95 100
30 c 50 40 6 171 218 90 50 40 32 38 46 48 51 52 56 57 60 74 87 91 92 97
31 c 50 35 6 262 317 90 20 22 37 53 58 60 62 65 67 68 72 85 88 92 94 96
32 c 50 30 6 531 610 90 10 6 39 49 63 65 68 69 81 83 85 95 96
33 c 75 55 6 369 420 90 20 23 42 44 53 54 63 71 75 83 85 88 92 95 100
34 c 2 40 6 383 434 90 20 10 39 47 53 59 60 61 63 73 78 85 86 89 91 100
35 c 0 40 6 479 522 90 30 36 36 41 50 51 58 59 60 64 65 70 78 88 89 90 92 93 95 96
36 c 15 75 6 179 254 90 20 17 40 47 49 50 65 75 78 86 88 94
37 c 38 70 6 534 605 90 10 14 38 44 49 56 57 65 66 67 74 82 85 88 90 92
38 c 35 66 6 357 410 90 10 15 41 48 50 61 62 70 74 81 82 83 94 95
39 c 35 69 6 448 505 90 10 17 40 55 59 71 73 75 82 83 86 87 88 90 91 92 94 95 97
40 c 42 65 6 15 67 90 10 7 50 51 53 58 62 66 81 82 92 97 99
41 c 60 80 6 95 156 90 10 11 46 49 52 63 65 78 90 93
42 c 22 75 6 30 92 90 30 27 44 55 68 71 72 78 81 83
43 c 20 80 6 384 429 90 40 37 46 47 51 56 57 59 65 69 71 85 87 92 95 96 100
44 c 20 85 6 475 528 90 40 44 45 51 62 63 68 73 75 84 86 87 94 98 100
45 c 18 75 6 99 148 90 20 19 57 62 66 67 68 71 74 81 83 86 87 88 93
46 c 5 35 6 283 344 90 10 1 56 59 67 68 69 70 71 83 89
47 c 15 80 6 278 345 90 10 13 54 58 64 70 72 74 77 78 79 91 92 94
48 c 30 50 6 10 73 90 10 17 53 60 76 84 94 96 98
49 c 62 80 6 196 239 90 30 40 51 57 59 60 61 62 72 74 76 77 81 87 88 98
50 c 38 68 6 255 324 90 20 13 56 61 69 78 79 87 89 92
51 c 65 82 6 285 336 90 10 5 55 56 59 67 68 71 74 85 92 99
52 c 25 50 6 65 144 90 10 20 55 62 73 76 84 85 91 94 100
53 c 67 85 6 368 441 90 20 19 54 58 60 61 63 68 77 87 88 94 96
54 c 8 40 6 87 158 90 40 33 55 64 65 66 67 69 81 93
55 c 10 40 6 31 100 90 30 30 58 60 75 86 89 93 100
56 c 10 35 6 200 237 90 20 26 65 69 79 82 89 99
57 c 20 55 6 449 504 90 10 13 62 64 67 71 78 79 81 84 94
58 c 65 85 6 475 518 90 40 46 63 73 83 88 98 100
59 c 40 66 6 170 225 90 20 16 65 68 78 81 91 95 97
60 c 23 55 6 546 593 90 20 19 61 64 66 69 73
61 c 23 52 6 261 316 90 10 9 65 66 68 70 72 87 96 97 99
62 c 58 75 6 30 84 90 20 28 64 70 71 72 79 82 84 96
63 c 25 52 6 169 224 90 40 45 68 79 80 82 83 85 88 89
64 c 42 66 6 65 146 90 10 16 74 75 94
65 c 20 50 6 358 405 90 10 12 66 77 83 92 96
66 c 22 85 6 567 620 90 10 18 83 88 90 91 97 98
67 c 60 85 6 561 622 90 30 21 75 78 81 83 90 99
68 c 0 45 6 567 624 90 20 25 69 70 79 80 89 90 94 100
69 c 35 5 262 562 629 90 20 17 72 76 80 93 94 96
70 c 88 30 262 574 643 90 10 12 73 74 78 82 84 86 98
71 c 48 30 262 632 693 90 10 13 81 90 97 99
72 c 28 30 262 632 693 90 10 5 74 75
73 c 25 55 262 622 701 90 10 11 77 99
74 c 40 69 262 621 702 90 20 27 78 81 86 88
75 c 65 60 262 645 708 90 30 31 78 88 90 91 94 97
76 c 5 45 262 665 716 90 10 2 81 82 84 96 100
77 c 25 85 262 652 721 90 20 24 79 82
78 c 55 85 262 647 726 90 20 26 84 85 92 100
79 c 87 30 262 668 731 90 10 3 82 87 100
80 c 38 15 262 651 740 90 10 5 82 89 95 99
81 c 28 55 262 732 777 90 10 16 82 83 85 87 92 93 95 96 98
82 c 45 30 262 734 777 90 10 12 90 94 97
83 c 42 68 262 727 782 90 10 11
84 c 25 30 262 725 786 90 10 15 86 94 100
85 c 63 58 262 737 802 90 10 1 88 89 91 94 96 100
86 c 8 45 262 751 816 90 20 25 91 97 98
87 c 55 80 262 743 820 90 10 1
88 c 85 25 262 769 820 90 10 9 91 96
89 c 45 70 262 825 870 90 30 39 92 95
90 c 47 35 262 826 875 90 10 18 95 97
91 c 26 32 262 815 880 90 10 18 92 99
92 c 28 52 351 812 883 90 20 22 95
93 c 60 60 351 836 889 90 10 20 98
94 c 30 52 351 914 965 90 20 15 96 100
95 c 45 68 351 912 967 90 10 5
96 c 45 35 351 916 969 90 10 16 97
97 c 25 35 351 912 969 90 10 7 100
98 c 28 35 450 1001 1066 90 10 1 99
99 c 45 65 450 997 1068 90 20 16
100 c 30 35 509 1054 1127 90 10 17

