StringID Type x y release ReadyTime DueDate ServiceTime weight volume Item_Conflitante1 Item_Conflitante2 Item_Conflitante3 Item_Conflitante4 Item_Conflitante5 Item_Conflitante6 Item_Conflitante7 Item_Conflitante8 Item_Conflitante9 Item_Conflitante10 Item_Conflitante11 Item_Conflitante12 Item_Conflitante13 Item_Conflitante14 Item_Conflitante15 Item_Conflitante16 Item_Conflitante17 Item_Conflitante18 Item_Conflitante19 Item_Conflitante20 Item_Conflitante21 Item_Conflitante22 Item_Conflitante23 Item_Conflitante24 Item_Conflitante25 Item_Conflitante26 Peso_Total Volume_Total
0 d 40 50 0 0 960 0 0 0                           1000 1000
1 c 64 42 5 268 388 10 9 1 8 11 12 28 35 46 49 53 55 57 62 84 92 98 99
2 c 37 31 5 105 225 10 14 24 3 4 7 11 17 22 29 48 55 60 64 69 73 77 78 79 82 86 89 95
3 c 65 85 5 43 163 10 40 34 8 9 12 15 16 20 21 28 39 40 48 49 55 56 57 64 65 72 73 81 82 88 91 92 93 100
4 c 27 43 5 152 272 10 9 16 16 21 23 24 29 30 31 33 45 47 48 51 59 72 74 76 83 90 91 93 98
5 c 62 80 5 278 398 10 30 22 7 16 19 20 22 26 29 30 35 54 64 65 67 78 88 91
6 c 60 80 5 64 184 10 10 1 9 10 13 23 34 43 50 52 53 56 58 72 75 81 84 87 88 95
7 c 60 85 5 329 449 10 30 24 13 16 20 30 39 47 65 66 73 75 76 78 88 91
8 c 55 80 5 33 153 10 10 17 16 17 19 31 33 36 39 41 47 51 58 65 68 69 77 81 86 89 93 94 97 99 100
9 c 49 58 5 355 475 10 10 8 20 23 27 36 37 51 55 57 58 61 76 79 84 93 98
10 c 55 82 5 217 337 10 10 7 25 29 31 36 37 43 54 58 59 63 69 70 73 84
11 c 20 82 5 37 157 10 10 11 13 14 18 30 34 44 53 54 55 56 61 70 76 82 84 93
12 c 2 45 5 105 225 10 10 10 14 15 18 22 26 32 45 48 50 52 64 65 67 74 83 85 87 89 100
13 c 6 68 5 352 472 10 30 24 19 21 23 25 26 29 40 56 57 62 64 69 73 75 92 96
14 c 26 35 5 308 428 10 15 8 16 22 24 32 38 42 45 46 47 50 51 54 57 61 68 70 74 76 78 86 88 91 97
15 c 55 20 5 326 446 10 19 17 16 18 20 29 43 48 49 56 60 62 63 64 76 77 83 85 95 99
16 c 25 30 5 175 295 10 3 6 20 23 26 27 29 34 36 44 54 56 60 70 74 81 88 100
17 c 60 12 5 268 388 10 31 32 18 19 27 29 30 31 36 37 40 41 55 56 58 63 66 70 72 78 87 89 91
18 c 5 5 5 232 352 10 16 25 19 25 29 33 36 40 41 46 66 68 69 78 85 88
19 c 2 60 5 286 406 10 5 1 24 25 30 51 56 60 62 64 75 77 84 92
20 c 10 20 5 42 162 10 19 26 34 38 39 44 45 58 63 72 73 78 82 95 96 97
21 c 63 65 5 60 180 10 8 1 27 38 42 43 50 53 59 62 69 71 87 90 92 94 96 100
22 c 45 65 5 258 378 10 9 13 30 31 36 37 47 55 62 63 69 76 85 87
23 c 65 35 5 167 287 10 3 1 24 25 32 33 53 54 68 80 85 95 96
24 c 65 20 5 39 159 10 6 16 27 42 46 55 65 68 69 89 92
25 c 45 30 5 191 311 10 17 17 28 34 43 47 48 49 56 60 63 70 77 82 93 94
26 c 35 40 5 11 131 10 16 15 31 41 55 56 57 59 65 67 79 88 89 98
27 c 65 55 5 241 361 10 14 13 28 34 37 46 56 59 81 82 84 96 99
28 c 85 25 5 80 200 10 10 12 31 32 41 46 52 61 63 67 69 74 78 82 86 91
29 c 88 35 5 165 285 10 20 19 30 36 38 47 50 57 61 70 73 75 88 90 91 95
30 c 31 52 5 157 277 10 27 29 33 35 45 52 54 55 62 63 65 67 68 69 72 77 79 88 89 91 93 96
31 c 90 35 5 194 314 10 10 15 33 36 37 50 52 57 58 59 77 78 82 83 91 99
32 c 20 85 5 73 193 10 20 19 35 36 48 56 58 59 61 62 82 86 91 94
33 c 15 75 5 300 420 10 20 13 37 41 44 45 49 50 51 53 60 64 65 71 77 79 80 86 88
34 c 8 40 5 195 315 10 40 48 37 41 55 59 61 68 76 82 87 94
35 c 8 45 5 223 343 10 20 30 37 42 48 72 74 76 77 80 85 89 99
36 c 53 43 5 14 134 10 14 4 39 41 45 48 49 51 69 81 83 89 98 100
37 c 5 45 5 35 155 10 10 3 38 39 57 67 70 89 99
38 c 88 30 5 246 366 10 10 13 53 59 88 89 91 93 96
39 c 2 40 5 174 294 10 20 12 41 52 53 58 61 65 66 69 70 83 93 96 98
40 c 56 37 5 100 220 10 6 2 73 77 89 94
41 c 26 52 5 172 292 10 9 2 45 47 48 53 55 62 63 75 79 81 87 88
42 c 37 47 5 359 479 10 6 16 46 55 63 70 76 81 85 86 90 100
43 c 44 5 5 335 455 10 20 10 57 67 69 73 76 77 81 84 85 87 89
44 c 0 40 5 255 375 10 20 17 49 50 56 75 78 80 81 86
45 c 24 58 5 260 380 10 19 24 65 69 71 72 75 84 93 99
46 c 92 30 5 149 269 10 10 2 56 65 77 89 90 95 99
47 c 95 35 5 146 266 10 20 16 64 66 69 70 74 78 82 85 86 88 89 92 98 99
48 c 42 10 5 254 374 10 40 40 49 51 64 67 73 77 78 79 80 86 91 92 93 95
49 c 63 23 5 344 464 10 2 1 51 53 64 76 81 85 87 99
50 c 21 24 5 349 469 10 28 27 66 69 70 78 79 83 86 88 89 92 93 94 97 100
51 c 22 75 5 152 272 10 30 29 52 59 65 70 71 73 88 89
52 c 38 5 5 201 321 10 30 34 55 68 69 72 84 87 91 96
53 c 40 5 5 215 335 10 10 14 59 68 72 76 77 85 89 95
54 c 12 24 5 359 479 10 13 20 60 69 81 91 92 100
55 c 8 56 5 365 485 10 27 35 56 57 66 73 81 84 89 97
56 c 15 80 197 367 487 10 10 16 62 65 70 79 82 86 89
57 c 10 35 197 371 491 10 20 16 60 61 65 69 72 82 84 86 100
58 c 20 50 197 375 495 10 5 9 61 70 79 85 87 88 99 100
59 c 40 15 197 375 495 10 40 42 64 65 66 67 73 78 84 87 88 96
60 c 58 75 197 376 496 10 20 12 74 79 81 86 95
61 c 18 75 197 388 508 10 20 10 66 68 70 78 84 95 96
62 c 57 48 197 392 512 10 23 15 63 65 89 96
63 c 57 29 197 395 515 10 18 17 79 88 100
64 c 30 25 197 397 517 10 23 32 65 75 95 98
65 c 42 12 197 440 560 10 10 14 66 70 72 73 83 84 87 90 99
66 c 22 85 197 471 591 10 10 6 69 70 76 79 83 84 89
67 c 85 35 197 487 607 10 30 29 69 70 74 79 85 87 89
68 c 18 80 197 489 609 10 10 13 71 73 74 78 79 81 82 92 100
69 c 72 35 197 507 627 10 30 25 72 73 75 79 84 89 95 96 99
70 c 10 40 197 519 639 10 30 40 83 87 89 90
71 c 95 30 197 529 649 10 30 39 72 75 83 92
72 c 42 15 197 537 657 10 10 12 74 78 79 83 85 87 88 90 94 95 96
73 c 4 18 197 547 667 10 35 37 80 84 85 90 91
74 c 50 35 197 557 677 10 19 23 75 76 77 82 88 91 98
75 c 65 82 197 557 677 10 10 7 82 93 96 100
76 c 55 54 293 562 682 10 26 23 78 83 84 88 90 100
77 c 41 37 293 566 686 10 16 21 78 91 96 97
78 c 55 85 293 574 694 10 20 10 82 84 85 87 89 91 93
79 c 30 60 293 599 719 10 16 15 100
80 c 55 60 293 601 721 10 16 14 93
81 c 40 60 293 612 732 10 21 26 85 88 89 92 93 96 99
82 c 87 30 293 621 741 10 10 15 85 87 93 96 100
83 c 20 80 293 644 764 10 40 41 85 87 93 98 99
84 c 20 20 293 645 765 10 8 1 86 89 95
85 c 5 35 293 653 773 10 10 18 90 97
86 c 67 85 353 657 777 10 20 13 93
87 c 25 85 353 673 793 10 20 16 89 90 98 99
88 c 38 15 353 681 801 10 10 14 92 95 98
89 c 15 60 353 694 814 10 17 19 95 99
90 c 0 45 353 703 823 10 20 16 91 98 100
91 c 67 5 353 713 833 10 25 28 96
92 c 49 42 404 719 839 10 13 4 94 95
93 c 42 5 404 732 852 10 10 5 95 97 99
94 c 23 3 404 764 884 10 7 9 95
95 c 15 10 424 782 902 10 20 23 98
96 c 35 5 424 784 904 10 20 21 98
97 c 61 52 448 808 928 10 3 9 98
98 c 35 69 450 810 930 10 23 17 99
99 c 31 67 450 810 930 10 3 1 100
100 c 47 47 462 822 942 10 13 19

