StringID Type x y release ReadyTime DueDate ServiceTime weight volume Item_Conflitante1 Item_Conflitante2 Item_Conflitante3 Item_Conflitante4 Item_Conflitante5 Item_Conflitante6 Item_Conflitante7 Item_Conflitante8 Item_Conflitante9 Item_Conflitante10 Item_Conflitante11 Item_Conflitante12 Item_Conflitante13 Item_Conflitante14 Item_Conflitante15 Item_Conflitante16 Item_Conflitante17 Item_Conflitante18 Item_Conflitante19 Item_Conflitante20 Item_Conflitante21 Item_Conflitante22 Item_Conflitante23 Item_Conflitante24 Peso_Total Volume_Total
0 d 35 35 0 0 1000 0 0 0                         1000 1000
1 c 41 37 96 65 305 10 16 16 2 8 16 21 25 30 40 45 52 61 68 81 85 86 99 100
2 c 64 42 96 132 372 10 9 11 14 15 20 23 25 35 39 46 52 54 60 63 68 73 74 92 93
3 c 40 60 96 187 427 10 21 12 7 16 23 27 28 37 38 45 57 58 64 69 76 80 87 94 97
4 c 53 52 96 24 264 10 11 14 28 29 35 41 44 49 50 55 56 65 71 77 78 81 91 94
5 c 5 5 96 234 474 10 16 24 9 11 12 21 26 27 30 33 46 55 56 57 67 70 73 76 84 88 94 96
6 c 60 12 96 33 273 10 31 36 7 18 20 21 25 28 38 42 43 54 57 60 61 64 74 83 92
7 c 24 12 96 25 265 10 5 11 16 23 25 37 38 41 47 59 70 73 80 84 92 96
8 c 11 14 96 167 407 10 18 10 10 19 24 31 39 42 56 60 67 68 77 78 86 91 94 96 98 99
9 c 6 38 96 29 269 10 16 7 17 19 30 31 36 40 44 50 64 78 83 91 92 99 100
10 c 8 56 96 48 288 10 27 21 18 31 37 45 46 47 58 64 70 72 84 95
11 c 49 42 96 212 452 10 13 20 25 27 31 32 42 46 55 62 66 78
12 c 12 24 96 214 454 10 13 16 13 14 15 19 20 26 31 33 35 41 49 53 57 60 65 70 76 77 89 93 94 95 98 100
13 c 24 58 96 113 353 10 19 26 17 43 49 50 51 52 54 58 69 71 72 76 78 84 91 94 95 97 99
14 c 27 69 96 34 274 10 10 12 17 27 29 37 47 52 53 58 63 64 65 77 79 86 92 100
15 c 15 77 96 154 394 10 9 16 18 26 29 35 42 45 50 66 69 70 75 80 96
16 c 62 77 96 49 289 10 20 18 19 32 36 60 66 74 76 81 96 97
17 c 67 5 96 228 468 10 25 33 26 32 35 42 45 46 49 54 57 58 67 86 100
18 c 37 47 96 108 348 10 6 1 19 20 29 33 39 48 54 59 60 61 63 70 78 82 86 89 94 95
19 c 57 68 96 198 438 10 15 11 23 24 35 45 55 56 58 59 73 74 79 80 83 85 88 89 90
20 c 35 40 96 60 300 10 16 12 31 36 45 46 58 61 63 64 65 67 70 80 81 82 84 91 92 94 100
21 c 55 5 96 146 386 10 29 28 24 25 27 35 40 41 43 45 47 53 74 89 97
22 c 2 60 96 41 281 10 5 7 29 32 34 37 39 42 43 47 48 51 52 77 87 92 94 95 97 98 100
23 c 44 17 96 234 474 10 9 8 27 30 47 51 57 64 67 68 90 97
24 c 22 22 96 18 258 10 2 8 28 35 38 45 49 56 71 80 85 86 88 95 96
25 c 15 60 96 204 444 10 17 7 37 39 43 47 50 59 68 71 86 87 92 95 99
26 c 20 65 96 146 386 10 12 20 27 36 59 61 69 70 91 94 97
27 c 26 52 96 214 454 10 9 7 36 41 42 51 61 69 75 80 88 93 97
28 c 10 20 96 203 443 10 19 15 31 32 45 51 54 59 63 74 75 77 79 80 87 89 97 100
29 c 15 10 96 32 272 10 20 27 37 39 40 47 52 55 57 65 67 69 75 84 88 91 93 97
30 c 30 5 96 118 358 10 8 14 31 37 42 47 53 57 59 78 93 94 99 100
31 c 20 26 96 263 503 10 9 16 35 36 37 51 53 59 60 62 67 70 84 100
32 c 40 25 96 279 519 10 9 4 33 42 43 47 52 54 56 64 66 67 70 71 72 79 80 82 85 94
33 c 49 58 96 281 521 10 10 7 44 47 50 51 57 62 64 65 82 85 86
34 c 20 40 96 286 526 10 12 4 37 45 49 54 57 58 82 84 88 91 92 94
35 c 57 48 96 307 547 10 23 19 39 41 49 54 56 59 61 68 78 85 89 93 96
36 c 4 18 96 307 547 10 35 40 41 42 52 53 57 65 69 83 85 90 93 97
37 c 28 18 96 314 554 10 26 21 43 49 54 72 83 85 86 90 92 94 98
38 c 55 54 96 314 554 10 26 17 45 52 53 55 57 60 65 75 96
39 c 31 67 96 320 560 10 3 5 40 48 52 65 69 70 73 75 80 85 91
40 c 61 52 96 322 562 10 3 2 48 58 59 72 78 81 89 92 95 96
41 c 10 43 96 323 563 10 9 1 55 56 62 69 72 73 75 79 93 97
42 c 55 60 96 329 569 10 16 10 52 57 62 66 73 80 88 89 94
43 c 37 31 96 332 572 10 14 7 46 50 54 57 59 60 72 77 83 85 88 92 99
44 c 45 10 96 332 572 10 18 9 51 63 65 69 71 74 83 86 89 95 99
45 c 42 7 96 334 574 10 5 13 47 55 56 65 66 71 84 93 94
46 c 25 30 96 345 585 10 3 6 48 51 56 64 68 87 88 99
47 c 11 31 96 354 594 10 7 12 48 50 54 63 66 84 97
48 c 32 12 96 356 596 10 7 2 50 57 68 69 70 85 87 97 98
49 c 6 68 263 401 641 10 30 26 56 60 65 85 95 99
50 c 2 48 263 452 692 10 1 9 52 55 64 70 74 77 83 95 97
51 c 30 60 263 485 725 10 16 20 64 66 67 68 79 81 87 88 89
52 c 45 65 263 504 744 10 9 2 56 70 75 78 79 91 95
53 c 53 12 263 519 759 10 6 8 56 63 69 72 73 75 78 82 91 92 94 97
54 c 49 73 263 523 763 10 25 22 63 69 73 78 79 80 89
55 c 25 21 263 523 763 10 12 4 56 57 67 74 75 78 87 96 98 100
56 c 23 3 362 543 783 10 7 1 61 65 70 73 76 77 86 89 92 98
57 c 63 23 362 560 800 10 2 2 71 72 77 93
58 c 57 29 362 568 808 10 18 24 62 66 67 68 69 72 81 82 94 96
59 c 56 39 362 575 815 10 36 41 62 72 75 86 88 94 99
60 c 35 69 362 599 839 10 23 28 67 80
61 c 55 20 362 620 860 10 19 25 66 70 71 80 91 93
62 c 46 13 362 622 862 10 8 9 72 79 85 94
63 c 63 65 379 630 870 10 8 11 69 71 88 90
64 c 30 25 379 639 879 10 23 31 73 77 85 89 91
65 c 65 35 396 656 896 10 3 1 73 80 84 90 99
66 c 17 34 412 672 912 10 3 7 79 85 86 95 99
67 c 5 30 422 682 922 10 2 1 73 84 85 94 96 98
68 c 65 55 453 0 953 10 14 16 71 75 88 91 100
69 c 65 20 456 716 956 10 6 7 70 82 86 99
70 c 26 35 458 718 958 10 15 17 77 82 83 87 94
71 c 49 11 462 0 962 10 18 26 84 87 88 89 93 96 97 98
72 c 13 52 462 0 962 10 36 33 76 82 83
73 c 15 19 464 0 964 10 1 3 76 78 79 83 87 96 99
74 c 18 18 465 725 965 10 17 26 83 87 88 95 99
75 c 15 47 466 0 966 10 16 9 79 94 95
76 c 16 22 466 0 966 10 41 36 84 88 95
77 c 55 45 467 0 967 10 13 22 80 90 97
78 c 47 16 467 0 967 10 25 35 80 83 86 96
79 c 37 56 468 728 968 10 5 6 84 96 100
80 c 19 21 468 0 968 10 10 2 84 88 97
81 c 56 37 468 728 968 10 6 1 86 96 97
82 c 20 20 468 0 968 10 8 11 86 97
83 c 14 37 468 0 968 10 11 19 88
84 c 20 50 468 0 968 10 5 10 88 95 96
85 c 18 24 469 729 969 10 22 13 88 89 90 93 96 98
86 c 15 30 469 0 969 10 26 30 92 98
87 c 53 43 470 730 970 10 14 7
88 c 45 20 471 0 971 10 11 21 97 98 99 100
89 c 31 52 472 0 972 10 27 37 94 98
90 c 35 17 472 0 972 10 7 4 92
91 c 21 24 472 0 972 10 28 32 96 99 100
92 c 47 47 473 0 973 10 13 14 96 99
93 c 22 27 474 0 974 10 11 17 94 97
94 c 41 49 474 0 974 10 10 2 95 98
95 c 25 24 475 0 975 10 20 20 98
96 c 50 35 475 0 975 10 19 10 99
97 c 26 27 477 0 977 10 27 25
98 c 45 30 478 0 978 10 17 25
99 c 27 43 478 0 978 10 9 15
100 c 36 26 480 740 980 10 18 27

