StringID Type x y release ReadyTime DueDate ServiceTime weight volume Item_Conflitante1 Item_Conflitante2 Item_Conflitante3 Item_Conflitante4 Item_Conflitante5 Item_Conflitante6 Item_Conflitante7 Item_Conflitante8 Item_Conflitante9 Item_Conflitante10 Item_Conflitante11 Item_Conflitante12 Item_Conflitante13 Item_Conflitante14 Item_Conflitante15 Item_Conflitante16 Item_Conflitante17 Item_Conflitante18 Item_Conflitante19 Item_Conflitante20 Item_Conflitante21 Item_Conflitante22 Item_Conflitante23 Item_Conflitante24 Item_Conflitante25 Peso_Total Volume_Total
0 d 40 50 0 0 3390 0 0 0                          700 700
1 c 8 40 11 685 845 90 40 42 4 17 33 37 48 52 53 62 74 78 88 91 92 93
2 c 5 35 11 876 1036 90 10 16 6 12 54 60 62 69 77 86 87 90
3 c 5 45 11 1253 1413 90 10 10 7 8 9 14 16 26 35 39 41 57 60 61 63 65 69 73 74 83 86
4 c 0 40 11 1063 1223 90 30 23 15 37 39 46 54 71 80 81 84 85 91 97
5 c 0 45 11 1158 1318 90 20 23 17 18 27 38 50 54 65 79 85 86 87
6 c 48 20 11 967 1127 90 10 11 13 14 19 27 40 46 48 51 53 54 58 61 64 69 71 73 76 85 93 96 98
7 c 55 80 11 407 567 90 10 4 13 19 20 26 28 35 37 38 49 56 61 84 89 90 94
8 c 44 5 11 1256 1416 90 20 28 10 18 19 20 21 32 37 53 54 66 82 83 89 90 91 100
9 c 42 10 11 1160 1320 90 40 32 19 20 24 29 45 46 47 56 63 67 73 75 80 92 94 95
10 c 42 15 11 1065 1225 90 10 1 18 22 29 33 40 43 45 63 70 78 85 89 90 91 92 99
11 c 40 5 11 1350 1510 90 30 29 13 14 16 18 20 23 31 38 40 43 56 62 63 68 69 79 81 83 93
12 c 38 5 11 1442 1602 90 30 40 14 15 34 38 41 56 57 58 64 88 89 92 99
13 c 35 5 11 1535 1695 90 20 27 28 35 53 66 71 72 75 79 80 86 88 96
14 c 50 30 11 401 561 90 10 10 15 19 20 29 32 39 47 48 51 58 61 65 66 75 76 78 84 89 90 91 93 94 95 96 100
15 c 50 35 11 120 280 90 20 23 22 32 42 43 50 54 55 65 74 89 92 99
16 c 50 40 11 25 185 90 50 49 17 26 30 32 42 43 73 74 79 92
17 c 48 30 11 493 653 90 10 10 27 29 30 31 36 38 39 40 42 45 47 49 57 62 65 69 95 96
18 c 44 25 11 871 1031 90 10 11 19 23 30 31 32 34 35 37 51 62 73 75 78 87 89 92 96 97 98 99
19 c 47 35 11 588 748 90 10 8 30 40 49 60 71 74 85 92 95
20 c 47 40 11 12 172 90 10 10 28 30 31 41 46 51 54 65 74 76 90 94
21 c 42 30 11 776 936 90 10 16 23 26 32 35 36 38 46 57 58 59 61 68 69 72 76 77 82
22 c 45 35 11 680 840 90 10 16 23 36 42 45 56 59 67 68 75 79 93
23 c 53 35 11 213 373 90 50 40 40 50 59 62 65 66 67 72 76 78 87 93
24 c 56 64 11 1355 1515 90 10 16 27 31 33 35 40 44 45 55 74 79 80 84
25 c 67 85 11 694 854 90 20 13 26 27 32 44 57 63 78 99
26 c 42 58 11 8 168 90 40 34 27 31 35 37 47 49 56 66 76 81 85 89 91 97
27 c 60 85 11 597 757 90 30 30 35 38 42 43 47 48 54 71 79 84 86 97
28 c 10 40 11 593 753 90 30 30 30 31 39 41 53 60 61 65 69 71 75 85 92 95 96 99
29 c 20 55 11 303 463 90 10 10 35 36 42 43 45 50 68 69 70 73 75 76 80 89
30 c 55 85 11 502 662 90 20 28 33 38 48 49 50 57 58 65 72 83 88 98 99
31 c 60 66 11 1261 1421 90 10 2 32 35 37 40 43 46 47 48 49 53 64 76 84 87 92 97
32 c 20 50 11 398 558 90 10 14 33 42 47 50 55 56 57 59 63 70 77 80 81 82 86 87 90 97 99
33 c 30 50 11 10 170 90 10 8 34 42 47 49 51 54 56 57 58 61 63 65 75 87 91 94 96 97
34 c 28 52 11 22 182 90 20 25 35 38 40 42 46 62 73 76 83 84 89 96 99
35 c 25 50 11 116 276 90 10 14 39 46 47 48 51 53 56 58 65 75 80
36 c 16 42 11 497 657 90 20 21 46 47 55 62 74 77 88 89 97
37 c 23 52 11 209 369 90 10 12 41 44 51 67 70 71 78 80 81 82 83 86 88 93 96
38 c 4 55 11 1447 1607 90 20 12 51 57 61 79 88 90 95 98
39 c 65 60 11 1546 1706 90 30 38 43 53 54 55 58 59 68 81 88 100
40 c 70 58 786 1641 1801 90 20 11 43 49 51 58 62 66 78 79 81 82 90 93 96
41 c 14 66 786 1643 1803 90 10 4 45 54 57 62 65 68 74 76 77 78 79 80 81 84 96
42 c 38 15 786 1725 1885 90 40 31 57 63 77 86 91 97 99
43 c 66 55 786 1736 1896 90 10 16 45 51 57 60 61 65 67 68 77 87 88 89 97 99
44 c 15 75 786 1742 1902 90 20 25 45 49 57 61 66 76 85 89 90 92 93 94 95 99
45 c 36 18 786 1819 1979 90 10 18 49 60 79 84 87 88 93 94
46 c 15 80 786 1837 1997 90 10 8 51 57 63 80 83
47 c 32 20 786 1913 2073 90 10 7 56 59 63 66 75 85 91 94 96
48 c 20 85 786 1934 2094 90 40 48 50 52 60 66 69 73 75 77 79 84 88 92 94 98
49 c 34 25 786 2009 2169 90 30 30 57 58 59 71 72 77 82 96
50 c 22 85 786 2026 2186 90 10 11 52 54 57 71 76 77 82 83 84 85 88 96 98
51 c 30 30 786 2105 2265 90 10 20 52 53 58 78 82 84 87 91
52 c 90 35 786 2131 2291 90 10 11 56 58 62 65 66 68 74 87 92 98
53 c 25 30 786 2200 2360 90 10 12 57 58 64 71 73 76 87 88 100
54 c 20 80 786 2216 2376 90 40 39 57 62 64 66 74 76 80 81 91
55 c 95 35 786 2226 2386 90 20 24 74 78 80 81 92
56 c 18 75 786 2311 2471 90 20 29 62 65 76 79 98 99
57 c 95 30 786 2321 2481 90 30 30 58 59 67 69 84 92 98
58 c 22 75 1223 2405 2565 90 30 37 59 60 73 83 86 98
59 c 92 30 1223 2414 2574 90 10 16 75 91 96 97
60 c 30 35 1223 2480 2640 90 10 5 61 64 75 78 80 95 97
61 c 22 66 1223 2504 2664 90 40 30 64 76
62 c 85 25 1223 2513 2673 90 10 4 67 75 78 92 93
63 c 33 35 1223 2573 2733 90 10 8 71 72 73 75 78 80 89 90 91 97 99
64 c 28 70 1223 2601 2761 90 10 7 67 73 88 90 95 99
65 c 87 30 1223 2608 2768 90 10 18 82 87 92 96
66 c 33 32 1223 2666 2826 90 20 14 67 73 82 89 90 94 97 99 100
67 c 35 69 1223 2698 2858 90 10 3 71 96 97
68 c 85 35 1223 2703 2863 90 30 25 73 75 78 83 86 94 95 96 98 99 100
69 c 35 32 1223 2758 2918 90 10 13 74 81 82 83
70 c 35 66 1365 2791 2951 90 10 19 78 79 82 84 90 92 94
71 c 78 40 1365 2802 2962 90 20 11 74 76 79 80 84 85 86 90 95
72 c 34 60 1365 2887 3047 90 20 13 86 88 90 95
73 c 72 45 1365 2900 3060 90 10 17 78 80 81 83 84 87 93 94
74 c 86 46 1577 0 3253 90 30 28 85 90
75 c 64 46 1577 3097 3257 90 20 13 91 95 96 97
76 c 38 10 1577 0 3259 90 10 6 87 88 98
77 c 65 82 1577 0 3259 90 10 8 79 83 89 92 94 100
78 c 2 40 1577 0 3260 90 20 12 80 81 82 86 90 91 97
79 c 25 85 1577 0 3261 90 20 30 86 90 93 95 99
80 c 62 80 1577 0 3262 90 30 38 90 91 92 98
81 c 75 55 1577 0 3264 90 20 26 95 96 97
82 c 8 62 1577 0 3265 90 10 20 95 97
83 c 10 35 1577 0 3266 90 20 12 84 86 88 89
84 c 8 45 1577 0 3267 90 20 12 85 89 95 96
85 c 72 55 1577 0 3267 90 10 6
86 c 58 75 1577 0 3269 90 20 30
87 c 62 69 1577 0 3270 90 10 5 91 96
88 c 52 75 1577 0 3272 90 10 16 91 92 96
89 c 58 70 1578 0 3273 90 20 23 95 98
90 c 62 40 1580 0 3275 90 10 1
91 c 53 30 1581 0 3276 90 10 18 94
92 c 26 32 1582 0 3277 90 10 11
93 c 60 60 1582 0 3277 90 10 15 94 95
94 c 25 35 1583 0 3278 90 10 9
95 c 45 70 1584 0 3279 90 30 27 98 100
96 c 60 55 1584 3119 3279 90 10 6 98
97 c 42 65 1589 0 3284 90 10 19
98 c 45 65 1589 0 3284 90 20 25 100
99 c 30 56 1593 0 3288 90 20 17
100 c 36 40 1594 0 3289 90 10 13

