StringID Type x y release ReadyTime DueDate ServiceTime weight volume Item_Conflitante1 Item_Conflitante2 Item_Conflitante3 Item_Conflitante4 Item_Conflitante5 Item_Conflitante6 Item_Conflitante7 Item_Conflitante8 Item_Conflitante9 Item_Conflitante10 Item_Conflitante11 Item_Conflitante12 Item_Conflitante13 Item_Conflitante14 Item_Conflitante15 Item_Conflitante16 Item_Conflitante17 Item_Conflitante18 Item_Conflitante19 Item_Conflitante20 Item_Conflitante21 Item_Conflitante22 Peso_Total Volume_Total
0 d 35 35 0 0 230 0 0 0                       200 200
1 c 12 24 6 59 102 10 13 22 4 5 7 11 32 33 44 46 74 90 97 99
2 c 27 69 6 34 112 10 10 16 5 10 11 12 23 27 33 35 37 49 65 69 70 76 87 88 96
3 c 57 68 6 57 106 10 15 14 4 12 15 18 24 26 27 30 36 40 47 61 66 68 71 72 75 80 84 89 98 100
4 c 47 16 6 22 110 10 25 33 12 17 19 26 31 33 41 47 52 54 63 69 71 86 88 99 100
5 c 44 17 6 60 105 10 9 5 30 33 35 46 47 51 59 62 64 69 71 84 95 97 99
6 c 49 11 6 46 101 10 18 17 11 24 29 31 32 39 41 48 51 71 76 86 100
7 c 31 52 6 24 85 10 27 21 11 19 22 30 36 38 42 49 52 58 63 66 73 76 85 86
8 c 64 42 6 37 98 10 9 1 9 14 17 30 35 43 53 55 60 64 72 79 83 89
9 c 41 37 6 8 79 10 16 16 10 11 14 33 42 44 45 52 63 65 74 75 77 88 96
10 c 55 54 6 87 110 10 26 19 12 20 22 25 26 30 43 66 73 88 100
11 c 15 47 6 28 91 10 16 19 26 29 33 45 46 58 65 78 83 90 95
12 c 14 37 6 21 97 10 11 13 14 16 33 40 41 62 64 65 66 69 70 75 79 82 89 94 98
13 c 45 20 6 37 96 10 11 21 24 27 38 43 44 52 57 59 61 72 75 80 86
14 c 15 60 6 53 108 10 17 23 30 34 39 42 44 48 53 57 63 71 87
15 c 20 40 6 77 106 10 12 7 17 22 26 27 35 36 40 42 62 63 66 67 79 80 86 97 100
16 c 27 43 6 25 88 10 9 18 19 25 29 31 37 38 39 41 45 54 56 57 65 69 71 86 97 100
17 c 25 24 6 14 83 10 20 24 23 30 36 40 46 50 54 56 66 69 73 74 83
18 c 28 18 6 84 111 10 26 30 22 27 36 41 43 46 51 55 56 59 65 71 83 85 91
19 c 10 20 6 54 105 10 19 26 37 44 48 50 55 59 65 70 71 76 86 99
20 c 50 35 6 38 97 10 19 23 23 26 29 33 35 36 37 38 39 40 49 53 56 58 61 62 68 69 71 78 89 100
21 c 15 30 6 20 107 10 26 27 22 36 40 41 49 58 61 70 75 78 85 93 94 97 99
22 c 20 50 6 66 105 10 5 1 33 34 40 47 60 75 76 87 90 93 97
23 c 19 21 6 32 93 10 10 1 30 36 60 69 81 88 90 96 97
24 c 35 17 6 20 89 10 7 1 28 34 49 53 57 61 66 69 71 83 90 92 96 100
25 c 8 56 6 34 116 10 27 20 33 34 49 50 55 59 62 76 81 87 91
26 c 16 22 6 74 117 10 41 34 30 39 42 43 52 69 83 86 94 95 98
27 c 4 18 6 79 118 10 35 42 32 43 47 54 58 59 65 77 80 87 89 90 97
28 c 49 42 6 36 119 10 13 15 35 36 39 46 48 49 51 54 60 61 69 71 72 76 79 85 89
29 c 49 58 6 66 119 10 10 4 35 37 38 39 45 49 50 55 65 67 69 76 80 83 84 89 90
30 c 26 27 6 88 121 10 27 31 33 35 37 45 59 64 78 84 85 93
31 c 40 60 23 28 123 10 21 23 32 33 34 41 45 46 53 55 60 63 66 67 87 88 93 97
32 c 31 67 23 76 123 10 3 1 34 36 38 51 53 55 62 64 73 76 85 86 88 89 95 99
33 c 21 24 23 17 123 10 28 33 35 36 39 41 48 51 55 71 78 81
34 c 40 25 23 51 128 10 9 13 40 41 44 46 59 61 72 75 77 81 85 88 89
35 c 6 68 23 93 132 10 30 36 37 38 47 50 53 54 57 64 67 76 85 88 89 90 92 96 98 100
36 c 26 52 23 24 133 10 9 17 39 41 61 71 73 76 85 100
37 c 32 12 23 78 133 10 7 1 40 44 48 50 57 58 72 80 83 86 87 88 92 98
38 c 57 48 23 58 135 10 23 31 39 44 51 57 60 69 77 81 86 94 100
39 c 55 45 23 106 135 10 13 9 40 42 44 45 48 52 61 63 74 76 90 92 96 99
40 c 37 31 23 62 137 10 14 22 47 54 58 67 84 90 91 92
41 c 15 10 23 32 137 10 20 24 43 44 46 58 65 73 79 82 84 85 86 95 100
42 c 20 26 23 38 137 10 9 14 50 57 60 65 67 77 88 97
43 c 10 43 23 61 138 10 9 11 46 51 52 68 77 79 83 88 99
44 c 11 14 23 31 138 10 18 17 46 50 53 70 77 78 87 90 91 94 96 99
45 c 37 47 29 12 142 10 6 7 54 59 61 62 80 89 99
46 c 11 31 29 68 143 10 7 2 50 53 57 58 59 62 70 76 88 91 97 99
47 c 65 55 29 100 143 10 14 23 56 58 66 69 75 80 81 85 87 92 94 95 99 100
48 c 45 10 29 59 144 10 18 16 63 67 71 78 88 89 92 95 96 97
49 c 5 5 30 42 145 10 16 11 50 53 75 77 82 83 86 88 90 97
50 c 67 5 43 43 150 10 25 15 60 61 63 97 99
51 c 55 60 43 53 150 10 16 23 52 54 60 66 77 78 79
52 c 2 48 43 93 150 10 1 1 61 62 73 74 81
53 c 47 47 43 105 152 10 13 5 56 60 66 68 71 72 77 79 89
54 c 20 65 43 33 152 10 12 19 57 58 63 68 69 75 87
55 c 45 65 43 109 152 10 9 6 65 70 74 81 89 91 93
56 c 25 21 43 122 153 10 12 16 57 61 63 68 70 71 73 76 77 80 81 83 95 96
57 c 25 30 43 54 153 10 3 3 61 67 71 86 88 96 99
58 c 30 5 43 30 154 10 8 12 79 82 90 91
59 c 55 5 43 36 155 10 29 29 61 70 80 81 82 86 87 98 100
60 c 45 30 43 117 156 10 17 10 61 63 64 66 75 85 92 98
61 c 35 40 43 5 156 10 16 18 64 77 78 85 87 97
62 c 30 60 43 101 156 10 16 7 69 70 72 76 78 79 82 88 92 97
63 c 23 3 43 115 158 10 7 11 67 95 96 97
64 c 61 52 43 43 158 10 3 1 79 83 84 97
65 c 42 7 44 44 159 10 5 8 70 76 79 85 86 89 97 99
66 c 22 27 45 119 160 10 11 15 67 73 79 84 86 88 97 98
67 c 20 20 45 117 160 10 8 8 77 79 81 93 98
68 c 24 58 53 25 164 10 19 25 71 73 75 79 88 89 92 94 97 99
69 c 15 77 53 46 165 10 9 2 76 84 87 89 97
70 c 57 29 53 121 168 10 18 13 89 97
71 c 62 77 55 49 170 10 20 22 73 78 79 80 85 92 96
72 c 24 12 63 25 172 10 5 12 74 75 78 92 97
73 c 35 69 63 116 175 10 23 26 94 96
74 c 2 60 63 41 178 10 5 14 81 92 93 100
75 c 63 65 63 50 178 10 8 13 76 78 83 84 87 92
76 c 53 52 64 24 179 10 11 17 93 95 96
77 c 49 73 64 77 179 10 25 19 88 89
78 c 22 22 66 18 181 10 2 2 79 80 81 90 93
79 c 65 20 71 47 186 10 6 1 81 89 93 95 99
80 c 60 12 71 33 186 10 31 32 96
81 c 53 12 73 81 188 10 6 1 87 88 96
82 c 6 38 74 29 189 10 16 25 91 94 96 98
83 c 5 30 74 51 189 10 2 1 91 93 94 96
84 c 63 23 74 70 189 10 2 1 90 93 97 99
85 c 65 35 75 118 190 10 3 1 88 96
86 c 13 52 77 125 192 10 36 40 87 89 93
87 c 15 19 79 130 194 10 1 11 90 96
88 c 55 20 80 71 195 10 19 13 93 100
89 c 18 18 80 28 195 10 17 10 98
90 c 46 13 80 73 195 10 8 1 97
91 c 56 37 83 69 198 10 6 9 95 99
92 c 37 56 83 21 198 10 5 1 100
93 c 56 39 83 82 198 10 36 40 99
94 c 18 24 85 41 199 10 22 16 98 100
95 c 53 43 85 65 200 10 14 15 96
96 c 17 34 86 130 201 10 3 10 98 99
97 c 41 49 86 130 201 10 10 10
98 c 30 25 93 70 208 10 23 21
99 c 36 26 95 79 210 10 18 20
100 c 26 35 96 128 211 10 15 5

