StringID Type x y release ReadyTime DueDate ServiceTime weight volume Item_Conflitante1 Item_Conflitante2 Item_Conflitante3 Item_Conflitante4 Item_Conflitante5 Item_Conflitante6 Item_Conflitante7 Item_Conflitante8 Item_Conflitante9 Item_Conflitante10 Item_Conflitante11 Item_Conflitante12 Item_Conflitante13 Item_Conflitante14 Item_Conflitante15 Item_Conflitante16 Item_Conflitante17 Item_Conflitante18 Item_Conflitante19 Item_Conflitante20 Item_Conflitante21 Item_Conflitante22 Item_Conflitante23 Item_Conflitante24 Item_Conflitante25 Peso_Total Volume_Total
0 d 35 35 0 0 1000 0 0 0                          1000 1000
1 c 37 31 11 414 489 10 14 12 4 12 33 40 42 47 49 50 55 58 64 73 78 87 90 93 99 100
2 c 20 26 11 333 432 10 9 1 3 9 10 13 26 27 28 29 32 36 39 41 47 55 57 63 64 69 72 76 81 85 90 97 98
3 c 11 14 11 233 340 10 18 25 10 11 24 31 35 38 43 44 45 48 51 73 78 95
4 c 67 5 11 294 401 10 25 18 10 21 29 47 49 51 60 64 80 97
5 c 5 5 11 302 405 10 16 17 6 18 20 21 26 28 31 43 46 55 61 62 67 72 84 94
6 c 37 47 11 162 293 10 6 10 7 15 19 31 34 40 44 48 54 56 62 63 66 69 75 76 83 86 90 99 100
7 c 24 58 11 163 302 10 19 17 11 13 14 18 31 42 47 50 51 55 69 71 76 95 99
8 c 55 5 11 206 325 10 29 22 13 24 31 34 43 51 59 85 97 99
9 c 57 48 11 388 465 10 23 22 11 36 52 54 57 59 71 82 83 90
10 c 30 5 11 175 300 10 8 2 11 18 21 24 29 31 32 36 38 48 49 55 59 60 63 66 72 73 90 91 100
11 c 49 42 11 290 373 10 13 5 18 23 25 40 41 44 49 55 56 61 66 67 73 77 81 84 89 97
12 c 22 22 11 18 181 10 2 5 18 20 21 28 30 34 43 54 56 58 60 62 63 64 78 79 82 83 84 86 89 92
13 c 55 60 11 400 497 10 16 18 15 30 43 50 58 65 75 89 90 100
14 c 28 18 11 420 447 10 26 16 19 43 58 63 68 77 82 85 89 94 95
15 c 10 43 11 404 481 10 9 14 21 23 26 28 32 36 37 40 46 47 51 60 62 81 82 83 90 94
16 c 20 65 11 206 325 10 12 20 23 30 32 33 34 41 49 50 53 55 59 62 71 77 80 81 96
17 c 11 31 11 436 511 10 7 1 27 40 48 54 58 62 67 69 76 82 84 98
18 c 63 23 327 620 739 10 2 9 25 38 40 42 44 47 52 53 58 69 74 75 81 84 92 93 97
19 c 55 20 327 678 801 10 19 21 21 22 32 39 44 48 49 53 54 56 68 74 81 90 93
20 c 46 13 327 681 802 10 8 13 23 26 30 43 45 60 65 76 80 88 98
21 c 30 25 327 690 827 10 23 20 23 24 42 46 48 58 67 71 74 76 78 96
22 c 62 77 440 0 940 10 20 26 36 38 41 45 59 69 80 87
23 c 15 77 443 0 943 10 9 1 34 36 47 49 50 61 64 66 73 75 79 85 86 88 90 92 94 97 98 100
24 c 6 68 446 0 946 10 30 32 26 31 36 47 48 55 63 73 80 82 88 93 95 97
25 c 2 60 448 0 948 10 5 1 26 27 28 29 32 41 47 49 52 54 62 63 68 71 79
26 c 63 65 450 0 948 10 8 11 44 45 47 61 62 69 71 77 78 79 83 84 87 96
27 c 49 73 450 0 949 10 25 34 28 33 37 38 42 50 54 56 63 64 69 73 84 85
28 c 57 68 450 0 950 10 15 7 39 40 48 57 62 69 75 88
29 c 53 43 452 817 952 10 14 11 33 34 36 45 46 49 57 60 65 70 71 80 81 85 91 93
30 c 65 55 453 0 953 10 14 5 33 34 35 43 45 46 47 48 58 59 71 76 78 81 82 86 88
31 c 4 18 454 0 954 10 35 39 39 44 59 62 63 67 69 80 88 90 98
32 c 2 48 454 0 954 10 1 1 33 34 55 58 87 96 97
33 c 8 56 455 0 955 10 27 26 37 44 45 51 52 62 67 69 74 75 76 85 89 95 97
34 c 27 69 455 0 955 10 10 19 37 43 48 56 57 74 78 80 81 95 96
35 c 23 3 455 0 955 10 7 1 40 48 57 60 61 62 64 70 83 85 86 96
36 c 65 20 456 817 956 10 6 7 40 44 48 51 54 60 68 70 95 97
37 c 60 12 456 0 956 10 31 22 39 42 47 64 84 85 86 91 94
38 c 35 69 456 0 956 10 23 15 39 43 47 48 50 51 54 58 78 87 90 99
39 c 15 10 457 0 957 10 20 12 51 52 53 73 74 77 78 83 94
40 c 15 60 457 0 957 10 17 8 41 63 71 74 81 84 87 88 91
41 c 31 67 457 0 957 10 3 11 47 69 76 78 80 89 91 92 95 99
42 c 61 52 458 0 958 10 3 2 43 50 51 53 55 59 65 69 74 79 86 87 89
43 c 45 65 458 0 958 10 9 10 44 51 59 71 75 78 80 82 86 87 99
44 c 5 30 459 0 959 10 2 1 46 48 49 51 53 55 60 68 69 72 74 81 100
45 c 10 20 460 0 960 10 19 11 52 53 69 72 76 78 79 80 83 89 90 92 94
46 c 64 42 460 0 960 10 9 16 48 49 53 57 65 82 83 86 87 88 92 93
47 c 53 12 460 0 960 10 6 11 52 57 66 70 71 77 78 80 82 96
48 c 65 35 460 0 960 10 3 12 53 57 60 67 81 86 87 88
49 c 6 38 460 0 960 10 16 17 64 68 69 71 73 79 96
50 c 42 7 461 0 961 10 5 5 52 53 74 84 91 94 96 99
51 c 13 52 462 0 962 10 36 31 58 67 68 69 71 74 78 82 83 96
52 c 49 11 462 0 962 10 18 28 63 65 80 85 87 88 94
53 c 55 54 462 0 962 10 26 27 58 60 68 74 80 86 95 96 100
54 c 49 58 463 0 963 10 10 16 56 58 68 69 72 74 78 90 95 97 100
55 c 45 10 463 0 963 10 18 15 58 64 67 72 84 85 87 95 97 99
56 c 40 60 464 0 964 10 21 21 61 67 73 74 76 80 89 92 95
57 c 30 60 464 0 964 10 16 25 60 61 69 71 76 77 79 84
58 c 15 19 464 0 964 10 1 1 60 67 72 84
59 c 24 12 464 0 964 10 5 2 61 62 63 65 66 67 82 92 95 98 99
60 c 12 24 464 0 964 10 13 23 65 72 76 81 84 86 89 94 95
61 c 18 18 465 798 965 10 17 13 62 66 67 73 83 87 91 96 99
62 c 53 52 465 0 965 10 11 10 63 69 71 74 83 86 88 89 99 100
63 c 16 22 466 0 966 10 41 40 64 69 83 85 95 96
64 c 32 12 466 0 966 10 7 14 83 84 87 92
65 c 15 47 466 0 966 10 16 16 67 71 74 77 80
66 c 57 29 467 0 967 10 18 17 81 92 96 99 100
67 c 47 16 467 0 967 10 25 33 80 87 92 93 95 99
68 c 55 45 467 0 967 10 13 3 79 83 93
69 c 19 21 468 0 968 10 10 15 74 76 80 83 88 94
70 c 14 37 468 0 968 10 11 9 72 79 80 86 97
71 c 56 39 468 0 968 10 36 33 93 94 95 99
72 c 20 20 468 0 968 10 8 2 85 99
73 c 37 56 468 0 968 10 5 2 74 76 78 81 86
74 c 20 50 468 0 968 10 5 1 76 79 82 85 87 88 93
75 c 56 37 468 0 968 10 6 1 77 90 91 93 96
76 c 15 30 469 0 969 10 26 24 77 92 93 94 100
77 c 44 17 469 0 969 10 9 11 79 82 84 86 88 91 96
78 c 18 24 469 0 969 10 22 18 79 80 84 88 89 97 99
79 c 26 52 470 0 970 10 9 3 83 85
80 c 45 20 471 0 971 10 11 6 94
81 c 17 34 471 0 971 10 3 10 85 91 96 100
82 c 35 17 472 0 972 10 7 16 100
83 c 31 52 472 0 972 10 27 19 85 95
84 c 25 21 472 0 972 10 12 12 91 94 99
85 c 21 24 472 0 972 10 28 30 93
86 c 47 47 473 0 973 10 13 9 89
87 c 20 40 474 0 974 10 12 7 90 94 98 99 100
88 c 41 49 474 0 974 10 10 1 94
89 c 22 27 474 0 974 10 11 15 98
90 c 25 24 475 0 975 10 20 16 94 95
91 c 50 35 475 0 975 10 19 21 96 97 100
92 c 26 27 477 0 977 10 27 20
93 c 45 30 478 0 978 10 17 16 99
94 c 40 25 478 0 978 10 9 6 99
95 c 27 43 478 0 978 10 9 19
96 c 25 30 478 0 978 10 3 2 97
97 c 36 26 480 849 980 10 18 24
98 c 26 35 481 0 981 10 15 25 99
99 c 41 37 483 0 983 10 16 20
100 c 35 40 485 0 985 10 16 16

