StringID Type x y release ReadyTime DueDate ServiceTime weight volume Item_Conflitante1 Item_Conflitante2 Item_Conflitante3 Item_Conflitante4 Item_Conflitante5 Item_Conflitante6 Item_Conflitante7 Item_Conflitante8 Item_Conflitante9 Item_Conflitante10 Item_Conflitante11 Item_Conflitante12 Item_Conflitante13 Item_Conflitante14 Item_Conflitante15 Item_Conflitante16 Item_Conflitante17 Item_Conflitante18 Item_Conflitante19 Item_Conflitante20 Item_Conflitante21 Item_Conflitante22 Item_Conflitante23 Peso_Total Volume_Total
0 d 35 35 0 0 230 0 0 0                        200 200
1 c 11 31 0 101 111 10 7 14 6 8 14 18 22 27 29 32 34 38 41 47 49 57 61 66 68 76 79 82 86 98 99
2 c 53 52 0 37 47 10 11 17 3 9 11 16 17 28 29 39 46 48 49 53 71 77 93 94 100
3 c 2 60 0 41 51 10 5 2 19 20 27 30 41 54 62 68 71 75 80 89 91
4 c 55 54 0 94 104 10 26 29 12 13 21 32 41 42 45 47 53 54 55 57 68 73 74 75 88 93 94 96
5 c 60 12 0 44 54 10 31 29 19 21 27 42 46 61 70 75 77 90 97 99
6 c 40 25 0 85 95 10 9 12 13 15 21 27 29 39 44 54 87 91 96
7 c 42 7 0 97 107 10 5 7 10 16 23 30 36 39 41 57 62 63 66 70 71 78 85 87 90 98
8 c 24 12 0 31 41 10 5 3 9 10 14 19 21 24 27 30 32 36 42 55 63 64 67 68 75 91 94 100
9 c 11 14 0 69 79 10 18 23 10 22 31 39 51 52 67 71 79 81 82 85 94
10 c 6 38 0 32 42 10 16 9 14 20 28 37 52 61 74 75 76 90 91 95 96 98
11 c 8 56 0 51 61 10 27 21 20 21 25 35 44 63 67 70 73 74 76 84 97 98
12 c 20 26 0 83 93 10 9 4 14 23 38 42 44 53 54 61 69 70 83 85 91 100
13 c 40 60 0 71 81 10 21 28 41 51 58 61 63 66 67 70 76 85 89 96 97 98 99
14 c 49 58 0 88 98 10 10 1 15 21 27 29 30 40 44 49 61 69 76 81 88 93
15 c 32 12 0 101 111 10 7 11 20 22 24 30 31 34 35 37 39 57 60 61 65 72 79 81 83 92 97
16 c 57 48 0 92 102 10 23 14 24 27 30 37 41 42 49 52 57 65 69 73 85
17 c 61 52 0 96 106 10 3 8 19 26 32 40 42 45 52 58 63 65 75 86 91 92 95 98
18 c 12 24 0 76 86 10 13 9 19 32 38 40 41 44 49 50 52 53 54 56 63 67 72 75 78 89 93 94
19 c 24 58 0 58 68 10 19 21 21 24 32 36 40 41 47 53 61 64 72 73 79 85 86 92 95 98
20 c 27 69 0 34 44 10 10 17 29 31 32 33 38 49 55 60 63 70 75 81 85 90 93 96
21 c 15 77 0 73 83 10 9 9 25 27 37 41 45 47 49 52 71 80 83 95 96 98
22 c 62 77 0 51 61 10 20 17 27 28 33 47 48 50 71 77 93 98
23 c 67 5 0 83 93 10 25 18 27 30 32 34 45 49 50 51 55 61 66 67 76 77 82 91
24 c 37 47 0 50 60 10 6 1 29 38 45 51 63 68 72 75 87 94 98
25 c 57 68 0 77 87 10 15 6 30 36 42 52 53 57 68 79 80 81 85 86 90
26 c 44 17 0 78 88 10 9 12 29 32 38 53 54 55 56 59 62 68 73 93 100
27 c 37 31 0 95 105 10 14 18 34 57 64 70 71 74 80 87 94 95
28 c 64 42 0 63 73 10 9 5 42 59 63 65 79 86 88 94
29 c 5 5 0 83 93 10 16 11 40 42 43 45 47 50 58 62 63 72 78 81 86 97
30 c 35 40 0 37 47 10 16 25 31 35 40 43 52 54 57 68 74 82 95
31 c 22 22 0 18 28 10 2 8 32 35 36 51 52 56 62 65 75 76 77 78 80 84 87 89
32 c 31 67 0 95 105 10 3 1 46 56 63 65 67 71 77 80 84 92 94 96 98
33 c 25 30 0 99 109 10 3 9 40 42 45 49 55 57 61 68 78 79 94
34 c 10 43 0 95 105 10 9 11 39 40 41 43 60 62 74 79 84 88 95
35 c 55 60 0 97 107 10 16 22 37 38 45 48 55 61 63 65 76 80 86 97 99
36 c 20 65 0 67 77 10 12 13 42 44 51 54 68 70 71 73 76 78 79 81 83 86 89 91 94 100
37 c 26 52 0 74 84 10 9 5 38 42 46 50 52 55 64 81 83 91
38 c 41 37 0 39 49 10 16 13 39 50 51 52 55 60 63 68 69 73 74 78 87 88 93 99
39 c 15 10 0 32 42 10 20 21 44 53 61 70 73 87 90 91 96 99 100
40 c 30 5 3 61 71 10 8 16 49 50 52 59 62 70 84 85 99
41 c 10 20 3 75 85 10 19 11 42 47 48 50 52 53 55 57 66 85 89
42 c 20 40 3 87 97 10 12 12 50 51 52 56 59 67 70 81 88 93 99
43 c 49 42 3 73 83 10 13 4 44 48 52 54 55 56 63 72 73 90 92 94
44 c 15 60 3 76 86 10 17 21 45 54 63 75 81 85
45 c 28 18 3 93 103 10 26 17 55 57 61 66 73 75 79 82 87 91 92 95 100
46 c 45 10 3 97 107 10 18 27 54 59 62 63 65 82 85 90
47 c 4 18 3 94 104 10 35 30 48 53 63 80 98
48 c 55 5 3 68 78 10 29 23 52 63 72 75 83 95
49 c 6 68 3 108 118 10 30 29 63 68 76 82 83 89 90 92 95 96
50 c 2 48 38 117 127 10 1 6 60 63 69 70 77 82 100
51 c 30 60 38 124 134 10 16 7 53 54 58 60 70 73 82 93 94 96 99 100
52 c 45 65 38 126 136 10 9 17 55 60 66
53 c 49 73 38 127 137 10 25 31 61 64 68 70 71 74 75 85 92
54 c 53 12 38 130 140 10 6 1 55 57 59 61 65 73 76 77 89
55 c 23 3 38 132 142 10 7 15 64 65 77 78 79 81 96 97
56 c 25 21 38 133 143 10 12 14 63 66 72 77 84 87 93
57 c 63 23 38 136 146 10 2 1 65 71 73 82 95
58 c 57 29 38 140 150 10 18 20 74 82 93 94 96
59 c 35 69 38 141 151 10 23 29 68 73 76 87 90 91 94 97
60 c 56 39 38 142 152 10 36 44 68 70 72 80 81 90 91 94 95 96 97 99
61 c 63 65 38 143 153 10 8 18 65 73 91
62 c 46 13 44 149 159 10 8 7 65 67 68 71 74 77 81 83 90 96 97
63 c 55 20 44 149 159 10 19 21 71 75 76 78 79 85 86 88 92 97
64 c 65 35 48 153 163 10 3 1 65 76 77 81 82 89 91 96 99
65 c 5 30 52 157 167 10 2 3 70 72 79 88 91
66 c 30 25 54 159 169 10 23 28 70 84 96
67 c 17 34 57 162 172 10 3 1 68 70 76 80 88
68 c 65 20 68 172 182 10 6 13 70 87 89 99
69 c 65 55 68 0 183 10 14 19 72 75 77 84 94
70 c 26 35 71 176 186 10 15 5 71 77 86 87 91 95
71 c 53 43 74 179 189 10 14 17 72 79 85 98
72 c 37 56 77 182 192 10 5 4 77 80 85 88 89 90 94 95
73 c 49 11 77 0 192 10 18 26 74 91 92 94 97
74 c 56 37 77 182 192 10 6 6 86 90 93 99
75 c 13 52 77 0 192 10 36 30 79 81 88
76 c 15 19 79 0 194 10 1 10 78 93 96
77 c 18 18 80 185 195 10 17 25 78 88 90
78 c 15 47 81 0 196 10 16 23 81 98
79 c 16 22 81 0 196 10 41 39 82 89 90
80 c 55 45 82 0 197 10 13 5 81 88 96
81 c 47 16 82 0 197 10 25 34 83 88 94 100
82 c 20 50 83 0 198 10 5 6 85 86 87 89 98
83 c 19 21 83 0 198 10 10 13 84 91 92 100
84 c 18 24 83 188 198 10 22 24 94 98
85 c 20 20 83 0 198 10 8 14 87 91 92 95 96 99
86 c 14 37 83 0 198 10 11 1 89 92 96 97
87 c 15 30 84 0 199 10 26 34 93 94
88 c 45 20 86 0 201 10 11 19 90 91 100
89 c 35 17 87 0 202 10 7 1 92 94 96
90 c 21 24 87 0 202 10 28 19 100
91 c 31 52 87 0 202 10 27 35 100
92 c 47 47 88 0 203 10 13 19
93 c 22 27 89 0 204 10 11 1 95
94 c 41 49 89 0 204 10 10 3
95 c 25 24 90 0 205 10 20 20 97
96 c 50 35 90 0 205 10 19 19 100
97 c 26 27 92 0 207 10 27 28
98 c 45 30 93 0 208 10 17 24
99 c 27 43 93 0 208 10 9 1
100 c 36 26 95 200 210 10 18 28

