StringID Type x y release ReadyTime DueDate ServiceTime weight volume Item_Conflitante1 Item_Conflitante2 Item_Conflitante3 Item_Conflitante4 Item_Conflitante5 Item_Conflitante6 Item_Conflitante7 Item_Conflitante8 Item_Conflitante9 Item_Conflitante10 Item_Conflitante11 Item_Conflitante12 Item_Conflitante13 Item_Conflitante14 Item_Conflitante15 Item_Conflitante16 Item_Conflitante17 Item_Conflitante18 Item_Conflitante19 Item_Conflitante20 Item_Conflitante21 Item_Conflitante22 Item_Conflitante23 Item_Conflitante24 Peso_Total Volume_Total
0 d 40 50 0 0 240 0 0 0                         200 200
1 c 85 25 0 51 85 10 10 18 4 6 7 9 14 17 24 29 31 35 46 53 54 55 56 68 69 79 80 84 87 96 97
2 c 65 85 0 43 78 10 40 47 3 12 18 25 29 36 38 40 43 52 87 93 99
3 c 62 80 0 85 95 10 30 27 8 12 19 21 23 31 34 47 50 55 59 62 65 69 76 80 83
4 c 60 80 0 36 74 10 10 4 5 13 14 19 24 32 34 37 38 43 44 48 54 55 56 61 66 75 76 77 83 87 91 94
5 c 60 85 0 87 112 10 30 37 6 14 24 25 34 36 37 41 51 55 66 79 82 87 93 97 100
6 c 55 80 0 33 66 10 10 18 14 15 30 32 37 39 47 51 56 66 69 75 82 86 90 99 100
7 c 55 82 0 74 84 10 10 3 13 21 27 29 32 40 50 53 61 63 67 71 82 85 86
8 c 2 45 0 38 109 10 10 13 20 27 28 37 70 77 78
9 c 26 35 0 87 97 10 15 18 22 24 38 58 67 68 71 84 94
10 c 20 50 0 101 111 10 5 6 11 12 16 22 24 32 35 36 43 48 54 58 67 78 82 85 90 96 97
11 c 45 65 0 55 106 10 9 6 12 16 20 24 27 32 33 41 42 45 48 80 81 85 90 91 93 97
12 c 65 35 0 62 72 10 3 7 16 21 28 31 36 38 42 44 55 56 60 63 64 68 70 73 74 77 78 82 84 85 88
13 c 88 30 0 75 102 10 10 17 16 24 29 36 50 53 57 59 63 66 70 73 76 96
14 c 65 20 0 39 108 10 6 8 20 31 42 44 54 55 63 65 66 67 69 80 84 85 91 96 100
15 c 35 40 0 11 43 10 16 16 19 20 22 23 26 45 46 47 50 53 60 61 64 65 86 93 100
16 c 64 42 0 80 90 10 9 17 19 20 30 37 44 46 66 73 76 77 87 89 100
17 c 31 52 0 51 61 10 27 22 18 19 21 27 28 30 31 40 44 46 53 61 63 66 68 73 78 79 86 93 96
18 c 65 55 0 52 107 10 14 5 20 24 31 33 58 61 66 72 73 78 83 94
19 c 2 60 0 65 118 10 5 1 25 26 27 29 31 34 39 47 48 56 68 69 73 75 79 91 92 96
20 c 60 12 0 85 95 10 31 32 23 25 32 46 47 57 58 67 73 77 82 99
21 c 8 56 0 90 119 10 27 36 28 34 35 39 40 41 53 56 58 65 78 94
22 c 6 68 0 99 109 10 30 34 23 30 39 44 56 68 84 85 87 93 95 96
23 c 53 43 0 15 25 10 14 9 25 32 37 46 63 69 71 73 80 85 91 95
24 c 57 29 0 106 116 10 18 22 34 41 42 45 53 55 56 57 63 68 70 71 75 79 80 83 85 95 100
25 c 12 24 0 100 110 10 13 21 30 36 39 44 45 51 55 58 68 83 85 90 91 94
26 c 24 58 0 67 96 10 19 20 38 39 41 45 47 49 60 61 68 84 96 99
27 c 45 30 0 53 82 10 17 18 45 50 58 65 67 72 75 78 83 89 98 99
28 c 90 35 0 52 112 10 10 4 32 37 43 50 51 54 64 69 70 75 81 88 97
29 c 20 82 0 37 72 10 10 14 35 38 58 67 70 73 75 85 92 93
30 c 95 35 0 60 93 10 20 16 35 41 43 49 55 56 58 64 65 70 72 74 82 87 91 97
31 c 92 30 0 55 120 10 10 17 37 51 55 69 76 78 79 86 89 91 98 100
32 c 0 40 0 59 114 10 20 25 44 51 56 59 60 61 63 68 75 88 90
33 c 40 15 0 94 119 10 40 47 34 36 41 44 52 56 62 63 70 76 83 86 89 95
34 c 38 5 0 75 85 10 30 29 47 49 57 67 77 80 85 87 88 94 95 98 100
35 c 5 45 0 35 117 10 10 19 37 42 57 60 85 93
36 c 2 40 0 68 78 10 20 16 46 57 70 77 78 86 90 93 97
37 c 10 35 3 101 111 10 20 14 40 42 46 47 49 51 52 57 62 64 68 70 72 74 85 92 98
38 c 15 80 3 101 111 10 10 19 43 53 56 60 64 65 66 69 82 87 88 91 95 96 98 99
39 c 8 40 3 69 79 10 40 37 47 49 54 63 64 71 74 83 86 95
40 c 42 10 3 58 115 10 40 39 41 47 58 74 86 92
41 c 58 75 3 92 121 10 20 13 50 55 65 66 96
42 c 49 58 3 80 121 10 10 2 44 46 51 55 57 59 63 68 71 75 80 82 84 85 86 89 92 95 97
43 c 18 75 3 96 123 10 20 30 52 58 64 65 68 76 79 86 87 91 94
44 c 44 5 14 79 124 10 20 17 58 65 66 76 87 88 92
45 c 21 24 14 77 126 10 28 31 47 60 64 69 71 79 82 86 87 88 93
46 c 55 20 14 69 126 10 19 25 48 53 57 60 64 66 69 71 78 84 88 89 91 93
47 c 37 47 14 74 127 10 6 2 52 57 71 72 76 80 83 94 98
48 c 42 12 14 109 128 10 10 9 51 52 63 67 76 83 84 88 91
49 c 26 52 14 14 134 10 9 14 55 63 75 77 83 85
50 c 27 43 14 14 134 10 9 1 52 70 92
51 c 37 31 30 19 139 10 14 16 52 53 56 66 84 88 93
52 c 30 25 30 82 139 10 23 19 62 63 64 67 90 93
53 c 56 37 30 20 140 10 6 16 54 75 76 77 84 88 97
54 c 10 40 30 123 144 10 30 21 57 65 73 76 80 81 84 95
55 c 25 30 30 25 145 10 3 2 61 80 90 98
56 c 63 65 30 27 147 10 8 7 62 63 64 72 84 85 92 95 96
57 c 22 75 30 30 150 10 30 39 69 71 78 81 82 87 92
58 c 8 45 32 32 152 10 20 16 60 69 70 80 82 86 90 96
59 c 15 75 35 35 155 10 20 23 66 67 68 75 85 98
60 c 18 80 40 98 157 10 10 1 61 67 68 77 91
61 c 4 18 40 112 157 10 35 39 66 67 68 73 76 82 87 93 94 95 96
62 c 50 35 40 130 159 10 19 19 64 70 99 100
63 c 20 85 40 40 160 10 20 23 70 80 90 92 94 95
64 c 30 60 40 150 160 10 16 13 69 71 80 83 84 91 97 99
65 c 41 37 45 134 161 10 16 26 67 71 78 84 87
66 c 20 80 45 151 161 10 40 33 70 71 74 77 91 94
67 c 20 20 45 151 161 10 8 3 68 70 78 80 88 97
68 c 63 23 45 42 162 10 2 8 76 78 79 81 94 100
69 c 42 15 45 111 162 10 10 1 70 77 82 84 85 93 100
70 c 10 20 45 42 162 10 19 21 93 97
71 c 5 35 45 152 162 10 10 5 79 81 84 85 91 93 95
72 c 40 5 45 45 165 10 10 1 78 96
73 c 55 85 48 117 168 10 20 26 78 80 83 88 90
74 c 67 85 49 138 169 10 20 25 83 89
75 c 57 48 50 50 170 10 23 28 92
76 c 88 35 50 50 170 10 20 21 81 89 90 95 98
77 c 95 30 51 58 171 10 30 37
78 c 5 5 52 57 172 10 16 19 83 85 86 87 92 97
79 c 23 3 53 163 173 10 7 1 82 86 88 93 96 99
80 c 40 60 60 144 173 10 21 31 91
81 c 87 30 60 116 175 10 10 19 82 89 90 95 96 100
82 c 67 5 60 105 177 10 25 28 94
83 c 55 60 60 127 180 10 16 18 87 88
84 c 0 45 60 147 180 10 20 17 88 92
85 c 35 5 61 171 181 10 20 26 86 91 94 100
86 c 15 10 62 172 182 10 20 10 95
87 c 85 35 62 62 182 10 30 37 89 91 93 95 96
88 c 42 5 64 64 184 10 10 20 90 91 94
89 c 22 85 64 64 184 10 10 1 95 99
90 c 65 82 74 69 189 10 10 20
91 c 72 35 74 71 191 10 30 26 92 99
92 c 25 85 74 71 191 10 20 30
93 c 38 15 74 128 194 10 10 10
94 c 15 60 82 137 202 10 17 8 95 97 100
95 c 55 54 87 87 207 10 26 20 99
96 c 61 52 88 173 208 10 3 7 97
97 c 35 69 90 172 210 10 23 18
98 c 31 67 90 200 210 10 3 7 100
99 c 49 42 97 97 217 10 13 7 100
100 c 47 47 102 190 222 10 13 7

