StringID Type x y release ReadyTime DueDate ServiceTime weight volume Item_Conflitante1 Item_Conflitante2 Item_Conflitante3 Item_Conflitante4 Item_Conflitante5 Item_Conflitante6 Item_Conflitante7 Item_Conflitante8 Item_Conflitante9 Item_Conflitante10 Item_Conflitante11 Item_Conflitante12 Item_Conflitante13 Item_Conflitante14 Item_Conflitante15 Item_Conflitante16 Item_Conflitante17 Item_Conflitante18 Item_Conflitante19 Item_Conflitante20 Item_Conflitante21 Item_Conflitante22 Item_Conflitante23 Item_Conflitante24 Peso_Total Volume_Total
0 d 35 35 0 0 1000 0 0 0                         1000 1000
1 c 31 52 205 17 501 10 27 24 8 12 16 44 57 60 70 77
2 c 27 43 205 11 502 10 9 8 11 27 33 35 38 46 47 60 62 68 70 75 82 85 88 93 97 98
3 c 19 21 205 21 506 10 10 20 5 6 29 42 47 54 56 60 62 71 75 78 82 86
4 c 45 20 205 36 509 10 11 5 25 29 35 57 58 59 60 62 71 82 94
5 c 20 65 205 33 511 10 12 18 6 9 13 14 20 24 27 31 32 38 41 47 49 55 57 59 62 66 70 82 89 90 93 98
6 c 64 42 205 29 513 10 9 15 9 11 15 17 19 22 37 42 43 45 50 55 57 58 62 64 67 70 81 89 90 97
7 c 37 47 205 12 513 10 6 1 14 16 18 19 21 23 29 30 34 38 44 52 56 66 71 74 75 83 87 91
8 c 11 14 205 59 514 10 18 19 9 14 25 31 32 35 36 37 54 56 60 61 70 83 84 85 87 90
9 c 55 5 205 36 514 10 29 33 16 23 24 26 27 28 30 34 35 37 49 57 58 60 76 80 84 94 95 98
10 c 15 47 205 23 515 10 16 9 12 29 36 54 58 59 70 71 73 75 82 83 89 94 95
11 c 49 11 205 62 519 10 18 21 24 32 34 36 43 66 79 81 83 87 92 95
12 c 30 5 205 30 519 10 8 2 18 24 25 29 30 36 59 61 64 91 92 93 99 100
13 c 40 60 205 91 522 10 21 19 23 27 49 51 53 60 61 67 69 86 96
14 c 50 35 205 50 523 10 19 12 20 22 28 30 39 40 42 45 48 55 70 71 81 82 84 93
15 c 15 77 205 46 524 10 9 10 17 25 26 49 55 58 63 64 67 77 84 87
16 c 41 37 205 6 526 10 16 14 22 24 27 34 57 74 75 78 81 83 88 94 96
17 c 25 24 205 14 533 10 20 16 26 28 30 37 44 52 57 58 66 70 71 78 81 85 93
18 c 35 17 205 18 534 10 7 7 25 28 32 38 42 45 55 56 64 69 87 93 96
19 c 49 42 205 129 534 10 13 22 29 31 36 37 40 46 54 63 66 69 72 74 84 85 89
20 c 57 68 205 98 537 10 15 9 21 25 35 47 53 57 59 64 66 78 82 83 84 86 95
21 c 12 24 205 126 541 10 13 20 39 53 59 60 62 64 65 71 76 87 88 92 97 99
22 c 10 20 205 102 543 10 19 16 30 31 32 44 48 51 56 60 70 73 74 75 79 85 86 90 91 94
23 c 24 58 205 25 544 10 19 28 24 26 29 31 36 48 58 62 64 65 69 72 77 78 80 88 93
24 c 35 40 205 5 548 10 16 6 32 40 41 46 55 58 66 67 77 80 81 95 100
25 c 15 60 205 95 552 10 17 14 33 35 39 40 45 48 54 64 66 71 72 73 76 78 80 87 88 91 100
26 c 24 12 205 25 560 10 5 10 30 38 44 47 50 55 57 63 67 73 75 81 83 91 95 98
27 c 26 52 205 104 563 10 9 10 34 37 42 50 53 55 58 62 77 78 81 86 99
28 c 44 17 205 143 564 10 9 19 40 42 43 49 67 73 74 79 80 86 87 96
29 c 14 37 205 21 568 10 11 5 34 40 43 45 50 53 65 70 72 74 78 80 91 92 93 97 98
30 c 62 77 205 49 568 10 20 23 39 46 50 53 59 63 65 68 71 76 93 99
31 c 20 50 205 172 569 10 5 5 33 51 52 54 64 65 67 69 73 74 77 79 86 89 94 100
32 c 67 5 205 120 575 10 25 28 33 34 38 41 43 45 52 57 61 71 76 77 82 84 90 99
33 c 53 52 205 24 575 10 11 20 35 46 53 56 59 62 67 71 78 79 82 88 90 94 96 100
34 c 5 5 205 130 577 10 16 20 35 41 42 48 53 54 61 71 74 76 79 87 98
35 c 28 18 205 287 580 10 26 19 43 44 47 67 76 79 88
36 c 20 40 205 229 582 10 12 10 47 58 65 70 76 79 81 84 89 95 99
37 c 22 22 205 18 585 10 2 1 39 43 64 65 68 69 71 72 75 79 80 88 90 94 95
38 c 27 69 205 34 588 10 10 16 42 44 49 50 52 59 67 68 72 75 87 89 94 97 100
39 c 6 38 205 29 589 10 16 15 50 51 53 58 69 75 78 81 84 94
40 c 40 25 205 201 596 10 9 15 41 49 55 60 61 69 91 93 94 96 98
41 c 55 54 205 268 599 10 26 26 47 60 62 75 77 79 89 90 92 97
42 c 20 26 205 164 601 10 9 5 46 48 50 53 62 64 69 71 78 81 91 96 98
43 c 8 56 205 34 602 10 27 23 46 48 50 52 54 55 58 68 71 73 76 83 84 90 92 94 99
44 c 15 30 205 20 610 10 26 23 45 48 54 59 61 70 84 85 96 100
45 c 2 60 205 41 615 10 5 2 46 48 61 64 70 71 74 78 87 90
46 c 47 16 205 22 617 10 25 27 47 48 52 55 56 58 75 79 81 87 96 99
47 c 4 18 205 230 623 10 35 36 63 67 77 80 94
48 c 57 48 205 230 623 10 23 21 58 59 64 69 84 90
49 c 16 22 205 213 624 10 41 31 51 53 55 57 58 59 67 74 79 95 97 98 99
50 c 49 58 205 176 625 10 10 15 53 60 63 67 72 78 80 87 89 90 91 99
51 c 10 43 205 245 640 10 9 15 55 65 66 71 72 73 90 92 98
52 c 37 31 205 256 647 10 14 8 53 56 58 62 69 81 85 87 90 92 99
53 c 31 67 205 225 654 10 3 6 59 63 80 91 100
54 c 60 12 205 33 655 10 31 36 62 65 77 78 81 86 89 93 95 96 100
55 c 26 27 205 283 656 10 27 19 56 75 77 81 85 93 94
56 c 45 10 205 246 657 10 18 24 58 60 64 71 78 90 92 94
57 c 55 60 205 231 666 10 16 14 63 67 72 76 77 78 80
58 c 11 31 205 278 669 10 7 1 60 66 75 80 85 91
59 c 61 52 205 207 676 10 3 1 72 74 78 80 82 92 95 98
60 c 6 68 205 362 679 10 30 23 61 62 65 66 67 68 71 81 84 90 92 93 97
61 c 21 24 205 17 681 10 28 31 66 92 93 95
62 c 25 30 205 245 684 10 3 5 63 80 86 94
63 c 42 7 205 219 688 10 5 1 66 88 91 92
64 c 15 10 205 32 694 10 20 13 66 84 88 91 93
65 c 32 12 205 246 705 10 7 11 77 78 98 99
66 c 55 45 323 378 733 10 13 19 68 75 76 85 91 93 98 100
67 c 65 55 323 367 776 10 14 10 69 74 79 83 92 98
68 c 30 60 323 430 779 10 16 11 74 76 80 81 86 92 99 100
69 c 2 48 323 338 805 10 1 1 71 73 81 89 90 94 98
70 c 47 47 323 379 810 10 13 11 71 73 87 89 92 93 95 97
71 c 25 21 323 462 823 10 12 13 73 74 75 76 78 81 82 85 92 94 95 96 98
72 c 45 30 367 428 827 10 17 17 74 80 84 90 100
73 c 45 65 367 418 829 10 9 10 74 81 84 89 90 92 94
74 c 22 27 367 445 852 10 11 9 80 81 86 90 95
75 c 20 20 367 443 856 10 8 16 84 85 87 90
76 c 49 73 367 421 864 10 25 19 82 86 90 97
77 c 53 12 367 412 865 10 6 1 79 80 83 84 85 100
78 c 23 3 367 458 867 10 7 4 81 87 89 91 93
79 c 57 29 418 475 900 10 18 16 80 82 86 87 91 95 100
80 c 63 23 418 441 918 10 2 7 93 99
81 c 56 39 430 459 930 10 36 45 99
82 c 63 65 448 453 948 10 8 15 89 95 96
83 c 35 69 455 482 955 10 23 13 87 91 93 96 98
84 c 65 20 456 438 956 10 6 6 92
85 c 5 30 459 444 959 10 2 1 99
86 c 65 35 460 435 960 10 3 1
87 c 13 52 462 454 962 10 36 32 88 91 93
88 c 15 19 464 469 964 10 1 1 89 95
89 c 46 13 465 482 965 10 8 18 95 100
90 c 55 20 465 477 965 10 19 16 97 100
91 c 18 18 465 391 965 10 17 9 97 99
92 c 37 56 468 368 968 10 5 8
93 c 56 37 468 470 968 10 6 7 94
94 c 18 24 470 414 969 10 22 23
95 c 53 43 470 460 970 10 14 10 100
96 c 17 34 471 449 971 10 3 1
97 c 41 49 474 451 974 10 10 1
98 c 30 25 478 462 978 10 23 25 100
99 c 36 26 480 479 980 10 18 18
100 c 26 35 481 409 981 10 15 23

