StringID Type x y release ReadyTime DueDate ServiceTime weight volume Item_Conflitante1 Item_Conflitante2 Item_Conflitante3 Item_Conflitante4 Item_Conflitante5 Item_Conflitante6 Item_Conflitante7 Item_Conflitante8 Item_Conflitante9 Item_Conflitante10 Item_Conflitante11 Item_Conflitante12 Item_Conflitante13 Item_Conflitante14 Item_Conflitante15 Item_Conflitante16 Item_Conflitante17 Item_Conflitante18 Item_Conflitante19 Item_Conflitante20 Item_Conflitante21 Item_Conflitante22 Item_Conflitante23 Item_Conflitante24 Item_Conflitante25 Item_Conflitante26 Item_Conflitante27 Item_Conflitante28 Item_Conflitante29 Item_Conflitante30 Item_Conflitante31 Peso_Total Volume_Total
0 d 35 35 0 0 230 0 0 0                                200 200
1 c 5 5 6 73 103 10 16 24 7 12 17 18 36 39 49 51 58 63 65 80 85 87
2 c 67 5 6 73 103 10 25 31 6 12 13 16 17 18 19 27 29 31 38 44 55 65 68 70 75 77 95 98 99
3 c 37 47 6 40 70 10 6 12 5 6 10 20 31 34 54 62 63 79 81 92 94 96 99
4 c 24 58 6 48 78 10 19 26 5 6 10 14 19 25 26 31 33 36 37 38 40 42 43 44 54 55 59 60 66 70 72 78 81 82 85 86 87 96 97
5 c 20 26 6 73 103 10 9 18 6 8 9 21 22 29 31 33 38 41 42 46 49 54 55 67 78 79 98
6 c 49 42 6 63 93 10 13 20 10 11 27 30 41 42 48 50 55 61 62 64 68 69 73 79 80 82 93 94
7 c 55 5 6 58 88 10 29 32 15 16 18 25 29 38 52 58 63 67 69 72 73 82 89
8 c 57 48 6 82 112 10 23 27 9 10 11 18 19 21 22 24 28 29 31 35 37 38 46 58 74 77 85 86 100
9 c 30 5 6 51 81 10 8 16 18 23 26 32 37 41 42 44 48 49 55 61 67 72 73 84 94
10 c 20 65 6 57 87 10 12 18 14 18 21 28 33 34 35 37 38 39 54 55 57 59 60 68 88
11 c 37 31 6 85 115 10 14 19 14 23 30 33 38 39 48 50 56 62 65 79 82
12 c 11 14 6 59 89 10 18 13 13 23 25 31 42 56 61 77 82 85
13 c 22 22 6 18 48 10 2 8 14 19 20 25 29 39 40 48 62 64 67 73 74 79 87 88 89
14 c 28 18 6 83 113 10 26 27 18 34 37 38 46 47 49 56 75 76 77 79 83
15 c 10 43 6 85 115 10 9 5 27 28 29 33 35 36 42 47 69 71 73 78 82 92 95 96 98
16 c 55 60 6 87 117 10 16 19 20 22 29 33 36 41 54 72 76 77 80 91 95 100
17 c 11 31 6 91 121 10 7 1 42 43 46 55 67 68 79 81 83 84 90 91
18 c 63 23 41 126 156 10 2 1 20 24 44 55 59 82 84 88 89 91 100
19 c 46 13 54 139 169 10 8 4 34 44 45 49 50 56 58 61 63 66 72 73 78 79 83 90 92 94 95
20 c 55 20 54 139 169 10 19 16 23 28 40 49 53 56 61 62 69 71 72 76 84 86 94 96 99
21 c 62 77 58 0 170 10 20 14 23 35 41 46 62 64 83 84 88 89 91 93 95 98
22 c 15 77 58 0 173 10 9 3 28 29 36 45 52 58 61 62 71 76 84 85 89 93
23 c 6 68 61 0 176 10 30 26 42 54 58 67 69 80 87 93 95 97 98 100
24 c 2 60 63 0 178 10 5 1 26 31 35 49 52 59 60 62 65 67 76 82 83 100
25 c 63 65 63 0 178 10 8 3 29 36 37 38 47 53 58 67 70 71 86 100
26 c 49 73 65 0 179 10 25 30 27 30 31 36 39 57 78 96
27 c 30 25 65 149 179 10 23 24 37 55 66 91 94 100
28 c 57 68 65 0 180 10 15 10 30 35 39 44 49 53 63 79 81
29 c 65 55 68 0 183 10 14 5 30 34 37 39 48 50 56 58 60 77 87 99
30 c 4 18 69 0 184 10 35 36 34 37 42 53 60 61 63 64 68 80 87
31 c 2 48 69 0 184 10 1 1 32 34 39 41 42 43 47 53 58 62 71 73 81 84 88 92 94 97
32 c 23 3 70 0 185 10 7 16 37 38 40 52 53 65 69 90
33 c 27 69 70 0 185 10 10 7 36 40 43 56 59 70 86 89 96 97
34 c 8 56 70 0 185 10 27 23 36 49 50 57 60 65 67 71 73 86 91 100
35 c 35 69 71 0 186 10 23 15 36 37 38 44 45 47 48 50 51 53 60 66 76 80 85 86 87 93 94 99
36 c 65 20 71 156 186 10 6 10 40 42 57 59 60 78 97 100
37 c 60 12 71 0 186 10 31 41 41 47 51 58 71 85 86 90 91
38 c 15 10 72 0 187 10 20 30 40 44 64 76 80 95 98 100
39 c 31 67 72 0 187 10 3 1 46 47 55 57 59 72 82 84 87 91
40 c 15 60 72 0 187 10 17 26 47 48 58 62 63 68 70 71 87 91 94
41 c 61 52 73 0 188 10 3 3 44 58 67 75 77 82 89
42 c 45 65 73 0 188 10 9 4 49 62 74 82 96
43 c 5 30 74 0 189 10 2 10 52 56 60 70 77 78 86 87
44 c 53 12 75 0 190 10 6 1 49 52 57 59 76 78 81 87 89 91
45 c 64 42 75 0 190 10 9 5 46 53 55 58 66 70 79 83 87 92 98 99
46 c 65 35 75 0 190 10 3 3 47 49 50 55 61 68 71 75 94 98
47 c 10 20 75 0 190 10 19 24 56 58 66 68 72 81 83 90 92 93 94 98 100
48 c 6 38 75 0 190 10 16 23 62 68 77 84 86 91 94 95 96 97
49 c 42 7 76 0 191 10 5 1 75 81 85 91 92 96 100
50 c 13 52 77 0 192 10 36 27 51 54 56 60 62 78 80 81 82 86 87 94
51 c 49 11 77 0 192 10 18 19 55 67 74 79 80 82 83 92
52 c 55 54 78 0 192 10 26 31 54 55 73 79 80
53 c 49 58 78 0 193 10 10 17 56 64 84 92 98
54 c 45 10 78 0 193 10 18 19 55 57 63 64 65 66 67 69 70 85 89 92 95
55 c 24 12 79 0 194 10 5 1 67 71 72 73 75 94 96 97
56 c 40 60 79 0 194 10 21 26 65 68 73 78 83 87 89 95 98
57 c 30 60 79 0 194 10 16 8 70 74 80 83 90 91 98 99
58 c 15 19 79 0 194 10 1 7 59 62 64 65 67 70 81 84 85 94
59 c 12 24 79 0 194 10 13 13 61 70 74 81 84 94 98
60 c 18 18 80 165 195 10 17 25 63 69 70 71 83 84 90 93
61 c 53 52 80 0 195 10 11 10 63 65 66 72 73 77 89 97
62 c 32 12 81 0 196 10 7 16 78 79 84 87 90 99
63 c 16 22 81 0 196 10 41 41 68 83 96 97
64 c 15 47 81 0 196 10 16 24 72 76 77 79 84 85 89 92 96 99
65 c 47 16 82 0 197 10 25 17 67 77 78 80 81 85 92 96 97
66 c 57 29 82 0 197 10 18 23 85 87 88
67 c 55 45 82 0 197 10 13 13 74 77 79 80 97 98
68 c 20 50 83 0 198 10 5 8 81 87 88
69 c 37 56 83 0 198 10 5 1 82 83 87 97 99
70 c 56 37 83 0 198 10 6 4 77 80 86 88 92 94
71 c 20 20 83 0 198 10 8 1 75 77 81 82 88
72 c 19 21 83 0 198 10 10 20 78 86
73 c 56 39 83 0 198 10 36 36 77 82 88
74 c 14 37 83 0 198 10 11 1 79 80 83 87 88 90 93 100
75 c 44 17 84 0 199 10 9 4 81 83 84 85 90 94
76 c 18 24 84 0 199 10 22 22 78 79 85 86 97
77 c 15 30 84 0 199 10 26 23 78 80 83 87 99
78 c 53 43 84 169 199 10 14 14 82 86 99
79 c 26 52 85 0 200 10 9 7 82 86 91 95
80 c 45 20 86 0 201 10 11 9 81 84 91 93 96
81 c 17 34 86 0 201 10 3 2 82 83 92 96
82 c 35 17 87 0 202 10 7 12 86 89 90 93 95
83 c 25 21 87 0 202 10 12 15 94
84 c 21 24 87 0 202 10 28 18 86 95
85 c 31 52 87 0 202 10 27 26 86 89 91 96 97 98
86 c 47 47 88 0 203 10 13 8 89 100
87 c 20 40 89 0 204 10 12 22 97
88 c 41 49 89 0 204 10 10 9 92 95 98 99
89 c 22 27 89 0 204 10 11 2 90 91 95
90 c 25 24 90 0 205 10 20 13 95 98
91 c 50 35 90 0 205 10 19 22 96
92 c 26 27 92 0 207 10 27 30 93 95 99
93 c 25 30 93 0 208 10 3 12 95
94 c 45 30 93 0 208 10 17 13
95 c 40 25 93 0 208 10 9 7 98
96 c 27 43 93 0 208 10 9 10 97 100
97 c 36 26 95 180 210 10 18 28 99
98 c 26 35 96 0 211 10 15 23 100
99 c 41 37 98 0 213 10 16 21
100 c 35 40 100 0 215 10 16 24

