StringID Type x y release ReadyTime DueDate ServiceTime weight volume Item_Conflitante1 Item_Conflitante2 Item_Conflitante3 Item_Conflitante4 Item_Conflitante5 Item_Conflitante6 Item_Conflitante7 Item_Conflitante8 Item_Conflitante9 Item_Conflitante10 Item_Conflitante11 Item_Conflitante12 Item_Conflitante13 Item_Conflitante14 Item_Conflitante15 Item_Conflitante16 Item_Conflitante17 Item_Conflitante18 Item_Conflitante19 Item_Conflitante20 Item_Conflitante21 Item_Conflitante22 Item_Conflitante23 Item_Conflitante24 Item_Conflitante25 Item_Conflitante26 Item_Conflitante27 Peso_Total Volume_Total
0 d 35 35 0 0 1000 0 0 0                            1000 1000
1 c 57 68 40 268 367 10 15 23 2 14 18 20 24 31 44 50 52 57 59 68 80 88 91 92
2 c 2 60 40 41 208 10 5 1 17 22 38 45 48 52 53 60 61 63 64 88 93 94 96 98
3 c 14 37 40 96 249 10 11 17 5 15 33 34 35 41 43 47 48 64 74 79 87 100
4 c 5 5 40 302 405 10 16 20 5 16 17 19 21 32 37 41 44 46 50 57 61 63 65 66 69 70 71 76 77 80 87 90 93 94 97
5 c 60 12 40 33 224 10 31 25 13 15 20 23 25 32 35 37 38 53 57 62 67 72 73 75 79 80 85 86 91
6 c 40 25 40 360 437 10 9 15 12 18 25 27 31 37 39 43 44 51 53 70 72 100
7 c 24 12 40 25 172 10 5 6 10 11 14 16 20 22 26 29 47 48 55 56 57 64 74 84 92 94 96 97
8 c 15 47 40 162 289 10 16 24 9 10 22 33 36 41 44 46 49 51 55 57 61 64 66 70 78 79 81 82 87 93 94 97
9 c 11 14 40 233 340 10 18 9 10 11 12 14 27 33 40 45 48 58 63 72 91 93 99
10 c 6 38 40 29 189 10 16 17 18 29 32 39 44 53 54 55 65 67 68 95
11 c 8 56 40 85 250 10 27 20 24 27 34 36 45 50 54 55 61 67 75 78 80 81 88 89 98
12 c 55 54 40 411 456 10 26 23 15 19 33 47 53 55 66 69 75 76 79 81 86 90
13 c 20 26 40 333 432 10 9 19 16 17 22 26 27 28 43 44 45 47 51 57 63 68 71 79 80 83
14 c 49 58 40 348 453 10 10 20 15 16 18 21 32 35 45 70 83 87 88 100
15 c 27 43 40 174 299 10 9 2 22 29 31 32 54 68 70 72 80 84 89 91 95 97 100
16 c 37 31 40 414 489 10 14 17 23 25 28 38 41 51 63 88 99
17 c 57 48 40 388 465 10 23 17 20 22 39 41 50 53 56 59 60 63 73 75 90 91 94 100
18 c 61 52 40 384 499 10 3 1 29 36 41 42 43 47 48 56 57 64 67 83 90 95 100
19 c 49 42 40 290 373 10 13 14 22 26 36 37 40 45 48 51 53 59 63 65 72 76 79 86 90 99
20 c 49 11 40 236 345 10 18 12 26 29 33 39 40 41 44 48 49 52 57 59 74 75 79 83 86 91 96 97
21 c 21 24 40 17 229 10 28 22 35 38 39 43 47 48 53 54 56 62 65 68 70 73 80 81 83 90 92
22 c 44 17 40 308 399 10 9 8 29 31 39 45 49 55 66 70 71 72 79 81 82 89 100
23 c 12 24 40 290 377 10 13 3 37 44 58 76 79 80 98
24 c 24 58 40 163 302 10 19 24 25 26 27 29 33 38 42 43 52 58 63 66 70 93
25 c 27 69 40 34 191 10 10 20 37 41 44 54 60 65 66 68 71 88 95
26 c 15 77 40 214 333 10 9 1 30 34 36 38 39 40 42 50 56 68 78 85 95
27 c 62 77 40 49 188 10 20 25 29 31 33 38 39 45 47 53 56 79 82 87 96 99 100
28 c 47 16 40 31 208 10 25 17 30 34 42 45 52 55 64 67 71 72 76 82 92 95 98
29 c 67 5 40 294 401 10 25 33 37 39 40 48 57 59 60 63 66 67 72 76 79 80 82 84 89 90 96 100
30 c 53 52 40 45 200 10 11 14 36 39 45 46 50 52 55 56 59 60 72 82 86 94 96 99
31 c 16 22 40 376 461 10 41 33 36 37 39 50 52 58 69 74 81 85 89 93 95 98
32 c 37 47 40 162 293 10 6 11 38 39 57 59 61 64 68 70 72 74 85 90 91 93 99
33 c 40 60 40 259 354 10 21 28 34 57 61 77 79 82 85 87 92 93
34 c 19 21 40 183 306 10 10 19 37 43 46 48 50 53 54 55 61 68 76 77 97
35 c 35 17 40 143 282 10 7 13 37 52 54 55 68 72 92
36 c 25 24 40 92 231 10 20 13 54 62 64 71 79 83 87 89 94 95 97
37 c 15 30 40 34 209 10 26 20 44 64 68 70 72 83 88 97 99
38 c 20 50 40 331 410 10 5 12 41 43 44 55 62 63 67 68 81 83 93 100
39 c 10 43 40 404 481 10 9 11 42 46 53 56 60 64 69 80 84 87 93
40 c 55 60 40 400 497 10 16 26 41 43 46 49 51 52 53 59 65 67 77
41 c 20 65 40 206 325 10 12 21 43 45 46 52 59 77 88 90 91
42 c 50 35 40 228 345 10 19 26 45 53 57 60 63 64 65 66 80 81 89 90 95
43 c 15 10 40 32 243 10 20 23 44 52 54 57 59 70 76 80 87 90 93 95
44 c 30 5 40 175 300 10 8 5 46 59 67 82 83 86
45 c 31 52 40 152 275 10 27 33 65 68 75 82 85 90
46 c 22 22 40 18 181 10 2 4 53 69 73 85 89 94
47 c 20 40 40 377 434 10 12 17 49 51 55 56 58 61 70 81 90 92 93 98
48 c 10 20 40 272 373 10 19 19 53 60 70 80 85 89 94 95 96 97
49 c 26 52 40 279 388 10 9 13 53 63 69 80 85 88 95 100
50 c 64 42 40 190 313 10 9 2 56 58 59 60 62 66 68 75 82 84 89
51 c 31 67 40 392 487 10 3 1 64 71 73 75 78 83 85 86 90 93
52 c 45 20 40 214 331 10 11 7 53 55 60 62 68 72 79 84 87 93
53 c 45 10 40 409 494 10 18 26 59 62 65 67 73 87 97 98 100
54 c 55 5 40 206 325 10 29 38 55 56 57 60 65 70 72 84 90 98 99
55 c 15 60 40 269 378 10 17 18 75 79 87 88 97 99
56 c 28 18 40 420 447 10 26 19 66 90 92
57 c 4 18 40 388 465 10 35 28 61 62 67 70 79 83 90 94 95
58 c 35 40 40 104 255 10 16 17 66 72 74 83 84 88 91 96
59 c 41 37 40 114 255 10 16 9 62 67 74 75 82 91 93
60 c 26 27 40 436 503 10 27 23 68 69 76
61 c 42 7 40 396 511 10 5 1 62 65 69 80 93 94 95 100
62 c 11 31 40 436 511 10 7 17 68 73 77 78 83 84 90 91 93 96
63 c 25 30 40 415 514 10 3 11 70 71 76 82 84 90 94 98
64 c 32 12 40 421 530 10 7 1 66 69 73 75 76 81 90 100
65 c 6 68 40 501 540 10 30 20 81 86 90
66 c 55 45 239 527 584 10 13 19 69 70 71 75 79 95 98
67 c 65 55 239 529 614 10 14 17 72 79 85 87 97 99
68 c 2 48 239 515 628 10 1 1 86 87 94 97
69 c 30 60 239 577 632 10 16 8 70 72 80 81 83 94 98
70 c 47 47 239 547 642 10 13 12 73 77 82 83 91 99
71 c 45 65 239 581 666 10 9 14 72 75 76 82 93 100
72 c 45 30 239 588 667 10 17 26 73 74 81 86 96 98
73 c 25 21 239 612 673 10 12 3 74 76 77 78 81 87 92
74 c 22 27 239 607 690 10 11 19 75 76 77 78 81 94 100
75 c 53 12 239 585 692 10 6 9 82 88 96 97
76 c 49 73 239 592 693 10 25 32 83 88 98
77 c 20 20 239 606 693 10 8 7 81
78 c 23 3 239 620 705 10 7 9 80 86 100
79 c 57 29 239 641 734 10 18 28 82 89
80 c 63 23 239 620 739 10 2 1 81 90 93 94 99
81 c 56 39 348 637 752 10 36 45 87 91 94 98 99
82 c 35 69 348 660 777 10 23 13 84 90 94 95
83 c 55 20 348 678 801 10 19 17 85 88 95 96
84 c 46 13 348 681 802 10 8 17 85 89 99
85 c 63 65 348 686 813 10 8 13 90 100
86 c 30 25 348 690 827 10 23 27 91 92 97 99
87 c 65 35 348 704 847 10 3 1
88 c 41 49 348 707 848 10 10 8 96
89 c 17 34 370 721 862 10 3 3 90 92 96 100
90 c 15 19 370 739 866 10 1 6
91 c 5 30 370 733 870 10 2 6
92 c 13 52 420 773 906 10 36 43 95 98
93 c 26 35 420 755 920 10 15 6
94 c 53 43 456 817 952 10 14 12 95 97 100
95 c 65 20 456 817 956 10 6 12
96 c 18 18 465 798 965 10 17 12 98 99 100
97 c 37 56 468 788 968 10 5 9
98 c 56 37 468 839 968 10 6 10 100
99 c 18 24 469 811 969 10 22 21
100 c 36 26 480 849 980 10 18 26

