StringID Type x y release ReadyTime DueDate ServiceTime weight volume Item_Conflitante1 Item_Conflitante2 Item_Conflitante3 Item_Conflitante4 Item_Conflitante5 Item_Conflitante6 Item_Conflitante7 Item_Conflitante8 Item_Conflitante9 Item_Conflitante10 Item_Conflitante11 Item_Conflitante12 Item_Conflitante13 Item_Conflitante14 Item_Conflitante15 Item_Conflitante16 Item_Conflitante17 Item_Conflitante18 Item_Conflitante19 Item_Conflitante20 Item_Conflitante21 Item_Conflitante22 Item_Conflitante23 Peso_Total Volume_Total
0 d 40 50 0 0 3390 0 0 0                        700 700
1 c 2 40 11 971 1131 90 20 22 29 37 38 41 42 46 49 56 61 64 67 73 78 82 85 95 96 97 99
2 c 0 40 11 1063 1223 90 30 30 6 17 24 27 29 30 41 49 54 66 69 70 72 77 85 89
3 c 0 45 11 1158 1318 90 20 30 4 11 15 19 21 22 28 57 58 60 68 70 71 74 91 92 97
4 c 48 20 11 967 1127 90 10 8 11 30 39 43 44 45 49 53 58 59 60 61 64 69 71 72 84 91 93
5 c 55 80 11 407 567 90 10 8 8 10 13 19 24 37 45 53 61 66 81 82 95 97
6 c 44 5 11 1256 1416 90 20 30 9 17 22 29 32 41 47 53 63 64 68 71 75 77 79 98
7 c 42 10 11 1160 1320 90 40 50 9 16 19 24 28 31 40 41 53 56 57 59 63 65 68 74 78 84 93
8 c 42 15 11 1065 1225 90 10 7 14 21 22 26 29 31 39 44 73 88 100
9 c 40 5 11 1350 1510 90 30 27 10 14 16 20 27 30 37 54 63 66 72 82 100
10 c 38 5 11 1442 1602 90 30 21 18 49 58 67 68 72 74 80 81 85 92 97
11 c 35 5 11 1535 1695 90 20 28 12 17 35 40 42 46 50 57 58 60 72 75 81 87 98
12 c 50 30 11 401 561 90 10 18 18 20 22 29 33 46 49 53 54 62 79
13 c 50 35 11 120 280 90 20 15 16 31 33 34 35 37 41 44 45 46 52 53 58 64 67 72 84 93 97 99
14 c 50 40 11 25 185 90 50 51 24 30 33 35 36 40 42 46 51 54 60 68 70 71 80 82 91 97
15 c 48 30 11 493 653 90 10 13 17 23 27 30 31 36 44 68 74 76 78 85 90 91
16 c 44 25 11 871 1031 90 10 19 18 21 33 34 36 47 56 67 73 75 76 78 86 87 96 100
17 c 47 35 11 588 748 90 10 17 23 28 31 32 36 39 47 50 51 56 61 63 66 69 76 77 80 81 83 85 89 94 95
18 c 58 75 11 978 1138 90 20 30 22 27 38 46 50 62 63 76 90 97 99
19 c 60 85 11 597 757 90 30 36 21 31 35 38 44 47 53 57 61 71 74 79 89 90 100
20 c 62 80 11 881 1041 90 30 21 30 34 35 42 44 60 64 74 83 89 95
21 c 65 82 11 788 948 90 10 11 22 26 28 40 41 46 50 53 84 85 91 99
22 c 42 58 11 8 168 90 40 47 25 27 33 41 61 65 71 76 77 79 82 87 97 99
23 c 67 85 11 694 854 90 20 23 26 31 33 35 53 56 57 63 71 72 87 91 98
24 c 5 45 11 1253 1413 90 10 17 26 29 31 42 56 58 60 61 68 72 74 88 91 92 96 98 99
25 c 60 60 11 1451 1611 90 10 6 26 32 73 74 76 79 88 93 97
26 c 45 65 11 118 278 90 20 27 30 31 32 35 54 58 96
27 c 53 35 11 213 373 90 50 53 29 35 37 38 50 63 67 68 71 78 80 81 82 100
28 c 53 30 11 308 468 90 10 2 39 49 54 62 69 70 72 73 80 81 82 84 88 91 99
29 c 45 35 11 680 840 90 10 8 30 38 44 50 61 64 67 78 79 80 81 91
30 c 42 30 11 776 936 90 10 19 31 36 38 43 45 51 56 62 73 95
31 c 47 40 11 12 172 90 10 2 40 41 45 47 50 57 72 76 80 93 98
32 c 56 64 11 1355 1515 90 10 8 35 39 53 58 60 63 65 71 76 77 80 82 85 86 94 97 100
33 c 5 35 11 876 1036 90 10 5 35 39 49 59 60 61 62 66 69 71 74 76 96 98
34 c 55 85 11 502 662 90 20 13 39 40 45 47 53 56 61 62 63 68 72 75 90 97
35 c 8 40 11 685 845 90 40 34 36 59 67 73 95
36 c 30 50 11 10 170 90 10 1 44 46 50 52 53 54 57 70 72 77 90 92 94 97 98
37 c 28 52 11 22 182 90 20 16 45 47 54 58 69 70 73 77 78 85 96 97 98
38 c 25 50 11 116 276 90 10 13 49 54 56 59 73 85 88 99 100
39 c 23 52 11 209 369 90 10 1 41 44 51 55 57 58 64 69 77 82 92 93 97
40 c 4 55 11 1447 1607 90 20 11 42 46 52 54 60 65 67 85 86
41 c 16 42 11 497 657 90 20 30 42 43 44 46 50 53 54 58 66 72 75 87
42 c 42 65 11 25 185 90 10 2 49 50 53 65 79 80 82 90
43 c 60 66 11 1261 1421 90 10 16 56 61 63 69 85 86 88 92 95 97
44 c 58 70 11 1073 1233 90 20 25 49 51 52 58 60 69 71 75 76 86 87 98 100
45 c 62 69 11 1167 1327 90 10 16 46 48 50 60 61 69 70 72 77 78 85 88 100
46 c 10 40 11 593 753 90 30 31 47 49 63 66 73 76 82 83 84 93 97
47 c 10 35 11 781 941 90 20 13 52 64 67 76 78 84 86 90 93 97 98
48 c 20 55 11 303 463 90 10 10 59 60 64 69 76 83
49 c 20 50 11 398 558 90 10 1 51 59 68 73 77 85 87 89 90 92
50 c 8 45 11 1346 1506 90 20 14 52 55 67 77 93
51 c 52 75 11 311 471 90 10 17 58 62 66 67 78 79 87 90 94 95 96
52 c 45 70 11 213 373 90 30 21 71 76 82 87 100
53 c 8 62 11 1545 1705 90 10 14 60 61 64 68 73 76 79 80 99
54 c 65 60 11 1546 1706 90 30 24 57 66 76 80 86 87 90
55 c 38 10 850 1630 1790 90 10 12 56 58 65 68 70 71 74 76 78 82
56 c 70 58 850 1641 1801 90 20 24 72 84 85 98 99
57 c 14 66 850 1643 1803 90 10 1 61 68 73 75 86 90 92 93
58 c 38 15 850 1725 1885 90 40 46 59 62 63 65 71 72 73 74 79 84 87 89 92 97 100
59 c 66 55 850 1736 1896 90 10 8 79 80 85 90 93 94 98
60 c 15 75 850 1742 1902 90 20 12 61 63 65 72 77 82 83 88 89 99
61 c 36 18 850 1819 1979 90 10 8 66 74 75 78 79 81 84 87 91 92 95
62 c 72 55 850 1832 1992 90 10 10 64 75 77 88 90 91 97 99
63 c 15 80 850 1837 1997 90 10 2 64 67 85 86 90 93 99 100
64 c 32 20 850 1913 2073 90 10 9 66 68 69 70 79 86 87 90 92 94 99
65 c 75 55 850 1925 2085 90 20 11 73 75 76 78 80 84 89 92 95 100
66 c 20 85 850 1934 2094 90 40 42 71 80 83 97
67 c 34 25 850 2009 2169 90 30 21 82 87
68 c 22 85 850 2026 2186 90 10 8 69 72 75 79 84 86 97
69 c 86 46 850 2029 2189 90 30 30 71 87 90 92
70 c 30 30 850 2105 2265 90 10 4 76 82 86 89
71 c 25 85 850 2119 2279 90 20 18 76 78 81 82 89 94
72 c 90 35 850 2131 2291 90 10 12 75 81
73 c 25 30 850 2200 2360 90 10 3 76 79 87 89 95 99 100
74 c 20 80 850 2216 2376 90 40 39 77 79 81 93 94 96
75 c 95 35 850 2226 2386 90 20 13 80 81 95
76 c 26 32 850 2292 2452 90 10 13 95 99 100
77 c 18 75 850 2311 2471 90 20 17 80 89 95 97
78 c 95 30 850 2321 2481 90 30 36 82 91 92 93 99
79 c 25 35 850 2385 2545 90 10 17 82 88 90 93 95
80 c 22 75 1223 2405 2565 90 30 26 82 83 89 93 98 100
81 c 92 30 1223 2414 2574 90 10 10 88 90 100
82 c 30 35 1223 2480 2640 90 10 10 85 87 91 97
83 c 22 66 1223 2504 2664 90 40 46 87 90 94 98 99
84 c 85 25 1223 2513 2673 90 10 12 86 92 95 99
85 c 33 35 1223 2573 2733 90 10 18 91 92 95 98
86 c 28 70 1223 2601 2761 90 10 15
87 c 87 30 1223 2608 2768 90 10 3 100
88 c 33 32 1223 2666 2826 90 20 14 89 99
89 c 35 69 1223 2698 2858 90 10 20
90 c 85 35 1223 2703 2863 90 30 34 92 93 99
91 c 35 32 1223 2758 2918 90 10 16 93
92 c 35 66 1365 2791 2951 90 10 17
93 c 78 40 1365 2802 2962 90 20 28
94 c 36 40 1365 2856 3016 90 10 16 95
95 c 34 60 1365 2887 3047 90 20 27
96 c 72 45 1365 2900 3060 90 10 1
97 c 30 56 1466 2983 3143 90 20 19
98 c 62 40 1466 3001 3161 90 10 5
99 c 64 46 1562 3097 3257 90 20 16 100
100 c 60 55 1584 3119 3279 90 10 11

