StringID Type x y release ReadyTime DueDate ServiceTime weight volume Item_Conflitante1 Item_Conflitante2 Item_Conflitante3 Item_Conflitante4 Item_Conflitante5 Item_Conflitante6 Item_Conflitante7 Item_Conflitante8 Item_Conflitante9 Item_Conflitante10 Item_Conflitante11 Item_Conflitante12 Item_Conflitante13 Item_Conflitante14 Item_Conflitante15 Item_Conflitante16 Item_Conflitante17 Item_Conflitante18 Item_Conflitante19 Item_Conflitante20 Item_Conflitante21 Item_Conflitante22 Item_Conflitante23 Peso_Total Volume_Total
0 d 40 50 0 0 240 0 0 0                        200 200
1 c 65 55 0 65 95 10 14 14 5 6 15 21 40 44 58 60 64 85 86 88
2 c 65 85 0 43 73 10 40 43 4 10 12 15 23 24 30 33 35 47 55 60 61 65 66 75 81 85
3 c 37 31 0 35 65 10 14 14 11 14 21 27 28 32 33 43 45 54 73 91 93
4 c 62 80 0 75 105 10 30 38 7 13 20 35 38 39 42 43 50 53 61 73 89 97
5 c 60 80 0 37 67 10 10 8 7 8 20 21 28 30 32 39 43 44 53 63 66 74 78 82 89 91 96 98
6 c 60 85 0 85 115 10 30 32 16 21 22 23 25 34 37 40 45 58 68 69 70 72 75 76 80 87 88 97
7 c 55 80 0 33 63 10 10 19 15 19 22 23 33 34 35 44 45 46 55 58 62 68 73 74 75 89 91 93 94
8 c 27 43 0 42 72 10 9 7 14 16 24 25 27 29 37 38 42 44 58 59 60 66 68 71 74 75 79 80 81 88 94
9 c 55 82 0 64 94 10 10 11 19 21 22 28 29 33 36 41 45 51 56 62 66 68 75 77 78 85
10 c 20 82 0 37 67 10 10 19 18 22 25 33 39 41 48 51 57 59 60 64 68 72 73 77 79 80 88 89 99
11 c 2 45 0 45 75 10 10 2 22 36 37 40 44 46 47 68 70 73 74 83 87 91 93 94
12 c 49 58 0 86 116 10 10 13 18 19 24 29 31 43 49 62 69 86 89 92 96 97
13 c 26 35 0 77 107 10 15 12 23 25 31 43 52 53 60 63 78 96 98
14 c 85 25 0 51 81 10 10 19 27 30 34 41 54 65 68 73 80 84 86 89 96
15 c 55 20 0 83 113 10 19 24 20 29 40 42 48 59 60 63 64 67 68 71 87 90 100
16 c 6 68 0 89 119 10 30 31 17 24 26 27 32 33 38 40 43 56 60 68 77 97
17 c 8 56 0 90 120 10 27 26 21 35 42 54 55 64 65 73 74 76 78 83 96 99
18 c 60 12 0 75 105 10 31 21 19 20 24 25 26 36 48 54 58 61 62 66 69 75 77 78 82 87 89 91 95 96
19 c 5 5 0 74 104 10 16 9 22 30 37 39 45 46 59 71 88 92 93 94 100
20 c 10 20 0 42 72 10 19 28 24 38 53 56 58 59 60 65 66 76 79 85 86 95 99
21 c 2 60 0 77 107 10 5 11 22 32 33 34 37 46 48 53 54 58 69 75 81 83 84 93 94
22 c 45 65 0 66 96 10 9 1 25 29 34 37 40 42 44 45 55 64 66 79 82 93 97 98 100
23 c 65 35 0 52 82 10 3 1 26 29 44 58 59 63 66 70 74 81 83 88 91 93 97
24 c 65 20 0 39 69 10 6 15 27 28 40 45 53 55 60 61 76 77 78 82 90 91 99
25 c 45 30 0 53 83 10 17 14 32 45 50 54 60 63 65 69 75 76 79 83 84 87 94 96
26 c 35 40 0 11 41 10 16 23 39 41 52 61 62 63 67 68 72 85 90 92 98
27 c 63 65 0 30 60 10 8 12 34 42 53 55 56 63 67 68 74 81 83 84 88 90 94 96 99
28 c 64 42 0 70 100 10 9 8 43 44 47 60 63 64 76 83 86 96
29 c 25 30 0 52 82 10 3 6 33 36 45 51 55 57 58 67 75 78 91 97
30 c 63 23 0 87 117 10 2 4 35 36 37 45 50 52 53 55 56 60 63 68 72 88 94 97
31 c 31 52 0 41 71 10 27 36 37 47 58 65 71 98
32 c 88 30 0 74 104 10 10 1 45 47 49 56 67 68 71 74 79 99
33 c 26 52 0 46 76 10 9 1 35 37 38 39 44 45 48 52 53 60 65 80 81 84 85 99
34 c 22 75 0 50 80 10 30 32 35 37 51 52 53 58 59 66 70 71 76 77 78 99
35 c 56 37 0 34 64 10 6 1 42 56 60 62 64 65 66 68 83 86 90 91 100
36 c 20 85 0 41 71 10 20 28 37 46 57 62 66 67 74 95
37 c 15 75 0 79 109 10 20 16 43 45 49 51 55 56 60 61 75 76 77 92 93 99 100
38 c 8 40 0 59 89 10 40 45 47 51 52 54 56 59 64 65 67 76 78 79 80 98
39 c 8 45 0 64 94 10 20 22 40 41 46 48 51 55 58 61 65 69 71 75 81 83 86 92 99
40 c 53 43 0 14 44 10 14 19 41 51 55 61 63 66 80
41 c 5 45 1 35 65 10 10 3 42 46 55 59 64 78 86 89 96 98 100
42 c 2 40 1 58 88 10 20 23 48 58 59 61 63 65 71 72 85 86 91 94 95 97 100
43 c 88 35 1 61 91 10 20 30 55 56 68 75 81 82 91 95
44 c 37 47 1 86 116 10 6 1 51 67 72 73 75 78 81 90 95
45 c 44 5 1 87 117 10 20 25 50 51 61 64 66 72 73 78 79 81 83
46 c 0 40 1 72 102 10 20 16 55 62 65 67 69 77 80 88 89
47 c 42 10 1 72 102 10 40 50 58 60 63 65 72 81 84 86 87 88
48 c 24 58 1 67 97 10 19 18 49 60 63 71 75 76 78 80 82 87 94 95 100
49 c 90 35 1 67 97 10 10 17 52 55 58 81 89 95 96 98 99
50 c 40 5 1 67 97 10 10 1 53 65 77 78 80 86 91 93 95 96 97
51 c 38 5 1 65 95 10 30 29 62 63 69 72 78 79 87 91 97
52 c 12 24 1 90 120 10 13 12 57 63 65 67 70 77 78 82 87 99 100
53 c 21 24 1 87 117 10 28 22 61 65 67 69 71 90 91 93 98
54 c 92 30 1 62 92 10 10 8 59 70 72 88 94 95 97 100
55 c 95 35 1 62 92 10 20 30 62 65 68 75 76 84 85 86 87 100
56 c 20 50 1 91 121 10 5 11 59 60 65 87 88 94 95 97
57 c 10 35 1 91 121 10 20 19 65 68 70 73 85 90 92 93 100
58 c 15 80 1 91 121 10 10 15 62 67 73 76 80 85 89 91 95
59 c 40 15 14 92 122 10 40 34 69 71 76
60 c 58 75 14 92 122 10 20 23 75 76 81
61 c 18 75 14 95 125 10 20 20 71 72 73 79 83 85 93 95 98
62 c 57 48 14 95 125 10 23 29 71 81 82 97
63 c 57 29 14 96 126 10 18 18 69 77 80 87 89 90 91 97 98
64 c 30 25 14 96 126 10 23 19 68 70 74 81 84 86 89 95 97 99
65 c 42 12 14 104 134 10 10 8 77 83 86 90 99
66 c 22 85 34 109 139 10 10 1 70 72 73 78 79 82 87 90 95 98
67 c 85 35 34 111 141 10 30 29 78 93
68 c 18 80 34 113 143 10 10 16 86 88 90
69 c 95 30 34 115 145 10 30 38 71 73 76 83 90 91 96
70 c 72 35 34 116 146 10 30 29 71 80 86
71 c 10 40 34 119 149 10 30 35 80 88 92 97 99
72 c 4 18 34 120 150 10 35 34 75 76 77 80
73 c 42 15 34 122 152 10 10 8 74 90 98
74 c 65 82 34 124 154 10 10 5 82 87 97
75 c 55 85 38 128 158 10 20 19 83 84 89 92 93
76 c 50 35 40 130 160 10 19 17 77 87 89 91
77 c 87 30 41 131 161 10 10 10 79 85 93 99
78 c 55 54 43 132 162 10 26 20 80 89 94 98
79 c 41 37 43 133 163 10 16 14 85 89 90
80 c 55 60 51 139 169 10 16 18 83 88 93 94 95 97
81 c 67 85 51 139 169 10 20 24 88 91
82 c 30 60 51 140 170 10 16 21 83 84 88 91 94
83 c 20 20 51 141 171 10 8 3 94 96 97
84 c 20 80 51 141 171 10 40 42 86 90
85 c 5 35 52 142 172 10 10 1 86 91
86 c 67 5 54 144 174 10 25 17 94 97 98 99
87 c 40 60 54 144 174 10 21 29 88 89
88 c 25 85 55 145 175 10 20 16 93 99
89 c 38 15 58 148 178 10 10 10 90
90 c 0 45 65 149 179 10 20 11 91
91 c 23 3 65 150 180 10 7 13
92 c 42 5 65 151 181 10 10 9 95
93 c 15 10 65 152 182 10 20 11 94 96
94 c 35 5 65 154 184 10 20 23 96
95 c 15 60 65 155 185 10 17 10 98
96 c 49 42 77 167 197 10 13 22 97 98
97 c 61 52 88 178 208 10 3 13 100
98 c 35 69 90 180 210 10 23 23
99 c 31 67 90 180 210 10 3 1
100 c 47 47 102 192 222 10 13 3

