StringID Type x y release ReadyTime DueDate ServiceTime weight volume Item_Conflitante1 Item_Conflitante2 Item_Conflitante3 Item_Conflitante4 Item_Conflitante5 Item_Conflitante6 Item_Conflitante7 Item_Conflitante8 Item_Conflitante9 Item_Conflitante10 Item_Conflitante11 Item_Conflitante12 Item_Conflitante13 Item_Conflitante14 Item_Conflitante15 Item_Conflitante16 Item_Conflitante17 Item_Conflitante18 Item_Conflitante19 Item_Conflitante20 Item_Conflitante21 Item_Conflitante22 Peso_Total Volume_Total
0 d 40 50 0 0 1236 0 0 0                       200 200
1 c 10 40 0 31 100 90 30 37 6 16 17 22 25 30 32 33 34 35 46 52 54 59 63 69 71 75 92 95 98
2 c 8 40 0 87 158 90 40 37 8 21 22 24 26 31 33 38 41 47 63 65 68 69 75 80 85 87 88 89 99
3 c 53 35 0 353 412 90 50 52 4 5 12 14 15 31 33 34 44 45 56 57 61 62 65 76 84 85 86 93 98
4 c 5 35 0 283 344 90 10 16 14 27 31 33 45 47 48 55 60 63 69 72 77 79 88 90 96
5 c 92 30 0 478 551 90 10 11 6 7 16 18 20 24 25 31 33 37 39 54 56 60 61 67 68 84 86 94 95 97
6 c 0 40 0 479 522 90 30 38 10 16 18 20 27 44 47 49 65 69 72 76 78 80 82 97 98
7 c 35 30 0 264 321 90 10 11 12 15 21 22 27 28 35 45 47 49 56 59 63 68 76 79 84 90 94 97 100
8 c 35 32 0 166 235 90 10 14 11 20 26 27 28 48 60 61 62 64 67 68 69 79 81 98
9 c 33 32 0 68 149 90 20 18 13 14 20 24 29 38 39 44 45 52 55 71 82 85 93
10 c 33 35 0 16 80 90 10 17 17 21 26 39 40 41 44 48 50 51 56 64 76 80 84 93 97
11 c 32 30 0 359 412 90 10 19 14 19 20 25 26 28 31 35 39 49 63 72 83 96 98
12 c 30 30 0 541 600 90 10 1 14 16 20 22 23 27 35 38 44 48 55 60 64 75 88 93 94
13 c 30 32 0 448 509 90 30 32 14 16 18 24 26 29 34 35 39 43 48 59 61 63 69 71 72 85 89 93 97
14 c 95 35 0 293 360 90 20 26 15 19 28 39 48 57 64 67 70 77 79 81 95
15 c 95 30 0 387 456 90 30 24 18 25 27 28 35 45 46 62 63 65 68 88 92 95
16 c 47 40 0 12 77 90 10 16 24 28 56 62 66 67 74 75 83 84 96
17 c 48 40 4 76 129 90 10 17 23 34 41 49 51 54 59 60 62 76 82 83 85 86 93 96
18 c 50 40 4 171 218 90 50 46 20 21 26 43 54 68 72 76 82 92 100
19 c 44 5 4 286 347 90 20 23 22 33 36 49 51 60 63 66 73 75 81 83 88 95 96
20 c 42 10 4 186 257 90 40 31 23 24 25 28 47 49 53 54 58 69 73 83 92 94
21 c 42 15 4 95 158 90 10 15 23 26 30 34 45 48 49 55 59 65 73 76 77 78 80 91 98
22 c 40 5 4 385 436 90 30 31 35 37 42 44 50 54 61 62 71 76 85 93
23 c 40 15 4 35 87 90 40 48 24 32 38 43 48 57 71 73 74 78 81 89
24 c 38 5 4 471 534 90 30 37 27 30 44 47 48 57 61 64 71 75 80 92
25 c 50 35 4 262 317 90 20 16 28 29 30 34 40 46 58 90 96
26 c 90 35 4 203 260 90 10 16 28 38 41 46 49 51 52 60 61 67 68 78 80 83 84 86 90 91 93 96
27 c 20 50 4 358 405 90 10 13 28 34 40 47 50 51 53 56 64 65 71 76 78 95
28 c 20 55 4 449 504 90 10 15 30 42 43 44 47 48 53 55 69 80 83 92 93 95
29 c 23 52 4 261 316 90 10 11 32 34 39 43 47 51 54 57 59 76 83 93 95 100
30 c 65 85 4 475 518 90 40 43 33 40 55 62 65 66 67 70 76 78 80 86 93 99
31 c 67 85 4 368 441 90 20 21 33 42 44 45 55 57 58 65 67 68 70 80 81
32 c 60 55 4 20 84 90 10 1 41 46 48 73 76 83 88 89 99
33 c 65 55 4 85 144 90 20 27 40 66 69 73 76 77 88 89 98
34 c 38 68 4 255 324 90 20 27 40 51 53 59 74 82 91
35 c 38 70 4 534 605 90 10 19 37 53 60 63 64 67 84 91 95 98 99
36 c 35 66 4 357 410 90 10 19 42 45 46 53 56 59 61 67 71 72 76 78 89 91 95
37 c 35 69 4 448 505 90 10 10 39 40 51 55 57 58 64 69 88 90
38 c 66 55 4 173 238 90 10 14 45 47 57 58 60 65 73 74 78 80 94 96
39 c 22 75 4 30 92 90 30 39 41 43 45 49 52 66 67 74 75 76 87 88 89 95
40 c 23 55 4 546 593 90 20 10 42 46 47 49 53 59 89 90 97 99
41 c 20 80 4 384 429 90 40 37 43 45 54 56 62 63 68 70 81 87 90 97 99 100
42 c 20 85 4 475 528 90 40 50 52 57 63 65 70 71 74 82 83 100
43 c 50 30 4 531 610 90 10 5 49 51 56 76 89 94
44 c 15 75 4 179 254 90 20 27 48 55 57 58 62 66 67 70 73 76 84 87 88 96 100
45 c 25 52 4 169 224 90 40 48 49 51 56 58 67 74 75 82 86 87 88 90
46 c 25 50 4 65 144 90 10 5 53 60 77 86 89 94 98
47 c 18 75 4 99 148 90 20 12 49 50 54 56 58 63 69 77 81 90 98
48 c 85 35 4 47 124 90 30 37 49 51 53 56 64 65 66 67 69 86 88 96
49 c 88 35 4 109 170 90 20 18 64 73 76 77 78 80 82 83 94
50 c 70 58 4 458 523 90 20 11 63 66 68 69 76 91 98
51 c 30 50 4 10 73 90 10 2 60 62 64 67 68 72 78 80 81 89 92 95 97 98 100
52 c 15 80 4 278 345 90 10 2 61 70 71 76 79 80 85 90 97 100
53 c 22 85 4 567 620 90 10 1 62 75 76 82 90
54 c 60 85 4 561 622 90 30 34 55 62 67 78 79 87 93 94 95
55 c 0 45 265 567 624 90 20 10 56 60 64 76 78 85 87 94 99
56 c 35 5 265 562 629 90 20 18 59 61 67 71 76 85 91
57 c 88 30 265 574 643 90 10 7 66 74 77 83 84 86 87 90 92 98 100
58 c 48 30 265 632 693 90 10 8 63 64 68 71 73 74 80 87 88 91 98 100
59 c 40 69 265 621 702 90 20 13 62 74 78 79 85 92 95
60 c 65 60 265 645 708 90 30 39 68 71 72 75 78 83 88 96
61 c 5 45 265 665 716 90 10 5 63 64 67 73 86 88 91 97 98
62 c 55 85 265 647 726 90 20 21 68 72 75 77 78 79 82 93 96 98
63 c 87 30 265 668 731 90 10 9 68 72 84 93
64 c 45 30 265 734 777 90 10 2 70 72 74 75 76 79 85 90 98
65 c 28 55 265 732 777 90 10 5 69 72 74 79 84 89 99
66 c 42 68 265 727 782 90 10 5 71 77 80 83 87
67 c 25 30 265 725 786 90 10 8 68 70 75 77 85 88 98
68 c 63 58 265 737 802 90 10 16 69 70 77 78 90
69 c 55 80 265 743 820 90 10 5 71 73 78 87 89 92 93
70 c 85 25 265 769 820 90 10 8 75 83 96 99 100
71 c 47 35 265 826 875 90 10 20 72 73 91 94 95
72 c 28 52 265 812 883 90 20 19 74 75 78 84 90 93 96 99
73 c 45 35 351 916 969 90 10 14 75 84 85 95 96
74 c 28 35 498 1001 1066 90 10 10 75 76 81 83 86 90 100
75 c 65 82 498 0 1105 90 10 15 88 89 90 91 98
76 c 2 40 498 0 1106 90 20 25 77 78 89 94 95 99
77 c 25 85 498 0 1107 90 20 13 84
78 c 62 80 498 0 1108 90 30 20 83 90 95
79 c 60 80 498 0 1109 90 10 9 86 92 94 98
80 c 75 55 498 0 1110 90 20 22 86 90 91
81 c 38 15 498 0 1110 90 10 10 83 88 89 94
82 c 10 35 498 0 1112 90 20 23 85 88 90 95 98
83 c 72 55 498 0 1113 90 10 6 89 90 91 93 98 100
84 c 8 45 498 0 1113 90 20 18 86 94 97 98
85 c 58 75 498 0 1115 90 20 13
86 c 68 60 498 0 1116 90 30 28 87 90 99
87 c 28 30 504 0 1122 90 10 16 89 90 92 96 97 99
88 c 53 30 504 0 1122 90 10 6 91 92 94
89 c 60 60 505 0 1123 90 10 19 92
90 c 26 32 505 0 1123 90 10 13
91 c 25 35 506 0 1124 90 10 1 100
92 c 45 70 507 0 1125 90 30 27 93 97 99
93 c 45 68 509 0 1127 90 10 1 96 99
94 c 30 35 509 1054 1127 90 10 12
95 c 42 66 511 0 1129 90 10 4 97
96 c 40 66 512 0 1130 90 20 11 98
97 c 25 55 512 0 1130 90 10 5 98
98 c 45 65 512 0 1130 90 20 24
99 c 42 65 512 0 1130 90 10 16 100
100 c 30 52 517 0 1135 90 20 23

