StringID Type x y release ReadyTime DueDate ServiceTime weight volume Item_Conflitante1 Item_Conflitante2 Item_Conflitante3 Item_Conflitante4 Item_Conflitante5 Item_Conflitante6 Item_Conflitante7 Item_Conflitante8 Item_Conflitante9 Item_Conflitante10 Item_Conflitante11 Item_Conflitante12 Item_Conflitante13 Item_Conflitante14 Item_Conflitante15 Item_Conflitante16 Item_Conflitante17 Item_Conflitante18 Item_Conflitante19 Item_Conflitante20 Item_Conflitante21 Item_Conflitante22 Item_Conflitante23 Peso_Total Volume_Total
0 d 40 50 0 0 1236 0 0 0                        200 200
1 c 0 40 10 474 527 90 30 25 6 7 18 24 25 36 39 40 45 49 52 57 68 69 71 75 76 77 79 82
2 c 35 30 10 240 345 90 10 19 9 16 39 41 52 63 67 71 76 89 94
3 c 35 32 10 123 278 90 10 2 50 61 69 71 78 86 89
4 c 33 32 10 19 225 90 20 17 7 10 13 39 51 57 58 61 62 63 64 67 73 80 87
5 c 32 30 10 338 433 90 10 15 12 13 14 20 24 25 29 38 41 45 49 50 55 56 59 69 71 72 74 75 76 78
6 c 30 32 10 415 542 90 30 20 7 14 21 23 26 33 34 49 71 81 94
7 c 62 80 10 163 272 90 30 25 8 13 16 20 21 30 38 41 46 50 77
8 c 65 82 10 227 394 90 10 16 12 17 18 25 30 31 35 42 53 56 58 65 68 70 72 80 91 93 99
9 c 65 85 10 442 551 90 40 40 11 15 33 36 37 38 44 45 51 53 55 58 64 66 75
10 c 67 85 10 229 580 90 20 26 12 16 18 39 44 50 66 67 75 77 81 82 86 90 92
11 c 44 5 10 221 412 90 20 30 16 18 26 38 41 56 57 58 61 71 73 85
12 c 42 10 10 96 347 90 40 44 20 26 28 30 39 53 54 56 60 61 63 71 72 73 76 80 81 87
13 c 42 15 10 35 233 90 10 20 20 24 28 29 31 33 36 51 52 54 71 73 74 83 88 89 94 97 99
14 c 40 5 10 347 474 90 30 27 25 37 43 44 48 49 52 58 61 70 74 95 97 100
15 c 40 15 10 35 172 90 40 37 19 21 32 36 39 43 48 52 53 61 65 73 85 91 100
16 c 38 5 10 403 602 90 30 30 20 39 40 42 44 54 56 64 66 87 95 99 100
17 c 50 35 10 217 362 90 20 25 27 34 49 70 77 99
18 c 72 55 10 127 476 90 10 15 22 27 30 34 37 58 74 81 89 90
19 c 75 55 10 311 478 90 20 17 21 24 25 31 33 35 36 40 50 56 61 65 66 72 83 90 92 93 95
20 c 85 35 10 47 331 90 30 33 22 27 31 41 49 55 63 76 89 92
21 c 88 35 10 50 237 90 20 20 24 29 30 39 46 51 54 56 65 73 75 76 82 83 86 94
22 c 90 35 10 153 310 90 10 17 45 47 63 64 65 66 78 79 82 96
23 c 65 55 10 25 256 90 20 29 27 31 33 42 51 56 62 70 80 84 86 90 95 98 100
24 c 2 40 10 365 452 90 20 30 31 33 43 45 46 55 57 68 69 71 80 86 92 93 98
25 c 53 35 10 294 471 90 50 48 26 34 41 58 59 61 63 65 66 75 83 87 90 92 93
26 c 95 35 10 181 472 90 20 30 29 36 40 41 44 45 49 50 62 85 87 92
27 c 95 30 10 266 577 90 30 27 30 32 37 39 46 57 60 65 67 95 96 98
28 c 47 40 10 12 226 90 10 1 29 37 45 48 49 53 58 60 68 85 93
29 c 60 55 10 20 293 90 10 2 30 40 42 46 48 54 60 65 67 86 93 98
30 c 48 40 10 34 171 90 10 16 37 48 55 62 64 69 71 90 94 97
31 c 50 40 10 142 247 90 50 60 37 39 40 55 56 59 64 74 76 84 86 90
32 c 53 30 10 402 553 90 10 11 35 36 43 46 50 51 60 61 63 64 65 71 74 78 82 83 88 89 90 92 100
33 c 5 35 10 251 376 90 10 5 35 36 46 61 64 68 75 86 87 92 94 97 99 100
34 c 33 35 10 16 153 90 10 16 36 43 44 47 48 52 65 78 84 86 88 92 99
35 c 8 40 10 42 203 90 40 36 44 45 57 60 62 66 69 70 76 80 82 90 93
36 c 15 80 10 274 349 90 10 9 39 40 54 57 61 62 76 79 80 92
37 c 15 75 10 172 261 90 20 19 43 54 61 62 70 74 75 78 79 83 91 100
38 c 18 75 10 105 142 90 20 19 43 48 54 59 66 68 74 79 81 98 99
39 c 20 85 10 478 525 90 40 47 46 48 49 52 55 70 72 76 82 84 86 90 93 96
40 c 20 80 10 392 421 90 40 41 43 44 46 47 49 50 52 54 58 59 60 63 64 78 80 82 85 86 90 92 94 96 98
41 c 22 85 10 571 616 90 10 5 44 48 51 55 65 68 72 75 83 86 95 98
42 c 30 50 10 10 77 90 10 14 52 53 54 60 64 72 73 75 84 91 93 97
43 c 22 75 10 30 95 90 30 39 51 64 73 76 81 86 88 98
44 c 35 66 10 361 406 90 10 2 46 47 51 53 59 64 65 70 72 83 84 87 92 94
45 c 38 68 10 250 329 90 20 13 48 52 53 70 71 74 75 84 89 90 100
46 c 40 66 10 172 223 90 20 29 47 48 53 54 57 66 72 73 75 83 84 88 94
47 c 42 65 10 15 60 90 10 16 50 52 54 57 63 66 70 80 85 88 92 94 99
48 c 42 66 10 55 156 90 10 18 51 55 58 59 65 67 68 69 72 80 81 84 86 87 90 95 99
49 c 58 75 10 30 227 90 20 22 53 66 67 68 70 76 79 81 83 86 87 89 92
50 c 35 69 10 450 503 90 10 5 53 62 63 69 77 80 81 89 90 96 99
51 c 60 80 10 36 291 90 10 4 56 64 68 71 78 81 85 87 90 93 96 98
52 c 66 55 10 67 344 90 10 8 53 54 63 70 71 72 75 79 81 88 90 94 97
53 c 25 50 10 55 154 90 10 13 55 60 68 78 84 89 92 94 97 100
54 c 10 40 10 31 189 90 30 26 57 61 70 75 76 84 86 87 90 92 98
55 c 25 52 10 172 221 90 40 48 61 64 67 68 76 90 96 98
56 c 10 35 10 204 233 90 20 11 60 61 72 90
57 c 23 52 10 264 313 90 10 15 60 61 64 78 88 92 96 98
58 c 20 55 10 452 501 90 10 12 59 62 67 84 87 100
59 c 23 55 10 553 586 90 20 30 69 78 80 90 94
60 c 20 50 10 365 398 90 10 11 73 74 82
61 c 30 30 10 513 628 90 10 12 71 79 82 87
62 c 70 58 291 349 632 90 20 26 72 73 77 83 84 85 86 89 90 94 95
63 c 0 45 291 541 650 90 20 15 67 95
64 c 38 70 291 489 650 90 10 17 65 74 77 79 81 92
65 c 92 30 291 345 684 90 10 1 74 78 79 82 84 85 92 97
66 c 68 60 291 476 691 90 30 36 71 72 79 80 83 88 89 91 92
67 c 35 5 291 487 704 90 20 12 85
68 c 25 55 291 612 711 90 10 8 70 72 76 77 80 84 89 97
69 c 60 85 291 469 714 90 30 40 70 97
70 c 50 30 291 422 719 90 10 3 72 73 74 78 80 90 93 94 100
71 c 25 85 291 647 726 90 20 18 79 81 96
72 c 28 30 291 599 726 90 10 2 75 81 84 85 89 95
73 c 5 45 291 648 733 90 10 4 76 81 84 87 89 96 97 98
74 c 48 30 291 567 758 90 10 19 76 82 83 84 91 93
75 c 40 69 291 559 764 90 20 12 76 79 83 86 87 89 91 92 94 97
76 c 88 30 291 450 767 90 10 14 78 81 87 95
77 c 28 55 291 739 770 90 10 7 83 88 97
78 c 45 30 291 716 795 90 10 12 80 88 92
79 c 42 68 291 703 806 90 10 13 80 82 89 92 99
80 c 65 60 291 546 807 90 30 32 81 89 90 96 98 100
81 c 25 30 291 695 816 90 10 5 82 84 90 95
82 c 87 30 291 567 832 90 10 10 87 91 93
83 c 8 45 291 715 852 90 20 24 84 95 97 98 100
84 c 38 15 291 521 870 90 10 4 87 88 91 93 95 96
85 c 85 25 291 713 876 90 10 19 91 94 95 99 100
86 c 45 70 291 816 879 90 30 35
87 c 55 85 291 493 880 90 20 16 96
88 c 28 52 291 806 889 90 20 13
89 c 47 35 291 794 907 90 10 13 93 100
90 c 63 58 291 630 909 90 10 19 96
91 c 26 32 406 779 916 90 10 17 94
92 c 60 60 406 769 956 90 10 13 93 96 99
93 c 30 52 406 918 961 90 20 13
94 c 55 80 406 595 968 90 10 9 100
95 c 45 68 406 890 989 90 10 8 99
96 c 45 35 406 873 1012 90 10 7 97
97 c 25 35 406 857 1024 90 10 12 100
98 c 45 65 496 951 1114 90 20 27 100
99 c 28 35 508 917 1126 90 10 1
100 c 30 35 509 872 1127 90 10 6

