StringID Type x y release ReadyTime DueDate ServiceTime weight volume Item_Conflitante1 Item_Conflitante2 Item_Conflitante3 Item_Conflitante4 Item_Conflitante5 Item_Conflitante6 Item_Conflitante7 Item_Conflitante8 Item_Conflitante9 Item_Conflitante10 Item_Conflitante11 Item_Conflitante12 Item_Conflitante13 Item_Conflitante14 Item_Conflitante15 Item_Conflitante16 Item_Conflitante17 Item_Conflitante18 Item_Conflitante19 Item_Conflitante20 Item_Conflitante21 Item_Conflitante22 Peso_Total Volume_Total
0 d 35 35 0 0 230 0 0 0                       200 200
1 c 37 31 0 95 105 10 14 11 9 11 17 26 27 31 34 35 36 38 44 45 61 69 88 93 99
2 c 20 26 0 83 93 10 9 19 13 29 30 33 42 43 45 47 50 61 64 68 71 74 76 77 86 93
3 c 11 14 0 69 79 10 18 8 5 19 27 32 43 54 61 72 78 81 82 88 94 96 98
4 c 67 5 0 83 93 10 25 15 15 22 30 35 45 47 54 60 61 62 66 72 75 76 79 93 96 97
5 c 5 5 0 83 93 10 16 21 9 15 17 24 26 29 53 63 68 69 73 77 83 87 98 99
6 c 37 47 0 50 60 10 6 1 13 24 26 35 36 38 44 46 47 48 49 51 60 63 67 88 98
7 c 24 58 0 58 68 10 19 14 8 10 15 18 29 34 40 41 50 52 53 55 57 71 73 76 77 80 91 93 96 99
8 c 55 5 0 68 78 10 29 27 12 13 15 16 19 26 37 40 50 59 62 66 70 80 94 99
9 c 57 48 0 92 102 10 23 30 12 16 25 31 39 42 45 48 54 59 76 77 80 83 86
10 c 30 5 0 61 71 10 8 1 20 21 24 31 34 36 43 61 62 66 70 77 83 89
11 c 49 42 0 73 83 10 13 3 13 25 45 49 53 60 67 68 70 71 87 98
12 c 22 22 0 18 28 10 2 1 15 31 54 56 74 88 89 95
13 c 55 60 0 97 107 10 16 8 14 27 31 39 42 53 63 71 81 82 84 91
14 c 28 18 0 93 103 10 26 32 22 28 36 40 43 44 48 53 71 72 74 87 88 90 92 96
15 c 10 43 0 95 105 10 9 4 16 19 24 31 33 37 39 50 53 54 69 84 91 93 98
16 c 20 65 0 67 77 10 12 3 22 25 28 33 45 57 61 75 86 94 99
17 c 11 31 0 101 111 10 7 13 18 23 29 40 56 58 59 60 65 76 80
18 c 63 23 44 136 146 10 2 1 19 23 25 39 41 50 51 54 56 58 68 79 83 85 91
19 c 55 20 44 149 159 10 19 15 21 28 29 34 35 45 48 49 51 53 54 60 71 73 78 83 94 95 99
20 c 46 13 44 149 159 10 8 12 24 36 48 50 58 61 63 69 72 75 79 87 92 97
21 c 30 25 55 159 169 10 23 22 23 26 40 42 45 47 63 67 72 78 85 87 98
22 c 62 77 55 0 170 10 20 17 33 39 45 47 49 53 55 80
23 c 15 77 58 0 173 10 9 14 25 34 39 43 48 53 56 57 65 66 75 79 80 88 92 93
24 c 6 68 61 0 176 10 30 36 25 39 41 48 51 61 65 71 78 88 94 97 99
25 c 2 60 63 0 178 10 5 6 28 33 41 42 43 52 57 58 61 66 71 75 85 99
26 c 63 65 65 0 178 10 8 8 31 39 45 53 54 64 65 70 71 88 96
27 c 49 73 65 0 179 10 25 27 31 32 41 45 52 58 60 62 66 72 73 74 76 77 81 82 83 89 99
28 c 57 68 65 0 180 10 15 25 38 46 48 49 50 53 58 60 61 62 65 66 67 69 71 72 76 90 91
29 c 65 20 67 172 182 10 6 1 35 36 39 51 55 56 59 62 75 82 86 97
30 c 65 55 68 0 183 10 14 10 32 33 40 46 53 55 66 72 75 76 82 84 86 91 96 98 99
31 c 4 18 69 0 184 10 35 44 33 37 45 49 52 56 72 84 90 91 94 100
32 c 2 48 69 0 184 10 1 1 38 58 64 65 76 81 91 100
33 c 8 56 70 0 185 10 27 23 34 37 43 46 47 54 58 61 64 67 75 77 79 82 83 86 89 94 98
34 c 27 69 70 0 185 10 10 19 36 49 57 58 59 63 69 70 71 76 82 83 87 88 98
35 c 23 3 70 0 185 10 7 6 36 52 63 67 68 72 73 86 93 94 98 99
36 c 60 12 71 0 186 10 31 39 37 47 48 55 68 69 76 78 80 81 85 87 90 91 94 96 100
37 c 35 69 71 0 186 10 23 26 38 46 57 59 60 65 71 73 74 75 76 78 85 97
38 c 15 10 72 0 187 10 20 29 53 55 56 61 62 65 68 71 86 87 90 92 93 94
39 c 15 60 72 0 187 10 17 22 41 44 45 47 51 56 77 89 92
40 c 31 67 72 0 187 10 3 4 42 43 52 54 66 80 90 91 94
41 c 61 52 73 0 188 10 3 1 52 56 64 71 79 82 83 87 88 89 98 99
42 c 45 65 73 0 188 10 9 14 72 77 89 96
43 c 53 43 74 179 189 10 14 4 46 56 57 58 80 86 93 94 98 100
44 c 5 30 74 0 189 10 2 1 51 52 56 58 68 69 72 78 87 95 99
45 c 10 20 75 0 190 10 19 29 53 73 74 82 84 90 94
46 c 64 42 75 0 190 10 9 17 55 60 63 66 70 73 79 83 93
47 c 53 12 75 0 190 10 6 15 53 54 60 61 64 65 73 83 84 92 97
48 c 65 35 75 0 190 10 3 6 49 53 55 62 67 73 80 85 86 89 91 96
49 c 6 38 75 0 190 10 16 24 51 52 61 63 69 72 84 87 96 99
50 c 42 7 76 0 191 10 5 5 58 65 69 97 100
51 c 13 52 77 0 192 10 36 36 53 56 57 63 64 66 69 76 83 88 93 94 100
52 c 49 11 77 0 192 10 18 10 71 74 77 79 98
53 c 55 54 77 0 192 10 26 36 64 67 85 90 92 95 99
54 c 49 58 78 0 193 10 10 13 57 60 61 63 72 74 78
55 c 45 10 78 0 193 10 18 14 56 65 77 89 90 91 93 98 100
56 c 40 60 79 0 194 10 21 27 64 65 67 75 79 84 99
57 c 30 60 79 0 194 10 16 21 59 62 65 78 79 81 87 89 90 96
58 c 15 19 79 0 194 10 1 10 60 63 65 70 71 72 75 78 82 85 90 98 99
59 c 24 12 79 0 194 10 5 13 63 65 77 82 88 91
60 c 12 24 79 0 194 10 13 20 62 63 77 78 85
61 c 18 18 80 185 195 10 17 23 65 67 68 69 76 82 83 89 94 95 97
62 c 53 52 80 0 195 10 11 16 71 79 81 93 96 98 100
63 c 16 22 81 0 196 10 41 50 65 70 75 79 82 88 91 99
64 c 32 12 81 0 196 10 7 15 68 73 90 96 98
65 c 15 47 81 0 196 10 16 20 70 78 83 87 88 97
66 c 57 29 82 0 197 10 18 27 69 75 79 81 85 92 93 96
67 c 47 16 82 0 197 10 25 30 73 78 81 88 96 99
68 c 55 45 82 0 197 10 13 8 70 87 99 100
69 c 19 21 83 0 198 10 10 8 70 74 81 95
70 c 14 37 83 0 198 10 11 17 71 82 83 88 92 98
71 c 56 39 83 0 198 10 36 35 76 79 90 97 99
72 c 20 20 83 0 198 10 8 16 77 78 81 82 85 87 91 93 98 99
73 c 37 56 83 0 198 10 5 7 80 91 95 98
74 c 20 50 83 0 198 10 5 14 76 82 83 84 86 98 99
75 c 56 37 83 0 198 10 6 13 77 84 91 94 95
76 c 15 30 84 0 199 10 26 24 80 86 89 98
77 c 44 17 84 0 199 10 9 7 79 86 89 94
78 c 18 24 84 0 199 10 22 21 85 88
79 c 26 52 85 0 200 10 9 1 86 87 93 95 100
80 c 45 20 86 0 201 10 11 20 84 88 91 98
81 c 17 34 86 0 201 10 3 1 83 84 86 90 99
82 c 35 17 87 0 202 10 7 11 89 93
83 c 31 52 87 0 202 10 27 31 92
84 c 25 21 87 0 202 10 12 13 95 97
85 c 21 24 87 0 202 10 28 25 87 91 95 100
86 c 47 47 88 0 203 10 13 19 89 91 95 96 97 98
87 c 20 40 89 0 204 10 12 16 94
88 c 41 49 89 0 204 10 10 6 95 100
89 c 22 27 89 0 204 10 11 16 92 93 95
90 c 25 24 90 0 205 10 20 20 93 95
91 c 50 35 90 0 205 10 19 29
92 c 26 27 92 0 207 10 27 21
93 c 45 30 93 0 208 10 17 19 95
94 c 40 25 93 0 208 10 9 12
95 c 27 43 93 0 208 10 9 1 97
96 c 25 30 93 0 208 10 3 13 99
97 c 36 26 95 200 210 10 18 11 99
98 c 26 35 96 0 211 10 15 16
99 c 41 37 98 0 213 10 16 6
100 c 35 40 100 0 215 10 16 14

