StringID Type x y release ReadyTime DueDate ServiceTime weight volume Item_Conflitante1 Item_Conflitante2 Item_Conflitante3 Item_Conflitante4 Item_Conflitante5 Item_Conflitante6 Item_Conflitante7 Item_Conflitante8 Item_Conflitante9 Item_Conflitante10 Item_Conflitante11 Item_Conflitante12 Item_Conflitante13 Item_Conflitante14 Item_Conflitante15 Item_Conflitante16 Item_Conflitante17 Item_Conflitante18 Item_Conflitante19 Item_Conflitante20 Item_Conflitante21 Item_Conflitante22 Peso_Total Volume_Total
0 d 40 50 0 0 240 0 0 0                       200 200
1 c 88 30 0 59 119 10 10 8 4 11 12 15 26 34 35 36 40 50 53 66 68 76 81 84 85 90 96 98
2 c 88 35 0 50 110 10 20 26 3 5 7 10 12 28 32 39 43 48 51 60 68 71 73 74 76 80 87 94 98
3 c 85 25 0 51 111 10 10 12 7 9 10 24 42 43 50 51 64 65 67 81 89 92
4 c 65 55 0 50 110 10 14 6 5 7 9 11 13 18 25 31 40 41 43 59 63 81 85 95 96
5 c 65 85 0 43 103 10 40 46 7 17 27 33 34 35 43 48 51 69 79 85 94
6 c 37 31 0 20 80 10 14 7 9 12 14 17 20 23 24 25 43 45 51 53 57 58 62 70 72 78 83 89 93 99
7 c 62 80 0 60 120 10 30 22 15 16 17 18 21 23 24 31 35 39 40 46 47 48 51 60 69 86 90 94 98
8 c 60 80 0 36 96 10 10 12 10 35 39 44 48 63 64 72 73 76 94 99
9 c 55 80 0 33 93 10 10 15 22 23 25 29 31 46 48 50 56 62 64 65 66 72 83 87 88 96
10 c 27 43 0 27 87 10 9 10 18 20 23 33 43 45 47 63 64 66 68 85
11 c 55 82 0 49 109 10 10 6 14 21 31 39 42 45 62 65 66 71 73 75 85 92 93 95
12 c 90 35 0 52 112 10 10 1 32 35 45 53 54 55 65 69 72 75 81 83 87 90 92 93 97
13 c 20 82 0 37 97 10 10 16 21 24 26 31 32 33 34 41 45 52 53 57 64 70 74 75 88 91 93 95 96 97
14 c 25 30 0 37 97 10 3 6 15 17 27 29 30 43 45 47 58 59 65 67 68 71 82 96
15 c 60 12 0 60 120 10 31 28 21 34 35 40 42 51 81 87 94
16 c 5 5 0 59 119 10 16 21 19 24 26 29 39 42 51 54 62 65 66 79 81 82 87 95 96
17 c 10 20 0 42 102 10 19 15 26 29 32 38 44 48 51 65 69 74 80 88 93 95 100
18 c 45 65 0 51 111 10 9 4 25 30 35 40 44 47 51 62 63 64 66 70 75 77 84 85 93 99
19 c 65 35 0 37 97 10 3 1 24 31 45 52 57 58 60 64 73 74 76 79 82 85 89 99
20 c 65 20 0 39 99 10 6 2 30 37 39 46 56 66 72 78 80 86 94 99
21 c 45 30 0 38 98 10 17 23 24 29 32 40 46 57 60 67 71 72 81 84
22 c 35 40 0 11 71 10 16 16 30 57 73 79 89 92 95 98
23 c 63 65 0 27 87 10 8 18 25 26 27 35 40 41 48 68 74 77 78 81 87 93 94
24 c 64 42 0 55 115 10 9 8 33 36 39 60 77 81
25 c 2 45 0 38 98 10 10 15 46 47 63 72 77 78 95
26 c 92 30 0 55 115 10 10 19 30 31 32 35 41 45 54 56 59 60 67 75 78 79 98
27 c 31 52 0 26 86 10 27 35 35 40 45 49 51 63 69 76 80 91 97
28 c 8 45 0 49 109 10 20 26 39 48 53 56 57 65 66 69 72 86 93 94
29 c 56 37 0 20 80 10 6 3 40 42 44 48 61 65 74 82 84 89 96 97 100
30 c 20 85 0 40 100 10 20 16 37 43 60 64 66 71 74 75 82 85 90 94 98
31 c 8 40 0 44 104 10 40 39 32 43 45 51 52 56 62 63 66 72 92 94 96
32 c 95 35 0 57 117 10 20 13 34 36 38 41 42 43 49 53 56 57 60 69 74 87
33 c 26 52 0 31 91 10 9 17 34 35 47 55 56 58 68 74 85 86 88 92 93 94
34 c 53 43 0 14 74 10 14 4 35 42 47 56 58 59 62 75 87 90 94 99
35 c 5 45 2 35 95 10 10 1 36 38 42 47 48 51 53 57 69 73 77 78 79 83 84 86 90 91 96
36 c 2 40 2 43 103 10 20 29 40 51 57 69 70 81 82 89 90 93 95 100
37 c 0 40 2 57 117 10 20 20 39 42 48 58 59 64 66 70 72 83 84 86 94 95 99
38 c 22 75 2 35 95 10 30 22 44 46 50 63 83 88 97
39 c 38 5 2 50 110 10 30 36 40 41 44 46 52 53 55 60 79 80 93
40 c 42 10 2 57 117 10 40 50 57 62 72 78 88 100
41 c 24 58 2 52 112 10 19 14 45 54 55 63 72 74 75 80 87 88 94 97
42 c 40 5 2 52 112 10 10 14 43 46 55 56 63 65 68 71 74 84 97
43 c 2 60 2 62 122 10 5 12 46 47 53 55 56 61 64 66 69 70 76 84 96
44 c 26 35 2 62 122 10 15 7 51 56 57 61 64 69 83 87 89 94 96 98 99 100
45 c 15 75 20 64 124 10 20 23 46 47 52 53 64 65 67 68 88 93 94 98
46 c 55 20 20 68 128 10 19 13 49 52 53 63 74 75 76 81 83 84 88 92 94 99
47 c 60 85 20 70 130 10 30 37 51 54 55 59 65 68 69 70 72 73 74 75 78 82 98
48 c 37 47 20 71 131 10 6 1 53 55 75 90 96
49 c 49 58 20 71 131 10 10 4 58 62 69 71 72 73 77 82 85 86 87 97 98 99
50 c 21 24 20 72 132 10 28 28 54 58 60 75 85 90
51 c 44 5 20 72 132 10 20 21 59 81 90 91 93
52 c 63 23 20 72 132 10 2 6 54 55 63 73 89 94
53 c 6 68 20 74 134 10 30 26 61 62 65 66 69 71 74 82 86 88 89 94 100
54 c 8 56 20 75 135 10 27 29 55 66 67 69 74 76 77 81 84 86 87 92
55 c 12 24 20 75 135 10 13 17 65 68 73 75 78 80 82
56 c 20 50 20 76 136 10 5 1 60 61 63 67 69 74 75 81 87 91 94 96 98
57 c 10 35 20 76 136 10 20 22 59 60 65 66 70 71 72 76 79 94
58 c 15 80 20 76 136 10 10 11 60 64 67 71 73 89 93 94 99
59 c 40 15 20 77 137 10 40 30 70 81 84 85 88 94 98
60 c 58 75 20 77 137 10 20 19 70 72 75 79 82 84 87 91 95 96 99
61 c 57 48 20 80 140 10 23 19 65 66 74 77 82 84 87
62 c 18 75 20 80 140 10 20 28 71 86 96
63 c 30 25 29 81 141 10 23 24 68 70 81 83 88 90 92 98
64 c 57 29 29 81 141 10 18 19 66 71 76 88 91 98
65 c 42 12 29 89 149 10 10 20 66 67 71 72 73 80 84 94 98
66 c 22 85 45 94 154 10 10 1 71 83 89
67 c 85 35 45 96 156 10 30 23 98
68 c 18 80 45 98 158 10 10 14 75 76 83 85 91 93 99
69 c 95 30 45 100 160 10 30 32 90 93
70 c 72 35 45 101 161 10 30 29 75 76 77 79 86 89 91 92 94 96 98
71 c 10 40 45 104 164 10 30 25 91 92 100
72 c 4 18 45 105 165 10 35 34 74 76 79 80 85 96 100
73 c 42 15 47 107 167 10 10 20 75 84 88 90 99
74 c 65 82 49 109 169 10 10 7 76 83 85
75 c 55 85 53 113 173 10 20 20 76 77 78 80 84 97 98
76 c 50 35 55 115 175 10 19 19 77 83 98
77 c 87 30 56 116 176 10 10 6 86 88 96
78 c 67 5 57 117 177 10 25 16 81 86 94 97 100
79 c 55 54 57 117 177 10 26 17 90 93 99
80 c 41 37 64 118 178 10 16 6 82 90 97
81 c 23 3 64 120 180 10 7 2 94 100
82 c 15 10 64 122 182 10 20 29 91 94 95 96
83 c 42 5 64 124 184 10 10 14 89 90 94 96 98 99
84 c 67 85 64 124 184 10 20 20 97 98
85 c 35 5 64 124 184 10 20 11 98
86 c 55 60 64 124 184 10 16 14 91
87 c 30 60 65 125 185 10 16 24
88 c 20 80 66 126 186 10 40 46 93 95
89 c 20 20 66 126 186 10 8 6 96 97
90 c 5 35 73 127 187 10 10 2 91 99
91 c 40 60 73 129 189 10 21 31 94 97
92 c 0 45 73 129 189 10 20 17
93 c 25 85 73 130 190 10 20 10 97 98
94 c 38 15 73 133 193 10 10 4 95 99
95 c 15 60 80 140 200 10 17 20
96 c 61 52 88 148 208 10 3 4 99
97 c 35 69 90 150 210 10 23 21 98
98 c 31 67 90 150 210 10 3 8 100
99 c 49 42 92 152 212 10 13 4
100 c 47 47 102 162 222 10 13 15

