StringID Type x y release ReadyTime DueDate ServiceTime weight volume Item_Conflitante1 Item_Conflitante2 Item_Conflitante3 Item_Conflitante4 Item_Conflitante5 Item_Conflitante6 Item_Conflitante7 Item_Conflitante8 Item_Conflitante9 Item_Conflitante10 Item_Conflitante11 Item_Conflitante12 Item_Conflitante13 Item_Conflitante14 Item_Conflitante15 Item_Conflitante16 Item_Conflitante17 Item_Conflitante18 Item_Conflitante19 Item_Conflitante20 Item_Conflitante21 Item_Conflitante22 Item_Conflitante23 Item_Conflitante24 Item_Conflitante25 Peso_Total Volume_Total
0 d 40 50 0 0 3390 0 0 0                          700 700
1 c 8 40 11 685 845 90 40 44 2 7 8 9 11 37 45 48 50 52 59 60 63 64 73 81 85 95
2 c 5 35 11 876 1036 90 10 11 8 9 17 21 25 28 30 32 33 35 41 49 51 57 58 59 60 61 65 69 73 82 84 86 96
3 c 5 45 11 1253 1413 90 10 17 10 17 23 25 28 34 37 40 43 44 49 52 56 60 63 65 71 77 78 88 94 97 99
4 c 0 40 11 1063 1223 90 30 26 7 13 22 25 26 30 45 46 48 51 52 75 84 86 88 90 99
5 c 0 45 11 1158 1318 90 20 25 7 18 20 33 36 52 56 62 66 67 75 81 88 89 92 94 96 99
6 c 48 20 11 967 1127 90 10 2 14 21 27 31 36 39 48 66 73 84 89 96 97 100
7 c 55 80 11 407 567 90 10 8 14 20 36 38 39 41 43 44 48 49 50 53 55 62 63 67 69 71 73 78 90
8 c 44 5 11 1256 1416 90 20 23 9 12 15 27 28 29 32 35 39 40 55 65 70 95 98
9 c 42 15 11 1065 1225 90 10 6 14 20 21 28 29 38 48 52 53 58 61 70 81 84 86 88
10 c 40 5 11 1350 1510 90 30 20 18 20 23 28 37 55 59 66 78 86 89 92 97
11 c 38 5 11 1442 1602 90 30 37 12 14 21 26 27 32 39 43 50 55 69 70 77 81 85 87 88 93 94 98
12 c 50 35 11 120 280 90 20 22 18 19 21 23 41 44 54 58 63 70 71 73 74 77 98 100
13 c 48 30 11 493 653 90 10 16 14 16 25 41 47 48 69 70 74 88 89 94 96 99
14 c 44 25 11 871 1031 90 10 15 16 27 29 33 41 42 52 53 57 58 60 72 76 79
15 c 47 35 11 588 748 90 10 2 17 21 23 29 35 40 42 57 67 69 74 81 93 95 98
16 c 47 40 11 12 172 90 10 12 23 28 34 35 40 42 43 55 56 59 63 71 78 87 92
17 c 42 30 11 776 936 90 10 19 32 33 39 45 54 60 65 69 79 83 85 90 100
18 c 45 35 11 680 840 90 10 16 20 24 25 28 34 50 53 57 60 70 74 75 84
19 c 53 35 11 213 373 90 50 58 20 21 39 49 69 72 75 79 85 90 92 97 98
20 c 67 85 11 694 854 90 20 28 39 49 50 51 52 53 59 71 73 77 88 93 97 98 100
21 c 42 58 11 8 168 90 40 43 27 31 41 45 47 54 57 59 63 74 80 83 85 87 96
22 c 20 55 11 303 463 90 10 1 25 33 45 53 62 64 65 66 83 85 93
23 c 23 52 11 209 369 90 10 11 29 33 34 35 36 40 46 53 56 57 62 65 67 76 77 79 92 96
24 c 55 85 11 502 662 90 20 24 33 51 55 58 59 60 62 65 81 88 95 96
25 c 16 42 11 497 657 90 20 10 29 41 43 45 57 58 70 73 81 94 96 99 100
26 c 28 52 11 22 182 90 20 16 30 36 40 41 45 49 52 59 60 61 63 71 72 74 75 83
27 c 60 66 11 1261 1421 90 10 9 47 49 55 60 63 68 73 79 82 98 99
28 c 65 60 11 1546 1706 90 30 40 33 37 42 55 56 63 78 88 99
29 c 70 58 870 1641 1801 90 20 10 31 42 60 73 74 80 81 97 100
30 c 14 66 870 1643 1803 90 10 17 32 34 40 43 68 79 82 94 99
31 c 36 18 870 1819 1979 90 10 3 32 44 48 50 53 54 64 78 86 87 96
32 c 32 20 870 1913 2073 90 10 9 39 46 47 60 69 75 78 91 92 97 100
33 c 30 30 870 2105 2265 90 10 16 34 35 44 46 48 59 60 61 72 76 78 80 81 83 84 91 92
34 c 90 35 870 2131 2291 90 10 10 35 37 41 43 45 47 49 52 54 58 61 64 72 79 83 88 94 95 96 99 100
35 c 20 80 870 2216 2376 90 40 47 41 44 50 51 67 70 79 84 91
36 c 18 75 870 2311 2471 90 20 30 44 45 63 72 75 82 85 93 96
37 c 95 30 870 2321 2481 90 30 38 40 43 48 51 56 59 63 72 77 81 93 94 100
38 c 22 75 870 2405 2565 90 30 37 46 50 64 65 70 76 78 84 87 90 91 95 97 100
39 c 22 66 1267 2504 2664 90 40 39 44 55 59 60 63 66 81
40 c 85 25 1267 2513 2673 90 10 16 43 50 53 63 65 66 80 90
41 c 28 70 1267 2601 2761 90 10 13 43 52 53 59 62 75 77 81 87 98
42 c 87 30 1267 2608 2768 90 10 17 46 53 54 60 63 67 72 94 97
43 c 33 32 1267 2666 2826 90 20 26 47 50 56 60 63 65 67 70 75 88 98
44 c 35 69 1267 2698 2858 90 10 13 46 60 62 72 93 97 99
45 c 35 32 1267 2758 2918 90 10 19 47 50 55 66 73 79 94 95 98
46 c 35 66 1267 2791 2951 90 10 20 55 58 73 74 75 84 89 92 97
47 c 78 40 1267 2802 2962 90 20 28 58 59 70 71 77 91 95
48 c 34 60 1365 2887 3047 90 20 19 50 55 56 67 69 72 76 83 86 95 99 100
49 c 72 45 1365 2900 3060 90 10 14 54 57 58 69 78 79 83 89 90 91 98
50 c 95 35 1573 0 3242 90 20 19 64 66 68 69 71 79 81 99 100
51 c 92 30 1573 0 3244 90 10 4 60 62 65 74 75 77 87 90
52 c 85 35 1573 0 3252 90 30 36 53 55 73 84 92
53 c 86 46 1573 0 3253 90 30 34 54 61 68 69 70 75 85 88 97
54 c 35 5 1573 0 3254 90 20 28 55 66 70 71 88 93 96
55 c 64 46 1573 3097 3257 90 20 14 57 58 61 63 71 82 93 98
56 c 38 10 1573 0 3259 90 10 17 60 64 72 74 78 82 86 95
57 c 60 85 1573 0 3259 90 30 25 58 62 67 68 75 93 95 96
58 c 65 82 1573 0 3259 90 10 8 71 75 76 81 84 86 88 95 100
59 c 42 10 1573 0 3259 90 40 50 66 73 82 95
60 c 20 85 1573 0 3259 90 40 30 70 88 89
61 c 2 40 1573 0 3260 90 20 23 68 72 74 96
62 c 15 80 1573 0 3260 90 10 18 63 83 97
63 c 22 85 1573 0 3260 90 10 1 80 85 94 96 97
64 c 25 85 1573 0 3261 90 20 21 65 66 68 70 93 100
65 c 62 80 1573 0 3262 90 30 33 68 69 70 71 76 77 80 83 88 94 95 99
66 c 4 55 1573 0 3263 90 20 22 67 68 71 73 82 86 89 93 98
67 c 38 15 1573 0 3264 90 40 39 74 82 84 91 93
68 c 75 55 1573 0 3264 90 20 10 69 83 85 91 92 98
69 c 15 75 1573 0 3264 90 20 12 72 74 76 79 84 88
70 c 8 62 1573 0 3265 90 10 2 80 82 91
71 c 10 35 1573 0 3266 90 20 10 75 92 97
72 c 72 55 1573 0 3267 90 10 12 94 96 99 100
73 c 8 45 1573 0 3267 90 20 18 74 82 88 94 95
74 c 10 40 1573 0 3268 90 30 34 90 91 92 94 100
75 c 58 75 1582 0 3269 90 20 18 81 82 83 86 92 96
76 c 62 69 1582 0 3270 90 10 11 81 83 86
77 c 52 75 1582 0 3272 90 10 20 79 82 92 100
78 c 66 55 1582 0 3273 90 10 15 79 90 95 97
79 c 58 70 1582 0 3273 90 20 20 85 89
80 c 34 25 1582 0 3274 90 30 32 84 100
81 c 25 30 1582 0 3275 90 10 14 93
82 c 62 40 1582 0 3275 90 10 3 85 87 93
83 c 53 30 1582 0 3276 90 10 15 86 92 93 98
84 c 60 60 1582 0 3277 90 10 11 86 90 93 97 99
85 c 26 32 1582 0 3277 90 10 4
86 c 50 30 1582 0 3277 90 10 13 89 96 98 99
87 c 56 64 1583 0 3278 90 10 4 91 92 99
88 c 25 35 1583 0 3278 90 10 1 99
89 c 60 55 1584 0 3279 90 10 5 94 96
90 c 45 70 1584 0 3279 90 30 28 93 94 96
91 c 20 50 1585 0 3280 90 10 11 94 97 99
92 c 30 35 1586 0 3281 90 10 4 96 99
93 c 33 35 1588 0 3283 90 10 18
94 c 45 65 1589 0 3284 90 20 19
95 c 42 65 1589 0 3284 90 10 13 100
96 c 50 40 1590 0 3285 90 50 48 98
97 c 25 50 1590 0 3285 90 10 16
98 c 30 56 1593 0 3288 90 20 19
99 c 36 40 1594 0 3289 90 10 13
100 c 30 50 1595 0 3290 90 10 8

