StringID Type x y release ReadyTime DueDate ServiceTime weight volume Item_Conflitante1 Item_Conflitante2 Item_Conflitante3 Item_Conflitante4 Item_Conflitante5 Item_Conflitante6 Item_Conflitante7 Item_Conflitante8 Item_Conflitante9 Item_Conflitante10 Item_Conflitante11 Item_Conflitante12 Item_Conflitante13 Item_Conflitante14 Item_Conflitante15 Item_Conflitante16 Item_Conflitante17 Item_Conflitante18 Item_Conflitante19 Item_Conflitante20 Item_Conflitante21 Item_Conflitante22 Item_Conflitante23 Item_Conflitante24 Item_Conflitante25 Item_Conflitante26 Item_Conflitante27 Item_Conflitante28 Item_Conflitante29 Peso_Total Volume_Total
0 d 35 35 0 0 230 0 0 0                              200 200
1 c 67 5 0 73 103 10 25 32 4 7 10 17 21 22 27 32 34 35 38 43 46 47 51 61 62 64 66 78 79 81 85 90 92 94 95 96 99
2 c 14 37 0 34 64 10 11 2 4 18 36 38 41 50 57 62 64 65 66 71 75 77 78 82 83 86 95 97
3 c 2 60 0 41 71 10 5 4 5 6 16 21 29 31 33 47 52 57 61 65 70 73 77 82 84 88
4 c 15 47 0 45 75 10 16 18 13 18 22 33 40 50 56 59 61 63 68 84 89 94 96 100
5 c 5 5 0 73 103 10 16 6 11 28 30 34 40 44 50 52 54 62 63 64 73 76 82
6 c 60 12 0 34 64 10 31 31 7 23 24 28 30 36 44 47 49 51 53 65 70 73 74 77 89 92
7 c 40 25 0 75 105 10 9 9 8 16 22 29 36 38 50 54 55 62 69 77 84 89 93 94
8 c 24 12 0 25 55 10 5 4 15 17 20 22 32 34 39 54 55 58 68 75 76 84 86 87 92 93 97 99
9 c 55 54 0 84 114 10 26 34 13 15 19 31 36 37 39 40 55 58 60 64 71 72 73 81 82 83 85 91 93 98 99
10 c 11 14 0 59 89 10 18 9 11 12 17 18 19 26 27 40 47 64 79 83 89 91 92 98
11 c 6 38 0 29 59 10 16 12 21 29 50 63 71 77 79 87 90 91 92 96
12 c 8 56 0 41 71 10 27 19 20 21 27 33 38 44 45 48 51 64 65 68 69 74 75 78 81 90 96 100
13 c 57 48 0 82 112 10 23 23 19 21 22 36 41 45 52 56 76 78 92 96
14 c 53 52 0 27 57 10 11 4 34 49 53 61 62 66 71 85 92 97 99
15 c 20 26 0 73 103 10 9 19 37 56 57 59 61 63 64 68 74 81 90 95 99
16 c 27 43 0 42 72 10 9 1 19 20 36 52 64 65 69 77 81 84 90 91
17 c 37 31 0 85 115 10 14 8 26 30 36 37 39 42 49 54 71 84 85
18 c 49 42 0 63 93 10 13 12 79 81 82 88 91 99
19 c 49 11 0 59 89 10 18 21 30 40 42 43 45 46 56 58 62 63 79 87 93
20 c 44 17 0 68 98 10 9 18 37 38 42 45 56 69 71 79 83 84 86 96
21 c 21 24 0 17 47 10 28 28 22 32 34 42 54 59 68 79 80 83 84 96
22 c 47 16 0 25 55 10 25 22 30 32 44 53 60 69 71 73 74 75 76 79 83 84 85 97 99
23 c 12 24 0 66 96 10 13 3 30 49 50 52 59 60 61 67 71 75 83 84 86 93
24 c 24 58 0 48 78 10 19 29 30 34 43 46 49 55 56 59 64 69 85 86 92 94 96
25 c 27 69 0 34 64 10 10 5 27 28 33 37 46 50 54 57 73 77 95
26 c 15 77 0 63 93 10 9 15 28 32 34 60 74 79 82 83 85 91 93
27 c 62 77 0 49 79 10 20 28 31 32 40 42 48 49 50 54 66 80 82 84 85 86 91 92 93
28 c 57 68 0 67 97 10 15 25 44 50 62 66 69 71 86 93 99
29 c 49 58 0 78 108 10 10 11 30 49 55 64 73 77 88 95 98 99
30 c 31 52 0 40 70 10 27 26 42 48 54 57 59 61 67 70 71 72 77 82 84 87 88 90 97 98
31 c 37 47 0 40 70 10 6 5 32 35 41 44 49 88 89 90 91 96
32 c 30 5 0 51 81 10 8 10 33 36 37 45 47 49 53 54 59 63 64 67 68 77 80 94
33 c 20 50 0 71 101 10 5 8 38 44 59 63 65 70 77 82 83 91 95
34 c 10 43 0 85 115 10 9 15 35 38 45 52 57 62 67 71 76 89 91 93 95
35 c 25 24 0 29 59 10 20 24 44 49 52 59 65 67 73 75 80 82 83 84 85 86 90 92 98
36 c 20 65 0 57 87 10 12 4 46 54 58 70 75 81 83 88 95
37 c 50 35 0 53 83 10 19 15 42 52 53 62 63 65 70 71 76 82 89 90 91 92 95
38 c 22 22 0 18 48 10 2 5 41 43 46 47 49 50 60 62 65 68 77 87 93 97 98 100
39 c 15 10 0 32 62 10 20 17 42 46 49 55 59 60 61 75 81 82 83 84 88 93 98 99 100
40 c 40 60 0 61 91 10 21 30 42 43 50 53 64 72 75 77 80 81 82 88 100
41 c 35 17 0 40 70 10 7 1 54 70 71 73 77 81 83 87 88 91 98 100
42 c 10 20 0 65 95 10 19 28 57 59 62 67 71 74
43 c 19 21 0 48 78 10 10 7 48 52 57 59 60 65 68 77 80 87 98
44 c 20 40 0 77 107 10 12 22 49 52 60 65 72 85 88 94 97 98
45 c 31 67 0 85 115 10 3 1 68 72 73 78 81 85 86 91 98 99
46 c 26 52 0 64 94 10 9 6 48 49 53 62 66 77 82 89 90 91 99
47 c 64 42 0 53 83 10 9 11 55 59 64 65 70 72 73 77 78 81 89 96 99
48 c 41 37 0 29 59 10 16 18 51 55 62 63 69 84 86 87 90
49 c 35 40 0 27 57 10 16 12 50 59 60 62 63 67 69 81 89 91 92 93
50 c 16 22 6 81 111 10 41 50 55 62 65 76 81 85 94
51 c 15 60 6 66 96 10 17 11 69 73 74 77 79 90
52 c 4 18 6 84 114 10 35 34 54 57 59 73 75 77 84 92 95 97 98 99
53 c 15 30 6 24 54 10 26 27 61 66 67 77 91 92 95 99
54 c 55 5 6 58 88 10 29 19 55 56 62 72 73 76 85 90 100
55 c 45 20 6 52 82 10 11 10 67 76 89 95
56 c 28 18 6 83 113 10 26 30 66 82 93 98
57 c 61 52 6 86 116 10 3 8 62 66 67 72 82 88 89 97 100
58 c 45 10 6 87 117 10 18 13 71 84 86 100
59 c 42 7 6 87 117 10 5 1 60 66 78 88 100
60 c 55 60 6 87 117 10 16 6 63 66 72 84 86 87 91 100
61 c 25 30 6 89 119 10 3 4 67 74 75 78 89 91 94 96 99
62 c 26 27 6 90 120 10 27 30 74 79 85 90 94 100
63 c 11 31 6 91 121 10 7 14 64 67 84 85 89 99
64 c 32 12 6 91 121 10 7 7 68 77 86 88
65 c 6 68 13 98 128 10 30 36 69 78 79 86 93
66 c 55 45 22 106 136 10 13 18 82 89 92 100
67 c 2 48 22 107 137 10 1 1 75 77 81 85 87 89
68 c 65 55 22 107 137 10 14 23 76 78 85 86 96
69 c 47 47 32 114 144 10 13 6 70 73 74 82 85 88 93 96 99
70 c 30 60 32 114 144 10 16 24 75 78 87 88 90 95 100
71 c 45 65 32 116 146 10 9 19 72 79 93
72 c 49 73 32 117 147 10 25 24 75 82 90
73 c 53 12 46 120 150 10 6 13 74 80 92 93
74 c 45 30 46 122 152 10 17 15 76 83 84 87 89 90 97
75 c 23 3 46 122 152 10 7 10 76 83 94 100
76 c 25 21 46 123 153 10 12 2 94
77 c 20 20 46 124 154 10 8 7 82 85 88 90 91
78 c 22 27 46 125 155 10 11 3 80
79 c 63 23 46 126 156 10 2 12 80 86 90 95 98
80 c 57 29 46 130 160 10 18 23 81 82 85 87 91 93 96 98
81 c 35 69 46 131 161 10 23 16 82 88 90 97 99
82 c 56 39 54 132 162 10 36 42 83 88
83 c 63 65 54 133 163 10 8 5 96 98
84 c 46 13 54 139 169 10 8 17 85 88 91 99
85 c 55 20 54 139 169 10 19 29 86 87
86 c 65 35 58 143 173 10 3 1 90 94 97 99
87 c 5 30 65 147 177 10 2 5 91 97
88 c 30 25 65 149 179 10 23 24 94 99
89 c 15 19 65 150 180 10 1 1 92 96 99 100
90 c 41 49 66 151 181 10 10 1 91 92
91 c 17 34 67 152 182 10 3 1 92 94 96
92 c 13 52 71 155 185 10 36 45 93 94
93 c 65 20 71 156 186 10 6 12
94 c 18 18 83 165 195 10 17 23
95 c 26 35 83 166 196 10 15 21
96 c 56 37 83 168 198 10 6 1
97 c 37 56 83 168 198 10 5 1 98
98 c 53 43 84 169 199 10 14 13 99
99 c 18 24 84 169 199 10 22 13
100 c 36 26 95 180 210 10 18 10

