StringID Type x y release ReadyTime DueDate ServiceTime weight volume Item_Conflitante1 Item_Conflitante2 Item_Conflitante3 Item_Conflitante4 Item_Conflitante5 Item_Conflitante6 Item_Conflitante7 Item_Conflitante8 Item_Conflitante9 Item_Conflitante10 Item_Conflitante11 Item_Conflitante12 Item_Conflitante13 Item_Conflitante14 Item_Conflitante15 Item_Conflitante16 Item_Conflitante17 Item_Conflitante18 Item_Conflitante19 Item_Conflitante20 Item_Conflitante21 Item_Conflitante22 Item_Conflitante23 Item_Conflitante24 Peso_Total Volume_Total
0 d 40 50 0 0 240 0 0 0                         200 200
1 c 12 24 20 91 118 10 13 6 4 15 18 27 28 32 34 36 37 40 62 68 80 91 92 99
2 c 49 58 20 78 123 10 10 11 5 11 14 22 31 33 46 50 59 60 66 92 95 97 98 99
3 c 45 65 20 37 124 10 9 4 17 20 32 38 39 41 42 51 52 63 68 79 83 90 92 99
4 c 65 55 20 30 129 10 14 19 6 8 15 22 32 47 53 55 61 66 73 79 84 89 95 97
5 c 44 5 20 73 130 10 20 29 10 16 19 24 36 41 58 59 63 66 69 70 74 81 83 85 88 93 98 99
6 c 60 12 20 48 131 10 31 23 11 14 24 26 29 36 40 43 52 57 63 64 80 87 89
7 c 15 75 20 54 133 10 20 24 9 15 16 19 21 22 23 24 33 37 42 43 45 48 56 66 72 75 81 83 89 91 96 99
8 c 24 58 20 27 136 10 19 22 12 17 24 30 35 36 37 44 55 61 67 69 83 84 86 88 89 90 94 100
9 c 26 52 20 14 136 10 9 5 14 18 24 34 47 51 54 62 67 69 71 75 80 87
10 c 2 60 20 46 137 10 5 1 21 26 27 28 30 39 44 53 58 59 70 71 77 78 87 94 97 99 100
11 c 64 42 20 31 138 10 9 1 14 22 34 41 42 44 45 52 56 57 61 64 69 76 84 86 90
12 c 60 85 20 61 138 10 30 40 21 26 37 42 53 67 72 75 78 80 83 90 93 94 95 98
13 c 42 12 20 99 138 10 10 8 15 20 43 45 51 55 90 92 93
14 c 45 30 20 20 139 10 17 17 18 19 20 28 32 33 36 40 43 46 48 50 52 59 62 73 81 91 93 96
15 c 31 52 20 9 139 10 27 29 24 31 32 36 56 61 63 66 70 73 80 90 92 96 98 99 100
16 c 21 24 20 63 140 10 28 29 29 35 39 45 50 51 56 58 60 62 65 68 76 79 82 85 86 87 93 98
17 c 27 43 20 14 140 10 9 17 28 31 42 44 62 70 72 82 84 87 91 98
18 c 26 35 24 42 141 10 15 15 25 31 41 42 44 49 55 56 57 63 65 71 73 81 87 97
19 c 62 80 24 38 141 10 30 33 22 38 39 40 50 54 59 60 71 74 75 76 78 79 85 86 87 94 100
20 c 0 40 24 41 141 10 20 26 53 55 57 65 71 75 84 91 94 100
21 c 55 82 24 35 142 10 10 19 22 23 31 42 43 61 62 64 69 95
22 c 6 68 24 65 142 10 30 39 25 27 31 34 38 42 51 53 55 60 64 71 74 77 84 85 92 93
23 c 57 48 24 76 143 10 23 33 25 29 37 38 44 46 62 66 67 70 75 90 94 97
24 c 20 50 24 68 143 10 5 1 32 55 58 60 63 68 69 70 73 75 83 92
25 c 15 80 24 67 144 10 10 6 26 33 46 49 63 65 70 78 79 86 87 89 99 100
26 c 63 23 24 59 144 10 2 5 32 37 39 43 60 61 67 71 92 96
27 c 88 30 27 52 147 10 10 11 30 33 40 45 46 56 64 69 72 73 79 90 98
28 c 42 10 28 40 148 10 40 46 32 43 56 76 93 95
29 c 37 47 28 53 148 10 6 11 40 41 44 47 54 57 63 65 69 81 82 83 88 90 91 95
30 c 8 45 28 32 148 10 20 21 31 34 39 43 47 59 64 67 68 72 76 85 86 93
31 c 57 29 28 73 148 10 18 11 34 35 40 54 56 59 72 81 83 86 90 92 95 98 99
32 c 40 15 29 64 149 10 40 44 34 39 45 47 54 56 58 61 62 69 71 78 81 83 84 91
33 c 55 20 30 45 150 10 19 19 34 35 36 45 54 64 69 71 83 89 91
34 c 25 30 30 25 150 10 3 1 37 38 40 43 46 49 58 62 64 69 77 80 91 94
35 c 35 40 30 11 150 10 16 13 38 48 52 57 59 64 83 86 89 97 99 100
36 c 22 85 32 95 152 10 10 9 40 66 67 81 82 88 97 99
37 c 8 40 32 33 152 10 40 43 38 41 44 45 46 47 55 57 58 69 70 84 90 93 94
38 c 10 35 39 57 154 10 20 14 39 43 50 51 61 64 65 68 73 82 85 87 90 92
39 c 18 75 39 60 159 10 20 16 52 61 75 85 86
40 c 56 37 39 20 159 10 6 4 41 42 49 51 58 60 61 62 67 70 71 76 78 80 86 94
41 c 10 40 42 106 161 10 30 36 46 55 65 68 73 84 88 99
42 c 40 5 42 45 161 10 10 19 43 44 48 52 53 59 62 63 64 65 70 73 92 98
43 c 8 56 42 47 162 10 27 18 45 50 51 52 57 61 73 78 82 84 90 92 93
44 c 2 40 44 39 163 10 20 15 46 51 58 66 69 75 77 91 98
45 c 38 5 44 45 164 10 30 38 50 58 59 68 72 75 82 87 93
46 c 58 75 44 49 164 10 20 19 51 55 57 65 66 68 69 76 80 86 88 98
47 c 30 25 45 56 165 10 23 14 59 72 80 88
48 c 4 18 45 104 165 10 35 28 60 62 65 68 77 79 89 95 98 100
49 c 5 5 45 57 165 10 16 14 51 52 60 61 62 65 66 80 85 95
50 c 22 75 48 30 168 10 30 40 51 57 60 69 83 90 96
51 c 85 35 48 83 168 10 30 38 52 64 65 68 73 77 89 92
52 c 65 35 48 29 168 10 3 1 54 57 58 62 64 65 76 81 87 94
53 c 95 30 54 90 169 10 30 25 60 64 65 71 73 74 76 91 95
54 c 95 35 54 57 172 10 20 30 78 84 87 90 93 94 99
55 c 37 31 54 19 172 10 14 21 56 59 62 80 83 87 90 91
56 c 88 35 54 50 172 10 20 24 59 66 73 89 93
57 c 90 35 54 52 174 10 10 18 63 67 70 73 76 86 87 97
58 c 92 30 54 55 174 10 10 7 62 63 69 70 78 79 84
59 c 67 5 57 52 177 10 25 29 62 69 71 73 84 86 94 95 99
60 c 53 43 58 14 177 10 14 17 78 79 81 99
61 c 72 35 58 83 178 10 30 21 72 78 80 81 85 87 98
62 c 85 25 58 51 178 10 10 4 65 67 71 76 82 89 95 100
63 c 87 30 58 61 178 10 10 15 65 70 71 72 79 88 95 96
64 c 42 15 65 94 179 10 10 11 68 70 74 83 96
65 c 55 80 65 33 180 10 10 16 79 81 84 87 93 94 95
66 c 23 3 65 49 180 10 7 6 74 79 90 97
67 c 65 82 65 95 182 10 10 12 71 72 75 77 79 92
68 c 15 10 65 51 182 10 20 12 72 73 76 87 92 94 99
69 c 35 5 65 45 183 10 20 28 73 77 79 84 90
70 c 18 80 65 71 184 10 10 13 72 74 80 81 82 83 93 94 95 98
71 c 42 5 65 50 184 10 10 4 73 94
72 c 67 85 65 57 185 10 20 26 74 78 86 87 96 97
73 c 55 85 65 100 185 10 20 17 78 81 82 97 99
74 c 65 85 66 43 186 10 40 43 82 85 87 89 90 97
75 c 10 20 67 42 187 10 19 24 78 93
76 c 55 54 68 105 188 10 26 18 85 87 92 93 94 98 99
77 c 20 85 69 40 189 10 20 28 80 82 94
78 c 0 45 69 51 189 10 20 21 81 91 93
79 c 65 20 70 39 190 10 6 13 89
80 c 5 35 72 53 191 10 10 16 82 90 93 99
81 c 25 85 72 49 191 10 20 15 83 91 96 97 99
82 c 2 45 72 38 191 10 10 1
83 c 20 82 72 37 192 10 10 6 85 91 96 99
84 c 20 80 73 69 193 10 40 36 87 99
85 c 60 80 73 36 193 10 10 1 86
86 c 20 20 73 71 193 10 8 9 94
87 c 38 15 74 51 194 10 10 7 89
88 c 5 45 74 35 194 10 10 7 89 93 96
89 c 41 37 78 97 198 10 16 22
90 c 50 35 82 91 198 10 19 25 91
91 c 55 60 82 107 200 10 16 26 93 100
92 c 63 65 82 27 202 10 8 11 93 96
93 c 15 60 83 62 203 10 17 24 97 100
94 c 61 52 88 50 208 10 3 6 95 96 97
95 c 35 69 90 30 210 10 23 18
96 c 31 67 90 43 210 10 3 1 98
97 c 30 60 94 95 214 10 16 6
98 c 40 60 96 101 216 10 21 18
99 c 49 42 97 89 217 10 13 19
100 c 47 47 102 93 222 10 13 20

