StringID Type x y release ReadyTime DueDate ServiceTime weight volume Item_Conflitante1 Item_Conflitante2 Item_Conflitante3 Item_Conflitante4 Item_Conflitante5 Item_Conflitante6 Item_Conflitante7 Item_Conflitante8 Item_Conflitante9 Item_Conflitante10 Item_Conflitante11 Item_Conflitante12 Item_Conflitante13 Item_Conflitante14 Item_Conflitante15 Item_Conflitante16 Item_Conflitante17 Item_Conflitante18 Item_Conflitante19 Item_Conflitante20 Item_Conflitante21 Item_Conflitante22 Item_Conflitante23 Peso_Total Volume_Total
0 d 35 35 0 0 1000 0 0 0                        1000 1000
1 c 8 56 123 34 362 10 27 22 3 4 9 18 37 39 42 49 52 56 59 62 81 87
2 c 57 68 123 218 417 10 15 11 9 13 14 23 24 34 36 37 41 61 67 85 98
3 c 28 18 123 380 487 10 26 25 13 15 17 26 30 38 42 48 53 58 66 70 80 81 88 92 95
4 c 47 16 123 22 377 10 25 20 6 7 16 20 24 32 35 51 52 59 73 84 90 99
5 c 41 37 123 44 325 10 16 10 7 9 13 14 20 22 26 31 42 47 56 66 71 74 87 88 90 91
6 c 64 42 123 129 374 10 9 19 8 13 20 30 40 52 56 58 59 62 64 69 73 75 79 83 85 86 89 93 97 98
7 c 40 60 123 115 498 10 21 23 9 10 25 28 29 30 33 40 42 52 53 55 56 57 59 63 66 74 78 84 92 93 100
8 c 31 52 123 91 336 10 27 30 10 14 15 25 54 56 60 64 70 79 82 83 99 100
9 c 44 17 123 263 444 10 9 14 14 18 21 22 28 34 40 47 50 51 55 56 59 63 71 81 88
10 c 49 11 123 182 399 10 18 19 21 24 25 35 36 41 44 57 60 75 83 84 85 91
11 c 27 43 123 111 362 10 9 1 15 24 26 36 37 42 58 77 83 92 94
12 c 14 37 123 21 328 10 11 18 19 29 34 35 43 49 50 55 61 64 68 70 77 84 92 100
13 c 15 47 123 99 352 10 16 8 16 27 29 55 64 73 77 79 80 96
14 c 55 54 123 388 479 10 26 16 16 19 35 37 39 44 64 69 73 75 76 80 82 83 84 89 95 96 98
15 c 49 42 123 166 497 10 13 14 29 31 34 42 46 64 71 72 73 79 82 86 90 94 95 99
16 c 15 60 123 215 432 10 17 14 20 38 41 49 64 65 79 87
17 c 20 40 123 349 462 10 12 6 33 39 44 47 63 66 73 76 78 84 87 97 98
18 c 45 20 123 156 389 10 11 7 20 21 26 28 37 43 48 49 60 72 75 76 78 87 98 100
19 c 10 20 123 222 423 10 19 21 20 47 49 53 65 66 70 71 73 87 89 94 95 96 98 99
20 c 19 21 123 122 367 10 10 14 22 28 38 42 46 49 50 72 84 89 97
21 c 35 17 123 74 351 10 7 13 23 32 37 39 43 49 62 68 87 90
22 c 25 24 123 22 301 10 20 28 29 31 37 39 52 53 56 57 58 64 68 78 80 89 91 93 96
23 c 15 30 123 20 370 10 26 24 24 27 34 36 37 38 39 42 43 46 51 57 60 89 91 93 95
24 c 27 69 123 34 348 10 10 13 28 30 38 42 43 60 63 69 80 82 85 93
25 c 20 50 123 292 449 10 5 14 35 41 42 45 54 56 59 67 73 81 90
26 c 50 35 123 170 403 10 19 19 27 29 30 45 48 56 64 66 72 74 76 81 90
27 c 12 24 123 246 421 10 13 18 28 45 51 52 61 62 65 69 75 76 85 89 93 94 100
28 c 21 24 123 17 441 10 28 28 39 47 54 67 92 100
29 c 15 10 123 32 454 10 20 12 30 32 40 55 57 60 65 69 70 71 82
30 c 11 14 123 72 501 10 18 26 34 37 38 42 43 52 66 67 76 83 88 95 96 97 99
31 c 4 18 123 350 503 10 35 44 64 66 70 72 79
32 c 16 22 123 333 504 10 41 32 44 50 60 62 65 72 78
33 c 49 58 123 296 505 10 10 4 34 42 52 55 56 59 62 69 72 87 88
34 c 20 65 123 33 510 10 12 19 39 49 50 51 54 70 74 76 94 99
35 c 55 5 123 36 513 10 29 34 36 40 48 52 55 56 62 74 82 86 87 89
36 c 15 77 123 46 523 10 9 4 37 41 51 53 63 70 71 72 76 79 82 85
37 c 30 5 123 30 529 10 8 1 48 52 56 57 62 64 68 78 79 82 84 89 93
38 c 31 67 123 345 534 10 3 1 39 44 54 59 63 83 86 88 90 98 100
39 c 37 47 123 12 535 10 6 1 42 60 65 66 74 77 82 83 89 94 97
40 c 26 27 123 403 536 10 27 17 42 56 60 63 66 67 71 75 89 99 100
41 c 26 52 123 114 553 10 9 4 48 54 65 72 74 75 83 84 93 95
42 c 40 25 123 243 554 10 9 7 55 57 58 60 70 74 78 85 90 94 95 99
43 c 5 5 123 147 560 10 16 12 46 53 60 67 72 73 91 93 97
44 c 67 5 123 132 563 10 25 29 51 55 59 64 74 75 79 81 82 83 89 98
45 c 20 26 123 185 580 10 9 11 50 61 66 68 69 73 82 83 85 97 100
46 c 57 48 123 273 580 10 23 30 49 54 56 61 62 63 69 71 72 90 91 96 97 99
47 c 24 58 123 25 583 10 19 25 50 51 56 64 76 81 90 91 96
48 c 32 12 123 366 585 10 7 5 69 72 79 81 82 83 88 91 92 93 95 98
49 c 6 68 123 444 597 10 30 28 52 61 62 64 76 77 83 91 98 100
50 c 10 43 123 288 597 10 9 16 74 79 83 84 90 92 95 99
51 c 37 31 123 301 602 10 14 16 74 87 89
52 c 62 77 123 49 608 10 20 13 69 71 77 78 82 89 90 97 98 99
53 c 35 40 123 5 612 10 16 18 68 84 89 91 98
54 c 55 45 123 498 613 10 13 17 63 65 75 80 81 86 87 96
55 c 24 12 123 25 616 10 5 2 58 59 69 71 73 83 89 91
56 c 45 10 123 280 623 10 18 10 57 59 64 66 70 83 84 88 91 97
57 c 11 31 280 323 624 10 7 7 62 63 65 70 83 91 94 96 97
58 c 55 60 280 254 643 10 16 10 72 82 84 88
59 c 53 52 280 24 646 10 11 20 60 61 63 66 73 74 75 79 86 90 91
60 c 65 55 280 487 656 10 14 4 63 64 78 85 90 91 98 100
61 c 25 30 280 266 663 10 3 13 62 65 69 71 73 78 88
62 c 6 38 280 29 669 10 16 18 63 64 79 80 81 84 94 96
63 c 61 52 280 212 671 10 3 13 73 74 76 88 89 100
64 c 22 22 280 18 673 10 2 1 65 81 88 89 94 99
65 c 42 7 280 225 682 10 5 4 74 76 78 84 98
66 c 2 48 280 458 685 10 1 2 71 77 81 86 87 88 90 91 96
67 c 47 47 280 499 690 10 13 3 70 77 79 89 91 95
68 c 25 21 280 582 703 10 12 21 84 96
69 c 45 30 280 548 707 10 17 21 73 83 86
70 c 45 65 280 538 709 10 9 9 74 77 79 91 96
71 c 2 60 280 41 710 10 5 13 73 78 84 85 91
72 c 30 60 280 496 713 10 16 6 78 80 81 87 90
73 c 22 27 280 565 732 10 11 18 77 80 81 84 89 91 93 99
74 c 20 20 280 563 736 10 8 8 87 89 91 98
75 c 23 3 280 578 747 10 7 9 81 85 97
76 c 57 29 280 595 780 10 18 9 77 80 93 95 98 99
77 c 60 12 351 33 797 10 31 39 88 89 90 91
78 c 35 69 351 602 835 10 23 27 83 86 87 90
79 c 49 73 351 440 845 10 25 35 92 95
80 c 53 12 351 426 851 10 6 1 84 91 95
81 c 63 23 430 442 917 10 2 5 85 87 89
82 c 65 35 430 633 918 10 3 5 98 100
83 c 41 49 430 636 919 10 10 3 95
84 c 56 39 430 464 925 10 36 44 87 92 94 96
85 c 15 19 430 675 930 10 1 1 87 89 94 98
86 c 17 34 432 651 932 10 3 1 95
87 c 63 65 448 439 948 10 8 15 91 93
88 c 65 20 456 400 956 10 6 15 96 100
89 c 5 30 459 409 959 10 2 5
90 c 13 52 462 694 962 10 36 37 93 98 99
91 c 46 13 465 479 965 10 8 3 95 97 99
92 c 55 20 465 470 965 10 19 21 94 100
93 c 18 18 465 297 965 10 17 8 99
94 c 56 37 469 452 968 10 6 1 95
95 c 37 56 469 249 968 10 5 4
96 c 18 24 469 339 969 10 22 28 98 99
97 c 53 43 470 430 970 10 14 23
98 c 30 25 478 426 978 10 23 26
99 c 36 26 480 458 980 10 18 28
100 c 26 35 481 649 981 10 15 10

