StringID Type x y release ReadyTime DueDate ServiceTime weight volume Item_Conflitante1 Item_Conflitante2 Item_Conflitante3 Item_Conflitante4 Item_Conflitante5 Item_Conflitante6 Item_Conflitante7 Item_Conflitante8 Item_Conflitante9 Item_Conflitante10 Item_Conflitante11 Item_Conflitante12 Item_Conflitante13 Item_Conflitante14 Item_Conflitante15 Item_Conflitante16 Item_Conflitante17 Item_Conflitante18 Item_Conflitante19 Item_Conflitante20 Item_Conflitante21 Item_Conflitante22 Item_Conflitante23 Item_Conflitante24 Peso_Total Volume_Total
0 d 40 50 0 0 240 0 0 0                         200 200
1 c 38 5 0 65 95 10 30 33 3 14 22 26 27 31 32 34 38 41 51 57 68 77 95 100
2 c 6 68 0 89 119 10 30 31 4 5 8 17 19 20 21 26 30 32 33 40 49 52 54 61 78 96 98 99
3 c 62 80 0 75 105 10 30 39 13 16 25 33 36 40 47 49 63 75 81 89 96
4 c 55 82 0 64 94 10 10 15 6 7 8 10 16 24 28 32 33 34 47 54 57 62 69 73 74 76 77 88 89 92 99 100
5 c 2 40 0 58 88 10 20 16 10 11 19 21 26 27 32 40 43 55 59 61 70 75 83 86 98
6 c 60 12 0 75 105 10 31 34 9 12 19 20 21 25 27 33 34 36 37 58 60 65 67 82 88 91 92 93
7 c 8 40 0 59 89 10 40 42 8 12 32 44 45 46 49 55 56 60 69 72 73 75 82
8 c 12 24 0 90 120 10 13 12 34 46 53 55 60 61 64 78 81 87
9 c 26 35 0 77 107 10 15 8 39 43 51 58 69 87 99
10 c 31 52 0 41 71 10 27 19 12 13 28 39 42 48 57 66 71 75 81 85 87 90 92
11 c 53 43 0 14 44 10 14 9 13 15 28 31 32 42 47 49 55 57 62 69 73 82 87 90 97
12 c 64 42 1 70 100 10 9 9 17 36 37 38 39 41 45 52 55 60 63 65 69 75 77 85 87 97 98 100
13 c 65 35 1 52 82 10 3 4 15 21 38 45 62 67 68 70 75
14 c 15 80 1 91 121 10 10 18 15 23 25 26 66 69 77 82 84 94
15 c 20 50 1 91 121 10 5 8 23 28 41 42 57 60 62 64 71 87 90 94 97 98 100
16 c 10 35 1 91 121 10 20 22 24 29 40 41 49 55 65 69 71 86 94 97
17 c 57 29 6 96 126 10 18 11 18 23 26 31 37 46 56 62 64 75 76 84 85 86 88 96
18 c 30 60 50 140 170 10 16 18 25 26 30 31 46 54 55 69 70 72 74 78 81 92 93 94
19 c 20 80 51 141 171 10 40 31 26 42 47 57 59 62 70 85 87 91 92 93 97 98
20 c 20 20 51 141 171 10 8 11 24 26 31 37 40 41 55 57 61 64 73 78 88 96 98 99
21 c 95 30 51 0 171 10 30 39 37 39 56 57 59 60 63 67 75 88 92 99
22 c 5 35 52 142 172 10 10 6 23 24 27 28 30 31 34 37 43 48 55 60 61 65 70 79 81 82 89 90 93 97 98
23 c 5 5 52 0 172 10 16 9 24 33 35 37 42 44 45 58 63 64 70 73 78 80 81 83 97
24 c 95 35 52 0 172 10 20 17 25 26 27 39 43 44 61 72 76 90 98
25 c 92 30 54 0 174 10 10 15 26 35 45 47 50 62 65 67 68 70 73 75 77 94
26 c 90 35 57 0 177 10 10 12 34 39 49 58 61 62 63 68 77 83 87 92 93 100
27 c 67 5 57 0 177 10 25 20 30 33 35 53 54 56 61 68 69 71 74 82 90
28 c 88 30 58 0 178 10 10 4 32 39 41 43 44 51 59 60 85 91 99
29 c 87 30 58 0 178 10 10 7 31 35 51 52 55 71 76 95 100
30 c 85 25 58 0 178 10 10 19 41 46 65 72 81 82 83 89 90 94 97
31 c 88 35 59 0 179 10 20 13 35 39 43 49 56 59 66 71 72 74 75 80 82 96 98
32 c 23 3 60 150 180 10 7 8 35 37 40 48 60 66 68 69 75 76 77 82 84 87 91 92 96 97 99
33 c 4 18 61 0 181 10 35 35 45 48 49 55 56 63 75 78 82 89 97 98
34 c 15 10 62 152 182 10 20 26 36 39 45 68 70 74 81 82
35 c 85 35 62 0 182 10 30 34 39 42 43 45 46 52 55 60 65 75 76 95
36 c 42 5 64 0 184 10 10 5 43 48 51 67 68 69 71 72 83 84 86 87 90 93 96 100
37 c 35 5 64 154 184 10 20 22 45 46 52 65 68 69 75 80 81 83 96 97
38 c 44 5 64 0 184 10 20 30 39 41 47 54 55 62 70 90 96
39 c 40 5 65 0 185 10 10 15 41 45 48 49 57 60 63 69 73 75 81 85 90 96
40 c 67 85 65 0 185 10 20 28 44 46 47 49 57 61 67 72 78 81 83 85 86 87 89 90 98
41 c 65 85 66 0 186 10 40 35 42 51 52 73 75 77 83 95
42 c 10 20 67 0 187 10 19 10 45 48 60 72 78 99 100
43 c 0 40 68 0 188 10 20 26 52 58 59 63 64 75 77 93 95
44 c 60 85 69 0 189 10 30 26 78 87 91 93 98 99 100
45 c 65 82 69 0 189 10 10 7 47 50 51 55 58 60 64 78 80 88 90
46 c 20 85 69 0 189 10 20 14 54 60 61 69 71 72 75 77 81 85 86 93
47 c 42 10 69 0 189 10 40 33 56 62 65 73 81 88 93 96 98
48 c 0 45 69 0 189 10 20 18 57 58 62 74 87 96 98
49 c 65 20 70 0 190 10 6 13 56 61 70 77 91 95 98
50 c 22 85 70 0 190 10 10 1 62 63 83 84 98
51 c 2 60 70 0 190 10 5 1 52 54 59 61 68 72 76 78 84 99
52 c 42 12 71 0 191 10 10 11 56 62 76 81 91 93 94 100
53 c 2 45 72 0 191 10 10 9 54 58 74 84 89 90 100
54 c 25 85 72 0 191 10 20 16 55 58 59 69 73 79 82 84 85 88 91
55 c 55 85 72 0 191 10 20 11 57 67 68 83 96
56 c 18 80 72 0 192 10 10 9 57 64 67 75 82 83 97
57 c 20 82 72 0 192 10 10 4 71 86 87 92 97 98
58 c 60 80 73 0 193 10 10 4 60 75 80 99 100
59 c 63 23 74 0 194 10 2 1 60 66 83 93 95 97 99
60 c 72 35 74 0 194 10 30 25 63 68 72 73 83 88 95 98
61 c 5 45 74 0 194 10 10 18 68 75 79 83 89 92 95
62 c 42 15 74 0 194 10 10 13 64 67 70 74 75 78 81 96
63 c 38 15 74 0 194 10 10 8 64 69 70 71 75 98 99
64 c 15 75 76 0 194 10 20 14 74 75 82 92 95
65 c 40 15 76 0 195 10 40 32 67 68 80 94
66 c 18 75 76 0 196 10 20 16 82 88 90 92 99 100
67 c 55 80 76 0 196 10 10 5 68 79 81
68 c 55 20 77 0 196 10 19 28 69 87 90 94 96 99 100
69 c 21 24 77 0 197 10 28 31 70 77 81 83 94 96 97 100
70 c 8 45 77 0 197 10 20 16 71 81 82 86 87 89 97
71 c 8 56 77 0 197 10 27 29 72 76 77 81 82 94 95
72 c 10 40 78 0 198 10 30 37 75 87 91 96
73 c 58 75 79 0 199 10 20 25 94
74 c 22 75 79 0 199 10 30 25 82 88 90 92 96 98
75 c 63 65 82 0 202 10 8 17 85 92
76 c 30 25 83 0 203 10 23 15 90
77 c 15 60 83 0 203 10 17 22 84 90
78 c 65 55 84 0 204 10 14 11 92 98
79 c 25 30 85 0 205 10 3 1 80 84 91 94 98
80 c 61 52 89 0 208 10 3 1 89
81 c 56 37 89 0 209 10 6 1 87 89 91 92
82 c 45 30 89 0 209 10 17 14 89 90
83 c 37 31 90 0 210 10 14 10 90 92 94 100
84 c 35 69 90 0 210 10 23 32
85 c 31 67 90 180 210 10 3 12 90 91 93
86 c 55 60 91 0 211 10 16 10 87 97 98
87 c 50 35 91 0 211 10 19 26 89
88 c 57 48 92 0 212 10 23 21 94
89 c 24 58 92 0 212 10 19 11 93 95
90 c 55 54 94 0 214 10 26 34 92 99
91 c 45 65 94 0 214 10 9 10 95 96
92 c 27 43 95 0 215 10 9 1 98
93 c 26 52 95 0 215 10 9 10 95 97 100
94 c 41 37 96 0 216 10 16 22 97 99
95 c 49 58 97 0 217 10 10 8 100
96 c 49 42 97 0 217 10 13 8
97 c 35 40 98 0 218 10 16 24
98 c 40 60 100 0 220 10 21 26
99 c 47 47 102 0 222 10 13 16
100 c 37 47 105 0 225 10 6 13

