StringID Type x y release ReadyTime DueDate ServiceTime weight volume Item_Conflitante1 Item_Conflitante2 Item_Conflitante3 Item_Conflitante4 Item_Conflitante5 Item_Conflitante6 Item_Conflitante7 Item_Conflitante8 Item_Conflitante9 Item_Conflitante10 Item_Conflitante11 Item_Conflitante12 Item_Conflitante13 Item_Conflitante14 Item_Conflitante15 Item_Conflitante16 Item_Conflitante17 Item_Conflitante18 Item_Conflitante19 Item_Conflitante20 Item_Conflitante21 Item_Conflitante22 Item_Conflitante23 Item_Conflitante24 Item_Conflitante25 Peso_Total Volume_Total
0 d 35 35 0 0 230 0 0 0                          200 200
1 c 35 40 2 27 57 10 16 19 10 25 28 38 40 44 47 51 57 76 82 88 91 92 94 95
2 c 40 60 2 61 91 10 21 19 3 5 17 20 24 25 32 48 52 60 62 68 71 84 89 100
3 c 49 42 2 63 93 10 13 20 27 32 36 37 40 45 46 53 56 76 91 93 95
4 c 15 77 2 63 93 10 9 8 7 10 12 14 18 28 31 34 38 45 47 52 57 66 70 81 85 88 93 100
5 c 53 52 2 27 57 10 11 11 15 18 33 54 68 82 86 91
6 c 2 60 2 41 71 10 5 6 12 13 14 17 21 22 25 30 32 36 48 49 51 54 55 59 69 70 72 73 74 79 82 87 88
7 c 5 5 2 73 103 10 16 19 9 13 24 27 29 32 34 35 43 46 52 54 63 73 74 76 78 81 88 93 98
8 c 60 12 2 34 64 10 31 35 13 20 37 39 48 53 69 72 90 92 97
9 c 40 25 2 75 105 10 9 10 10 19 25 28 33 51 52 57 62 68 71 82 97
10 c 24 12 2 25 55 10 5 6 13 16 28 30 39 45 78 83 87 88 91 95 99 100
11 c 11 14 2 59 89 10 18 18 18 23 25 27 29 33 43 47 54 58 60 63 71 76 97 100
12 c 6 38 2 29 59 10 16 18 13 16 25 27 28 30 42 52 60 69 71 77 90
13 c 20 26 2 73 103 10 9 14 26 32 33 41 48 66 69 75 82 85 89 100
14 c 37 31 2 85 115 10 14 20 15 17 19 20 27 30 36 38 52 78 79 80 87 93 99 100
15 c 37 47 2 40 70 10 6 1 21 24 26 27 28 31 35 36 39 47 54 58 59 77 83 84 86 94 98
16 c 67 5 2 73 103 10 25 26 23 40 48 51 58 68 70 72 76 86 94 95 99
17 c 24 58 2 48 78 10 19 13 23 24 25 31 35 37 47 49 54 62 66 76 81 89 93 94 96
18 c 57 48 2 82 112 10 23 22 19 24 26 31 33 35 45 47 51 60 64 71 79 91 95
19 c 55 5 2 58 88 10 29 24 20 23 38 39 43 44 50 66 82 85 89
20 c 62 77 2 49 79 10 20 19 22 28 32 36 44 49 61 62 64 67 72 77 78 81 98
21 c 26 52 2 64 94 10 9 17 23 24 30 32 55 60 62 63 71 76 80 85 95
22 c 10 43 2 85 115 10 9 3 23 24 25 30 38 43 50 53 63 64 65 70 71 73 92
23 c 30 5 2 51 81 10 8 15 34 41 54 64 65 78 79 83 84 87 90 97
24 c 28 18 2 83 113 10 26 20 31 38 50 52 53 60 62 65 72 74 76 79 88 92
25 c 20 65 2 57 87 10 12 7 26 39 42 47 49 61 62 67 73 78 82 89 99
26 c 22 22 2 18 48 10 2 6 30 32 43 47 49 52 58 59 62 65 67 71 84 87 89 98
27 c 61 52 2 86 116 10 3 13 33 35 36 48 58 73 91 97 98 100
28 c 45 10 2 87 117 10 18 28 30 37 39 42 52 56 62 68 69 70 71 73 76 79 83 84 89 95 98
29 c 42 7 2 87 117 10 5 1 30 31 40 52 54 57 64 67 80 84 97
30 c 55 60 2 87 117 10 16 10 32 33 34 35 43 61 64 68 74 81 89 93 97
31 c 25 30 13 89 119 10 3 1 38 50 53 70 72 81 92 93 97
32 c 11 31 13 91 121 10 7 1 39 48 53 57 66 75 77 78 87
33 c 6 68 13 98 128 10 30 39 35 36 39 48 59 66 72 96
34 c 30 60 32 114 144 10 16 14 36 50 52 60 63 64 66 78 82 83 85 87 89 96
35 c 49 73 32 117 147 10 25 22 39 41 44 48 55 57 62 66 77 79 87 90 91 93 97
36 c 53 12 35 120 150 10 6 7 37 46 55 56 59 67 68 71 83 94
37 c 63 23 41 126 156 10 2 12 41 52 62 63 64 68 90 95 99
38 c 56 39 47 132 162 10 36 36 42 44 45 47 53 56 62 64 65 84 91 99
39 c 63 65 48 133 163 10 8 3 41 58 59 74 76 78 79 90 94
40 c 55 20 54 139 169 10 19 17 50 57 65 70 72 74 82 91 96
41 c 46 13 54 139 169 10 8 13 42 45 51 53 56 66 68 69 75 81 82 83 90 97
42 c 5 30 62 147 177 10 2 1 45 46 50 55 60 63 65 66 75 79 87 90 95 96
43 c 30 25 64 149 179 10 23 15 45 50 58 60 65 70 76 77 89 96 98
44 c 57 68 65 0 180 10 15 18 45 46 54 57 60 65 69 70 76 80 82 87 95 96 98
45 c 65 55 68 0 183 10 14 8 46 55 63 65 70 79 83 84 90 91 92 93
46 c 4 18 69 0 184 10 35 42 50 51 65 66 67 73 76 84 88 99
47 c 2 48 69 0 184 10 1 2 48 50 83 84 87 91
48 c 27 69 70 0 185 10 10 14 49 51 53 55 58 75 96 100
49 c 8 56 70 0 185 10 27 20 50 51 62 65 67 79 85 86 93 97
50 c 23 3 70 0 185 10 7 1 52 58 71 73 82 90 93
51 c 35 69 71 0 186 10 23 23 55 69 70 79 85 89 90 94 97
52 c 65 20 72 156 186 10 6 1 54 62 67 68 79 80 95 100
53 c 15 10 72 0 187 10 20 15 59 62 68 72 85 88 92 100
54 c 31 67 72 0 187 10 3 8 60 62 66 69 71 78 80 86 89 96 97
55 c 15 60 72 0 187 10 17 24 60 71 72 80 85 90 98 100
56 c 45 65 73 0 188 10 9 1 59 66 67 68 72 73 78 83 90 92 93 100
57 c 10 20 75 0 190 10 19 10 62 67 70 78 80 82 83 87 89
58 c 64 42 77 0 190 10 9 5 61 71 72 75 77 80 90
59 c 65 35 77 0 190 10 3 13 64 66 71 85 88 100
60 c 13 52 77 0 192 10 36 37 64 74 75 81 92 94 96
61 c 49 11 77 0 192 10 18 19 72 75 76 77 90 92 95
62 c 55 54 77 0 192 10 26 32 65 71 74 80 82 85 98 100
63 c 49 58 78 0 193 10 10 11 66 68 73 77 85 86 91 93 98
64 c 15 19 79 0 194 10 1 7 68 69 75 85 88
65 c 12 24 79 0 194 10 13 23 68 74 82 94 95 97
66 c 18 18 80 165 195 10 17 18 67 83 84 87 89 93 94 95 97
67 c 15 47 81 0 196 10 16 16 70 71 80 81 85 91 92 100
68 c 32 12 81 0 196 10 7 17 69 98 100
69 c 16 22 81 0 196 10 41 34 73 75 76 79 80 81 87
70 c 57 29 82 0 197 10 18 13 75 89 90 96
71 c 47 16 82 0 197 10 25 27 81 94
72 c 55 45 82 0 197 10 13 4 84 87 93 94
73 c 14 37 83 0 198 10 11 9 74 77 80 88 94 96
74 c 56 37 83 168 198 10 6 15 82 83 85 92 96
75 c 20 50 83 0 198 10 5 1 77 78 84 88 93 94 97
76 c 37 56 83 168 198 10 5 1 80 83 86 90 93
77 c 19 21 83 0 198 10 10 7 90
78 c 20 20 83 0 198 10 8 7 80 84 93
79 c 53 43 84 169 199 10 14 14 89 90
80 c 44 17 84 0 199 10 9 17 82 85 86 95 97
81 c 15 30 84 0 199 10 26 28 82 83 98 100
82 c 18 24 84 169 199 10 22 19 83 92 94 99
83 c 45 20 86 0 201 10 11 12 84 87 88 94
84 c 17 34 86 0 201 10 3 1 88 94 96
85 c 25 21 87 0 202 10 12 9 92 94 98
86 c 35 17 87 0 202 10 7 6 90 91 93 96
87 c 21 24 87 0 202 10 28 36 90 91 93 100
88 c 31 52 87 0 202 10 27 17 90 96
89 c 47 47 88 0 203 10 13 9
90 c 20 40 89 0 204 10 12 5 91 97 99
91 c 41 49 89 0 204 10 10 4
92 c 22 27 89 0 204 10 11 8 96 98 100
93 c 25 24 90 0 205 10 20 21
94 c 50 35 90 0 205 10 19 25
95 c 26 27 92 0 207 10 27 25
96 c 45 30 93 0 208 10 17 11
97 c 27 43 93 0 208 10 9 4
98 c 36 26 95 180 210 10 18 15
99 c 26 35 96 0 211 10 15 7
100 c 41 37 98 0 213 10 16 15

