StringID Type x y release ReadyTime DueDate ServiceTime weight volume Item_Conflitante1 Item_Conflitante2 Item_Conflitante3 Item_Conflitante4 Item_Conflitante5 Item_Conflitante6 Item_Conflitante7 Item_Conflitante8 Item_Conflitante9 Item_Conflitante10 Item_Conflitante11 Item_Conflitante12 Item_Conflitante13 Item_Conflitante14 Item_Conflitante15 Item_Conflitante16 Item_Conflitante17 Item_Conflitante18 Item_Conflitante19 Item_Conflitante20 Item_Conflitante21 Item_Conflitante22 Item_Conflitante23 Item_Conflitante24 Item_Conflitante25 Peso_Total Volume_Total
0 d 35 35 0 0 230 0 0 0                          200 200
1 c 20 26 0 83 93 10 9 10 9 10 21 26 31 42 46 47 50 53 67 83 94 95 99
2 c 45 10 0 97 107 10 18 26 20 22 23 26 33 38 43 57 61 65 67 72 87 99
3 c 55 5 0 68 78 10 29 21 27 30 31 33 34 36 41 45 53 57 70 74 83 100
4 c 6 38 0 32 42 10 16 21 5 13 18 21 34 45 55 56 57 67 70 71 72 79 86 89 97 99
5 c 11 14 0 69 79 10 18 28 7 12 34 36 42 50 53 54 61 75 76 79 86 94
6 c 24 12 0 31 41 10 5 1 7 8 10 12 24 25 26 33 36 41 68 71 75 77 92 95 100
7 c 35 40 0 37 47 10 16 23 9 16 18 27 32 36 41 42 43 58 60 65 71 74 75 81
8 c 57 48 0 92 102 10 23 27 17 30 45 47 51 52 56 61 62 80 88
9 c 42 7 0 97 107 10 5 5 12 13 15 20 23 27 32 36 38 39 41 42 43 44 47 56 67 70 73 75 81 90 94 96 97
10 c 40 60 0 71 81 10 21 27 22 34 41 51 52 53 57 58 62 69 75 81 83 86 94 98
11 c 61 52 0 96 106 10 3 10 12 20 24 25 27 32 36 45 51 60 63 65 69 77 82 87 89 95 97
12 c 40 25 0 85 95 10 9 1 27 29 31 33 34 47 55 60 61 62 69 81 88 92
13 c 53 52 0 37 47 10 11 6 16 18 21 25 35 44 46 49 54 66 73 75 77 81 82 85 95 96 97
14 c 67 5 0 83 93 10 25 25 16 19 27 33 43 50 54 55 57 61 64 68 70 78 80 91 100
15 c 60 12 0 44 54 10 31 32 34 35 42 48 60 61 64 71 74 78 79 80 82 83 87 91 92 93
16 c 49 42 0 73 83 10 13 9 27 28 36 43 44 56 59 60 62 71 78 83 89 90 92 97
17 c 2 60 0 41 51 10 5 1 20 27 33 34 40 53 60 64 66 71 80 85 86 88 89 90 97 98
18 c 11 31 0 101 111 10 7 15 20 23 29 44 46 60 62 73 88 98 99
19 c 10 43 0 95 105 10 9 3 20 24 25 33 34 38 40 48 50 56 58 59 65 68 85 86 90
20 c 22 22 0 18 28 10 2 10 33 41 45 47 76 79 82 86 88 90 94 96
21 c 62 77 3 51 61 10 20 13 38 41 56 60 68 73 77 83 85 97 98 100
22 c 15 77 3 73 83 10 9 11 33 38 43 56 67 71 74 91 93 95 98
23 c 26 52 3 74 84 10 9 9 30 37 38 42 46 47 52 53 60 61 63 66 71 94 95 100
24 c 25 30 3 99 109 10 3 9 32 44 45 51 54 56 60 62 66 70 85 86 89
25 c 28 18 3 93 103 10 26 29 30 32 57 63 64 67 68 75 82 87 92 94 98
26 c 37 31 3 95 105 10 14 15 27 28 45 49 51 54 62 66 80 87 88 98
27 c 5 5 3 83 93 10 16 16 29 35 37 41 43 50 55 56 69 73 74 80 91
28 c 20 65 3 67 77 10 12 10 30 31 43 44 54 56 58 59 64 70 78 83 86 98
29 c 24 58 3 58 68 10 19 28 31 32 34 37 45 57 58 59 61 63 64 65 71 73 79 80 81 84 85 88 97
30 c 37 47 3 50 60 10 6 7 31 43 45 48 49 51 52 54 56 61 64 86 91 92 94 98 100
31 c 30 5 3 61 71 10 8 1 33 35 38 56 57 58 61 62 69 74 79 80 97 98
32 c 55 60 3 97 107 10 16 8 36 42 50 63 65 89 93 98
33 c 6 68 3 108 118 10 30 40 46 62 67 80 83 86 96 100
34 c 30 60 25 124 134 10 16 13 46 48 53 70 90 93 95
35 c 49 73 25 127 137 10 25 23 36 52 59 62 68 72 89 98
36 c 53 12 25 130 140 10 6 8 37 38 44 48 56 58 63 64 66 71 81 88 91 99
37 c 63 23 31 136 146 10 2 9 39 44 45 50 53 54 62 65 80 92 93 94 97
38 c 56 39 37 142 152 10 36 35 39 41 52 57 61 69 70 74 91 93 99
39 c 63 65 38 143 153 10 8 16 51 67 75 78 79 86 91 97
40 c 55 20 44 149 159 10 19 28 41 44 48 55 56 58 59 60 62 66 68 79 81 99 100
41 c 46 13 44 149 159 10 8 1 52 64 65 72 95
42 c 5 30 52 157 167 10 2 1 62 63 67 76 87
43 c 30 25 54 159 169 10 23 18 45 46 53 62 64 73 81 84 85 90 91 98 99
44 c 57 68 65 0 180 10 15 13 47 48 50 52 56 57 62 64 71 72 81 89 93
45 c 65 20 67 172 182 10 6 9 57 60 68 73 78 85 87 97 98
46 c 65 55 68 0 183 10 14 6 48 63 71 77 80 95 100
47 c 2 48 69 0 184 10 1 1 49 52 58 64 73 78 81 91 98
48 c 4 18 69 0 184 10 35 34 54 55 56 58 59 60 62 64 73 79 89 92 94
49 c 27 69 70 0 185 10 10 17 64 66 72 80 81 92 94
50 c 23 3 70 0 185 10 7 17 65 81 84
51 c 8 56 70 0 185 10 27 25 57 63 68 69 82 84 87 92
52 c 35 69 72 0 186 10 23 20 57 65 72 74 83 85 90 93 94 99
53 c 15 60 72 0 187 10 17 13 59 62 76 95
54 c 31 67 72 0 187 10 3 1 55 61 62 64 83 84 85 91 94 98
55 c 15 10 72 0 187 10 20 18 57 77 87 89 100
56 c 45 65 73 0 188 10 9 14 64 76 77 81 85 93 96
57 c 53 43 74 179 189 10 14 5 83 85 89
58 c 10 20 75 0 190 10 19 25 71 78 84 88 92
59 c 64 42 75 0 190 10 9 8 65 67 83 86
60 c 65 35 75 0 190 10 3 1 63 66 68 71 72 79 90
61 c 37 56 77 182 192 10 5 12 65 71 76 88 92 93 94 99
62 c 13 52 77 0 192 10 36 28 65 71 77 85 89 93 94
63 c 55 54 77 0 192 10 26 33 66 85 88 90
64 c 56 37 77 182 192 10 6 6 68 69 73 76 79 80 81 82 83 86 87 92 93
65 c 49 11 77 0 192 10 18 18 69 70 73 93 95 96 97
66 c 49 58 78 0 193 10 10 9 68 71 88 90 91 95
67 c 15 19 79 0 194 10 1 7 71 85 86
68 c 12 24 79 0 194 10 13 7 69 79 81 84 97
69 c 18 18 80 185 195 10 17 8 73 75 78 80 85 95 100
70 c 16 22 81 0 196 10 41 45 73 81 84 85 98 100
71 c 15 47 81 0 196 10 16 17 85 100
72 c 32 12 81 0 196 10 7 1 84
73 c 47 16 82 0 197 10 25 15 88 89 100
74 c 57 29 82 0 197 10 18 18
75 c 55 45 82 0 197 10 13 16 94 98
76 c 14 37 83 0 198 10 11 6 77 78 88 94 96
77 c 18 24 83 188 198 10 22 29 85 93
78 c 19 21 83 0 198 10 10 1 83 87 90 97 99
79 c 20 20 83 0 198 10 8 16 82 91 94
80 c 20 50 83 0 198 10 5 15 85 88 94 100
81 c 44 17 84 0 199 10 9 15 84 92 93 94
82 c 15 30 84 0 199 10 26 29 84 87 88
83 c 17 34 86 0 201 10 3 1 96
84 c 45 20 86 0 201 10 11 7 85 89 96
85 c 35 17 87 0 202 10 7 4 91
86 c 25 21 87 0 202 10 12 5 100
87 c 21 24 87 0 202 10 28 36 90 95
88 c 31 52 87 0 202 10 27 21 95 96 98 100
89 c 47 47 88 0 203 10 13 21 96
90 c 20 40 89 0 204 10 12 18
91 c 41 49 89 0 204 10 10 3 100
92 c 22 27 89 0 204 10 11 9 96 97
93 c 25 24 90 0 205 10 20 24 97
94 c 50 35 90 0 205 10 19 15
95 c 26 27 92 0 207 10 27 18
96 c 45 30 93 0 208 10 17 18
97 c 27 43 93 0 208 10 9 13
98 c 36 26 95 200 210 10 18 18
99 c 26 35 96 0 211 10 15 24
100 c 41 37 98 0 213 10 16 17

