StringID Type x y release ReadyTime DueDate ServiceTime weight volume Item_Conflitante1 Item_Conflitante2 Item_Conflitante3 Item_Conflitante4 Item_Conflitante5 Item_Conflitante6 Item_Conflitante7 Item_Conflitante8 Item_Conflitante9 Item_Conflitante10 Item_Conflitante11 Item_Conflitante12 Item_Conflitante13 Item_Conflitante14 Item_Conflitante15 Item_Conflitante16 Item_Conflitante17 Item_Conflitante18 Item_Conflitante19 Item_Conflitante20 Item_Conflitante21 Item_Conflitante22 Item_Conflitante23 Peso_Total Volume_Total
0 d 40 50 0 0 960 0 0 0                        1000 1000
1 c 38 5 35 201 321 10 30 40 2 5 8 9 14 15 18 32 45 49 52 58 71 72 73 75 84
2 c 55 82 35 217 337 10 10 4 3 4 9 16 18 19 24 25 31 39 47 48 57 61 69 84 89 92 94 95
3 c 2 40 35 174 294 10 20 16 4 6 7 13 30 33 47 48 55 67 70 74 79 86 92 96 97 99
4 c 60 12 35 268 388 10 31 25 5 9 19 20 25 29 31 35 39 50 52 53 54 59 66 67 71 72 74 85 87 88 92
5 c 26 35 35 308 428 10 15 12 7 8 16 19 22 32 34 43 45 49 54 68 94
6 c 8 40 35 195 315 10 40 44 7 30 42 47 55 56 57 66 68 82 86 88 91
7 c 62 80 35 278 398 10 30 24 9 10 17 18 24 26 28 29 33 47 54 65 70 71 77 80 88 90
8 c 12 24 35 359 479 10 13 5 16 20 33 35 38 39 41 44 48 65 69 71 79 84 85 89
9 c 31 52 35 157 277 10 27 32 30 40 41 48 51 54 76 77 85 100
10 c 53 43 35 14 134 10 14 20 11 12 16 38 41 49 54 56 57 68 70 76 77 79 84 98
11 c 64 42 35 268 388 10 9 16 13 21 31 33 36 41 47 51 57 58 59 73 78 79 84 85 97 98
12 c 65 35 35 167 287 10 3 5 20 25 32 37 43 45 48 52 53 61 66 67 70 74 80 90 94 96 100
13 c 6 68 35 352 472 10 30 32 16 19 20 21 22 25 27 29 32 34 49 50 57 65 67 85 94 95 97 100
14 c 15 80 35 367 487 10 10 19 21 31 39 42 48 64 69 70 72 84 88 93
15 c 10 35 35 371 491 10 20 30 23 34 35 40 54 60 67 68 72 74 95 98 100
16 c 20 50 35 375 495 10 5 8 22 23 25 31 32 34 35 38 43 45 80 83 85 90 100
17 c 57 29 35 395 515 10 18 25 18 33 36 46 47 52 55 61 72 81 84 85 94 100
18 c 30 60 293 599 719 10 16 26 22 29 39 53 55 59 71 72 73 84 95 99
19 c 20 80 293 644 764 10 40 46 20 24 25 30 36 40 42 47 49 50 52 59 64 75 87 95
20 c 20 20 293 645 765 10 8 11 23 26 27 35 41 48 60 68 76 91 96
21 c 5 35 293 653 773 10 10 15 22 34 39 47 52 57 66 70 78 84 86 88 89 94 99
22 c 23 3 404 764 884 10 7 5 23 24 34 46 54 55 60 61 63 64 74 76 88 91 99
23 c 95 30 411 0 891 10 30 35 30 32 42 47 57 61 62 70 87 89
24 c 5 5 412 0 892 10 16 10 26 28 29 35 42 48 58 64 65 74 75 79 80 81 84 93 96 98 100
25 c 95 35 412 0 892 10 20 16 26 33 34 35 37 38 49 51 57 60 65 67 87 89 92 95 98
26 c 92 30 414 0 894 10 10 12 27 44 59 61 65 73 83 87 90 93
27 c 90 35 417 0 897 10 10 1 30 46 52 53 54 76 77 80 87 88 93 97
28 c 67 5 417 0 897 10 25 23 39 49 54 66 67 73 80 95
29 c 88 30 418 0 898 10 10 19 40 47 53 55 59 61 63 70 71 80 84 90 91 93
30 c 87 30 418 0 898 10 10 4 36 41 44 46 53 58 62 65 75 80 87 99
31 c 85 25 418 0 898 10 10 14 33 47 49 56 60 64 68 70 71 81 83 90 92 93 96 97
32 c 88 35 419 0 899 10 20 16 47 52 56 58 59 74 76 79 87 90 93 99
33 c 4 18 421 0 901 10 35 29 41 43 57 59 63 69 70 75 77 79 80 97 99
34 c 15 10 422 782 902 10 20 22 53 58 62 64 68 71 83 85 86 90 99
35 c 85 35 422 0 902 10 30 34 45 51 56 67 78 84 85 88 89 91 96
36 c 42 5 424 0 904 10 10 20 44 45 52 56 59 63 73 76 80 92 93
37 c 35 5 424 784 904 10 20 11 41 43 46 54 71 73 78 89 97 99
38 c 44 5 424 0 904 10 20 21 40 43 56 57 60 64 70 74 76 93 97 98
39 c 40 5 425 0 905 10 10 7 40 41 68 72 75 79 81 96 97
40 c 67 85 425 0 905 10 20 14 43 47 58 61 63 65 74 78 88 95 97
41 c 65 85 426 0 906 10 40 39 42 45 46 47 55 57 60 64 66 67 71 80 94 95 99 100
42 c 10 20 427 0 907 10 19 27 44 51 53 57 65 73 82 89 91 94 100
43 c 0 40 428 0 908 10 20 28 49 50 58 66 68 75 76 78 79 81 83 88 90 92
44 c 60 85 429 0 909 10 30 35 48 56 60 82 84 96 99
45 c 65 82 429 0 909 10 10 10 48 50 54 58 68 70 73 81 82 84 96
46 c 20 85 429 0 909 10 20 14 49 50 54 55 56 59 66 68 77 78 83 84 86
47 c 42 10 429 0 909 10 40 49 53 55 56 64 68 79 99 100
48 c 0 45 429 0 909 10 20 30 57 65 73 75 85 91
49 c 65 20 430 0 910 10 6 1 53 59 62 66 67 70 72 89 95 97
50 c 22 85 430 0 910 10 10 19 56 60 62 63 70 82 96 98
51 c 2 60 430 0 910 10 5 7 55 65 67 69 76 77 78 81 86 88 100
52 c 42 12 431 0 911 10 10 2 64 73 80 86 89 93 94
53 c 2 45 432 0 911 10 10 2 54 63 72 76 84 85 93 95 98 100
54 c 25 85 432 0 911 10 20 10 70 88
55 c 55 85 432 0 911 10 20 10 56 59 65 79 80 87 88
56 c 18 80 432 0 912 10 10 2 62 67 70 71 75 79 86 92 93
57 c 20 82 432 0 912 10 10 2 60 62 68 78 86 89 93 99
58 c 60 80 433 0 913 10 10 4 62 68 77 78 79 80 85 88 94 99
59 c 63 23 434 0 914 10 2 9 61 63 65 73 77 79 82 89
60 c 72 35 434 0 914 10 30 28 65 76 82 92 94
61 c 5 45 434 0 914 10 10 1 66 68 76 77 82 87 90 91 100
62 c 42 15 434 0 914 10 10 6 63 64 70 74 87 89 92 100
63 c 38 15 434 0 914 10 10 13 67 72 80 84 88
64 c 15 75 436 0 914 10 20 20 68 70 77 93 99
65 c 40 15 436 0 915 10 40 38 86 87 91 93
66 c 18 75 436 0 916 10 20 21 75 79 87
67 c 55 80 436 0 916 10 10 6 71 73 75 80 87 88 94
68 c 55 20 437 0 916 10 19 14 70 74 76 77 87 100
69 c 21 24 437 0 917 10 28 31 70 84 87 91 100
70 c 8 45 437 0 917 10 20 12 72 74 82 83 88 91 92
71 c 8 56 437 0 917 10 27 28 75 76 78 82 83 94 99
72 c 10 40 438 0 918 10 30 23 81 87 89 90 94
73 c 58 75 439 0 919 10 20 23 74 75 84 90 91 92 96
74 c 22 75 439 0 919 10 30 34 75 80 100
75 c 63 65 442 0 922 10 8 8 83 93 98
76 c 30 25 443 0 923 10 23 29
77 c 15 60 443 0 923 10 17 10 90 94
78 c 65 55 444 0 924 10 14 4 79 93 96
79 c 25 30 445 0 925 10 3 1 81 82 88 89
80 c 61 52 449 0 928 10 3 1 84 97
81 c 56 37 449 0 929 10 6 9 86 93 96 98 100
82 c 45 30 449 0 929 10 17 26 87 88 93
83 c 37 31 450 0 930 10 14 10 85 90 92 93
84 c 35 69 450 0 930 10 23 19 85 95 96 99 100
85 c 31 67 450 810 930 10 3 1
86 c 55 60 451 0 931 10 16 11 89 92 97
87 c 50 35 451 0 931 10 19 23 96
88 c 57 48 452 0 932 10 23 29 92 95
89 c 24 58 452 0 932 10 19 9 97
90 c 55 54 454 0 934 10 26 26 94 99
91 c 45 65 454 0 934 10 9 18 93 94
92 c 27 43 455 0 935 10 9 8 98 100
93 c 26 52 455 0 935 10 9 8
94 c 41 37 456 0 936 10 16 10 95 98
95 c 49 58 457 0 937 10 10 14
96 c 49 42 457 0 937 10 13 4 100
97 c 35 40 458 0 938 10 16 7
98 c 40 60 460 0 940 10 21 20 99
99 c 47 47 462 0 942 10 13 8
100 c 37 47 465 0 945 10 6 1

