StringID Type x y release ReadyTime DueDate ServiceTime weight volume Item_Conflitante1 Item_Conflitante2 Item_Conflitante3 Item_Conflitante4 Item_Conflitante5 Item_Conflitante6 Item_Conflitante7 Item_Conflitante8 Item_Conflitante9 Item_Conflitante10 Item_Conflitante11 Item_Conflitante12 Item_Conflitante13 Item_Conflitante14 Item_Conflitante15 Item_Conflitante16 Item_Conflitante17 Item_Conflitante18 Item_Conflitante19 Item_Conflitante20 Item_Conflitante21 Item_Conflitante22 Item_Conflitante23 Peso_Total Volume_Total
0 d 40 50 0 0 960 0 0 0                        1000 1000
1 c 88 30 76 186 426 10 10 8 2 9 12 16 17 25 27 32 34 39 40 65 69 74 88
2 c 88 35 76 105 345 10 20 14 3 12 15 23 30 32 36 38 41 43 45 46 49 60 68 70 81 82 83 85 89 94
3 c 85 25 76 51 291 10 10 16 9 15 16 21 24 25 30 34 44 48 62 63 65 68 69 71 72 77 84 87 88 96 100
4 c 64 42 76 208 448 10 9 2 5 6 7 9 18 21 25 29 30 39 50 55 59 63 68 83 86 95
5 c 37 31 76 45 285 10 14 17 7 9 11 12 20 22 29 38 43 46 49 61 64 67 72 91 98
6 c 65 85 76 43 283 10 40 36 14 17 25 39 40 41 42 43 54 63 64 66 78 88 90 91 96 99 100
7 c 27 43 76 92 332 10 9 9 12 14 19 25 26 27 43 46 47 55 67 68 72 74 75 79 82 83 84 94 98
8 c 62 80 76 218 458 10 30 23 11 12 14 19 23 25 32 46 50 51 54 59 61 67 73 74 77 89 93 95 98
9 c 60 80 76 36 276 10 10 1 23 28 30 33 43 66 68 70 73 82 83 89 91 93 100
10 c 55 80 76 33 273 10 10 20 14 16 19 26 28 39 44 46 48 51 55 57 59 60 62 65 67 71 72 84 88 89 93
11 c 55 82 76 157 397 10 10 7 20 22 23 26 31 32 36 37 40 41 42 44 45 48 50 62 82 83 91 92 97
12 c 20 82 76 37 277 10 10 6 14 33 36 50 52 54 56 67 70 71 73 83 89 95
13 c 2 45 76 45 285 10 10 12 24 25 32 33 34 36 42 45 46 48 69 72 74 80 82 83 89
14 c 25 30 76 115 355 10 3 1 27 33 34 36 37 38 45 48 50 56 63 65 78 79 83 84 86 93
15 c 60 12 76 208 448 10 31 30 18 20 25 30 38 47 48 49 51 60 65 68 79 84 93 97 100
16 c 5 5 76 172 412 10 16 15 18 19 24 25 26 29 35 45 47 50 57 63 69 72 77 79 80 98
17 c 2 60 76 226 466 10 5 6 20 28 37 43 51 52 55 72 81 98
18 c 10 20 76 42 282 10 19 16 19 29 36 69 71 77 86 93 95
19 c 63 65 76 27 267 10 8 1 22 23 24 45 47 50 55 58 68 76 78 79 83 91
20 c 45 65 76 198 438 10 9 6 21 23 25 26 32 37 40 47 49 51 53 56 59 81 83 95
21 c 65 35 76 107 347 10 3 12 22 28 31 33 45 59 60 64 70 71 77 79 91 92 97 99
22 c 65 20 76 39 279 10 6 4 23 28 29 39 40 43 47 49 53 55 57 69 70 72 73 85 87 92 97 98
23 c 45 30 76 131 371 10 17 16 36 37 52 55 60 61 66 73 79 85 88 91 93 94 96
24 c 35 40 76 11 251 10 16 11 35 37 44 46 49 50 58 60 64 65 77 99
25 c 65 55 76 181 421 10 14 7 29 35 36 45 50 59 61 64 77 84 97 100
26 c 90 35 76 134 374 10 10 1 28 29 32 36 38 45 48 55 58 60 64 65 68 69 71 83 91
27 c 92 30 76 89 329 10 10 11 30 33 42 43 44 47 55 57 61 65 66 71 78 80 83 90 92 94 95
28 c 31 52 76 97 337 10 27 21 33 40 49 51 58 59 62 75 77 79 81 82 88 92 97 100
29 c 20 85 76 40 280 10 20 28 31 38 41 45 51 66 67 73 82 83 89 97
30 c 95 35 76 86 326 10 20 22 31 49 52 65 66 74 77 83
31 c 26 52 76 112 352 10 9 14 36 37 39 42 50 57 65 68 72 75 77 86 87 89 90
32 c 22 75 76 92 332 10 30 34 33 35 42 44 47 50 51 59 65 66 70 72 75 82 89 94 97
33 c 38 5 76 141 381 10 30 23 41 57 59 60 61 85 88 93 96
34 c 56 37 76 40 280 10 6 3 38 40 53 58 68 71 72 81 83 89 93 97
35 c 40 5 76 155 395 10 10 19 38 51 57 66 71 72 78 85 87 88 90 93 95
36 c 24 58 76 200 440 10 19 20 43 46 49 63 67 72 73 78 79 90 91
37 c 42 10 76 194 434 10 40 31 41 46 52 56 59 71 78 80 87 97
38 c 53 43 76 14 254 10 14 6 44 51 52 53 54 67 70 76 81 84 97 98
39 c 8 45 76 163 403 10 20 17 41 42 44 45 47 49 53 57 60 61 71 74 79 85 86 95 96
40 c 5 45 76 35 275 10 10 5 59 61 68 81 83 84 92 98 99
41 c 15 75 76 240 480 10 20 16 54 59 74 75 82 84 85 86 88 92 99 100
42 c 0 40 76 195 435 10 20 23 43 61 63 65 71 86 88 92 96 100
43 c 8 40 76 135 375 10 40 34 47 60 78 92 93 96
44 c 2 40 76 114 354 10 20 22 46 47 61 65 66 72 78 83 91 92 96
45 c 26 35 76 248 488 10 15 17 46 47 52 54 77 86
46 c 55 20 76 266 506 10 19 27 47 50 65 69 84 89 90 91 93 99
47 c 60 85 76 269 509 10 30 31 56 61 64 71 79 82 95 98
48 c 44 5 76 275 515 10 20 12 51 59 60 61 76 82 83 85 87 88 89 90 91 94 96
49 c 63 23 76 284 524 10 2 1 50 64 65 70 71 75 78 80 84 90 96
50 c 21 24 76 289 529 10 28 35 70 72 75 86
51 c 6 68 76 292 532 10 30 34 53 54 55 57 67 68 73 79 81 86 88 94 99
52 c 49 58 76 295 535 10 10 18 59 60 71 80 92 97
53 c 37 47 76 299 539 10 6 7 56 66 76 83 90 93
54 c 12 24 76 299 539 10 13 12 59 63 69 73 78 80 82 83 91 92 94 95 97 99
55 c 8 56 76 305 545 10 27 28 57 59 68 84 96
56 c 15 80 76 307 547 10 10 10 61 63 65 69 73 83 88 97
57 c 10 35 76 311 551 10 20 21 59 65 69 70 77 81 85 91 92 96 99
58 c 20 50 76 315 555 10 5 1 61 62 69 71 81 82
59 c 40 15 76 315 555 10 40 33 65 67 71 76 83 91 95
60 c 58 75 76 316 556 10 20 22 61 69 78 81 93
61 c 18 75 247 328 568 10 20 19 73 75 77 91 92 96 98 100
62 c 57 48 247 332 572 10 23 21 65 67 69 70 75 80 87 94 95
63 c 57 29 247 335 575 10 18 9 64 66 68 80 83 84 96
64 c 30 25 247 337 577 10 23 29 74 78 79 81 84 100
65 c 42 12 247 380 620 10 10 15 69 75 78 84 88 89 98
66 c 22 85 247 411 651 10 10 8 67 68 73 75 86 95
67 c 85 35 247 427 667 10 30 21 97 100
68 c 18 80 247 429 669 10 10 15 77 88 90 91 97
69 c 72 35 247 447 687 10 30 30 72 75 78 83 85 88 94 95 97
70 c 10 40 247 459 699 10 30 33 73 74 86
71 c 95 30 247 469 709 10 30 34 76 83 89 96
72 c 42 15 247 477 717 10 10 18 74 92 97 98
73 c 4 18 247 487 727 10 35 42 78 93 94 100
74 c 50 35 301 497 737 10 19 25 78 81 98 100
75 c 65 82 301 497 737 10 10 7 77 88 97 98
76 c 55 54 301 502 742 10 26 21 77 91 94 96 99
77 c 41 37 301 506 746 10 16 22 78 84 90 94 98
78 c 55 85 301 514 754 10 20 11 86 93
79 c 30 60 301 539 779 10 16 18 92 93 94 99 100
80 c 55 60 301 541 781 10 16 14 88 98 99
81 c 40 60 381 552 792 10 21 17 87 93 94
82 c 87 30 381 561 801 10 10 10 83 91 92 94 96 97
83 c 20 80 381 584 824 10 40 36 91 98
84 c 20 20 381 585 825 10 8 1 86 94
85 c 5 35 381 593 833 10 10 19 91 95 99
86 c 67 85 381 597 837 10 20 15 88 93 97
87 c 25 85 381 613 853 10 20 23 88 94 96 98 99
88 c 38 15 381 621 861 10 10 13 93 96
89 c 15 60 394 634 874 10 17 25 90 97 98
90 c 0 45 424 643 883 10 20 18 92 99
91 c 67 5 424 653 893 10 25 34 93 100
92 c 49 42 424 659 899 10 13 7
93 c 23 3 424 660 900 10 7 1 97
94 c 15 10 424 662 902 10 20 18 97
95 c 35 5 424 664 904 10 20 17 97
96 c 42 5 424 664 904 10 10 8 97 99
97 c 61 52 448 688 928 10 3 11 98 100
98 c 35 69 450 690 930 10 23 18
99 c 31 67 450 690 930 10 3 7
100 c 47 47 462 702 942 10 13 16

