StringID Type x y release ReadyTime DueDate ServiceTime weight volume Item_Conflitante1 Item_Conflitante2 Item_Conflitante3 Item_Conflitante4 Item_Conflitante5 Item_Conflitante6 Item_Conflitante7 Item_Conflitante8 Item_Conflitante9 Item_Conflitante10 Item_Conflitante11 Item_Conflitante12 Item_Conflitante13 Item_Conflitante14 Item_Conflitante15 Item_Conflitante16 Item_Conflitante17 Item_Conflitante18 Item_Conflitante19 Item_Conflitante20 Item_Conflitante21 Item_Conflitante22 Item_Conflitante23 Item_Conflitante24 Item_Conflitante25 Item_Conflitante26 Item_Conflitante27 Item_Conflitante28 Peso_Total Volume_Total
0 d 40 50 0 0 1236 0 0 0                             200 200
1 c 8 40 146 33 393 90 40 41 7 8 13 18 23 34 40 53 58 61 81 83 85 99
2 c 60 55 146 20 380 90 10 9 4 9 14 16 19 39 40 64 66 75 79 84 91 97 98
3 c 5 35 146 134 494 90 10 12 4 7 9 15 22 23 30 31 33 35 40 41 46 52 53 55 57 61 63 66 71 77 79 81 83 85 89 100
4 c 53 35 146 203 563 90 50 47 9 12 15 18 23 24 28 29 35 37 40 50 52 60 62 80 86 95
5 c 35 30 146 113 473 90 10 3 7 12 14 17 19 29 35 36 47 49 50 60 71 72 78 82 87 88 89 92 95
6 c 35 32 146 21 381 90 10 6 7 12 14 26 30 34 35 36 39 43 45 50 52 56 58 59 60 63 65 66 75 86
7 c 33 32 146 19 379 90 20 19 8 12 14 22 30 31 40 41 46 61 73 78 82 83 87 91 94 99
8 c 33 35 146 16 376 90 10 2 16 27 28 32 36 43 49 60 68 73 76 79 87 92 93 97
9 c 32 30 146 206 566 90 10 3 20 25 27 35 39 48 52 54 57 63 68 73 77 97
10 c 65 55 146 25 385 90 20 17 11 19 30 35 36 40 44 49 59 75 77 80 82 98
11 c 66 55 146 26 386 90 10 12 12 18 24 25 31 34 37 40 58 74 77 79
12 c 72 55 146 122 482 90 10 10 19 28 37 41 43 49 50 55 60 62 74 75 80 90 91 95 97
13 c 10 40 146 31 391 90 30 35 14 17 58 62 69 72 79 82 85 98
14 c 44 5 146 137 497 90 20 13 17 18 24 30 31 35 36 40 47 66 69 70 71 73 76 84 85 86 95 99
15 c 42 15 146 35 395 90 10 5 28 32 42 66 67 68 78 84 86 94 98
16 c 40 5 146 231 591 90 30 21 27 35 36 73 76 82 84 85 88 94 95 96
17 c 40 15 146 35 395 90 40 31 19 22 28 32 37 38 49 57 69 73 80 81 88 94 95
18 c 75 55 146 215 575 90 20 29 19 24 26 36 37 39 54 59 61 63 66 73 77 82 84
19 c 50 35 146 110 470 90 20 10 24 26 38 43 54 57 72 73 74 82 84 90 92 96
20 c 50 40 146 15 375 90 50 46 21 23 24 27 28 30 31 32 33 42 43 46 49 55 57 61 62 71 75 76 78 79 85 88 92 93 94
21 c 48 40 146 12 372 90 10 1 26 27 28 30 47 50 56 63 78 79
22 c 85 35 146 47 407 90 30 35 35 40 48 53 56 57 61 64 65 69 70 79 84 97 98
23 c 47 40 146 12 372 90 10 16 26 37 40 42 44 47 53 56 62 66 68 73 76 78 79 82 85 92 98
24 c 88 35 146 50 410 90 20 29 36 44 49 53 57 65 75 84 85 92 98 99
25 c 95 30 146 242 602 90 30 34 27 28 29 33 36 42 59 64 66 67 83 93 98
26 c 95 35 146 147 507 90 20 20 44 45 51 60 65 80 82 83 85 86 93 95
27 c 42 10 146 42 402 90 40 38 28 31 36 37 40 46 47 50 53 55 66 67 70 71 73 74 75 87 89 90 93
28 c 10 35 146 39 399 90 20 13 32 34 48 59 65 68 89 92
29 c 2 40 146 229 589 90 20 29 31 33 38 40 41 48 62 71 75 84 94
30 c 20 80 146 227 587 90 40 35 32 46 49 55 57 60 64 71 78 90 92 95 99
31 c 58 75 146 30 390 90 20 13 32 36 40 50 61 67 68 70 77 78 81 97
32 c 42 66 146 16 376 90 10 7 34 35 44 45 46 52 55 63 66 69 73 92 94 95 97 100
33 c 60 80 146 36 396 90 10 12 37 46 49 55 56 59 60 64 71 73 74 79 81 84 87 93 97
34 c 42 65 146 15 375 90 10 7 41 43 45 51 53 57 66 80 81 83 94
35 c 40 66 146 18 378 90 20 25 36 37 48 61 62 80 81 83 91 96
36 c 38 68 146 110 470 90 20 24 37 39 58 72 85 86 90 92 93 97
37 c 35 66 146 204 564 90 10 12 47 50 56 61 64 68 75 92 94 100
38 c 62 80 146 38 398 90 30 25 39 43 44 45 47 54 55 66 76 77 85 89
39 c 22 75 146 30 390 90 30 27 45 46 56 60 64 74 82 90 93 97
40 c 20 50 146 202 562 90 10 7 50 56 60 64 72 73 80 82 89 90 92
41 c 18 75 146 33 393 90 20 19 43 44 45 50 55 56 59 71 73 76 80 82 94
42 c 15 75 146 37 397 90 20 24 45 48 54 57 59 65 69 76 80 89 97
43 c 90 35 146 52 412 90 10 17 44 50 51 55 57 58 60 94
44 c 30 50 146 10 370 90 10 18 49 50 63 67 82 89 96 100
45 c 23 52 146 109 469 90 10 12 54 55 57 60 65 66 71 81 85 86 88 95 99
46 c 25 52 146 17 377 90 40 36 55 59 62 63 64 67 69 70 77 90 92 95
47 c 65 82 146 131 491 90 10 14 48 54 61 63 73 81 86 95 96
48 c 25 50 146 15 375 90 10 8 50 55 64 71 78 81 83 88 91 97
49 c 15 80 146 132 492 90 10 10 50 51 52 59 60 62 64 72 75 78 79 85 91 96
50 c 67 85 146 225 585 90 20 25 54 55 60 63 65 66 80 83 86 91 100
51 c 35 69 146 297 657 90 10 18 56 66 71 73 75 78 79 82 95 97 98 99
52 c 20 55 146 297 657 90 10 3 55 62 63 79 84 90 94
53 c 53 30 146 298 658 90 10 6 56 62 64 70 73 79 80 94
54 c 30 32 146 299 659 90 30 22 58 60 65 73 74 77 79 85 87 97 100
55 c 70 58 146 311 671 90 20 11 56 60 66 70 72 75 77 78 82 95
56 c 65 85 146 317 677 90 40 30 59 66 77 78 81 83 95
57 c 0 40 146 321 681 90 30 20 58 62 66 67 76 90 93 94
58 c 20 85 146 322 682 90 40 45 72 77 88 92 93 100
59 c 38 5 146 323 683 90 30 30 64 66 80
60 c 92 30 146 335 695 90 10 12 67 70 76 81 86 94
61 c 38 70 146 390 750 90 10 18 64 65 68 69 71 81 83 84
62 c 23 55 146 390 750 90 20 19 69 71 73 82 83 87
63 c 50 30 146 391 751 90 10 6 68 70 84 87 96 98 100
64 c 30 30 146 391 751 90 10 12 65 73 77 78 82 83 88
65 c 68 60 146 404 764 90 30 25 68 72 78 91
66 c 60 85 332 412 772 90 30 40 67 69 83 84 88 92
67 c 22 85 332 414 774 90 10 4 81 92 93 100
68 c 35 5 332 416 776 90 20 10 71 79 86 92 99
69 c 0 45 332 416 776 90 20 10 90 93
70 c 88 30 332 429 789 90 10 12 74 77 89
71 c 40 69 332 482 842 90 20 14 73 86 89 94
72 c 25 55 332 482 842 90 10 17 78 81 83 84 97
73 c 28 30 332 483 843 90 10 1 74 75 84 92 94 96 97 99 100
74 c 48 30 332 483 843 90 10 18 75 76 77 81 91 94 95
75 c 65 60 332 497 857 90 30 32 76 77 79 82 89 91 92 93 97 98
76 c 55 85 332 507 867 90 20 18 84 97
77 c 25 85 332 507 867 90 20 14 84 88 91 95 96 97 98
78 c 5 45 332 511 871 90 10 2 82 90 92 97 98 99
79 c 38 15 332 516 876 90 10 14 82 87 96 98
80 c 87 30 332 520 880 90 10 20 89 90 92 96 99
81 c 42 68 332 575 935 90 10 9 84 95
82 c 28 55 332 575 935 90 10 1 93 94 96 97
83 c 45 30 332 576 936 90 10 1 85 86 89 90
84 c 25 30 332 576 936 90 10 17 86 89 96 97
85 c 63 58 332 590 950 90 10 1 86 93
86 c 55 80 425 602 962 90 10 16
87 c 8 45 425 604 964 90 20 14 91 92 95 96 97 98
88 c 85 25 425 615 975 90 10 1 89 90 97
89 c 45 70 425 668 1028 90 30 28 96
90 c 28 52 425 668 1028 90 20 13 93
91 c 26 32 425 668 1028 90 10 13 97 99
92 c 47 35 425 671 1031 90 10 2 93 94
93 c 60 60 425 683 1043 90 10 6 95 97
94 c 30 52 502 760 1120 90 20 10
95 c 45 68 502 760 1120 90 10 15 97 98
96 c 25 35 503 761 1121 90 10 20 98
97 c 45 35 505 763 1123 90 10 4 98 99
98 c 28 35 508 766 1126 90 10 8
99 c 30 35 509 767 1127 90 10 6
100 c 45 65 512 770 1130 90 20 24

