StringID Type x y release ReadyTime DueDate ServiceTime weight volume Item_Conflitante1 Item_Conflitante2 Item_Conflitante3 Item_Conflitante4 Item_Conflitante5 Item_Conflitante6 Item_Conflitante7 Item_Conflitante8 Item_Conflitante9 Item_Conflitante10 Item_Conflitante11 Item_Conflitante12 Item_Conflitante13 Item_Conflitante14 Item_Conflitante15 Item_Conflitante16 Item_Conflitante17 Item_Conflitante18 Item_Conflitante19 Item_Conflitante20 Item_Conflitante21 Item_Conflitante22 Item_Conflitante23 Peso_Total Volume_Total
0 d 35 35 0 0 230 0 0 0                        200 200
1 c 40 60 0 49 102 10 21 23 9 15 17 65 75 83 90 91 98 99
2 c 26 52 0 50 107 10 9 14 4 6 18 19 20 21 24 29 52 56 68 71 73 83 87 88 93 98
3 c 53 52 0 24 92 10 11 15 7 11 17 21 29 32 33 45 51 56 60 62 70 73 87 92
4 c 2 60 0 41 112 10 5 4 7 18 22 26 29 32 40 41 45 48 49 52 61 70 73 76 82 83 84 92 94
5 c 5 5 0 74 101 10 16 15 9 16 18 25 33 34 43 55 64 68 71 75 76 78 83 85 86 91 94 100
6 c 60 12 0 33 110 10 31 41 7 10 18 23 25 27 42 43 51 58 61 62 76 77 79 87 90 91 97
7 c 40 25 0 65 114 10 9 17 21 26 27 35 38 57 66 67 78 83 85 92 97
8 c 24 12 0 25 91 10 5 7 12 14 16 18 20 21 28 33 41 49 51 52 54 60 62 63 64 74 82 84 90 95 100
9 c 11 14 0 59 88 10 18 18 14 37 42 43 48 62 77 84 85 89 97 98
10 c 6 38 0 29 99 10 16 15 17 18 21 23 29 32 39 52 67 73 77 93
11 c 20 26 0 74 101 10 9 4 12 13 14 24 57 60 64 67 72 74 76 80 82 84 94 95 99
12 c 37 31 0 87 112 10 14 7 17 23 26 28 35 44 57 61 65 66 67 68 86 89 92 95
13 c 57 48 0 84 109 10 23 28 29 31 36 40 43 52 54 55 76 88 89 90 93 95
14 c 24 58 0 46 79 10 19 14 15 35 39 42 45 53 54 55 62 65 66 73 97
15 c 15 77 0 48 107 10 9 13 19 27 31 36 38 41 42 44 54 55 73 85 90 95
16 c 62 77 0 49 113 10 20 14 18 19 22 27 30 32 39 46 49 59 63 64 70 78 87 92 94 97 99
17 c 67 5 0 73 102 10 25 29 19 29 39 40 45 47 50 54 55 60 63 66 70 77 83 84 94 96
18 c 37 47 0 39 70 10 6 1 21 27 28 29 30 44 48 49 54 66 72 77 84 90 93 95 98
19 c 49 42 0 65 90 10 13 20 24 27 28 39 41 46 54 57 71 72 74 79 82 85 88 89 90 91 96 98
20 c 35 40 0 8 75 10 16 9 21 22 24 25 32 34 52 70 71 72 83 84 89 92 93 100
21 c 55 5 0 58 87 10 29 36 22 23 35 40 47 53 56 61 65 72 84 86 97
22 c 28 18 0 88 107 10 26 26 32 38 42 58 60 61 76 78 83 85 90
23 c 10 43 0 87 112 10 9 9 42 49 51 53 55 56 60 61 63 70 75 78 91 99
24 c 22 22 0 18 53 10 2 7 30 33 36 52 54 56 63 66 70 74 88 89 97 100
25 c 20 65 3 57 86 10 12 19 35 43 46 48 51 56 57 70 72 75 79
26 c 30 5 3 50 81 10 8 18 27 32 41 52 57 60 64 69 71 76 82 92
27 c 55 60 3 88 115 10 16 16 33 38 57 60 64 75 78 81 91 96
28 c 11 31 3 93 118 10 7 15 31 35 39 42 55 56 66 70 71 73 79 84 85 87 90 91
29 c 45 10 25 76 127 10 18 18 38 39 45 54 62 65 76 87 90 92 94
30 c 61 52 25 71 130 10 3 10 40 49 59 62 70 75 86 87 93
31 c 42 7 25 72 131 10 5 13 35 36 38 39 46 49 54 59 62 74 79 85 86 88 89
32 c 25 30 25 76 131 10 3 7 38 39 41 42 45 57 58 64 66 71 73 74 78 87 93 99 100
33 c 12 24 25 29 132 10 13 13 34 40 43 47 53 59 65 67 74 76 77 79 83 95 98
34 c 6 68 25 93 132 10 30 35 39 44 49 56 69 74 78 90 98
35 c 44 17 25 30 135 10 9 11 39 40 53 68 71 72 77 79 86 92 96 100
36 c 41 37 25 6 136 10 16 23 41 47 49 50 60 99 100
37 c 20 40 25 47 136 10 12 8 39 44 47 50 60 63 64 73 80 86 87 91
38 c 10 20 25 29 139 10 19 14 43 50 53 55 57 59 60 69 72 81 84 87 89 95 100
39 c 55 54 25 57 140 10 26 23 42 48 54 71 75 87
40 c 15 60 40 32 146 10 17 24 45 49 67 72 73 92 95 98
41 c 4 18 40 49 148 10 35 31 54 57 58 59 62 63 65 66 74 76 77 80 87 89 91 93 97
42 c 57 68 40 39 148 10 15 24 44 50 57 61 63 69 72 77 82 85 89 90 91
43 c 49 58 40 36 149 10 10 7 46 48 57 59 60 74 79 80 81 86 90 93
44 c 30 60 40 107 150 10 16 7 57 64 69 79 82 88 95 98
45 c 64 42 40 29 150 10 9 9 47 73 75 81 87 94 95 96 98 99 100
46 c 31 67 40 46 153 10 3 12 53 61 62 65 71 73 77 89 93 94
47 c 63 23 40 126 155 10 2 1 59 65 71 84 85 87 95
48 c 49 73 44 104 159 10 25 25 53 54 57 68 69 76 83 85 86 88 96
49 c 32 12 48 48 163 10 7 10 53 56 62 69 72 85 92
50 c 53 12 57 106 163 10 6 1 51 52 63 68 75 76 77 78 92
51 c 46 13 57 138 169 10 8 9 53 67 70 75 77 83 93 100
52 c 55 20 57 138 169 10 19 20 57 64 65 69 71 84 87 97
53 c 20 50 57 21 170 10 5 6 63 76 80 85 86 97 99
54 c 27 69 57 34 172 10 10 19 65 66 80 83 92 95 98 100
55 c 26 27 59 35 174 10 27 36 57 67 74 75 79 84 85 92 96
56 c 56 39 61 117 176 10 36 39 65 74 78 79 83 90 97 98
57 c 8 56 63 34 176 10 27 23 64 66 68 75 77 78 84 91 93 94
58 c 16 22 63 23 177 10 41 40 64 66 67 71 80 81 83 85
59 c 63 65 63 116 178 10 8 5 68 70 75 80 81 85 91 92 98
60 c 2 48 65 63 180 10 1 1 70 71 76 80 89 96
61 c 30 25 65 147 180 10 23 25 65 67 72 75 76 77 85 86 95 96 100
62 c 45 65 67 79 182 10 9 11 64 71 97 99
63 c 65 55 68 36 183 10 14 9 64 70 74 79 98
64 c 25 21 68 92 183 10 12 2 70 73 75 78 81 82 83 90 94
65 c 23 3 70 82 185 10 7 9 66 67 81 84 93
66 c 35 69 71 67 186 10 23 33 71 81 87 94 98 99
67 c 65 20 71 153 186 10 6 7 71 72 79 89 91 97 100
68 c 55 45 72 54 187 10 13 22 69 78 80 85 87 88
69 c 15 10 72 32 187 10 20 29 71 79 81 84 88 90
70 c 5 30 74 124 189 10 2 1 74 79 80 85
71 c 65 35 75 58 190 10 3 1 72 73 79 84 91 92 95 96
72 c 49 11 77 27 192 10 18 10 74 77 78 81 89 91
73 c 50 35 77 15 192 10 19 28 80
74 c 13 52 77 27 192 10 36 36 78 82 83 94
75 c 15 19 79 25 194 10 1 3 77 88 93 97 99
76 c 18 18 80 159 195 10 17 13 80 94 98
77 c 27 43 80 11 195 10 9 8 79 83 84 85 91 93 100
78 c 45 20 80 18 195 10 11 4 81 100
79 c 15 47 81 23 196 10 16 19 84 85 93 95 96
80 c 57 29 82 90 197 10 18 8 81 83 86 87 89 98
81 c 47 16 82 22 197 10 25 26 87 95 98
82 c 31 52 83 17 198 10 27 19 83
83 c 37 56 83 123 198 10 5 8 84 91 92 93 97 98
84 c 19 21 83 21 198 10 10 4 86
85 c 56 37 83 135 198 10 6 1 88 94
86 c 14 37 83 21 198 10 11 18 91 97 99 100
87 c 20 20 83 42 198 10 8 3 99
88 c 18 24 84 129 199 10 22 22
89 c 15 30 84 20 199 10 26 20 92 99
90 c 53 43 84 168 199 10 14 16 91 95 98
91 c 17 34 86 70 201 10 3 6 93
92 c 21 24 87 17 202 10 28 28
93 c 35 17 87 18 202 10 7 14 96
94 c 47 47 88 41 203 10 13 23 96 99
95 c 22 27 89 51 204 10 11 17 97 98 99
96 c 41 49 89 15 204 10 10 8 98
97 c 25 24 90 14 205 10 20 16 100
98 c 45 30 93 58 208 10 17 13
99 c 36 26 95 178 210 10 18 13
100 c 26 35 96 68 211 10 15 10

