StringID Type x y release ReadyTime DueDate ServiceTime weight volume Item_Conflitante1 Item_Conflitante2 Item_Conflitante3 Item_Conflitante4 Item_Conflitante5 Item_Conflitante6 Item_Conflitante7 Item_Conflitante8 Item_Conflitante9 Item_Conflitante10 Item_Conflitante11 Item_Conflitante12 Item_Conflitante13 Item_Conflitante14 Item_Conflitante15 Item_Conflitante16 Item_Conflitante17 Item_Conflitante18 Item_Conflitante19 Item_Conflitante20 Item_Conflitante21 Item_Conflitante22 Peso_Total Volume_Total
0 d 40 50 0 0 1236 0 0 0                       200 200
1 c 50 35 0 262 317 90 20 27 5 17 20 23 25 26 31 42 44 47 50 51 66 76 77 81 85 90 93 95 99
2 c 38 5 0 471 534 90 30 27 5 25 38 40 48 58 62 63 67 74 92 95 96 100
3 c 40 5 0 385 436 90 30 40 10 18 22 24 26 28 32 36 41 57 62 64 65 70 71 76 83 87 88 96
4 c 25 52 0 169 224 90 40 46 8 11 12 13 20 22 29 32 33 38 60 67 69 75 76 77 84 86 91 92 96
5 c 42 15 0 95 158 90 10 14 9 10 12 22 26 27 32 45 49 55 56 67 74 77 82 87 91 96 100
6 c 23 52 0 261 316 90 10 7 9 14 15 16 27 28 29 38 66 67 83 95 97 100
7 c 44 5 0 286 347 90 20 26 14 19 30 35 36 37 42 53 57 59 60 62 65 66 72 74 75 83 84 94 100
8 c 30 30 0 541 600 90 10 20 12 16 20 25 28 35 37 40 44 51 55 69 71 72 73 78 81 86 87 89 91 99
9 c 20 55 0 449 504 90 10 1 11 12 13 21 22 23 34 37 48 50 57 62 77 79 84 92 98
10 c 32 30 0 359 412 90 10 12 13 14 30 32 33 35 44 59 66 69 98
11 c 33 32 0 68 149 90 20 28 13 15 19 24 26 27 28 31 32 44 60 67 71 80 86 90 91 93
12 c 8 40 0 87 158 90 40 40 19 21 30 37 49 51 71 74 87 96 99
13 c 35 32 0 166 235 90 10 20 17 80 84 85 87 92 95 98 99
14 c 5 35 0 283 344 90 10 13 16 18 21 35 38 39 43 48 56 58 64 69 71 77 79 82 83 88 89 95 97 99
15 c 35 30 0 264 321 90 10 1 21 26 27 33 35 36 37 47 49 52 58 78 88 89 94
16 c 48 40 0 76 129 90 10 9 17 18 22 24 35 38 43 44 47 70 80 81 94 97
17 c 0 40 0 479 522 90 30 24 34 36 38 39 40 50 59 70 79 83 88 94
18 c 47 40 0 12 77 90 10 6 19 34 45 49 51 64 67 76 77 89 90 98
19 c 18 75 0 99 148 90 20 11 22 36 39 40 45 48 54 60 63 66 69 72 79 83 84 88 92 93
20 c 65 85 0 475 518 90 40 39 37 41 42 48 56 68 69 76 79 81 84 90 93 96 99
21 c 67 85 0 368 441 90 20 12 29 30 39 43 48 51 60 62 67 71 73 76 80 92 96 97
22 c 65 55 0 85 144 90 20 12 27 29 39 45 46 54 66 72 73 75 83 88 91
23 c 70 58 0 458 523 90 20 19 26 30 36 42 48 51 52 57 60 62 67 77 79 85 90 92 97
24 c 88 35 0 109 170 90 20 19 26 28 29 37 52 62 65 87 89 99
25 c 95 30 0 387 456 90 30 25 33 37 44 47 49 51 53 56 64 65 70 79 87 90
26 c 38 70 0 534 605 90 10 13 28 30 40 44 52 59 61 68 74 79 80 90 95 100
27 c 38 68 0 255 324 90 20 28 28 37 41 52 58 60 71 74 82 85 94 97 98
28 c 35 69 0 448 505 90 10 8 29 31 32 36 40 41 45 47 53 60 76 77 86 91 95 99
29 c 22 75 0 30 92 90 30 24 30 41 45 50 52 56 62 66 68 70 76 78 80 81 88
30 c 90 35 0 203 260 90 10 1 50 52 53 63 64 66 70 71 86 92 94 95
31 c 20 80 0 384 429 90 40 47 33 34 36 42 51 52 55 58 62 63 66 74 82 84 97 98
32 c 53 35 0 353 412 90 50 41 38 41 42 51 52 64 79 81 87 90 98
33 c 35 66 0 357 410 90 10 18 42 50 62 75 83 84 89 94 99
34 c 0 45 265 567 624 90 20 16 39 42 43 44 45 46 53 54 57 58 63 75 84 87
35 c 88 30 265 574 643 90 10 18 55 67 70 72 79 82 83 85 89 95 96
36 c 48 30 265 632 693 90 10 14 37 41 47 56 68 88 91
37 c 40 69 265 621 702 90 20 15 38 43 52 54 65 69 75 80 84 98
38 c 65 60 265 645 708 90 30 39 42 49 57 61 64 68 70 72 86 90 97
39 c 5 45 265 665 716 90 10 16 44 45 49 50 57 59 60 61 63 79 82 89 90 91 96 98
40 c 55 85 265 647 726 90 20 11 41 54 62 76 81 84 89 93 96 98
41 c 87 30 265 668 731 90 10 12 43 44 49 50 53 64 73 83 98 100
42 c 28 55 265 732 777 90 10 6 45 48 51 56 80 83 87 92 97 99
43 c 45 30 265 734 777 90 10 11 47 49 50 51 53 62 67 72 81 83 96 99 100
44 c 42 68 265 727 782 90 10 3 49 55 60 62 63 64 67 73 75 78 79 85 87 93 99
45 c 85 25 265 769 820 90 10 6 55 59 63 74 99
46 c 55 80 265 743 820 90 10 18 51 57 69 81 88 91 92
47 c 47 35 265 826 875 90 10 13 58 61 65 71 76 77 82 87 91 94 96 98
48 c 28 52 265 812 883 90 20 28 49 53 61 82 95 98 99
49 c 45 35 448 916 969 90 10 6 53 56 59 61 80 82 90 93 96 100
50 c 28 35 448 1001 1066 90 10 15 58 67 68 73 85 86 88 93 95 99 100
51 c 95 35 497 0 1088 90 20 13 56 64 72 79 82 83 88 89 92 97 98 100
52 c 92 30 497 0 1090 90 10 12 64 67 70 77 78 79 82 83 84 89 96
53 c 85 35 497 0 1098 90 30 29 54 55 63 71 79 87 98
54 c 35 5 497 0 1100 90 20 26 56 60 62 65 72 78 87 96
55 c 42 10 497 0 1105 90 40 45 56 59 63 66 80 88 93 95 97
56 c 20 85 497 0 1105 90 40 30 61 64 69 72 80 88 92
57 c 60 85 497 0 1105 90 30 30 60 66 69 70 72 76 82 90
58 c 65 82 497 0 1105 90 10 19 73 96 97 100
59 c 22 85 497 0 1106 90 10 12 69 70 77 87 91 92 95 98 99 100
60 c 15 80 497 0 1106 90 10 9 73 75 77 79 85 96 99
61 c 2 40 497 0 1106 90 20 10 63 67 68 71 72 73 84 90 97
62 c 25 85 497 0 1107 90 20 15 70 73 74 89 93 94 97 98 100
63 c 62 80 497 0 1108 90 30 26 64 65 67 70 73 81 82 85 88 92 99 100
64 c 60 80 497 0 1109 90 10 10 69 70 72 84 85 87 89 100
65 c 75 55 497 0 1110 90 20 28 70 71 79 86 89 93 94
66 c 38 15 497 0 1110 90 10 4 70 76 78 79 84 87 95 100
67 c 15 75 497 0 1110 90 20 20 71 73 76 92 96
68 c 40 15 497 0 1111 90 40 43 70 73 76 91 95
69 c 10 35 497 0 1112 90 20 16 73 78 81 89
70 c 72 55 497 0 1113 90 10 8 71 76 77 80 88 95
71 c 8 45 497 0 1113 90 20 13 81 82 85 89 92 98
72 c 10 40 497 0 1114 90 30 32 77 85 100
73 c 58 75 497 0 1115 90 20 27 76 78 81 87 95 100
74 c 68 60 508 0 1116 90 30 31 76 83 89 96
75 c 66 55 508 0 1119 90 10 17 81 87 97 100
76 c 63 58 508 0 1121 90 10 15 78 84 87 95 99
77 c 25 30 508 0 1121 90 10 17 79 83 91 96
78 c 28 30 508 0 1122 90 10 7 85 89
79 c 53 30 508 0 1122 90 10 2 83 91 94 96 100
80 c 26 32 508 0 1123 90 10 1 83 90 91 97 99
81 c 60 60 508 0 1123 90 10 2
82 c 50 30 508 0 1123 90 10 4 83 84 85 86 88 92 99
83 c 25 35 508 0 1124 90 10 5 84 89 91 93 98
84 c 30 32 508 0 1125 90 30 25 92
85 c 45 70 508 0 1125 90 30 37 92 98
86 c 60 55 508 0 1125 90 10 6 87
87 c 20 50 508 0 1126 90 10 8 96 100
88 c 30 35 509 0 1127 90 10 10 91 93 96
89 c 45 68 509 0 1127 90 10 19
90 c 23 55 510 0 1128 90 20 26 95 96 99 100
91 c 42 66 511 0 1129 90 10 8 96
92 c 33 35 511 0 1129 90 10 11 97
93 c 45 65 512 0 1130 90 20 20 96
94 c 25 55 512 0 1130 90 10 10 95
95 c 42 65 512 0 1130 90 10 3
96 c 40 66 512 0 1130 90 20 19 98
97 c 25 50 513 0 1131 90 10 7 100
98 c 50 40 513 0 1131 90 50 59
99 c 30 52 517 0 1135 90 20 25
100 c 30 50 518 0 1136 90 10 4

