StringID Type x y release ReadyTime DueDate ServiceTime weight volume Item_Conflitante1 Item_Conflitante2 Item_Conflitante3 Item_Conflitante4 Item_Conflitante5 Item_Conflitante6 Item_Conflitante7 Item_Conflitante8 Item_Conflitante9 Item_Conflitante10 Item_Conflitante11 Item_Conflitante12 Item_Conflitante13 Item_Conflitante14 Item_Conflitante15 Item_Conflitante16 Item_Conflitante17 Item_Conflitante18 Item_Conflitante19 Item_Conflitante20 Item_Conflitante21 Item_Conflitante22 Peso_Total Volume_Total
0 d 40 50 0 0 3390 0 0 0                       700 700
1 c 5 35 0 377 1534 90 10 1 3 5 7 10 19 21 22 25 26 31 41 49 51 53 56 57 58 61 83 91 95 99
2 c 2 40 0 494 1607 90 20 13 8 13 16 18 19 24 25 27 29 31 32 41 47 64 73 75 82 84 85 87 94 100
3 c 0 40 0 637 1648 90 30 35 9 11 13 20 21 29 37 40 50 62 63 66 68 73 82 90 95
4 c 0 45 0 834 1641 90 20 11 6 8 12 24 40 47 62 64 65 90 97
5 c 48 20 0 812 1281 90 10 20 12 15 19 33 41 47 49 56 68 75 81 88 97
6 c 55 80 0 379 594 90 10 1 12 17 24 25 27 34 38 42 47 55 57 64 67 69 75 77 79 80 94 96 100
7 c 44 5 0 1078 1593 90 20 11 12 15 22 29 33 41 45 49 52 54 58 61 69 70 72 94 96 100
8 c 42 10 0 998 1481 90 40 33 17 23 24 25 29 31 42 45 57 61 63 64 67 71 72 74 75 84 88 92 93 100
9 c 42 15 0 897 1392 90 10 18 11 18 22 26 40 49 52 59 62 63 64 69 71 77 89 91 98 100
10 c 50 30 0 223 738 90 10 4 17 18 25 29 32 34 52 58 60 68 76 78 79 81 87 95 100
11 c 50 35 0 18 474 90 20 26 12 17 33 53 57 59 61 94 97 98
12 c 50 40 0 14 360 90 50 56 23 31 35 56 62 65 67 83 87 96 99 100
13 c 48 30 0 246 899 90 10 11 19 25 29 31 40 41 45 49 52 55 58 59 66 74 81 84 86 87 93 99
14 c 44 25 0 704 1197 90 10 17 20 22 41 58 59 69 75 79 80 93
15 c 47 35 0 393 942 90 10 8 21 29 35 39 44 49 50 63 66 68 73 76 91 93
16 c 47 40 0 12 424 90 10 18 18 43 58 64 70 74 77 78 86 99
17 c 42 30 0 641 1070 90 10 20 21 24 27 32 43 48 49 56 57 62 65 71 91 94 98 99
18 c 45 35 0 534 985 90 10 11 24 39 40 51 52 55 58 61 65 74 75 76 81 82 84 86 89 91
19 c 53 30 0 131 644 90 10 15 22 25 38 52 57 64 69 73 82 84 87 92 97
20 c 53 35 0 87 498 90 50 47 28 35 36 43 46 52 56 59 62 68 69 71
21 c 45 65 0 49 346 90 20 29 22 31 35 37 55 56 60 61 65 70 73 86 87 95 96
22 c 56 64 0 1275 1594 90 10 7 25 35 42 56 57 62 67 68 70 77 89 96
23 c 60 60 0 1440 1621 90 10 3 24 25 27 31 35 36 38 54 65 66 75 81 96
24 c 67 85 0 646 901 90 20 27 25 28 38 39 43 57 66 69 70 81 83 92
25 c 42 58 0 8 258 90 40 41 28 31 35 37 41 48 52 60 67 70 71 82
26 c 65 82 0 708 1027 90 10 5 28 38 39 47 48 54 63 64 66 73 75 91 93 97 98
27 c 62 80 0 852 1069 90 30 23 31 34 35 48 59 71 72 77 91 93 94 97
28 c 60 85 0 537 816 90 30 21 36 41 50 55 58 60 62 64 71 77 80 84 99
29 c 58 75 0 948 1167 90 20 20 42 51 64 71 72 78 80 86 94 97
30 c 8 40 0 234 1295 90 40 43 31 35 48 52 53 63 67 68 70 77 83 92 95 98 100
31 c 10 40 0 336 1009 90 30 31 32 37 38 47 51 55 61 62 66 82 86 93 95 98
32 c 55 85 0 477 686 90 20 18 46 48 49 53 55 58 67 73 82 89 92 98
33 c 20 55 0 63 702 90 10 20 34 35 36 53 54 56 62 63 69 73 80 82 93 94 98 99
34 c 10 35 0 309 1412 90 20 11 50 54 58 69 70 72 73 75 80 86 87 95
35 c 30 50 0 10 963 90 10 19 53 55 65 87 93
36 c 58 70 0 1059 1246 90 20 23 39 40 50 54 55 56 60 61 78 81 89 90 99
37 c 25 50 0 15 532 90 10 13 43 46 53 57 60 65 79 81 84 93 95
38 c 16 42 0 209 944 90 20 22 41 43 51 55 59 62 81 84 87 95 96 100
39 c 42 65 0 15 208 90 10 11 41 58 68 80 90 92 95 100
40 c 60 66 0 1247 1434 90 10 9 42 45 48 50 67 80 85 87 91 96
41 c 62 69 0 1138 1355 90 10 10 42 54 56 66 68 70 79 85 87 94 100
42 c 28 52 0 12 752 90 20 24 48 50 51 56 65 66 85 89
43 c 52 75 0 302 479 90 10 7 48 50 51 59 67 68 69 74 84
44 c 20 50 0 20 948 90 10 20 66 68 69 72 78 85 88 97
45 c 45 70 0 157 428 90 30 39 50 51 52 54 62 63 65 67 75 95 99
46 c 23 52 0 17 602 90 10 16 50 53 67 69 73 75 86 91 92
47 c 65 60 820 1482 1769 90 30 24 52 54 57 68 77 78 93
48 c 40 5 820 1083 1776 90 30 21 59 70 71 74 76 77 89 93
49 c 70 58 820 1617 1824 90 20 20 67 99 100
50 c 5 45 820 819 1846 90 10 3 51 58 62 67 76 79 84 88 96 98 99
51 c 8 45 820 954 1897 90 20 26 58 60 61 64 78 81
52 c 38 5 820 1133 1910 90 30 25 53 57 59 85 87 88 89 93
53 c 66 55 820 1710 1921 90 10 17 63 66 67 69 70 73 84 87 90 97
54 c 38 10 820 1392 2027 90 10 20 57 59 62 64 75 76 88 93 95
55 c 4 55 820 1010 2043 90 20 30 59 64 65 71 88 92 95
56 c 35 5 820 1180 2049 90 20 25 57 58 65 67 69 81 85 86 97 99
57 c 72 55 820 1751 2072 90 10 10 62 69 75 78 79 86
58 c 75 55 820 1894 2115 90 20 13 62 79 88 91 92 97 100
59 c 14 66 820 1316 2129 90 10 18 63 70 79 84 87 91
60 c 38 15 820 1426 2183 90 40 30 64 74 86 100
61 c 8 62 820 1036 2213 90 10 15 72 81 82 83 87 88 92
62 c 86 46 820 1969 2248 90 30 26 63 69 72 74 76 86 91 93 98
63 c 90 35 820 2106 2315 90 10 12 66 70 77 83 90 100
64 c 36 18 820 1468 2329 90 10 20 68 70 72 73 90 94 97 100
65 c 15 75 820 1299 2344 90 20 15 66 72 77 86
66 c 32 20 820 1621 2364 90 10 12 89 92
67 c 15 80 820 1461 2372 90 10 7 76 81 82 85 88 95 96
68 c 34 25 820 1782 2395 90 30 23 69 70 71 82 89 90 93 100
69 c 95 35 820 2192 2419 90 20 17 78 80 82 83 86 89 99
70 c 20 85 820 1512 2515 90 40 40 74 79 80 82 96 99
71 c 30 30 1206 1805 2564 90 10 10 77 79 84 85 87 91 93 96 97 100
72 c 22 85 1206 1586 2625 90 10 7 89 92
73 c 25 85 1206 1772 2625 90 20 24 84 91 92 94 97 98
74 c 25 30 1206 1883 2676 90 10 15 86 90 92 93 99 100
75 c 95 30 1206 2119 2682 90 30 31 81 86 90 93 96
76 c 20 80 1206 1858 2733 90 40 45 87 88 91 94 96
77 c 85 25 1206 2369 2816 90 10 20 78 83 91 99
78 c 92 30 1206 2169 2818 90 10 6 80 85 86 92 95 99
79 c 22 75 1206 2135 2834 90 30 33 83 91 92
80 c 25 35 1206 2070 2859 90 10 14 91 99
81 c 87 30 1206 2505 2870 90 10 12 86
82 c 30 35 1206 2242 2877 90 10 17 90 91 97
83 c 18 75 1206 1895 2886 90 20 13 84 87 94 99
84 c 26 32 1206 1842 2901 90 10 18 92
85 c 33 35 1375 2368 2937 90 10 15 86
86 c 22 66 1375 2177 2990 90 40 38 91 96
87 c 85 35 1375 2563 3002 90 30 24 90 93 96
88 c 33 32 1375 2421 3070 90 20 14 90
89 c 35 69 1500 2428 3127 90 10 1 90
90 c 78 40 1500 2599 3164 90 20 22 91 94 97
91 c 35 32 1500 2480 3195 90 10 13 93 95
92 c 72 45 1584 2701 3258 90 10 3 100
93 c 36 40 1584 2605 3266 90 10 1 100
94 c 28 70 1584 2090 3271 90 10 20 98
95 c 62 40 1584 2713 3275 90 10 2 96
96 c 64 46 1584 2976 3275 90 20 15
97 c 60 55 1584 2789 3279 90 10 14
98 c 35 66 1588 2311 3283 90 10 12
99 c 34 60 1593 2035 3288 90 20 26
100 c 30 56 1593 2062 3288 90 20 19

