StringID Type x y release ReadyTime DueDate ServiceTime weight volume Item_Conflitante1 Item_Conflitante2 Item_Conflitante3 Item_Conflitante4 Item_Conflitante5 Item_Conflitante6 Item_Conflitante7 Item_Conflitante8 Item_Conflitante9 Item_Conflitante10 Item_Conflitante11 Item_Conflitante12 Item_Conflitante13 Item_Conflitante14 Item_Conflitante15 Item_Conflitante16 Item_Conflitante17 Item_Conflitante18 Item_Conflitante19 Item_Conflitante20 Item_Conflitante21 Item_Conflitante22 Item_Conflitante23 Peso_Total Volume_Total
0 d 35 35 0 0 1000 0 0 0                        1000 1000
1 c 24 58 94 113 353 10 19 19 9 12 17 19 28 38 43 44 49 53 55 56 61 75 79 96 97
2 c 67 5 94 228 468 10 25 19 14 22 23 27 41 57 59 76 78 82 85 89 92
3 c 37 47 94 108 348 10 6 14 9 11 13 18 23 24 34 35 36 38 41 43 44 50 60 69 72 76 77 79 91
4 c 6 38 94 29 269 10 16 11 6 8 11 16 24 34 35 42 48 76 80 84 91 92 93 94
5 c 11 14 94 167 407 10 18 21 6 12 20 28 38 62 63 68 78 80 88 96
6 c 24 12 94 25 265 10 5 4 9 11 16 19 29 36 49 57 60 80 88
7 c 60 12 94 33 273 10 31 35 13 16 17 23 35 49 50 51 53 54 64 68 69 70 74 79 86 94
8 c 5 5 94 234 474 10 16 13 14 18 19 22 23 25 26 34 37 41 46 54 61 62 63 68 71 75 76 81 90 95 98
9 c 2 60 94 41 281 10 5 10 10 16 18 23 25 27 34 35 37 38 39 43 44 53 55 69 78 86 92 99
10 c 53 52 94 24 264 10 11 13 14 23 33 41 58 65 75 76 84 98
11 c 15 77 94 154 394 10 9 1 17 20 21 26 36 40 49 51 52 57 63 66 73 74 75 78 82 83 90 99
12 c 49 42 94 212 452 10 13 19 14 21 28 32 34 55 58 59 62 69 80 85 95 100
13 c 40 60 94 187 427 10 21 19 21 35 41 46 54 56 57 61 63 69 70 79 80 83 84 92 97 98
14 c 35 40 94 60 300 10 16 9 20 25 30 33 34 38 39 53 60 61 74 79 83 90
15 c 55 5 94 146 386 10 29 28 26 27 33 39 41 56 61 69 71 72 76 83 85 91 95
16 c 62 77 94 49 289 10 20 18 17 18 39 40 44 46 47 52 53 62 66 75 76 89 95
17 c 22 22 94 18 258 10 2 1 35 42 48 49 50 54 65 67 73 74 84 86 88
18 c 30 5 94 118 358 10 8 16 21 30 32 40 41 45 50 66 67 70 74 83 86 88 89 92 96 98 100
19 c 20 65 94 146 386 10 12 4 27 28 44 48 49 52 53 63 91 95
20 c 26 52 94 214 454 10 9 9 26 27 37 39 43 51 63 66 67 68 89 94
21 c 20 26 94 263 503 10 9 19 22 23 34 35 38 44 52 53 60 62 66 81 83 93
22 c 40 25 94 279 519 10 9 15 23 25 35 36 58 70 72 82 87
23 c 57 48 94 307 547 10 23 18 27 42 43 46 58 59 61 62 68 69 72 79 86 93 94 100
24 c 28 18 94 314 554 10 26 23 31 62 71 87 91 99
25 c 61 52 94 322 562 10 3 2 31 35 37 49 50 52 61 65 75 76 79 81 84 88 92
26 c 10 43 94 323 563 10 9 1 31 37 42 43 50 58 67 70 72 81 87 88 89 95
27 c 55 60 94 329 569 10 16 11 31 36 40 41 43 44 48 50 51 57 63 68 75 80 82 90 91 97 100
28 c 45 10 94 332 572 10 18 22 30 31 35 37 43 44 45 52 56 59 60 61 66 69 78 88 90 95 99 100
29 c 37 31 94 332 572 10 14 15 31 32 35 38 42 47 51 53 57 59 65 75 79 80 86 90 98
30 c 42 7 94 334 574 10 5 7 31 48 49 55 56 59 73 85 94 95 99
31 c 25 30 94 345 585 10 3 13 41 43 58 66 68 69 93 96 97
32 c 11 31 94 354 594 10 7 11 39 55 56 58 63 71 72 73 76 77 81 89 91 100
33 c 6 68 263 401 641 10 30 35 39 41 42 51 52 53 60 62 68 72 73 75 81 83 84 100
34 c 30 60 263 485 725 10 16 9 44 55 56 72 80 86 91 92 94 100
35 c 53 12 263 519 759 10 6 14 42 48 50 51 52 55 56 64 67 68 71 74 77 81 84 95
36 c 49 73 263 523 763 10 25 30 39 46 49 50 52 60 63 74 79 94 96 97
37 c 63 23 362 560 800 10 2 10 39 51 52 58 65 71 77 80 83 89 98
38 c 56 39 362 575 815 10 36 28 39 43 45 57 98 99
39 c 55 20 362 620 860 10 19 10 45 47 52 58 59 65 68 69 72 79 86 97 99
40 c 46 13 362 622 862 10 8 1 42 46 48 51 52 55 57 60 70 75 91 97
41 c 63 65 379 630 870 10 8 1 44 45 46 49 59 84 97 98
42 c 30 25 379 639 879 10 23 21 47 48 54 62 65 68 74 76 78 84 91 94
43 c 5 30 422 682 922 10 2 1 56 57 72 81 82 87 88 92 97
44 c 57 68 450 0 950 10 15 13 58 61 67 73 77 78 79 83 87 89 96
45 c 65 55 453 0 953 10 14 13 46 48 53 54 69 75 77 78 84 91
46 c 2 48 454 0 954 10 1 1 50 51 53 59 60 62 68 71 72 73 88 92
47 c 4 18 454 0 954 10 35 42 52 60 61 75 83
48 c 27 69 455 0 955 10 10 15 57 75 79 82 87 88 89 91 92 94 95 99
49 c 8 56 455 0 955 10 27 36 53 62 81 84 90 99
50 c 23 3 455 0 955 10 7 7 54 60 70 72 74 75 79 83 85 91 93 95 96
51 c 65 20 456 716 956 10 6 1 70 77
52 c 35 69 457 0 956 10 23 27 67 74 82 91 93
53 c 15 10 457 0 957 10 20 20 72 73 77 81 84 85 90 93 95 98
54 c 31 67 457 0 957 10 3 1 61 62 68 72 74 79 82 86 98 100
55 c 15 60 457 0 957 10 17 14 71 79 86 93 99 100
56 c 45 65 458 0 958 10 9 10 69 70 72 74 76 77 81 83 84 85 88 89 91 92 94 95
57 c 65 35 460 0 960 10 3 1 62 69 70 71 78 90 92
58 c 64 42 462 0 960 10 9 1 61 63 68 71 73 77 78 86 89 91 99
59 c 10 20 462 0 960 10 19 23 60 67 72 76 82 87 91 99
60 c 13 52 462 0 962 10 36 42 62 64 66 70 73 81 87 92 93 97
61 c 55 54 462 0 962 10 26 22 62 68 74 80 88 89 90
62 c 49 11 462 0 962 10 18 20 63 66 71 74 79 80 81 85 87 93 94
63 c 49 58 463 0 963 10 10 4 70 75 79 81 89 92 96 98 100
64 c 15 19 464 0 964 10 1 1 68 73 74 83 85 92 96 98
65 c 12 24 464 0 964 10 13 10 66 71 75 81 82 83
66 c 18 18 465 725 965 10 17 9 68 71 85 88 94
67 c 15 47 466 0 966 10 16 18 78 82 83 89 93 94 100
68 c 32 12 466 0 966 10 7 1 70 72 92 100
69 c 16 22 466 0 966 10 41 36 71 75 76 89 91 95
70 c 57 29 467 0 967 10 18 18 71 74 89 96 100
71 c 47 16 467 0 967 10 25 15 73 76 79 87 97
72 c 55 45 467 0 967 10 13 17 75 80 81 85 88 91 92 95 97 98
73 c 14 37 468 0 968 10 11 18 76 89 92 96 97 98
74 c 56 37 468 728 968 10 6 15 78 83 85 86 87 93 94 98 100
75 c 20 50 468 0 968 10 5 11 85 89 92 95
76 c 37 56 468 728 968 10 5 1 81 85 96
77 c 19 21 468 0 968 10 10 1 90 92 93
78 c 20 20 468 0 968 10 8 11 91
79 c 44 17 469 0 969 10 9 6 81 83 87 90
80 c 15 30 469 0 969 10 26 24 89 94 98 100
81 c 18 24 469 729 969 10 22 28 84 99
82 c 53 43 470 730 970 10 14 18
83 c 45 20 471 0 971 10 11 7 88 99
84 c 17 34 471 0 971 10 3 1 88
85 c 25 21 472 0 972 10 12 21 87 88 93 96
86 c 35 17 472 0 972 10 7 9 88 98
87 c 21 24 472 0 972 10 28 31 88 96
88 c 31 52 472 0 972 10 27 29 91 92 95
89 c 47 47 473 0 973 10 13 19 95 97 98
90 c 20 40 474 0 974 10 12 15 95 97 100
91 c 41 49 474 0 974 10 10 8 94 96 97
92 c 22 27 474 0 974 10 11 15 93 95 99 100
93 c 25 24 475 0 975 10 20 20 94
94 c 50 35 475 0 975 10 19 27 95 96 99
95 c 26 27 477 0 977 10 27 17
96 c 45 30 478 0 978 10 17 9 98
97 c 27 43 478 0 978 10 9 14
98 c 36 26 480 740 980 10 18 21 99 100
99 c 26 35 481 0 981 10 15 10
100 c 41 37 483 0 983 10 16 19

