StringID Type x y release ReadyTime DueDate ServiceTime weight volume Item_Conflitante1 Item_Conflitante2 Peso_Total Volume_Total
0 d 40 50 0 0 3390 0 0 0   700 700
1 c 52 75 0 311 471 90 10 10 16 24
2 c 45 70 0 213 373 90 30 21
3 c 62 69 0 1167 1327 90 10 8 17
4 c 60 66 0 1261 1421 90 10 8 5
5 c 42 65 0 25 185 90 10 19
6 c 16 42 0 497 657 90 20 26
7 c 58 70 0 1073 1233 90 20 24 18
8 c 28 52 0 22 182 90 20 10 22
9 c 30 50 0 10 170 90 10 10
10 c 25 50 0 116 276 90 10 19
11 c 14 66 870 1643 1803 90 10 1
12 c 15 75 870 1742 1902 90 20 29 14 17
13 c 15 80 870 1837 1997 90 10 8
14 c 20 85 870 1934 2094 90 40 42
15 c 22 85 870 2026 2186 90 10 5 18
16 c 25 85 870 2119 2279 90 20 21
17 c 20 80 870 2216 2376 90 40 41
18 c 18 75 870 2311 2471 90 20 10 21
19 c 22 75 870 2405 2565 90 30 40
20 c 22 66 1256 2504 2664 90 40 43
21 c 28 70 1256 2601 2761 90 10 5
22 c 35 69 1256 2698 2858 90 10 20
23 c 35 66 1256 2791 2951 90 10 3
24 c 34 60 1352 2887 3047 90 20 10
25 c 30 56 1448 2983 3143 90 20 13

