StringID Type x y release ReadyTime DueDate ServiceTime weight volume Item_Conflitante1 Item_Conflitante2 Item_Conflitante3 Peso_Total Volume_Total
0 d 40 50 0 0 240 0 0 0    200 200
1 c 38 5 0 65 95 10 30 20
2 c 40 5 0 67 97 10 10 11 13
3 c 42 10 0 72 102 10 40 50
4 c 44 5 0 87 117 10 20 12 19 22 25
5 c 0 40 0 72 102 10 20 22 13
6 c 2 40 0 58 88 10 20 13
7 c 5 45 0 35 65 10 10 5
8 c 8 40 1 59 89 10 40 45
9 c 8 45 1 64 94 10 20 18
10 c 15 75 1 79 109 10 20 26 15 23
11 c 20 85 1 41 71 10 20 14
12 c 22 75 1 50 80 10 30 20
13 c 15 80 1 91 121 10 10 10
14 c 10 35 1 91 121 10 20 21 22
15 c 40 15 19 92 122 10 40 43
16 c 18 75 19 95 125 10 20 27 17
17 c 22 85 19 109 139 10 10 16
18 c 10 40 29 119 149 10 30 20
19 c 42 15 32 122 152 10 10 2
20 c 20 80 51 141 171 10 40 49
21 c 5 35 52 142 172 10 10 20
22 c 25 85 55 145 175 10 20 29
23 c 38 15 58 148 178 10 10 12
24 c 0 45 59 149 179 10 20 25
25 c 35 5 64 154 184 10 20 15

