StringID Type x y release ReadyTime DueDate ServiceTime weight volume Item_Conflitante1 Item_Conflitante2 Peso_Total Volume_Total
0 d 40 50 0 0 1236 0 0 0   200 200
1 c 30 50 28 10 137 90 10 5
2 c 15 80 28 244 379 90 10 7
3 c 15 75 28 142 291 90 20 28 21
4 c 18 75 28 75 172 90 20 10
5 c 20 85 28 448 555 90 40 36 20
6 c 20 80 28 362 451 90 40 41
7 c 22 75 28 30 155 90 30 33
8 c 25 50 28 25 184 90 10 9 20
9 c 35 69 28 420 533 90 10 16
10 c 25 52 28 142 251 90 40 45
11 c 38 68 28 220 359 90 20 27 16 19
12 c 40 66 28 142 253 90 20 26 21
13 c 42 65 28 15 120 90 10 9 18
14 c 42 66 28 25 186 90 10 3 25
15 c 35 66 28 331 436 90 10 13
16 c 38 70 28 499 640 90 10 20
17 c 22 85 28 541 646 90 10 1
18 c 40 69 301 580 743 90 20 13
19 c 25 85 301 617 756 90 20 21 25
20 c 28 55 301 709 800 90 10 3
21 c 42 68 301 699 810 90 10 7
22 c 45 70 301 802 893 90 30 21
23 c 28 52 301 776 919 90 20 24
24 c 30 52 373 888 991 90 20 23
25 c 45 68 376 885 994 90 10 2

