StringID Type x y release ReadyTime DueDate ServiceTime weight volume Item_Conflitante1 Peso_Total Volume_Total
0 d 40 50 0 0 1236 0 0 0  200 200
1 c 30 50 42 10 190 90 10 19
2 c 15 80 42 222 402 90 10 8
3 c 15 75 42 127 307 90 20 29 22
4 c 18 75 42 34 214 90 20 18
5 c 20 85 42 412 592 90 40 33
6 c 20 80 42 317 497 90 40 47
7 c 22 75 42 30 210 90 30 31
8 c 25 50 42 15 195 90 10 2
9 c 35 69 42 387 567 90 10 14
10 c 25 52 42 107 287 90 40 37
11 c 38 68 42 200 380 90 20 18
12 c 40 66 42 108 288 90 20 28
13 c 42 65 42 15 195 90 10 10
14 c 42 66 42 16 196 90 10 6 19
15 c 35 66 42 294 474 90 10 6
16 c 38 70 42 480 660 90 10 10
17 c 22 85 227 504 684 90 10 1 18
18 c 40 69 227 572 752 90 20 26
19 c 25 85 227 597 777 90 20 26
20 c 42 68 227 665 845 90 10 11
21 c 28 55 227 665 845 90 10 12 24
22 c 45 70 320 758 938 90 30 25
23 c 28 52 320 758 938 90 20 23
24 c 45 68 412 850 1030 90 10 1
25 c 30 52 412 850 1030 90 20 26

