StringID Type x y release ReadyTime DueDate ServiceTime weight volume Item_Conflitante1 Item_Conflitante2 Peso_Total Volume_Total
0 d 40 50 0 0 240 0 0 0   200 200
1 c 38 5 0 65 95 10 30 26
2 c 2 40 0 58 88 10 20 19 14
3 c 5 45 0 35 65 10 10 6
4 c 8 40 5 59 89 10 40 48
5 c 42 10 5 72 102 10 40 32
6 c 44 5 5 87 117 10 20 30
7 c 0 40 5 72 102 10 20 24
8 c 10 35 5 91 121 10 20 19
9 c 15 80 5 91 121 10 10 10
10 c 40 15 5 92 122 10 40 45 22
11 c 18 75 5 95 125 10 20 30
12 c 10 40 32 119 149 10 30 40
13 c 42 15 32 122 152 10 10 20 23
14 c 20 80 51 141 171 10 40 46 16 20
15 c 5 35 52 142 172 10 10 18
16 c 38 15 58 148 178 10 10 1
17 c 0 45 59 149 179 10 20 21
18 c 35 5 64 154 184 10 20 29
19 c 40 5 65 0 185 10 10 13
20 c 20 85 69 0 189 10 20 27
21 c 22 85 70 0 190 10 10 1 25
22 c 25 85 71 0 191 10 20 10
23 c 15 75 74 0 194 10 20 15
24 c 8 45 77 0 197 10 20 17
25 c 22 75 79 0 199 10 30 25

