StringID Type x y release ReadyTime DueDate ServiceTime weight volume Item_Conflitante1 Item_Conflitante2 Item_Conflitante3 Peso_Total Volume_Total
0 d 35 35 0 0 230 0 0 0    200 200
1 c 55 5 2 58 88 10 29 20
2 c 30 5 2 51 81 10 8 1 11
3 c 20 65 2 57 87 10 12 18
4 c 10 43 2 85 115 10 9 11
5 c 55 60 2 87 117 10 16 8
6 c 55 20 64 139 169 10 19 18 19 20
7 c 30 25 64 149 179 10 23 20 12 17 18
8 c 65 20 71 156 186 10 6 3 14
9 c 15 10 72 0 187 10 20 23 10 17
10 c 15 60 72 0 187 10 17 8
11 c 45 65 73 0 188 10 9 13
12 c 5 30 75 0 189 10 2 1
13 c 65 35 75 0 190 10 3 8
14 c 10 20 75 0 190 10 19 27 16
15 c 45 10 78 0 193 10 18 8
16 c 30 60 79 0 194 10 16 25
17 c 55 45 82 0 197 10 13 23
18 c 20 50 83 0 198 10 5 7
19 c 15 30 84 0 199 10 26 33
20 c 45 20 86 0 201 10 11 14
21 c 35 17 87 0 202 10 7 16
22 c 20 40 89 0 204 10 12 10
23 c 41 49 89 0 204 10 10 1
24 c 50 35 90 0 205 10 19 25
25 c 25 30 93 0 208 10 3 1

