StringID Type x y release ReadyTime DueDate ServiceTime weight volume Item_Conflitante1 Peso_Total Volume_Total
0 d 35 35 0 0 230 0 0 0  200 200
1 c 55 5 0 68 78 10 29 33
2 c 30 5 0 61 71 10 8 12 10
3 c 20 65 0 67 77 10 12 12
4 c 55 60 0 97 107 10 16 14 14
5 c 10 43 0 95 105 10 9 19
6 c 55 20 54 149 159 10 19 21
7 c 30 25 54 159 169 10 23 31 20
8 c 65 20 67 172 182 10 6 1
9 c 15 10 72 0 187 10 20 30
10 c 15 60 72 0 187 10 17 27
11 c 45 65 73 0 188 10 9 9
12 c 5 30 75 0 189 10 2 5
13 c 65 35 75 0 190 10 3 9 17
14 c 10 20 75 0 190 10 19 26
15 c 45 10 78 0 193 10 18 24 19
16 c 30 60 79 0 194 10 16 19
17 c 55 45 82 0 197 10 13 9
18 c 20 50 83 0 198 10 5 10
19 c 15 30 84 0 199 10 26 30
20 c 45 20 86 0 201 10 11 20
21 c 35 17 87 0 202 10 7 7
22 c 20 40 89 0 204 10 12 3 25
23 c 41 49 89 0 204 10 10 16
24 c 50 35 90 0 205 10 19 23
25 c 25 30 93 0 208 10 3 1

