StringID Type x y release ReadyTime DueDate ServiceTime weight volume Item_Conflitante1 Peso_Total Volume_Total
0 d 40 50 0 0 1236 0 0 0  200 200
1 c 20 80 0 384 429 90 40 46
2 c 22 75 0 30 92 90 30 32 9
3 c 35 69 0 448 505 90 10 8
4 c 38 70 0 534 605 90 10 20 24
5 c 38 68 0 255 324 90 20 20
6 c 25 52 0 169 224 90 40 46
7 c 28 55 164 732 777 90 10 9
8 c 42 68 164 727 782 90 10 1
9 c 20 85 515 0 1105 90 40 49
10 c 15 80 515 0 1106 90 10 6
11 c 22 85 515 0 1106 90 10 15
12 c 25 85 515 0 1107 90 20 24
13 c 15 75 515 0 1110 90 20 14
14 c 18 75 515 0 1112 90 20 12
15 c 45 70 515 0 1125 90 30 20
16 c 45 68 515 0 1127 90 10 5
17 c 40 69 515 0 1127 90 20 28 25
18 c 42 66 515 0 1129 90 10 20
19 c 35 66 515 0 1129 90 10 7
20 c 42 65 515 0 1130 90 10 4
21 c 40 66 515 0 1130 90 20 18
22 c 25 50 515 0 1131 90 10 20
23 c 28 52 515 0 1133 90 20 26
24 c 30 52 517 0 1135 90 20 28
25 c 30 50 518 0 1136 90 10 14

