StringID Type x y release ReadyTime DueDate ServiceTime weight volume Item_Conflitante1 Peso_Total Volume_Total
0 d 40 50 0 0 960 0 0 0  1000 1000
1 c 38 5 28 201 321 10 30 35
2 c 40 5 28 215 335 10 10 2
3 c 42 10 28 254 374 10 40 43
4 c 44 5 28 335 455 10 20 11
5 c 0 40 28 255 375 10 20 18
6 c 2 40 28 174 294 10 20 24 15
7 c 5 45 28 35 155 10 10 13
8 c 8 40 28 195 315 10 40 37
9 c 8 45 28 223 343 10 20 20 10
10 c 15 75 28 300 420 10 20 18
11 c 20 85 28 73 193 10 20 23
12 c 22 75 28 152 272 10 30 22
13 c 15 80 28 367 487 10 10 16
14 c 10 35 28 371 491 10 20 16
15 c 40 15 28 375 495 10 40 38
16 c 18 75 28 388 508 10 20 16
17 c 22 85 177 471 591 10 10 10
18 c 10 40 177 519 639 10 30 40
19 c 42 15 177 537 657 10 10 20
20 c 20 80 321 644 764 10 40 46
21 c 5 35 321 653 773 10 10 20
22 c 25 85 321 673 793 10 20 18 24
23 c 38 15 321 681 801 10 10 17
24 c 0 45 343 703 823 10 20 11
25 c 35 5 424 784 904 10 20 18

