StringID Type x y release ReadyTime DueDate ServiceTime weight volume Item_Conflitante1 Item_Conflitante2 Peso_Total Volume_Total
0 d 35 35 0 0 230 0 0 0   200 200
1 c 55 5 4 58 88 10 29 20 18 21
2 c 45 20 4 52 82 10 11 11
3 c 15 60 4 66 96 10 17 10
4 c 20 40 4 77 107 10 12 3
5 c 10 20 4 65 95 10 19 26
6 c 30 5 4 51 81 10 8 6
7 c 15 10 4 32 62 10 20 11
8 c 20 65 4 57 87 10 12 3 18
9 c 50 35 4 53 83 10 19 28
10 c 10 43 4 85 115 10 9 4
11 c 20 50 4 71 101 10 5 1
12 c 15 30 4 24 54 10 26 33
13 c 35 17 4 40 70 10 7 1 18
14 c 45 10 4 87 117 10 18 26
15 c 55 60 4 87 117 10 16 25
16 c 25 30 4 89 119 10 3 8
17 c 55 45 31 106 136 10 13 4
18 c 30 60 31 114 144 10 16 25
19 c 45 65 31 116 146 10 9 8
20 c 55 20 54 139 169 10 19 29
21 c 65 35 58 143 173 10 3 2
22 c 5 30 62 147 177 10 2 1
23 c 30 25 64 149 179 10 23 28
24 c 41 49 66 151 181 10 10 6
25 c 65 20 71 156 186 10 6 13

