StringID Type x y release ReadyTime DueDate ServiceTime weight volume Item_Conflitante1 Item_Conflitante2 Item_Conflitante3 Item_Conflitante4 Item_Conflitante5 Item_Conflitante6 Item_Conflitante7 Item_Conflitante8 Item_Conflitante9 Item_Conflitante10 Item_Conflitante11 Item_Conflitante12 Item_Conflitante13 Item_Conflitante14 Item_Conflitante15 Item_Conflitante16 Item_Conflitante17 Item_Conflitante18 Item_Conflitante19 Item_Conflitante20 Item_Conflitante21 Item_Conflitante22 Item_Conflitante23 Item_Conflitante24 Item_Conflitante25 Item_Conflitante26 Item_Conflitante27 Item_Conflitante28 Item_Conflitante29 Item_Conflitante30 Item_Conflitante31 Item_Conflitante32 Item_Conflitante33 Item_Conflitante34 Item_Conflitante35 Item_Conflitante36 Item_Conflitante37 Item_Conflitante38 Item_Conflitante39 Item_Conflitante40 Item_Conflitante41 Item_Conflitante42 Item_Conflitante43 Item_Conflitante44 Item_Conflitante45 Item_Conflitante46 Item_Conflitante47 Item_Conflitante48 Item_Conflitante49 Item_Conflitante50 Item_Conflitante51 Item_Conflitante52 Item_Conflitante53 Item_Conflitante54 Item_Conflitante55 Item_Conflitante56 Item_Conflitante57 Item_Conflitante58 Peso_Total Volume_Total
0 d 40 50 0 0 1236 0 0 0                                                           200 200
1 c 32 30 0 359 412 90 10 18 3 5 8 9 10 11 12 13 14 15 17 21 23 27 30 31 32 33 41 46 50 52 54 59 60 63 66 67 71 73 74 75 78 79 90 94 95 96 98 100
2 c 44 5 0 286 347 90 20 27 3 4 7 10 12 15 16 17 19 20 21 25 27 29 30 32 33 34 36 39 41 43 46 47 51 52 53 54 55 61 64 67 69 70 73 74 81 83 84 85 86 91 92 93 94 95 98 99 100
3 c 20 80 0 384 429 90 40 33 4 9 10 11 14 15 20 23 24 25 31 32 33 34 36 37 38 39 43 45 50 51 52 53 55 56 58 59 61 63 65 66 71 73 74 76 77 78 80 82 86 87 90 91 92 96 99
4 c 42 15 0 95 158 90 10 10 5 6 10 12 13 15 16 17 18 19 20 24 25 26 27 30 31 32 35 36 37 38 39 40 41 42 44 45 46 47 48 49 51 60 61 65 67 68 69 71 72 73 75 76 77 78 81 82 83 85 86 91 92 93 96 98 99 100
5 c 22 75 0 30 92 90 30 21 7 8 9 10 11 14 16 18 19 22 23 25 27 29 33 37 39 41 42 44 45 47 50 52 53 55 62 63 66 72 74 75 80 82 83 84 85 86 90 92 96 97 98
6 c 38 5 0 471 534 90 30 33 7 9 11 12 15 18 19 23 24 25 26 27 29 32 33 35 36 37 38 43 45 47 49 53 57 58 59 63 71 72 74 76 80 83 84 85 87 88 93 97 98
7 c 35 69 0 448 505 90 10 2 9 10 13 15 16 18 21 23 24 25 27 28 29 32 34 38 39 42 45 49 51 52 53 54 56 58 59 61 66 68 70 72 74 75 76 83 84 94 97 99
8 c 50 35 0 262 317 90 20 22 9 10 12 13 14 16 20 21 22 23 24 25 28 29 30 31 32 34 36 38 39 42 43 46 48 49 50 51 53 54 55 56 57 62 63 64 66 67 70 72 73 75 76 79 81 84 86 87 88 89 91 92 95 96 99 100
9 c 38 70 0 534 605 90 10 4 14 15 16 21 24 25 29 30 32 36 37 38 39 40 41 42 43 44 45 48 51 52 53 54 55 60 62 63 64 65 71 72 75 76 77 78 80 81 84 85 87 90 91 92 94 95 96 100
10 c 38 68 0 255 324 90 20 14 13 14 15 16 17 19 20 21 22 27 30 31 32 35 36 38 44 46 47 49 51 54 55 59 60 61 63 65 71 72 73 75 76 77 78 79 80 81 82 85 86 87 88 90 92 94 96 97 99 100
11 c 47 40 0 12 77 90 10 10 12 21 22 24 26 30 32 33 34 35 38 39 43 44 48 49 51 57 59 60 61 62 65 66 67 69 72 73 74 77 79 80 83 86 88 90 91 94 95 98 99
12 c 53 35 0 353 412 90 50 43 13 14 15 16 19 20 22 24 25 27 31 34 35 38 39 40 41 43 46 47 48 51 53 54 55 57 59 60 61 62 63 64 65 67 69 73 76 79 81 82 84 85 86 87 88 90 91 92 93 100
13 c 90 35 0 203 260 90 10 19 15 17 20 24 25 28 31 34 35 36 37 39 41 43 44 45 46 48 53 54 57 60 62 63 64 65 69 70 71 72 73 74 75 76 79 82 85 86 87 88 89 92 93 94 97 99
14 c 70 58 0 458 523 90 20 28 15 16 18 19 21 23 24 28 29 33 34 35 36 37 39 40 43 44 48 50 51 54 56 57 61 66 67 70 72 74 75 76 79 82 85 88 91 93 94 95 96 97 99
15 c 65 55 0 85 144 90 20 22 17 20 21 24 26 27 29 31 32 33 35 37 38 39 40 41 42 44 46 48 49 50 59 62 67 69 74 75 76 77 82 84 85 86 88 91 93 94 99 100
16 c 67 85 0 368 441 90 20 12 17 18 22 24 26 29 30 31 35 37 38 40 41 44 49 53 54 56 57 60 61 62 63 64 66 68 69 71 75 76 77 78 80 81 83 84 89 90 93 94 95 96 98
17 c 0 40 0 479 522 90 30 38 18 19 22 25 28 31 33 34 37 40 41 43 45 46 47 50 51 52 53 54 55 57 58 65 68 71 72 73 74 75 76 77 78 79 84 85 86 87 88 93 94 95 96 99 100
18 c 25 52 0 169 224 90 40 47 19 22 25 28 30 31 32 33 34 36 37 38 42 43 45 46 47 50 52 55 58 62 66 67 73 75 76 77 78 80 84 87 88 92 93 96 100
19 c 88 30 202 574 643 90 10 7 20 21 24 25 26 28 34 36 42 43 46 47 48 49 53 54 55 59 60 61 64 69 74 75 76 79 82 83 85 86 87 88 89 91 92 93 94 96 97 100
20 c 55 85 202 647 726 90 20 28 21 23 24 25 26 28 31 32 34 37 42 44 46 47 48 49 52 53 54 55 56 57 58 60 62 68 69 70 72 73 75 76 77 79 81 82 83 86 90 92 99
21 c 87 30 202 668 731 90 10 2 22 25 27 28 32 34 35 37 39 42 43 44 46 49 50 51 52 54 56 57 59 60 61 62 63 70 72 73 74 76 77 80 82 83 86 87 90 91 93 94 99 100
22 c 28 55 202 732 777 90 10 8 23 24 27 28 30 32 33 34 37 38 40 41 44 45 46 47 51 52 53 55 57 58 59 60 61 65 68 69 72 73 75 79 82 90 91 92
23 c 42 68 202 727 782 90 10 11 24 25 26 27 28 29 32 38 41 42 44 45 46 47 50 52 53 54 57 58 60 62 63 65 66 67 68 69 70 73 74 76 78 86 87 89 93 96 98 100
24 c 55 80 202 743 820 90 10 9 26 27 29 30 33 34 36 37 39 41 42 46 47 48 52 56 60 61 62 65 66 67 71 74 76 81 85 95 96 97 98
25 c 45 35 469 916 969 90 10 18 27 29 30 31 32 35 38 41 42 44 50 51 52 53 54 55 57 64 66 67 71 75 78 81 82 83 84 85 88 91 92 93 98 99 100
26 c 95 30 469 0 1087 90 30 37 27 31 32 33 34 37 43 47 51 52 55 56 58 59 60 62 63 64 66 67 70 73 76 78 80 81 82 85 86 90 91 93 95 96 97 98 100
27 c 95 35 505 0 1088 90 20 13 33 36 38 39 40 41 43 46 48 50 51 53 54 55 56 57 60 62 63 64 67 69 70 72 74 75 76 79 80 82 83 85 86 89 91 92 93 94 95 99 100
28 c 92 30 505 0 1090 90 10 14 31 33 34 35 40 43 44 45 47 48 54 55 57 58 59 61 62 63 64 68 69 70 71 72 73 74 78 80 81 85 88 89 91 92 94 95 96
29 c 85 25 505 0 1094 90 10 8 31 33 34 35 40 41 42 44 45 46 47 52 57 58 59 63 64 66 69 72 74 75 76 77 78 79 83 84 85 86 87 88 89 95 97
30 c 88 35 505 0 1095 90 20 13 32 33 34 35 36 38 41 46 47 48 50 51 55 57 60 61 64 65 67 69 70 72 73 74 77 79 80 81 83 85 86 87 88 89 90 91 92 94 97 99
31 c 85 35 505 0 1098 90 30 21 35 37 38 40 41 42 43 44 45 46 48 50 51 54 56 57 58 59 60 62 63 64 65 67 69 70 71 72 73 75 77 82 83 86 87 89 91 93 94 95 98
32 c 35 5 505 0 1100 90 20 19 34 37 40 42 44 48 50 54 56 58 59 60 61 62 63 64 69 70 71 72 77 78 81 86 87 88 89 93 97 98 99
33 c 40 5 505 0 1101 90 30 20 36 38 40 42 43 44 45 46 48 51 53 54 55 56 57 59 60 63 64 67 68 70 71 73 76 78 79 80 84 89 90 91 95 97 100
34 c 65 85 505 0 1102 90 40 49 38 39 43 46 50 54 55 57 59 60 61 62 63 66 69 70 73 75 76 77 80 81 86 87 90 93 94 96 97 98 99 100
35 c 60 85 505 0 1105 90 30 20 36 38 40 41 42 43 45 55 57 58 59 60 64 65 66 67 68 69 71 75 78 81 82 83 86 87 88 89 95 97 99 100
36 c 20 85 505 0 1105 90 40 32 38 40 42 43 44 46 47 50 54 55 57 58 61 68 69 72 75 76 78 80 81 83 85 86 87 89 92 95 96 97 99 100
37 c 42 10 505 0 1105 90 40 43 42 43 44 47 49 50 51 55 57 59 60 62 64 65 68 70 74 76 79 81 83 85 86 87 91 92 94 98 100
38 c 0 45 505 0 1105 90 20 13 41 43 44 49 51 52 53 54 59 60 61 62 64 69 72 73 74 76 80 81 82 84 86 87 89 90 91 92 94 95 96 97 99 100
39 c 65 82 505 0 1105 90 10 1 42 43 45 46 52 53 55 56 57 59 61 63 64 67 68 69 74 75 76 78 79 80 82 86 88 89 92 93 95
40 c 2 40 505 0 1106 90 20 16 43 44 45 46 47 51 53 54 56 59 63 64 65 68 69 70 72 75 76 79 80 83 85 86 87 88 89 94 96 99
41 c 15 80 505 0 1106 90 10 7 42 44 45 51 53 54 59 63 64 65 67 68 69 70 72 73 75 76 78 79 83 84 85 86 87 92 94 95 99
42 c 22 85 505 0 1106 90 10 18 44 47 48 49 50 51 53 54 57 58 59 63 64 66 67 71 72 74 75 76 77 82 83 84 85 86 87 88 89 91 92 93 99
43 c 5 35 505 0 1107 90 10 13 45 46 48 49 50 53 55 57 58 63 66 72 74 75 77 79 81 82 83 84 85 86 87 88 89 90 91 92 93 95 96 98 99
44 c 25 85 505 0 1107 90 20 15 45 46 47 48 51 52 55 67 68 69 75 78 81 86 92 93 96 99 100
45 c 62 80 505 0 1108 90 30 23 47 48 50 51 52 54 55 58 61 64 65 67 68 69 70 72 73 75 76 77 78 79 80 81 82 85 87 89 90 92 93 97 99 100
46 c 60 80 505 0 1109 90 10 14 51 52 54 55 57 62 63 64 65 66 71 72 73 76 77 78 79 83 85 88 89 98 100
47 c 75 55 505 0 1110 90 20 15 48 50 52 53 54 55 57 58 60 61 62 64 65 66 68 69 72 73 74 79 80 87 88 91 92 96 99 100
48 c 15 75 505 0 1110 90 20 17 49 50 54 56 57 61 62 64 66 67 69 71 73 78 81 82 85 86 88 91 93 94 97 99
49 c 5 45 505 0 1110 90 10 5 52 54 55 56 57 58 61 64 67 68 69 71 72 73 74 76 78 80 81 82 88 89 92 95 97 100
50 c 38 15 505 0 1110 90 10 3 51 53 56 59 61 62 64 68 69 70 74 78 79 80 81 82 83 84 85 87 88 90 91 92 93 95 98 99 100
51 c 40 15 505 0 1111 90 40 43 54 55 56 57 63 64 65 68 69 70 71 72 74 75 78 79 80 81 83 87 89 91 92 93 95 96 98
52 c 8 40 505 0 1112 90 40 42 53 54 55 58 60 62 63 64 69 71 75 76 82 85 86 87 88 89 90 92 94 95 96 99
53 c 18 75 505 0 1112 90 20 27 57 60 65 67 68 70 71 72 73 74 75 76 77 78 79 80 81 82 92 93 94 95 96 100
54 c 10 35 505 0 1112 90 20 19 55 57 61 62 64 66 69 71 73 75 76 79 80 86 87 90 94 96 98 99 100
55 c 72 55 505 0 1113 90 10 17 57 58 59 60 61 65 66 67 68 71 73 74 76 84 85 88 89 90 91 94 95 96 99
56 c 8 45 505 0 1113 90 20 18 57 58 64 66 68 70 71 76 79 81 83 85 87 88 94 96
57 c 10 40 505 0 1114 90 30 35 58 60 61 64 68 70 73 74 75 77 78 79 81 87 90 91 93 94 96 97 98 100
58 c 58 75 505 0 1115 90 20 20 59 60 61 64 67 68 72 75 76 80 81 82 88 89 95 98
59 c 68 60 505 0 1116 90 30 23 62 63 65 66 70 71 72 74 76 77 78 79 80 82 83 89 90 92 93 94 95 97 98 100
60 c 66 55 505 0 1119 90 10 6 66 68 72 74 76 77 79 80 85 89 92 93 94 96 97 98
61 c 65 60 505 0 1119 90 30 40 63 65 66 72 75 78 80 82 86 87 89 90 92 94 99
62 c 63 58 505 0 1121 90 10 10 64 65 66 67 68 73 76 77 79 81 82 85 86 87 88 93 94 95 97
63 c 25 30 505 0 1121 90 10 1 64 65 71 72 73 79 80 81 83 84 87 89 93 94 96 98 99
64 c 28 30 505 0 1122 90 10 1 69 72 78 82 85 88 89 90 95 96 98
65 c 53 30 505 0 1122 90 10 1 66 67 68 74 75 77 78 82 84 86 87 89 93 94 97 100
66 c 60 60 505 0 1123 90 10 9 67 70 74 77 83 85 86 87 88 92 93 94 99 100
67 c 26 32 505 0 1123 90 10 19 68 69 70 71 73 74 75 77 78 81 84 89 92 98 100
68 c 50 30 505 0 1123 90 10 10 70 72 73 74 75 80 84 85 86 88 89 94 99 100
69 c 30 30 505 0 1123 90 10 14 72 75 76 81 83 85 89 91 93 94 97 99
70 c 48 30 506 0 1124 90 10 12 71 73 78 88 90 91 92 95 96 98 99
71 c 25 35 506 0 1124 90 10 10 73 74 76 77 79 83 84 85 87 90 95 96 98 99
72 c 30 32 507 0 1125 90 30 32 74 78 79 82 83 84 85 86 90 91 94 96 98 99 100
73 c 35 30 507 0 1125 90 10 2 78 79 81 83 85 86 89 91 93 99
74 c 45 70 510 0 1125 90 30 22 79 85 87 91 92 93 95 97 98
75 c 60 55 510 0 1125 90 10 10 77 78 79 80 81 91 92 94 95 96
76 c 45 30 510 0 1125 90 10 19 79 83 84 86 89 90 92 93 96 97 100
77 c 20 55 510 0 1125 90 10 14 79 81 82 83 84 86 87 88 89 91 92 94 95 96 97 99 100
78 c 20 50 510 0 1126 90 10 3 81 85 87 90 93 94 97 100
79 c 28 35 510 0 1126 90 10 8 80 81 82 83 84 85 86 87 88 91 92 93 95 96 98 100
80 c 33 32 510 0 1126 90 20 16 83 85 86 92 95 96 97 99
81 c 40 69 510 0 1127 90 20 29 84 85 90 92 93 94 96 99 100
82 c 45 68 510 0 1127 90 10 17 85 90 91 94 97 99
83 c 30 35 510 0 1127 90 10 15 84 85 88 91 92 93 94 95 98
84 c 35 32 510 0 1127 90 10 11 85 86 89 90 92 94 95 97 98 99
85 c 23 55 510 0 1128 90 20 18 87 91 92 93 95 96 97 98
86 c 23 52 510 0 1128 90 10 5 88 89 90 91 92 94 97 100
87 c 42 66 511 0 1129 90 10 17 89 90 91 94 96 97 98 99 100
88 c 35 66 511 0 1129 90 10 6 92 96 97 98
89 c 47 35 511 0 1129 90 10 9 91 92 94 96 97 98
90 c 33 35 511 0 1129 90 10 6 91 95 97 99
91 c 40 66 512 0 1130 90 20 17 92 93 97 100
92 c 42 65 512 0 1130 90 10 11 93 95 96
93 c 45 65 512 0 1130 90 20 12 94 95 96 97 99
94 c 25 55 512 0 1130 90 10 8 96 99 100
95 c 50 40 513 0 1131 90 50 42 96 98 99
96 c 25 50 513 0 1131 90 10 14
97 c 48 40 515 0 1133 90 10 2 99 100
98 c 28 52 515 0 1133 90 20 30
99 c 30 52 517 0 1135 90 20 28 100
100 c 30 50 518 0 1136 90 10 20

