StringID Type x y release ReadyTime DueDate ServiceTime weight volume Item_Conflitante1 Item_Conflitante2 Item_Conflitante3 Item_Conflitante4 Item_Conflitante5 Item_Conflitante6 Item_Conflitante7 Item_Conflitante8 Item_Conflitante9 Item_Conflitante10 Item_Conflitante11 Item_Conflitante12 Item_Conflitante13 Item_Conflitante14 Item_Conflitante15 Item_Conflitante16 Item_Conflitante17 Item_Conflitante18 Item_Conflitante19 Item_Conflitante20 Item_Conflitante21 Item_Conflitante22 Item_Conflitante23 Item_Conflitante24 Item_Conflitante25 Item_Conflitante26 Item_Conflitante27 Item_Conflitante28 Item_Conflitante29 Item_Conflitante30 Item_Conflitante31 Item_Conflitante32 Item_Conflitante33 Item_Conflitante34 Item_Conflitante35 Item_Conflitante36 Item_Conflitante37 Item_Conflitante38 Item_Conflitante39 Item_Conflitante40 Item_Conflitante41 Item_Conflitante42 Item_Conflitante43 Item_Conflitante44 Item_Conflitante45 Item_Conflitante46 Item_Conflitante47 Item_Conflitante48 Item_Conflitante49 Item_Conflitante50 Item_Conflitante51 Item_Conflitante52 Item_Conflitante53 Item_Conflitante54 Item_Conflitante55 Peso_Total Volume_Total
0 d 40 50 0 0 3390 0 0 0                                                        700 700
1 c 5 35 0 377 1534 90 10 1 2 8 9 11 12 13 14 15 16 19 21 22 25 27 28 29 34 35 39 40 44 46 48 49 50 51 58 60 64 65 66 68 69 71 73 74 76 77 78 85 86 87 90 92 93 94 97 99
2 c 2 40 0 494 1607 90 20 13 3 5 8 9 11 12 14 15 16 19 21 24 26 28 29 30 31 34 35 36 38 40 41 46 47 48 49 50 54 56 57 58 60 62 63 68 69 70 72 73 75 77 78 79 83 87 89 90 91 92 93 94 96 99 100
3 c 0 40 0 637 1648 90 30 35 4 9 11 12 16 17 18 23 25 28 30 38 39 40 42 44 46 48 51 52 53 55 58 59 62 63 65 66 67 68 69 71 72 74 75 81 82 83 84 88 89 90 91 93 95
4 c 0 45 0 834 1641 90 20 11 8 12 16 17 19 24 27 29 30 31 32 36 37 47 50 51 54 55 56 58 63 66 67 68 71 73 75 78 79 80 82 83 86 90 93 94 95 96 99
5 c 48 20 0 812 1281 90 10 20 6 11 12 14 16 17 18 21 23 25 27 30 31 33 35 36 37 39 40 44 47 48 49 50 51 52 53 58 62 63 65 66 67 68 69 70 72 74 77 78 79 80 82 85 90 91 93 95 97 98 100
6 c 55 80 0 379 594 90 10 1 7 10 13 14 16 19 22 23 29 31 32 33 35 37 38 39 42 43 45 47 48 51 53 54 55 56 57 60 63 64 66 69 70 72 74 75 76 77 78 79 81 84 88 89 90 92 94 95 97 98 100
7 c 44 5 0 1078 1593 90 20 11 8 10 11 12 13 15 16 18 20 22 26 27 29 30 31 36 37 39 41 42 43 49 50 51 52 56 57 59 61 62 64 67 68 70 71 72 74 78 81 89 90 91 93 94 95 97 100
8 c 42 10 0 998 1481 90 40 33 9 10 11 13 16 18 21 22 24 25 31 33 37 38 39 40 41 42 43 44 47 49 51 54 55 57 58 60 63 64 68 69 70 73 75 76 79 80 81 85 87 93 96 97 99
9 c 42 15 0 897 1392 90 10 18 11 13 15 17 20 23 24 25 26 28 29 30 31 33 34 35 36 38 39 41 42 46 49 50 51 53 56 57 58 59 61 62 64 72 73 77 81 84 89 90 93 94
10 c 50 30 0 223 738 90 10 4 13 16 22 23 24 27 31 33 35 39 40 41 42 43 51 52 53 54 56 57 59 60 61 62 64 65 68 69 71 72 77 80 82 83 86 87 88 91 93 97 98 99
11 c 50 35 0 18 474 90 20 26 16 17 19 23 25 26 30 31 32 33 35 38 41 42 45 47 49 50 51 54 55 57 58 65 66 67 68 70 74 76 77 79 81 84 86 88 89 92 100
12 c 50 40 0 14 360 90 50 56 14 16 18 20 21 23 28 29 31 32 33 34 35 36 38 40 45 49 51 53 55 56 60 62 69 71 75 76 79 80 81 82 84 85 86 87 88 90 91 94 96
13 c 48 30 0 246 899 90 10 11 15 18 24 29 31 33 34 35 36 41 42 43 46 47 48 49 53 54 55 56 63 64 66 67 69 75 78 81 82 83 88 92 93 94 95 96 98 99
14 c 44 25 0 704 1197 90 10 17 15 18 20 21 22 24 25 28 32 33 35 36 38 40 41 42 44 46 47 52 54 55 62 63 64 65 68 73 75 80 81 83 85 88 89 91 92
15 c 47 35 0 393 942 90 10 8 17 18 19 20 21 24 25 27 30 32 33 34 35 40 41 42 45 46 50 52 53 56 57 58 59 61 63 64 66 68 71 72 75 84 86 87 92 93 95 98 99 100
16 c 47 40 0 12 424 90 10 18 17 18 19 20 21 24 25 28 29 32 34 37 39 42 43 44 46 50 51 55 56 58 61 62 67 70 75 76 80 81 85 86 87 88 90 91 92 95 96 100
17 c 42 30 0 641 1070 90 10 20 18 20 21 23 24 26 27 34 38 41 45 48 49 54 55 56 57 59 60 61 64 65 68 70 71 72 73 78 80 84 87 89 90 91 92 96 99 100
18 c 45 35 0 534 985 90 10 11 19 20 22 26 27 28 30 31 35 36 37 42 43 51 52 53 54 55 56 57 58 60 61 63 64 65 67 74 77 81 82 84 85 86 90 94 97 99
19 c 53 30 0 131 644 90 10 15 21 22 23 24 25 27 28 30 38 39 41 46 48 50 54 55 57 58 60 61 63 65 67 68 75 76 77 79 80 81 82 86 88 89 92 93 95 97 99 100
20 c 53 35 0 87 498 90 50 47 22 23 24 28 29 30 32 33 36 39 40 41 42 44 45 46 47 50 53 57 58 61 63 64 65 66 68 70 72 76 78 81 83 84 86 87 88 89 93 94 95
21 c 45 65 0 49 346 90 20 29 22 23 24 31 33 36 42 49 51 53 56 59 60 61 62 63 64 66 67 69 74 75 77 78 81 82 83 93 98 99
22 c 56 64 0 1275 1594 90 10 7 23 24 25 26 27 28 31 32 35 36 38 40 43 44 45 47 48 49 50 52 56 57 59 62 63 64 67 69 70 75 77 83 84 85 86 88 93 95 96 97 99 100
23 c 60 60 0 1440 1621 90 10 3 24 25 26 27 28 33 35 36 37 38 39 41 44 47 48 50 51 56 57 65 66 67 68 71 72 74 79 80 82 83 89 90 91 95 96 98
24 c 67 85 0 646 901 90 20 27 26 27 28 29 30 33 34 36 38 40 41 42 43 44 49 50 53 55 56 57 58 60 62 63 67 68 69 70 73 75 77 78 79 81 82 83 84 85 86 89 90 91 93 94 95 97 99 100
25 c 42 58 0 8 258 90 40 41 27 28 30 37 38 39 42 43 44 45 46 48 49 50 56 57 58 60 62 64 65 68 69 70 73 74 75 78 81 82 84 86 91 92 93 96 98 100
26 c 65 82 0 708 1027 90 10 5 29 30 31 32 36 39 41 43 44 46 47 49 50 51 52 53 56 57 59 61 62 63 64 65 67 71 73 74 77 81 83 84 87 89 91 92 93 94 95 97
27 c 62 80 0 852 1069 90 30 23 28 29 31 32 35 38 41 45 47 54 55 56 57 59 61 62 63 71 72 73 75 76 77 78 80 84 85 90 91 92 96 98 99 100
28 c 60 85 0 537 816 90 30 21 29 31 32 33 36 42 44 45 48 49 50 51 52 53 55 56 57 58 59 61 62 64 65 71 74 75 76 77 78 82 83 84 87 88 89 91 96 98 100
29 c 58 75 0 948 1167 90 20 20 31 33 34 35 41 47 48 49 55 59 60 61 64 65 66 67 69 71 77 78 79 83 84 85 89 90 91 93 95 96 98 99
30 c 8 40 0 234 1295 90 40 43 32 33 34 35 37 39 40 41 44 46 49 50 53 55 57 58 60 61 62 64 66 67 69 70 72 74 77 78 79 82 83 86 89 90 92 93 95 96 98 100
31 c 10 40 0 336 1009 90 30 31 32 33 34 35 40 46 48 49 50 51 52 53 57 58 59 63 64 65 66 67 69 71 73 76 82 83 84 85 87 88 90 91 93 96
32 c 55 85 0 477 686 90 20 18 33 37 38 46 47 48 50 51 55 57 59 60 62 63 64 65 66 67 68 69 70 71 72 73 76 77 79 80 82 87 89 93 96 97 99
33 c 20 55 0 63 702 90 10 20 34 36 39 41 42 45 47 51 52 53 55 56 58 60 61 62 63 67 68 69 70 75 77 78 79 81 82 84 85 86 87 88 91 92 95 96 97
34 c 10 35 0 309 1412 90 20 11 38 39 41 43 44 45 46 48 49 50 52 53 54 56 58 61 62 67 68 70 79 80 83 85 86 88 89 91 92 96 98 99 100
35 c 30 50 0 10 963 90 10 19 36 38 41 42 43 45 47 51 52 54 56 59 61 62 64 65 66 69 70 75 76 80 82 83 85 86 87 88 89 90 92 93 94 97 98 99
36 c 58 70 0 1059 1246 90 20 23 38 41 42 44 47 49 50 53 55 56 57 59 61 62 65 70 71 72 74 75 76 78 80 81 83 84 87 91 93 95 96 97 100
37 c 25 50 0 15 532 90 10 13 41 43 45 46 47 48 56 59 66 67 70 72 78 79 80 81 82 83 85 87 88 89 90 91 92 96 100
38 c 16 42 0 209 944 90 20 22 39 42 45 46 47 49 52 53 57 58 59 61 68 69 73 74 76 77 79 80 81 82 85 86 87 88 90 92 93 95 96 98
39 c 42 65 0 15 208 90 10 11 44 45 49 53 56 57 58 62 68 70 71 77 79 80 81 82 87 89 90 95 99 100
40 c 60 66 0 1247 1434 90 10 9 42 43 45 47 50 53 54 57 59 60 61 62 65 66 72 75 76 77 78 81 84 85 87 91 93 95 96 100
41 c 62 69 0 1138 1355 90 10 10 42 43 45 46 48 53 56 57 59 60 61 63 66 69 71 72 74 75 77 79 80 81 82 83 84 89 90 91 93 96 97
42 c 28 52 0 12 752 90 20 24 44 45 49 50 54 55 57 58 60 66 72 74 75 76 77 78 82 83 86 87 88 89 91 92 94 95 96 97 99
43 c 52 75 0 302 479 90 10 7 47 48 49 52 53 54 55 56 57 58 59 60 63 66 70 71 72 74 78 80 81 83 85 87 88 89 92 93 95 96 98 99
44 c 20 50 0 20 948 90 10 20 45 46 47 49 57 58 59 61 62 63 65 66 67 70 73 74 75 78 84 87 88 89 93 94 96 100
45 c 45 70 0 157 428 90 30 39 47 49 50 54 56 57 58 59 60 63 64 65 67 68 69 73 76 77 78 80 83 86 88 92 93 95 96 98 100
46 c 23 52 0 17 602 90 10 16 48 49 51 53 57 58 62 64 65 67 68 72 73 74 75 77 80 81 82 84 85 90 91 92 94 97
47 c 65 60 820 1482 1769 90 30 24 48 49 51 55 56 62 65 66 68 70 73 78 84 85 87 88 92 93 95 99 100
48 c 40 5 820 1083 1776 90 30 21 50 54 55 56 59 60 62 64 65 66 67 68 69 70 71 73 74 75 76 78 79 82 83 84 85 86 89 90 92 93 95 97 98 99
49 c 70 58 820 1617 1824 90 20 20 50 51 52 53 54 55 58 61 62 65 67 68 69 70 71 74 75 76 77 79 83 85 87 88 89 90 94 95 96 97 99 100
50 c 5 45 820 819 1846 90 10 3 52 54 55 56 57 58 59 60 63 67 70 73 75 78 81 82 83 84 86 87 88 89 90 91 93 95 99 100
51 c 8 45 820 954 1897 90 20 26 52 53 54 55 58 59 60 61 64 66 68 69 70 71 72 75 76 80 82 83 85 89 92 95 97 98 100
52 c 38 5 820 1133 1910 90 30 25 53 58 60 63 70 72 73 77 81 82 84 85 86 89 90 91 92 93 94
53 c 66 55 820 1710 1921 90 10 17 54 57 61 62 64 67 69 70 72 74 76 80 83 84 86 87 88 91 92 99
54 c 38 10 820 1392 2027 90 10 20 57 58 59 61 62 63 65 69 72 74 76 77 78 79 82 83 84 86 89 90 91 92 93 94 96 97 100
55 c 4 55 820 1010 2043 90 20 30 56 59 60 64 68 69 72 73 74 76 78 79 80 81 82 84 86 87 88 89 93 95 98 99
56 c 35 5 820 1180 2049 90 20 25 61 64 66 68 69 70 71 74 76 77 79 80 84 88 90 92 93 96 98 99 100
57 c 72 55 820 1751 2072 90 10 10 60 61 65 68 71 73 80 81 84 88 89 91 93 95 97 98 99 100
58 c 75 55 820 1894 2115 90 20 13 62 63 65 67 68 69 70 72 73 74 76 77 81 82 83 84 85 88 90 93 94 95 96 97 98 99
59 c 14 66 820 1316 2129 90 10 18 61 62 63 64 67 70 71 72 73 75 76 77 78 81 82 85 93 94 97 98 99
60 c 38 15 820 1426 2183 90 40 30 62 64 67 69 70 72 74 75 76 77 78 79 82 84 87 89 94 95 96
61 c 8 62 820 1036 2213 90 10 15 65 66 67 69 70 71 72 74 75 76 77 78 79 80 84 85 87 89 90 91 92 94 95 97
62 c 86 46 820 1969 2248 90 30 26 64 65 66 70 75 76 79 80 81 83 84 86 88 90 91 92 95 97 99 100
63 c 90 35 820 2106 2315 90 10 12 65 66 67 68 69 72 73 75 76 77 80 81 83 84 88 89 90 96 97 98 99
64 c 36 18 820 1468 2329 90 10 20 68 71 74 75 79 80 82 84 85 87 88 90 91 92 93 97 99 100
65 c 15 75 820 1299 2344 90 20 15 66 67 71 72 75 76 78 80 82 84 85 87 89 90 91 92 93 95 96 99
66 c 32 20 820 1621 2364 90 10 12 69 71 75 78 79 80 81 83 84 86 87 89 90 91 94 96
67 c 15 80 820 1461 2372 90 10 7 69 70 71 73 75 77 79 80 81 82 84 85 87 90 91 93 97 98 99
68 c 34 25 820 1782 2395 90 30 23 73 77 78 79 81 85 87 88 89 91 92 93 94 96 98 99 100
69 c 95 35 820 2192 2419 90 20 17 70 71 73 74 79 81 82 83 84 85 86 88 91 94 95 96
70 c 20 85 820 1512 2515 90 40 40 78 79 83 84 85 90 93 95 97 100
71 c 30 30 1206 1805 2564 90 10 10 73 75 76 77 83 84 85 86 87 88 89 90 92 94 95 96 99 100
72 c 22 85 1206 1586 2625 90 10 7 74 75 78 83 85 86 87 88 91 92 96 97 98
73 c 25 85 1206 1772 2625 90 20 24 74 75 80 81 83 86 87 88 89 94 96 97 98 99 100
74 c 25 30 1206 1883 2676 90 10 15 75 76 78 79 81 82 84 86 87 88 90 92 93 96 98 100
75 c 95 30 1206 2119 2682 90 30 31 80 83 84 85 86 88 89 90 91 92 94 96 98 99
76 c 20 80 1206 1858 2733 90 40 45 80 81 88 90 91 94 97 98 99
77 c 85 25 1206 2369 2816 90 10 20 79 80 84 89 90 92 97 99 100
78 c 92 30 1206 2169 2818 90 10 6 80 81 84 89 91 92 93 96 98
79 c 22 75 1206 2135 2834 90 30 33 80 83 85 92 97
80 c 25 35 1206 2070 2859 90 10 14 82 84 86 87 89 93 94 95 97 98 99
81 c 87 30 1206 2505 2870 90 10 12 82 85 90 93 94 98 99
82 c 30 35 1206 2242 2877 90 10 17 83 84 86 88 90 91 92 93 95 96 100
83 c 18 75 1206 1895 2886 90 20 13 84 87 88 91 93 95 96 98 99 100
84 c 26 32 1206 1842 2901 90 10 18 87 89 90 92 94 95 96 97 98
85 c 33 35 1375 2368 2937 90 10 15 86 87 88 91 92 94 95 96 98 99
86 c 22 66 1375 2177 2990 90 40 38 87 88 90 91 92 94 97 99 100
87 c 85 35 1375 2563 3002 90 30 24 88 91 92 93 96 97 99
88 c 33 32 1375 2421 3070 90 20 14 89 94 95 99 100
89 c 35 69 1500 2428 3127 90 10 1 91 95 99 100
90 c 78 40 1500 2599 3164 90 20 22 92 94 96 97 98 99
91 c 35 32 1500 2480 3195 90 10 13 92 94 96 97 99
92 c 72 45 1584 2701 3258 90 10 3 93 95 97 100
93 c 36 40 1584 2605 3266 90 10 1 99
94 c 28 70 1584 2090 3271 90 10 20 95 97 98 100
95 c 62 40 1584 2713 3275 90 10 2 96 97 98 99
96 c 64 46 1584 2976 3275 90 20 15 97 98 99
97 c 60 55 1584 2789 3279 90 10 14 98 100
98 c 35 66 1588 2311 3283 90 10 12 99 100
99 c 34 60 1593 2035 3288 90 20 26
100 c 30 56 1593 2062 3288 90 20 19

