StringID Type x y release ReadyTime DueDate ServiceTime weight volume Item_Conflitante1 Item_Conflitante2 Item_Conflitante3 Item_Conflitante4 Item_Conflitante5 Item_Conflitante6 Item_Conflitante7 Item_Conflitante8 Item_Conflitante9 Item_Conflitante10 Item_Conflitante11 Item_Conflitante12 Item_Conflitante13 Item_Conflitante14 Item_Conflitante15 Item_Conflitante16 Item_Conflitante17 Item_Conflitante18 Item_Conflitante19 Item_Conflitante20 Item_Conflitante21 Item_Conflitante22 Item_Conflitante23 Item_Conflitante24 Item_Conflitante25 Item_Conflitante26 Item_Conflitante27 Item_Conflitante28 Item_Conflitante29 Item_Conflitante30 Item_Conflitante31 Item_Conflitante32 Item_Conflitante33 Item_Conflitante34 Item_Conflitante35 Item_Conflitante36 Item_Conflitante37 Item_Conflitante38 Item_Conflitante39 Item_Conflitante40 Item_Conflitante41 Item_Conflitante42 Item_Conflitante43 Item_Conflitante44 Item_Conflitante45 Item_Conflitante46 Item_Conflitante47 Item_Conflitante48 Item_Conflitante49 Item_Conflitante50 Item_Conflitante51 Item_Conflitante52 Peso_Total Volume_Total
0 d 35 35 0 0 1000 0 0 0                                                     1000 1000
1 c 37 31 11 414 489 10 14 12 6 7 9 10 14 15 19 20 21 24 26 29 31 32 34 35 40 41 42 44 46 47 49 51 53 57 59 60 63 64 68 70 71 75 77 78 80 84 85 87 90 91 93 94 95 97 98 100
2 c 20 26 11 333 432 10 9 1 3 4 5 7 8 9 10 11 12 14 16 18 19 21 27 28 30 31 34 35 36 37 40 41 43 44 45 46 50 52 53 55 56 57 58 59 60 62 63 65 66 67 69 70 72 80 87 92 93 95 98 100
3 c 11 14 11 233 340 10 18 25 4 7 10 13 15 16 17 19 22 24 25 27 32 33 34 39 46 47 50 55 56 57 60 62 63 64 65 67 68 70 72 73 75 78 79 80 81 82 85 86 87 90 91 93 96 97 99
4 c 67 5 11 294 401 10 25 18 5 6 7 10 11 15 16 18 20 21 22 23 24 25 28 29 33 38 41 43 45 54 56 57 59 60 62 65 66 69 70 71 72 74 78 80 81 82 84 85 86 91 96 98
5 c 5 5 11 302 405 10 16 17 6 7 9 10 17 22 23 24 27 30 33 37 39 42 49 50 53 58 59 60 62 65 66 67 68 69 70 72 74 75 78 81 83 84 86 93 94 95 96 97 99 100
6 c 37 47 11 162 293 10 6 10 7 8 9 10 12 14 18 19 20 22 23 26 30 31 32 33 39 40 42 44 47 48 49 50 51 52 53 56 59 60 61 63 64 65 66 67 69 71 76 78 79 81 83 85 88 91 93 94 95 98
7 c 24 58 11 163 302 10 19 17 9 10 11 12 16 17 19 21 22 24 25 29 32 34 35 38 43 49 50 52 53 54 55 56 58 59 60 62 64 68 71 72 75 76 78 79 82 85 86 87 89 90 92 93 94 95 97 98 100
8 c 55 5 11 206 325 10 29 22 13 15 17 18 20 26 27 28 32 33 34 35 36 39 40 44 45 46 49 51 54 55 56 63 65 68 69 71 72 73 74 77 78 80 81 87 91 95 97 99
9 c 57 48 11 388 465 10 23 22 11 12 14 15 18 21 23 24 25 27 28 31 32 33 35 37 38 39 40 42 43 45 46 48 50 51 52 54 55 56 57 59 60 62 65 68 71 72 74 75 79 82 83 85 86 87 89 92 93 96 97 98
10 c 30 5 11 175 300 10 8 2 11 12 13 15 16 17 19 21 23 24 25 26 27 32 34 35 37 39 41 42 43 48 49 51 52 53 55 56 57 58 62 63 68 69 70 71 72 74 78 79 80 81 83 88 90 91 94 95 96
11 c 49 42 11 290 373 10 13 5 13 18 19 21 24 29 30 33 35 39 41 42 44 45 46 47 50 52 53 54 57 58 61 62 66 67 68 70 71 74 76 77 81 82 83 85 88 90 91 93 96 97 99
12 c 22 22 11 18 181 10 2 5 13 14 16 17 25 26 28 29 31 33 34 35 36 39 42 43 46 48 50 51 52 59 61 64 70 72 73 76 77 80 81 83 85 87 91 95 97 98 100
13 c 55 60 11 400 497 10 16 18 14 17 18 22 23 27 28 30 31 32 33 35 37 38 39 40 41 43 44 45 46 51 52 63 64 70 72 74 75 77 78 79 80 81 83 84 85 87 89 90 91 92 98 99 100
14 c 28 18 11 420 447 10 26 16 16 17 20 22 24 25 26 27 30 31 35 37 38 39 41 42 43 46 47 50 51 53 57 59 63 65 67 68 69 70 74 75 77 78 79 80 81 82 83 84 86 92 94 96 98 100
15 c 10 43 11 404 481 10 9 14 17 18 22 23 26 27 28 29 31 32 33 36 37 39 40 43 44 45 47 51 55 58 60 61 62 63 64 65 66 67 68 74 76 77 78 80 84 86 88 93 95 96 98 99 100
16 c 20 65 11 206 325 10 12 20 18 22 25 26 31 32 36 37 38 40 41 42 44 45 48 50 51 54 57 63 67 69 70 73 74 79 80 81 84 85 86 89 90 93 94 95 97 98 100
17 c 11 31 11 436 511 10 7 1 22 24 27 34 35 36 38 39 40 41 44 45 46 47 48 50 52 53 54 59 61 62 63 68 70 74 75 76 79 80 81 82 84 86 89 91 93 97 98
18 c 63 23 327 620 739 10 2 9 19 21 24 26 27 28 29 31 32 34 36 40 41 46 47 50 51 53 55 56 58 60 67 71 75 76 78 79 80 81 82 83 84 86 93 99
19 c 55 20 327 678 801 10 19 21 21 22 23 24 25 27 29 34 35 36 38 40 41 42 49 50 52 54 56 60 61 62 63 64 65 67 68 70 74 75 78 81 82 83 84 86 92 93 96 97 99
20 c 46 13 327 681 802 10 8 13 23 25 27 31 33 34 37 38 39 40 49 51 55 56 57 60 61 70 72 73 74 75 76 80 84 92 95 96 97 100
21 c 30 25 327 690 827 10 23 20 22 24 40 42 44 50 51 52 53 57 58 60 63 64 68 69 71 74 75 78 79 81 82 92 96 97 99
22 c 62 77 440 0 940 10 20 26 25 31 34 36 37 38 41 45 46 49 50 51 54 56 57 59 62 63 66 68 70 71 72 75 77 82 83 84 85 92 96 98 99 100
23 c 15 77 443 0 943 10 9 1 24 25 29 30 31 33 35 36 38 40 45 46 48 49 50 52 53 57 58 59 60 64 65 71 73 75 76 85 87 89 91 94 98 99 100
24 c 6 68 446 0 946 10 30 32 25 26 27 28 30 38 42 43 44 45 54 56 57 59 60 61 63 64 68 69 70 73 74 76 81 84 86 87 90 92 93 96 98 99 100
25 c 2 60 448 0 948 10 5 1 27 30 31 33 38 41 42 45 46 47 49 52 53 54 55 58 59 60 62 63 65 67 69 70 71 73 74 77 78 84 86 88 89 92 93 97 98 100
26 c 63 65 450 0 948 10 8 11 27 30 32 36 37 40 42 43 45 46 47 49 53 54 55 56 58 61 62 64 65 71 73 74 77 78 79 80 81 82 83 85 86 87 88 90 91 92 95 97 98 99 100
27 c 49 73 450 0 949 10 25 34 28 29 30 32 33 36 38 42 43 46 51 52 55 58 59 60 61 63 64 65 66 67 73 74 78 79 80 83 84 87 89 90 91 94 96 97 100
28 c 57 68 450 0 950 10 15 7 29 32 35 36 37 39 40 42 44 45 46 50 51 52 53 55 56 57 58 61 62 63 64 65 68 72 73 75 79 81 85 87 89 92 93 94 95 97 99 100
29 c 53 43 452 817 952 10 14 11 30 32 33 35 36 37 38 42 43 44 46 47 51 54 56 58 60 61 62 69 72 73 74 76 78 80 84 85 88 91 92 96 97 98 99 100
30 c 65 55 453 0 953 10 14 5 32 33 36 39 40 42 43 46 48 50 52 53 57 59 60 64 65 67 68 69 72 73 74 75 76 82 84 89 95 96 97 98 99 100
31 c 4 18 454 0 954 10 35 39 32 33 34 35 37 38 39 40 42 44 45 47 54 55 56 58 61 62 64 65 66 69 71 72 73 78 79 81 83 85 87 90 95 98 99 100
32 c 2 48 454 0 954 10 1 1 34 37 39 45 46 48 54 55 57 59 61 62 63 66 67 69 70 71 75 76 77 79 80 81 83 84 85 90 91 93 94
33 c 8 56 455 0 955 10 27 26 34 35 36 43 44 46 47 48 49 51 52 53 55 56 57 61 70 73 74 75 76 77 78 80 81 83 85 89 90 91 92 94 96 97
34 c 27 69 455 0 955 10 10 19 35 39 40 42 44 45 46 47 49 54 56 63 65 66 70 71 73 76 80 84 87 95 96 99 100
35 c 23 3 455 0 955 10 7 1 36 37 38 40 41 43 44 45 47 48 49 54 55 59 61 63 64 67 68 69 70 71 74 75 76 77 80 84 85 87 90 93 94 97 99 100
36 c 65 20 456 817 956 10 6 7 38 40 44 47 48 51 52 58 59 69 70 73 77 80 83 84 86 87 98 100
37 c 60 12 456 0 956 10 31 22 39 40 41 46 47 49 50 57 58 59 62 63 64 65 66 68 69 71 73 74 78 79 80 84 85 87 88 90 92 95 97 98 99 100
38 c 35 69 456 0 956 10 23 15 42 44 52 54 56 57 60 61 62 64 66 68 70 73 74 76 78 79 80 81 83 88 90 91 94 96
39 c 15 10 457 0 957 10 20 12 40 42 44 46 48 50 52 54 55 56 61 62 64 65 66 68 71 72 78 81 85 86 89 90 91 92 95 100
40 c 15 60 457 0 957 10 17 8 41 44 47 48 50 53 54 58 61 63 64 66 68 70 71 72 74 76 77 80 82 85 87 90 97 98 99 100
41 c 31 67 457 0 957 10 3 11 43 44 45 46 52 53 57 58 60 62 66 68 73 77 78 79 80 82 83 85 86 89 90 94 95 96 97 98 99 100
42 c 61 52 458 0 958 10 3 2 43 44 45 48 49 51 52 53 57 61 62 65 66 67 68 73 77 79 80 82 85 89 91 92 93 94
43 c 45 65 458 0 958 10 9 10 44 48 51 52 53 56 57 60 61 63 64 66 70 71 73 75 79 82 84 86 88 90 91 92 93 94 95 96 100
44 c 5 30 459 0 959 10 2 1 47 48 51 52 54 55 58 59 60 63 65 72 73 74 76 77 78 79 80 81 86 88 90 91 92 93 94 95 96 98 100
45 c 10 20 460 0 960 10 19 11 48 53 54 55 56 60 61 64 65 67 68 69 70 71 75 79 82 83 85 86 88 95 97 98 99 100
46 c 64 42 460 0 960 10 9 16 47 48 49 54 60 67 71 73 74 76 78 81 82 83 85 88 89 91 92 94 96 97 100
47 c 53 12 460 0 960 10 6 11 51 52 53 54 55 56 57 58 59 61 62 63 64 65 66 67 68 69 70 72 76 77 80 81 82 83 84 85 86 87 88 90 91 92 94 95
48 c 65 35 460 0 960 10 3 12 49 51 52 53 54 55 59 60 62 64 67 71 74 75 81 82 83 85 86 87 88 91 92 93 95 96 98
49 c 6 38 460 0 960 10 16 17 53 58 59 61 64 69 71 75 77 78 79 80 82 86 87 88 89 93 95 97 98 100
50 c 42 7 461 0 961 10 5 5 51 52 54 56 58 61 62 64 66 70 73 75 76 78 80 85 86 93 94 96 97 98 99
51 c 13 52 462 0 962 10 36 31 52 53 55 57 58 59 60 61 62 63 65 66 67 69 70 71 72 74 75 76 79 82 83 86 87 88 89 91 92 94 98 100
52 c 49 11 462 0 962 10 18 28 54 58 59 61 62 65 66 69 70 71 73 75 78 79 80 83 84 90 91 93 95 96 97 99 100
53 c 55 54 462 0 962 10 26 27 54 59 60 61 63 64 65 66 69 71 73 74 77 78 79 81 82 83 86 88 89 91 92 93 94 97 99
54 c 49 58 463 0 963 10 10 16 55 57 60 61 62 63 65 66 71 72 73 74 75 76 78 80 81 82 83 84 85 87 89 91 92 93 94 96 98
55 c 45 10 463 0 963 10 18 15 57 58 59 60 61 62 63 66 69 72 74 76 78 81 83 84 85 90 91 92 96 99 100
56 c 40 60 464 0 964 10 21 21 57 58 60 62 65 67 68 69 70 72 73 74 78 80 81 83 84 86 88 90 92 93 94 96 99
57 c 30 60 464 0 964 10 16 25 58 62 63 64 65 67 69 71 76 78 82 83 84 87 91 94 96 99
58 c 15 19 464 0 964 10 1 1 59 62 63 64 65 69 73 74 77 80 83 90 93 94 95 100
59 c 24 12 464 0 964 10 5 2 62 63 64 65 66 67 70 72 73 76 78 79 83 84 89 90 91 92 93 94 97 98 99
60 c 12 24 464 0 964 10 13 23 62 65 67 69 70 72 76 78 79 83 85 86 89 93 94 96 97 99 100
61 c 18 18 465 798 965 10 17 13 64 65 66 68 70 72 74 75 78 79 81 82 83 85 86 89 90 91 93 95 96 97 98 99 100
62 c 53 52 465 0 965 10 11 10 63 70 71 72 76 78 81 82 83 84 85 86 87 88 89 92 94 95 96 99
63 c 16 22 466 0 966 10 41 40 65 67 68 70 76 77 78 79 80 83 84 86 87 88 90 92 93 94 95 96 97 98 100
64 c 32 12 466 0 966 10 7 14 68 69 73 75 77 80 81 82 83 85 88 89 90 91 96 98
65 c 15 47 466 0 966 10 16 16 66 70 73 74 75 76 77 78 79 85 86 88 96 97 98
66 c 57 29 467 0 967 10 18 17 67 69 70 71 72 75 82 87 89 90 91 92 93 94 97 99 100
67 c 47 16 467 0 967 10 25 33 69 70 72 73 74 76 77 79 80 81 82 83 87 89 91 92 94 95 97 98 100
68 c 55 45 467 0 967 10 13 3 69 71 72 75 78 81 84 85 89 91 93 94 96 97 98 99 100
69 c 19 21 468 0 968 10 10 15 74 76 80 81 83 84 85 87 88 89 90 93 95 97
70 c 14 37 468 0 968 10 11 9 72 78 81 84 87 89 95 96
71 c 56 39 468 0 968 10 36 33 73 74 80 86 88 90 93 94 97 98 100
72 c 20 20 468 0 968 10 8 2 74 75 76 77 78 79 80 81 82 84 86 87 88 89 91 92 93 94 97 99
73 c 37 56 468 0 968 10 5 2 77 78 80 82 83 86 87 88 90 92 94 98 99
74 c 20 50 468 0 968 10 5 1 77 78 80 81 85 94 96 99
75 c 56 37 468 0 968 10 6 1 78 80 85 86 87 88 89 90 91 94 95 97 99
76 c 15 30 469 0 969 10 26 24 78 85 86 87 88 89 91 93 97 98 99
77 c 44 17 469 0 969 10 9 11 78 80 82 85 88 93 95 98 100
78 c 18 24 469 0 969 10 22 18 81 82 83 84 85 88 89 91 92 96 97 99
79 c 26 52 470 0 970 10 9 3 81 83 84 86 87 88 89 91 97 99
80 c 45 20 471 0 971 10 11 6 83 85 86 87 89 90 91 93 95 97
81 c 17 34 471 0 971 10 3 10 82 83 86 87 88 92 93 94 96 97 99 100
82 c 35 17 472 0 972 10 7 16 83 85 86 89 91 92 93 94 95 97 98 100
83 c 31 52 472 0 972 10 27 19 91 92 93 95 96 98 99 100
84 c 25 21 472 0 972 10 12 12 86 87 92 94 97 98 99
85 c 21 24 472 0 972 10 28 30 87 89 90 95 96 98 99
86 c 47 47 473 0 973 10 13 9 87 88 92 93 98 99
87 c 20 40 474 0 974 10 12 7 89 90 93 98 100
88 c 41 49 474 0 974 10 10 1 91 94 99
89 c 22 27 474 0 974 10 11 15 92 93 94 95 96 97 98
90 c 25 24 475 0 975 10 20 16 95 97 99 100
91 c 50 35 475 0 975 10 19 21 93 94 95 97 98 99 100
92 c 26 27 477 0 977 10 27 20 93 95 97 98 99 100
93 c 45 30 478 0 978 10 17 16 96 98 100
94 c 40 25 478 0 978 10 9 6 97 99 100
95 c 27 43 478 0 978 10 9 19 96 97 99
96 c 25 30 478 0 978 10 3 2 97 99 100
97 c 36 26 480 849 980 10 18 24 98 99 100
98 c 26 35 481 0 981 10 15 25
99 c 41 37 483 0 983 10 16 20
100 c 35 40 485 0 985 10 16 16

