StringID Type x y release ReadyTime DueDate ServiceTime weight volume Item_Conflitante1 Item_Conflitante2 Item_Conflitante3 Item_Conflitante4 Item_Conflitante5 Item_Conflitante6 Item_Conflitante7 Item_Conflitante8 Item_Conflitante9 Item_Conflitante10 Item_Conflitante11 Item_Conflitante12 Item_Conflitante13 Item_Conflitante14 Item_Conflitante15 Item_Conflitante16 Item_Conflitante17 Item_Conflitante18 Item_Conflitante19 Item_Conflitante20 Item_Conflitante21 Item_Conflitante22 Item_Conflitante23 Item_Conflitante24 Item_Conflitante25 Item_Conflitante26 Item_Conflitante27 Item_Conflitante28 Item_Conflitante29 Item_Conflitante30 Item_Conflitante31 Item_Conflitante32 Item_Conflitante33 Item_Conflitante34 Item_Conflitante35 Item_Conflitante36 Item_Conflitante37 Item_Conflitante38 Item_Conflitante39 Item_Conflitante40 Item_Conflitante41 Item_Conflitante42 Item_Conflitante43 Item_Conflitante44 Item_Conflitante45 Item_Conflitante46 Item_Conflitante47 Item_Conflitante48 Item_Conflitante49 Item_Conflitante50 Item_Conflitante51 Item_Conflitante52 Item_Conflitante53 Item_Conflitante54 Item_Conflitante55 Item_Conflitante56 Item_Conflitante57 Item_Conflitante58 Peso_Total Volume_Total
0 d 40 50 0 0 960 0 0 0                                                           1000 1000
1 c 60 80 16 64 184 10 10 2 2 4 6 7 8 10 11 12 13 14 17 19 20 21 22 24 26 30 31 33 34 37 38 42 43 48 50 51 52 53 54 57 58 59 60 63 66 67 68 71 74 75 77 78 79 80 82 83 84 86 87 90 92 93 95 96 100
2 c 62 80 16 278 398 10 30 21 3 5 8 11 12 14 15 16 17 18 19 20 22 25 26 29 30 32 33 37 38 39 40 42 44 46 47 48 50 51 52 53 54 55 58 60 61 62 63 65 66 68 72 74 76 77 79 82 86 87 88 90 91 95 96 98 99 100
3 c 55 80 16 33 153 10 10 4 12 13 14 18 19 20 22 23 24 26 30 31 32 35 40 42 44 45 49 52 53 54 55 62 66 68 71 74 78 80 81 82 89 93 97 98 100
4 c 65 85 16 43 163 10 40 34 5 6 9 18 19 20 21 23 24 25 26 27 31 32 35 38 39 40 41 42 45 47 53 56 57 59 61 62 63 67 69 70 72 74 76 77 83 87 88 90 91 92 97 98 99 100
5 c 55 82 16 217 337 10 10 12 6 9 10 16 17 18 19 20 21 23 28 29 30 31 32 33 35 37 38 53 59 60 62 63 64 67 68 69 70 71 73 75 77 79 80 81 82 83 84 85 87 88 91 93 97 98 99 100
6 c 85 25 16 80 200 10 10 10 10 12 13 14 15 17 22 23 27 28 32 35 37 42 43 45 46 50 52 53 54 58 60 61 66 69 70 71 73 74 76 79 80 82 84 87 90 91 92 94 98 99 100
7 c 20 82 16 37 157 10 10 10 8 10 11 12 15 16 19 23 24 26 27 29 32 35 39 40 42 43 45 47 49 50 51 53 55 60 64 67 68 69 70 73 76 78 79 82 83 84 85 89 92 93 96 100
8 c 88 30 16 246 366 10 10 15 9 12 13 14 15 19 20 22 24 25 27 29 30 32 33 35 37 38 40 41 43 49 50 51 54 56 57 58 63 66 68 69 70 72 75 76 78 79 83 84 85 87 91 93 96 99 100
9 c 26 35 16 308 428 10 15 10 11 12 13 19 20 22 23 24 25 26 29 30 31 33 34 36 37 38 40 41 42 43 44 45 46 48 49 51 53 55 57 59 60 65 66 67 68 69 70 73 75 76 79 80 82 86 87 89 90 92 93 94 95 96 98 99
10 c 95 35 16 146 266 10 20 19 12 13 14 15 16 18 19 22 23 24 25 26 28 32 33 36 38 44 45 46 49 52 53 54 55 56 57 62 64 65 66 69 70 72 73 77 79 82 83 88 89 91 93 95 98
11 c 6 68 16 352 472 10 30 20 12 13 14 17 20 26 28 29 30 32 33 35 36 38 39 40 41 45 46 51 52 54 56 57 58 59 60 61 63 65 67 68 70 71 72 74 78 79 80 81 85 88 90 94 95 96 97 98 99 100
12 c 38 5 16 201 321 10 30 28 13 16 18 22 23 24 26 27 28 30 31 33 37 43 47 48 50 52 54 55 56 58 59 63 68 69 71 74 80 81 83 86 87 88 89 94 95 97 98 99
13 c 60 85 16 329 449 10 30 20 16 17 18 20 26 27 29 32 33 38 40 41 46 47 48 49 53 56 57 59 60 61 63 66 68 71 72 73 74 80 81 82 85 88 89 94 96 97 99 100
14 c 60 12 16 268 388 10 31 38 15 17 19 22 24 25 31 33 34 36 37 38 39 41 43 45 46 48 49 50 54 55 58 61 63 64 65 66 67 70 71 73 74 75 82 84 87 88 89 92 94 95 96 97 99 100
15 c 65 35 16 167 287 10 3 13 16 18 19 20 22 23 24 26 27 28 33 35 37 47 50 53 55 56 58 59 61 63 65 66 69 70 76 78 79 81 82 83 85 87 90 91 93 96 98
16 c 12 24 16 359 479 10 13 22 17 23 25 26 28 29 34 35 36 38 39 40 41 42 43 47 49 52 54 57 61 62 65 69 70 72 78 80 81 82 83 84 85 86 87 88 92 93 94 95 97 100
17 c 2 40 16 174 294 10 20 28 19 24 26 27 31 33 34 35 36 38 41 43 44 46 47 50 51 53 55 56 57 58 59 63 65 68 73 74 75 76 77 79 81 83 84 85 86 87 89 90 91 92 93 94 95 98 99 100
18 c 24 58 16 260 380 10 19 9 19 20 21 24 25 28 30 31 33 34 37 38 39 40 41 42 45 47 48 50 51 52 53 54 57 59 60 61 62 63 66 70 71 72 79 82 83 85 87 88 90 91 92 93 94 96 97 99
19 c 31 52 16 157 277 10 27 30 20 22 23 30 31 32 35 36 39 40 42 43 44 46 47 48 51 52 53 54 56 62 64 71 73 74 76 77 78 80 81 82 83 84 85 86 88 89 92 94 97 98
20 c 64 42 16 268 388 10 9 16 21 22 26 27 28 31 32 33 34 36 37 38 40 41 43 44 47 48 50 53 55 59 61 62 64 67 68 69 70 72 77 78 79 80 81 82 83 85 88 89 90 91 93 94 99
21 c 53 43 16 14 134 10 14 18 22 23 27 32 36 39 44 47 48 50 51 52 54 55 56 60 65 68 72 78 79 84 85 87 89 91 92 99
22 c 35 40 16 11 131 10 16 6 23 25 26 28 29 30 32 35 36 39 40 42 44 47 48 52 53 54 56 57 58 61 64 65 66 67 70 74 77 80 84 87 89 92 97 100
23 c 45 30 16 191 311 10 17 26 26 28 29 30 32 33 35 37 39 40 42 44 45 46 47 48 49 51 54 55 56 61 64 66 67 72 73 76 77 82 86 88 89 90 91 93 94 96 98 99 100
24 c 8 40 16 195 315 10 40 46 25 26 28 29 30 32 34 36 37 39 42 43 44 45 46 47 48 52 55 56 57 59 61 65 66 67 69 70 73 75 78 79 82 84 89 93 97 98 99 100
25 c 8 56 16 365 485 10 27 29 28 30 31 33 37 39 40 43 45 46 48 50 51 52 53 56 59 66 67 70 72 73 74 75 79 82 85 87 88 89 92 93 94 95 96 97 98
26 c 15 80 16 367 487 10 10 3 27 29 32 35 36 39 45 49 51 52 53 54 55 56 58 63 66 67 68 69 70 73 76 78 83 84 85 87 88 90 93 95 96 98 99
27 c 10 35 16 371 491 10 20 13 28 32 34 36 38 40 41 42 46 49 50 51 53 54 55 56 57 60 63 64 65 69 72 74 78 83 85 86 87 92 95 97 98 99 100
28 c 20 50 16 375 495 10 5 13 30 33 34 35 36 38 39 40 41 42 43 44 46 51 52 53 54 55 59 60 63 64 65 72 74 75 76 77 78 84 85 86 87 90 91 92 93 96 98
29 c 40 15 16 375 495 10 40 48 34 37 39 40 41 43 45 46 48 51 59 60 61 65 71 73 76 77 78 79 81 82 83 88 89 94 95 96 100
30 c 58 75 16 376 496 10 20 10 31 32 34 35 40 41 46 47 51 52 53 55 56 57 58 59 62 64 66 67 69 70 71 73 77 79 80 84 86 88 91 92 93 94 96 97 98 99 100
31 c 18 75 197 388 508 10 20 22 33 34 35 36 37 39 40 41 42 45 47 51 54 56 57 59 61 66 67 68 70 72 75 77 78 79 81 83 87 91 94 96 98
32 c 57 29 197 395 515 10 18 10 34 35 45 48 53 55 56 58 61 64 65 66 67 69 71 74 75 78 79 80 81 82 84 87 89 90 91 92 94 95 98 100
33 c 42 12 197 440 560 10 10 15 34 35 37 40 41 50 55 56 57 58 60 62 68 70 71 74 76 79 80 82 85 87 88 89 90 94 95
34 c 10 40 197 519 639 10 30 26 37 43 45 47 48 49 51 52 54 55 56 58 60 61 62 65 66 70 72 73 74 78 79 80 81 83 86 87 88 89 91 92 94 95 99
35 c 50 35 197 557 677 10 19 20 39 42 45 46 48 49 50 51 52 57 65 66 69 70 71 73 74 75 76 77 78 80 82 85 86 87 89 90 91 92 94 95 100
36 c 41 37 297 566 686 10 16 24 37 39 41 44 45 46 48 50 51 56 59 62 63 65 67 69 71 74 76 77 79 80 81 83 84 85 86 87 89 90 91 93 95 97 98 100
37 c 30 60 297 599 719 10 16 7 38 39 47 49 50 51 52 53 54 55 58 59 60 61 66 68 69 70 77 81 84 86 87 92 93 94 96 100
38 c 40 60 297 612 732 10 21 24 40 41 42 43 45 47 50 51 53 55 56 57 58 59 60 64 65 67 69 71 74 75 76 77 78 80 82 86 90 92 93 94 100
39 c 20 80 297 644 764 10 40 45 40 41 42 48 49 53 54 59 61 62 66 69 70 71 76 77 79 82 83 84 91 96 99 100
40 c 20 20 297 645 765 10 8 15 42 43 45 47 49 51 53 54 56 57 58 60 63 68 69 74 76 77 78 80 81 82 84 85 86 88 90 93 95 96 100
41 c 5 35 297 653 773 10 10 10 42 45 47 48 49 50 54 56 59 61 62 63 64 65 66 69 72 75 77 79 80 81 83 86 87 91 93 94 96 98 100
42 c 67 85 297 657 777 10 20 16 44 46 48 54 56 58 59 60 61 62 68 70 72 74 75 76 78 80 81 83 84 86 87 91 93 94 95 96 98
43 c 0 45 343 703 823 10 20 10 44 48 49 51 52 54 57 58 61 65 69 70 75 76 78 79 80 82 83 84 86 87 88 89 90 91 92 93 95 98
44 c 23 3 404 764 884 10 7 1 46 47 48 49 50 52 53 54 55 56 57 61 62 67 68 70 71 74 76 77 81 87 89 90 91 92 93 94 95 96 99 100
45 c 95 30 411 0 891 10 30 35 46 48 53 55 58 62 63 66 69 70 72 73 74 76 77 81 82 84 85 89 90 91 93 94 95 96 97
46 c 5 5 412 0 892 10 16 21 48 49 50 54 55 58 61 62 66 68 69 73 74 78 81 82 83 85 86 88 89 91 92 94 96 97 98 100
47 c 92 30 414 0 894 10 10 8 51 52 53 55 58 60 62 64 65 69 71 73 74 76 79 82 83 84 85 86 88 89 92 93 95 96 98 100
48 c 90 35 417 0 897 10 10 13 50 52 54 55 57 60 68 70 71 73 74 76 77 79 81 87 88 89 91 92 93 94 96 100
49 c 67 5 417 0 897 10 25 35 50 51 53 55 56 57 58 59 60 61 65 66 67 68 69 70 71 72 73 74 75 78 79 83 84 85 88 95 96 100
50 c 87 30 418 0 898 10 10 16 52 53 55 58 62 63 65 66 67 68 71 74 75 76 79 85 86 87 89 90 96 97 98 99 100
51 c 88 35 419 0 899 10 20 13 58 60 61 62 68 76 78 79 80 81 82 84 87 89 90 92 93 98 99 100
52 c 4 18 424 0 901 10 35 38 55 58 59 60 64 67 69 71 72 75 76 78 84 85 86 88 89 94 96 97 100
53 c 85 35 424 0 902 10 30 34 54 56 60 61 63 64 65 66 68 69 70 73 76 77 81 83 87 90 94 97 100
54 c 15 10 424 782 902 10 20 27 55 61 62 63 64 65 66 68 73 75 80 82 83 84 85 87 90 92 94 96 97 98 99 100
55 c 44 5 424 0 904 10 20 26 56 57 60 61 64 65 66 67 69 72 73 74 75 78 80 82 85 86 87 89 91 92 93 98
56 c 35 5 424 784 904 10 20 19 60 63 65 66 68 71 73 74 76 77 78 79 80 82 83 84 85 87 88 90 93 95 97 100
57 c 42 5 424 0 904 10 10 2 58 60 61 64 65 66 67 68 69 70 71 72 73 74 80 81 84 86 89 90 96 97 98 100
58 c 40 5 425 0 905 10 10 1 59 60 61 62 63 65 66 71 72 73 75 76 77 78 80 81 85 88 89 92 94 96 97 98 99
59 c 10 20 427 0 907 10 19 22 60 63 67 69 71 74 75 81 82 86 90 92 93 96 97 98 100
60 c 0 40 428 0 908 10 20 14 61 62 63 64 66 68 69 72 73 75 78 79 80 81 82 83 85 86 87 88 89 90 95 97 98 99 100
61 c 65 82 429 0 909 10 10 11 65 66 67 69 70 72 74 76 77 82 84 85 87 89 93 94 97 99
62 c 20 85 429 0 909 10 20 16 66 67 70 73 74 75 77 86 88 89 95 96 97 99 100
63 c 42 10 429 0 909 10 40 32 64 65 66 67 68 69 74 75 76 77 78 79 80 81 83 85 89 92 100
64 c 22 85 430 0 910 10 10 14 65 68 71 72 73 75 77 78 79 81 83 85 88 90 91 93 94 99
65 c 2 60 430 0 910 10 5 6 66 67 69 70 71 73 75 77 78 79 80 82 87 88 89 90 94 100
66 c 65 20 430 0 910 10 6 1 67 68 69 71 72 73 75 77 78 81 82 89 95 97 98 99 100
67 c 2 45 431 0 911 10 10 18 72 76 78 86 87 88 89 93 96 97 98
68 c 25 85 432 0 911 10 20 29 69 70 76 78 80 81 83 84 87 88 89 91 92 93 95 96 98 99 100
69 c 55 85 432 0 911 10 20 20 70 74 75 79 80 84 86 87 88 91 94 96 97 99 100
70 c 18 80 432 0 912 10 10 3 74 78 81 84 86 87 88 90 91 92 94 97
71 c 63 23 434 0 914 10 2 1 75 77 79 81 82 83 86 90 96 97 100
72 c 72 35 434 0 914 10 30 39 73 75 76 77 80 82 84 92 94 96 97 98 100
73 c 15 75 434 0 914 10 20 20 74 75 78 79 80 81 82 86 89 92 94 95 98 99
74 c 5 45 434 0 914 10 10 5 76 79 80 81 85 86 88 93 94 95 96 98 99 100
75 c 42 15 434 0 914 10 10 5 76 77 82 83 85 89 90 91 98 100
76 c 38 15 434 0 914 10 10 10 78 79 84 87 88 90 91 94 96 99
77 c 55 20 436 0 916 10 19 11 79 80 82 84 85 86 89 91 92
78 c 21 24 437 0 917 10 28 24 79 80 83 84 88 90 95 97 98
79 c 8 45 437 0 917 10 20 19 81 83 84 88 89 90 92 93 94 95 100
80 c 22 75 443 0 919 10 30 37 81 82 83 84 85 87 90 93 95 97 98 99 100
81 c 63 65 443 0 922 10 8 16 84 88 89 90 91 93 96 98
82 c 15 60 443 0 923 10 17 9 83 85 87 88 90 92 94 95 96 98 99 100
83 c 30 25 443 0 923 10 23 28 84 86 87 88 91 92 93 96 97 98
84 c 65 55 444 0 924 10 14 22 86 87 89 92 97
85 c 25 30 445 0 925 10 3 7 86 87 88 89 90 92 93 94 97 98 99 100
86 c 61 52 448 808 928 10 3 9 87 89 90 92 93 94 95 96 98 99
87 c 56 37 449 0 929 10 6 10 90 92 93 94 97 98
88 c 35 69 450 810 930 10 23 25 89 90 92 95 96 97 99 100
89 c 37 31 450 0 930 10 14 15 90 91 92 94 95 98 99
90 c 31 67 451 810 930 10 3 9 94 95 100
91 c 55 60 451 0 931 10 16 26 93 94 96 97 98 100
92 c 57 48 452 0 932 10 23 29 93 96 97
93 c 45 65 454 0 934 10 9 14 96 97 98 100
94 c 55 54 454 0 934 10 26 21 96 98 99
95 c 27 43 455 0 935 10 9 3 96 98 99 100
96 c 26 52 455 0 935 10 9 1 97 100
97 c 49 58 457 0 937 10 10 5 99 100
98 c 49 42 457 0 937 10 13 12 99 100
99 c 47 47 462 822 942 10 13 8
100 c 37 47 465 0 945 10 6 16

