StringID Type x y release ReadyTime DueDate ServiceTime weight volume Item_Conflitante1 Item_Conflitante2 Item_Conflitante3 Item_Conflitante4 Item_Conflitante5 Item_Conflitante6 Item_Conflitante7 Item_Conflitante8 Item_Conflitante9 Item_Conflitante10 Item_Conflitante11 Item_Conflitante12 Item_Conflitante13 Item_Conflitante14 Item_Conflitante15 Item_Conflitante16 Item_Conflitante17 Item_Conflitante18 Item_Conflitante19 Item_Conflitante20 Item_Conflitante21 Item_Conflitante22 Item_Conflitante23 Item_Conflitante24 Item_Conflitante25 Item_Conflitante26 Item_Conflitante27 Item_Conflitante28 Item_Conflitante29 Item_Conflitante30 Item_Conflitante31 Item_Conflitante32 Item_Conflitante33 Item_Conflitante34 Item_Conflitante35 Item_Conflitante36 Item_Conflitante37 Item_Conflitante38 Item_Conflitante39 Item_Conflitante40 Item_Conflitante41 Item_Conflitante42 Item_Conflitante43 Item_Conflitante44 Item_Conflitante45 Item_Conflitante46 Item_Conflitante47 Item_Conflitante48 Item_Conflitante49 Item_Conflitante50 Item_Conflitante51 Item_Conflitante52 Item_Conflitante53 Item_Conflitante54 Item_Conflitante55 Item_Conflitante56 Item_Conflitante57 Peso_Total Volume_Total
0 d 35 35 0 0 230 0 0 0                                                          200 200
1 c 5 5 6 73 103 10 16 24 5 7 8 10 11 16 19 20 24 25 30 33 34 35 36 37 38 39 41 43 44 47 49 50 53 54 58 60 61 63 66 67 70 72 74 80 82 85 86 87 90 91 92 94 97 98 100
2 c 67 5 6 73 103 10 25 31 3 4 8 9 10 11 12 14 15 19 20 22 23 25 26 27 28 29 30 33 34 35 37 38 39 40 42 44 45 46 47 48 49 52 55 57 58 62 65 69 71 73 74 75 76 78 79 80 84 85 88 92 93 94 95 97 99
3 c 37 47 6 40 70 10 6 12 4 6 8 9 11 13 15 18 20 23 26 27 29 30 32 38 39 40 41 45 51 55 56 57 60 62 64 68 70 71 73 74 75 76 79 81 82 87 88 90 91 93 95 97 98 100
4 c 24 58 6 48 78 10 19 26 6 8 10 11 12 13 14 15 16 17 18 21 22 24 26 27 30 41 44 45 47 50 52 53 55 59 62 64 66 68 69 71 73 76 77 78 79 80 81 82 85 92 93 95 96 97 99 100
5 c 20 26 6 73 103 10 9 18 7 8 10 11 14 15 17 19 21 24 25 26 27 28 32 34 36 40 41 43 44 50 52 54 55 56 59 60 63 64 65 69 70 72 74 76 80 81 86 87 88 89 90 93 95 96 97
6 c 49 42 6 63 93 10 13 20 12 15 16 17 20 22 23 25 26 28 29 33 37 38 45 46 47 48 49 52 53 54 55 57 58 61 62 63 64 65 68 69 72 75 78 82 83 88 91 92 93 98 99
7 c 55 5 6 58 88 10 29 32 8 9 10 12 13 15 17 19 20 21 24 25 29 31 32 34 37 39 40 43 45 46 47 48 53 56 57 59 61 62 63 64 65 67 69 70 72 75 78 79 82 83 90 93 94 95 96 97 98
8 c 57 48 6 82 112 10 23 27 10 14 17 19 20 22 23 24 25 26 29 33 34 37 40 43 45 48 51 52 55 59 60 61 63 64 65 66 68 69 70 72 73 76 77 82 83 84 85 87 88 89 93 96 98 99
9 c 30 5 6 51 81 10 8 16 10 13 14 15 16 17 18 20 21 23 24 26 27 30 32 33 34 37 38 40 41 42 47 50 53 54 55 56 59 61 62 64 66 68 69 70 86 87 90 93 95 97
10 c 20 65 6 57 87 10 12 18 12 14 16 18 20 21 25 26 28 29 31 33 37 38 42 46 47 52 53 55 56 57 59 63 64 65 67 68 69 70 74 76 78 79 80 84 86 87 89 98 99 100
11 c 37 31 6 85 115 10 14 19 12 14 15 16 19 22 23 24 25 28 30 31 35 40 41 45 47 49 50 52 57 58 60 62 63 65 66 67 68 69 70 72 76 77 78 79 81 83 84 87 90 91 92 93 95 96 97 99
12 c 11 14 6 59 89 10 18 13 13 19 21 22 23 24 29 32 33 34 35 36 40 42 43 45 46 49 52 53 54 58 60 61 64 67 69 71 73 74 75 77 81 82 84 85 86 87 90 91 95 97 98 100
13 c 22 22 6 18 48 10 2 8 16 17 18 19 20 22 23 26 27 30 32 34 36 38 39 40 42 43 45 48 49 53 55 58 59 62 64 66 67 68 69 70 71 73 80 85 86 90 93 96
14 c 28 18 6 83 113 10 26 27 16 18 19 20 21 22 23 25 28 30 33 35 36 37 38 40 46 48 49 50 51 52 54 58 62 63 64 65 75 76 78 80 82 84 86 87 91 92 93 96 97 99
15 c 10 43 6 85 115 10 9 5 16 17 18 23 24 28 31 34 37 39 41 43 47 49 50 51 52 53 54 55 64 67 68 71 73 75 78 79 80 81 84 87 88 91 92 94 96 99 100
16 c 55 60 6 87 117 10 16 19 17 18 19 22 23 25 26 27 28 29 32 33 34 38 39 43 46 47 48 49 50 51 52 53 54 56 57 62 63 65 68 69 70 74 75 79 80 81 82 88 89 92 93 94 95 96 97
17 c 11 31 6 91 121 10 7 1 18 23 24 25 26 32 34 41 43 44 47 48 49 50 51 52 54 56 57 60 63 65 66 67 68 69 70 71 72 74 75 82 83 84 87 89 91 94 100
18 c 63 23 41 126 156 10 2 1 19 20 21 22 24 26 27 28 29 31 32 33 34 37 39 40 42 43 44 45 46 48 49 50 52 53 55 56 57 59 61 65 69 75 76 78 79 81 85 86 89 90 91 95 97
19 c 46 13 54 139 169 10 8 4 20 23 24 28 29 30 31 36 38 39 42 43 44 48 49 50 51 54 55 57 59 61 62 63 68 71 72 75 78 81 82 87 88 89 93 95 96 97 98 100
20 c 55 20 54 139 169 10 19 16 24 26 27 29 30 31 33 35 39 40 41 43 44 45 47 49 51 52 53 54 56 58 60 67 68 70 72 73 75 79 80 81 85 89 90 94 96 97 99
21 c 62 77 58 0 170 10 20 14 25 28 31 35 37 40 43 46 49 50 51 54 55 58 59 61 64 65 66 71 74 76 78 79 80 85 86 87 88 89 92 93 94 100
22 c 15 77 58 0 173 10 9 3 23 25 26 28 29 32 35 36 38 41 42 43 44 45 49 50 51 52 53 54 55 57 58 61 62 63 64 67 68 70 72 73 83 85 87 88 90 91 97 100
23 c 6 68 61 0 176 10 30 26 24 28 30 31 32 37 39 40 41 45 46 47 51 54 56 57 58 59 62 65 66 67 68 69 70 71 73 75 76 77 78 80 81 82 83 85 87 88 89 90 93 98
24 c 2 60 63 0 178 10 5 1 25 26 28 31 34 38 40 41 43 45 48 50 52 53 55 56 57 58 63 65 67 68 70 72 75 77 85 86 87 91 94 95 96 98 100
25 c 63 65 63 0 178 10 8 3 26 28 29 33 34 36 38 42 43 45 47 49 51 53 58 62 67 70 74 75 78 79 80 81 84 85 86 88 91 94 96 98
26 c 49 73 65 0 179 10 25 30 27 30 34 35 36 39 41 44 46 47 48 50 52 54 55 57 59 68 71 72 73 75 78 80 81 82 85 88 89 90 92 93 94 95 96 99
27 c 30 25 65 149 179 10 23 24 29 30 31 32 33 34 36 39 40 42 44 46 47 48 49 52 55 56 57 59 60 64 65 66 68 70 77 80 81 82 84 85 87 88 89 92 93 97 99
28 c 57 68 65 0 180 10 15 10 29 31 32 35 37 38 39 43 45 46 47 48 51 52 53 54 55 56 57 62 63 65 68 69 71 72 73 74 79 84 86 87 88 89 90 93 94 98 99 100
29 c 65 55 68 0 183 10 14 5 30 33 35 36 38 40 41 48 52 55 58 59 60 67 68 71 72 73 74 78 83 85 88 96 98
30 c 4 18 69 0 184 10 35 36 32 33 35 41 43 44 46 48 50 51 53 54 59 60 64 65 66 68 69 74 76 77 78 79 80 81 85 86 89 93 98 100
31 c 2 48 69 0 184 10 1 1 32 35 36 38 39 41 42 44 45 46 49 50 54 55 56 58 59 64 65 70 72 76 77 86 87 89 90 91 92 93 94 95 97 99 100
32 c 23 3 70 0 185 10 7 16 34 37 38 42 43 44 46 48 49 52 56 57 58 59 61 62 65 68 70 72 73 75 76 77 78 80 81 85 87 88 89 90 92 93 94 95
33 c 27 69 70 0 185 10 10 7 35 36 41 42 47 49 50 52 54 55 60 61 62 65 66 67 68 71 74 77 78 79 81 82 83 85 88 89 92 97
34 c 8 56 70 0 185 10 27 23 35 36 41 43 44 46 48 53 55 57 58 60 61 64 66 69 70 71 73 74 75 76 77 78 79 80 81 83 85 86 87 88 94 95 97 98 100
35 c 35 69 71 0 186 10 23 15 36 37 41 42 43 45 48 53 55 56 58 59 62 64 67 72 74 76 79 80 81 87 88 90 91 92 95 96 99 100
36 c 65 20 71 156 186 10 6 10 37 38 43 46 47 48 50 51 53 54 56 61 63 64 65 66 71 73 75 76 78 79 82 85 86 87 89 93 96 97 98 99
37 c 60 12 71 0 186 10 31 41 38 40 41 42 46 48 49 51 52 54 58 61 63 67 68 70 72 73 77 81 84 85 95 96 98 100
38 c 15 10 72 0 187 10 20 30 40 42 46 51 53 58 59 65 67 70 71 72 74 81 82 84 85 86 87 93 94 97 98 100
39 c 31 67 72 0 187 10 3 1 40 42 48 50 51 52 54 58 59 60 64 70 71 74 75 76 77 79 81 82 84 85 87 88 89 92 93 94 96 97
40 c 15 60 72 0 187 10 17 26 41 43 45 46 47 48 49 50 51 52 53 54 55 56 57 58 64 66 68 69 70 73 74 79 84 85 87 88 89 94 95 96 97
41 c 61 52 73 0 188 10 3 3 43 44 45 46 47 49 50 51 52 53 56 57 64 66 67 68 72 73 75 76 80 81 82 83 85 87 88 89 90 92 96 97 99 100
42 c 45 65 73 0 188 10 9 4 43 44 49 50 51 55 61 64 67 68 72 76 82 83 88 89 92 93 94 96 97 100
43 c 5 30 74 0 189 10 2 10 45 47 49 50 53 55 56 58 60 66 68 69 70 71 73 75 76 78 79 80 81 82 83 86 87 88 91 92 93 96
44 c 53 12 75 0 190 10 6 1 45 49 50 51 58 59 60 61 62 63 66 67 68 72 74 76 78 79 80 81 82 83 87 88 89 91 92 96 97 98 99 100
45 c 64 42 75 0 190 10 9 5 46 49 51 53 54 56 60 66 69 70 71 74 76 79 81 82 83 87 88 89 90 93 94 99
46 c 65 35 75 0 190 10 3 3 49 50 51 52 53 54 55 57 60 61 62 63 64 65 66 73 74 75 79 80 81 82 83 86 87 88 89 90 91 92 93 97 98 99
47 c 10 20 75 0 190 10 19 24 48 49 55 56 61 62 63 64 65 70 71 77 78 79 80 84 85 86 88 89 90 91 92 93 94 97
48 c 6 38 75 0 190 10 16 23 50 51 55 56 59 60 64 65 66 67 70 72 74 75 77 78 80 82 85 89 90 95 96 98 99 100
49 c 42 7 76 0 191 10 5 1 52 53 55 56 58 59 62 63 64 66 68 71 74 76 77 78 82 83 85 86 88 91 93 94 95 97 99 100
50 c 13 52 77 0 192 10 36 27 51 52 54 58 59 60 61 63 64 71 74 75 77 78 81 82 85 86 91 92 94 96 97 98 100
51 c 49 11 77 0 192 10 18 19 52 54 57 58 59 62 64 65 67 68 69 70 71 76 77 78 79 81 84 85 86 88 90 93 96 97 100
52 c 55 54 78 0 192 10 26 31 53 54 56 58 62 63 64 67 68 71 74 78 79 81 87 88 91 92 95 97 98 100
53 c 49 58 78 0 193 10 10 17 54 55 58 62 63 64 66 68 69 70 72 73 74 76 80 81 83 85 90 91 92 93 94 96 97 98 99
54 c 45 10 78 0 193 10 18 19 59 60 65 66 70 71 73 75 76 77 78 79 80 83 86 88 90 92 93 95 96 97 98
55 c 24 12 79 0 194 10 5 1 57 58 59 64 66 67 69 70 73 75 76 78 83 85 92 95 98 99
56 c 40 60 79 0 194 10 21 26 57 59 60 61 63 64 67 71 72 73 74 76 78 79 81 82 88 89 90 91 92 94 96 98 99 100
57 c 30 60 79 0 194 10 16 8 58 63 67 68 69 72 73 76 78 79 84 86 87 88 89 95 96 97 98 99 100
58 c 15 19 79 0 194 10 1 7 59 68 69 70 72 75 77 78 80 81 82 84 89 91 92 94 96 97 98 99 100
59 c 12 24 79 0 194 10 13 13 60 62 63 65 66 68 73 74 77 81 87 88 91 93 94 97 98
60 c 18 18 80 165 195 10 17 25 61 63 64 65 66 67 69 71 73 74 75 76 81 82 84 87 88 89 92 94 95 99 100
61 c 53 52 80 0 195 10 11 10 66 68 69 70 71 75 76 77 78 80 81 83 85 86 91 92 93 94 96 97 98
62 c 32 12 81 0 196 10 7 16 66 67 68 70 73 75 77 80 83 84 86 87 89 92 93 94 95 96 97 99 100
63 c 16 22 81 0 196 10 41 41 64 65 67 68 72 73 75 82 84 85 86 87 90 91 95 96 97 98 100
64 c 15 47 81 0 196 10 16 24 65 66 67 68 72 73 77 78 79 81 84 86 90 91 94 95 96 97
65 c 47 16 82 0 197 10 25 17 66 68 70 71 73 76 77 78 79 80 82 85 87 88 90 91 93 98 99 100
66 c 57 29 82 0 197 10 18 23 70 71 72 75 76 82 84 86 89 90 92 94 95 99 100
67 c 55 45 82 0 197 10 13 13 73 75 77 78 81 82 83 85 87 89 90 91 93 94 96 98 99 100
68 c 20 50 83 0 198 10 5 8 69 70 71 72 77 80 82 85 87 88 89 93 94 95 96 97 99
69 c 37 56 83 0 198 10 5 1 74 76 77 78 80 82 85 87 89 91 93 95 99 100
70 c 56 37 83 0 198 10 6 4 71 72 74 75 80 84 85 89 90 92 94 95 96 99 100
71 c 20 20 83 0 198 10 8 1 72 80 81 82 83 86 88 90 94 95 99 100
72 c 19 21 83 0 198 10 10 20 73 74 76 77 78 79 81 83 86 89 90 93 99 100
73 c 56 39 83 0 198 10 36 36 74 76 77 79 81 83 84 86 88 89 90 93 95 98
74 c 14 37 83 0 198 10 11 1 79 81 83 85 89 93 94 97 99 100
75 c 44 17 84 0 199 10 9 4 76 77 78 79 80 81 83 84 85 86 87 88 90 100
76 c 18 24 84 0 199 10 22 22 78 79 80 84 86 90 91 93 94 98
77 c 15 30 84 0 199 10 26 23 82 83 84 87 88 92 93 95 97 99 100
78 c 53 43 84 169 199 10 14 14 84 87 88 89 90 91 94 96 97
79 c 26 52 85 0 200 10 9 7 80 81 83 84 86 87 88 89 90 93 98
80 c 45 20 86 0 201 10 11 9 81 82 83 84 85 86 88 90 91 92 93 95 99
81 c 17 34 86 0 201 10 3 2 82 85 93 96 99
82 c 35 17 87 0 202 10 7 12 89 90 91 92 93 94 96 97 98 99
83 c 25 21 87 0 202 10 12 15 84 86 91 92 93 94 95 99
84 c 21 24 87 0 202 10 28 18 88 91 93 97 100
85 c 31 52 87 0 202 10 27 26 90 91 92 94 95 97 99 100
86 c 47 47 88 0 203 10 13 8 88 93 94 95 96 98
87 c 20 40 89 0 204 10 12 22 90 93 94 97 98 99 100
88 c 41 49 89 0 204 10 10 9 89 92 93 94 99 100
89 c 22 27 89 0 204 10 11 2 92 93 94 95 96 98 100
90 c 25 24 90 0 205 10 20 13 94 95 98
91 c 50 35 90 0 205 10 19 22 93 96 97
92 c 26 27 92 0 207 10 27 30 95 96 100
93 c 25 30 93 0 208 10 3 12 94 97 98
94 c 45 30 93 0 208 10 17 13 95 97 99 100
95 c 40 25 93 0 208 10 9 7 97 98 99 100
96 c 27 43 93 0 208 10 9 10 100
97 c 36 26 95 180 210 10 18 28 98
98 c 26 35 96 0 211 10 15 23 100
99 c 41 37 98 0 213 10 16 21
100 c 35 40 100 0 215 10 16 24

