StringID Type x y release ReadyTime DueDate ServiceTime weight volume Item_Conflitante1 Item_Conflitante2 Item_Conflitante3 Item_Conflitante4 Item_Conflitante5 Item_Conflitante6 Item_Conflitante7 Item_Conflitante8 Item_Conflitante9 Item_Conflitante10 Item_Conflitante11 Item_Conflitante12 Item_Conflitante13 Item_Conflitante14 Item_Conflitante15 Item_Conflitante16 Item_Conflitante17 Item_Conflitante18 Item_Conflitante19 Item_Conflitante20 Item_Conflitante21 Item_Conflitante22 Item_Conflitante23 Item_Conflitante24 Item_Conflitante25 Item_Conflitante26 Item_Conflitante27 Item_Conflitante28 Item_Conflitante29 Item_Conflitante30 Item_Conflitante31 Item_Conflitante32 Item_Conflitante33 Item_Conflitante34 Item_Conflitante35 Item_Conflitante36 Item_Conflitante37 Item_Conflitante38 Item_Conflitante39 Item_Conflitante40 Item_Conflitante41 Item_Conflitante42 Item_Conflitante43 Item_Conflitante44 Item_Conflitante45 Item_Conflitante46 Item_Conflitante47 Item_Conflitante48 Item_Conflitante49 Item_Conflitante50 Item_Conflitante51 Item_Conflitante52 Item_Conflitante53 Item_Conflitante54 Item_Conflitante55 Peso_Total Volume_Total
0 d 40 50 0 0 240 0 0 0                                                        200 200
1 c 60 80 0 37 67 10 10 1 4 7 9 18 19 20 21 26 28 29 30 32 34 35 39 40 41 43 44 46 48 50 52 53 54 55 58 59 61 62 63 64 67 68 72 73 77 79 81 82 83 84 85 87 89 91 92 93 95 99 100
2 c 85 25 0 51 81 10 10 7 6 7 9 10 11 12 14 16 20 21 23 25 26 28 30 31 32 34 37 38 39 42 43 49 51 53 54 55 57 60 61 64 66 68 70 72 75 76 77 80 88 89 90 93 97 100
3 c 60 85 0 85 115 10 30 32 5 6 7 8 9 11 12 13 15 16 18 19 21 25 26 28 31 33 34 37 39 40 42 43 44 46 51 52 55 57 58 60 62 63 65 66 70 71 76 77 81 83 86 87 89 90 92 93 94 95 100
4 c 88 30 0 74 104 10 10 1 8 11 12 14 16 17 21 23 24 25 28 29 30 31 32 34 35 36 37 39 40 43 44 45 47 48 49 52 53 54 56 57 58 60 61 62 63 64 66 67 70 72 74 75 76 78 79 81 82 85 86 88 91 95 97
5 c 55 80 0 33 63 10 10 1 6 7 8 10 11 15 16 17 18 23 25 26 29 30 33 34 36 37 40 41 42 44 46 48 50 51 53 54 61 62 63 64 66 68 70 72 73 75 76 78 79 80 84 87 89 91 96 99 100
6 c 55 82 0 64 94 10 10 16 7 10 11 12 14 16 18 22 23 24 27 29 32 33 34 35 40 41 42 43 44 45 51 52 58 60 61 64 67 69 70 71 72 74 76 78 80 81 82 83 84 85 87 88 90 93 95 99 100
7 c 95 35 0 62 92 10 20 23 10 14 15 17 21 22 24 27 28 29 30 31 34 35 36 38 40 42 51 52 53 54 55 56 57 58 60 61 64 66 67 68 69 70 71 72 74 75 76 78 80 81 82 84 86 89 92 96 98
8 c 20 82 0 37 67 10 10 19 11 12 14 15 18 24 25 26 29 30 31 33 44 46 47 48 53 54 57 60 62 63 64 66 67 68 70 71 73 76 79 80 81 83 84 85 86 88 89 92 93 95 96 97 98 99
9 c 26 35 0 77 107 10 15 10 10 11 12 14 22 24 26 29 33 35 36 37 39 42 43 44 47 49 50 51 52 53 57 59 62 64 66 69 70 71 73 74 75 79 82 86 87 88 90 94 96 97 98 99 100
10 c 38 5 0 65 95 10 30 21 12 15 19 21 22 25 26 27 30 32 33 39 42 48 49 51 52 53 55 56 59 60 61 62 63 67 69 70 72 74 77 78 80 81 85 86 87 88 89 95 96 98 100
11 c 12 24 0 90 120 10 13 15 12 13 19 20 21 22 25 26 28 29 31 32 33 34 35 36 40 43 44 46 47 49 51 52 53 58 59 60 61 62 65 66 67 68 69 70 71 72 74 77 79 80 82 87 88 89 93 95 97 99 100
12 c 6 68 0 89 119 10 30 40 17 18 19 20 21 22 24 34 38 40 43 44 45 48 49 50 52 54 55 56 57 58 62 63 64 66 67 68 70 72 73 75 76 77 78 80 83 88 89 90 91 92 93 94 98 99
13 c 62 80 0 75 105 10 30 33 14 16 18 19 21 23 25 29 30 33 36 37 38 43 44 47 51 52 53 58 60 61 67 69 70 71 73 74 75 77 78 80 81 87 88 89 92 93 94 98 99 100
14 c 8 56 0 90 120 10 27 23 15 16 21 22 23 24 28 29 30 31 37 38 40 41 43 47 50 51 57 58 66 71 77 78 79 82 86 87 89 91 93 94 95 97 100
15 c 65 85 0 43 73 10 40 35 17 18 19 20 21 22 23 24 29 31 32 33 34 35 36 38 39 41 43 44 52 53 54 57 59 66 67 68 69 71 73 74 76 78 79 81 83 84 88 89 92 93 95 98 99 100
16 c 24 58 0 67 97 10 19 16 17 19 21 24 25 26 32 33 36 38 40 42 43 49 50 52 53 55 57 58 59 61 66 68 70 71 72 74 75 78 80 82 83 86 87 88 92 94 95 96 97 98 100
17 c 60 12 0 75 105 10 31 23 21 28 30 32 34 36 37 38 41 43 46 47 48 49 51 52 53 56 58 61 63 64 72 74 78 81 83 87 89 91 95 96 97 100
18 c 65 35 0 52 82 10 3 12 19 24 25 27 29 30 31 34 36 37 39 40 42 43 44 45 46 47 48 49 51 53 58 61 66 67 68 72 76 77 78 82 83 84 85 86 88 89 91 93 96 97 98 99
19 c 8 40 0 59 89 10 40 44 21 23 24 27 28 30 31 33 34 36 38 41 42 43 44 47 50 55 56 57 58 59 61 62 64 67 70 74 78 79 80 82 84 86 87 89 94 95 96 98 99 100
20 c 31 52 0 41 71 10 27 34 26 29 31 32 36 40 42 44 45 46 47 48 51 54 58 59 60 61 62 64 67 68 71 72 75 77 78 80 82 84 85 86 87 89 90 94 95 97
21 c 64 42 0 70 100 10 9 16 22 24 25 27 28 29 30 31 32 33 34 35 37 38 40 41 42 43 44 45 47 48 49 50 52 54 56 58 65 68 69 70 71 74 76 78 81 82 83 84 87 88 89 91 95 96 97 98
22 c 35 40 0 11 41 10 16 16 26 28 29 32 33 35 36 39 40 41 43 44 45 47 49 51 54 60 61 62 68 69 70 72 73 74 76 77 78 80 83 84 88 90 91 93 95 96 99 100
23 c 45 30 0 53 83 10 17 15 24 26 28 29 30 32 36 37 40 42 43 44 45 46 50 52 56 57 58 59 63 65 66 68 72 74 75 77 79 81 83 84 86 88 91 92 94 95 96 97 98 100
24 c 53 43 0 14 44 10 14 10 25 27 28 31 35 37 42 46 47 48 51 52 54 56 57 60 61 62 63 66 70 72 75 76 77 80 82 83 85 86 87 90 91 93 98 99
25 c 2 40 0 58 88 10 20 26 29 30 31 32 35 36 38 39 42 43 44 47 48 49 55 59 62 64 65 66 68 70 72 73 75 76 77 80 81 83 84 86 88 90 91 93 94 95 96 98
26 c 15 80 1 91 121 10 10 19 27 28 30 31 34 35 36 37 38 41 43 45 47 48 50 52 57 59 61 62 65 66 67 68 69 70 72 73 75 76 77 78 82 83 89 90 94 95 96 98
27 c 20 50 1 91 121 10 5 3 28 32 34 35 39 41 43 44 45 47 49 50 51 52 56 57 66 67 68 71 72 74 77 80 82 83 84 87 90 91 92 93 94 95 97 99
28 c 10 35 1 91 121 10 20 22 29 30 31 32 34 36 37 38 40 43 44 46 48 52 53 54 55 57 58 59 63 66 67 68 70 71 75 76 77 80 84 85 86 88 89 91 92 94 96 98 99
29 c 58 75 6 92 122 10 20 17 30 31 34 35 36 39 41 42 43 48 50 55 60 61 63 64 67 71 72 74 75 76 78 81 82 85 86 87 89 90 95 100
30 c 40 15 6 92 122 10 40 39 31 32 33 34 35 36 38 40 41 43 44 45 46 48 49 50 51 53 55 57 62 63 69 70 72 74 79 84 85 86 87 89 91 92 95 100
31 c 18 75 6 95 125 10 20 29 33 34 37 38 39 40 44 45 46 47 50 51 56 57 59 61 63 64 65 67 69 70 72 73 77 86 87 89 90 94 95 97 100
32 c 57 29 6 96 126 10 18 16 33 34 36 38 41 42 43 44 46 51 52 53 55 57 59 60 61 63 65 66 68 71 72 73 75 80 81 82 84 85 86 87 89 91 94 96
33 c 42 12 14 104 134 10 10 4 36 37 38 39 44 45 47 49 50 53 56 58 59 60 62 63 66 67 69 71 73 74 80 82 83 84 85 86 87 93 94 95 98 99
34 c 10 40 29 119 149 10 30 40 35 36 37 40 41 42 43 44 49 50 51 52 54 55 56 58 59 61 62 68 70 71 72 74 75 76 77 78 79 80 81 82 84 87 88 89 91 92 93 94 95 96 97 99 100
35 c 50 35 40 130 160 10 19 17 36 40 45 46 47 53 54 57 65 66 67 68 70 71 72 73 74 78 79 80 82 84 85 87 88 93 94 95 98 99
36 c 41 37 43 133 163 10 16 17 38 40 41 44 46 47 48 50 51 52 53 56 57 59 61 63 64 67 70 73 78 80 82 83 85 89 91 95 97
37 c 67 85 49 139 169 10 20 28 38 39 40 41 44 47 49 50 51 53 66 67 68 69 70 72 74 75 79 80 81 84 85 87 88 92 93 96 99
38 c 30 60 50 140 170 10 16 14 44 48 49 51 53 55 56 58 60 61 63 64 66 71 74 75 76 77 79 86 89 93 96 98 100
39 c 20 20 51 141 171 10 8 14 41 42 43 44 45 48 49 50 51 52 53 54 55 57 59 61 62 65 67 68 70 74 77 78 79 80 81 83 86 90 91 95 96 98 100
40 c 20 80 51 141 171 10 40 50 41 42 43 54 57 58 59 60 61 62 63 65 68 70 74 75 76 78 79 83 84 85 87 88 89 91 94 100
41 c 95 30 52 0 171 10 30 27 42 43 44 46 47 48 51 52 54 55 58 59 61 67 68 70 72 73 74 77 78 80 83 85 88 89 91 93 98 100
42 c 5 5 52 0 172 10 16 12 43 44 46 47 50 51 53 54 61 63 69 72 73 75 76 77 79 82 85 86 87 88 89 90 91 92 93 94 97 98
43 c 5 35 52 142 172 10 10 17 45 50 52 55 58 61 67 68 69 71 73 74 75 78 79 81 83 87 88 91 92 93 95 96 97 100
44 c 40 60 54 144 174 10 21 11 45 46 48 49 50 51 52 54 57 58 60 63 64 67 68 70 73 78 84 87 89 90 94 95 96 97 100
45 c 92 30 54 0 174 10 10 3 46 47 50 51 55 56 62 64 65 66 69 70 75 78 79 82 85 86 87 88 92 93 100
46 c 90 35 57 0 177 10 10 6 50 53 56 57 60 62 66 67 68 70 72 76 82 88 90 94 96 97 100
47 c 67 5 57 0 177 10 25 23 48 50 51 52 55 56 57 59 60 63 65 66 67 68 69 72 73 74 77 78 85 87 88 89 92 93 95 97 99 100
48 c 87 30 58 0 178 10 10 5 50 51 52 53 54 56 59 63 64 71 72 74 75 76 79 81 84 86 89 90 92 93 96 99 100
49 c 0 45 59 149 179 10 20 20 52 53 54 56 57 58 59 60 61 65 72 73 77 78 79 84 85 86 88 90 91 92 95 96 97
50 c 88 35 59 0 179 10 20 17 57 59 60 63 64 66 68 79 84 88 89 91 92 95 97 98 100
51 c 23 3 60 150 180 10 7 2 52 57 62 63 64 67 68 70 71 74 75 76 77 78 79 81 84 86 88 90 96 97 98 99 100
52 c 4 18 64 0 181 10 35 45 53 54 55 57 59 61 62 63 64 65 66 67 68 69 72 73 74 75 76 78 79 81 82 83 84 91 92 93 94 98 99 100
53 c 85 35 64 0 182 10 30 40 54 56 60 62 64 65 66 67 71 72 74 75 78 80 82 85 88 89 92 94 96 97 99 100
54 c 15 10 64 152 182 10 20 11 65 70 71 73 74 78 82 84 86 91 92 93 95 96 97 99
55 c 42 5 64 0 184 10 10 19 60 63 67 69 70 72 73 74 77 78 80 85 86 87 88 89 90 92 94 96 100
56 c 44 5 64 0 184 10 20 17 57 58 59 60 63 66 72 74 75 76 80 87 89 90 91 92 93 94 95 96 97 98 99 100
57 c 35 5 64 154 184 10 20 22 59 60 65 66 67 68 71 72 76 77 78 82 86 87 89 90 92 97 99 100
58 c 40 5 65 0 185 10 10 8 60 61 64 67 72 73 74 75 77 78 81 86 88 91 92 93 95 98 99 100
59 c 10 20 67 0 187 10 19 17 61 62 65 67 69 70 71 73 75 80 81 83 85 89 90 91 92 94 95 96 97 98 99 100
60 c 0 40 68 0 188 10 20 16 61 62 65 70 72 73 75 78 79 81 83 85 86 87 88 89 93 99
61 c 42 10 69 0 189 10 40 50 63 65 66 67 70 71 72 73 75 77 81 82 83 85 86 88 89 90 92 97 100
62 c 20 85 69 0 189 10 20 18 63 66 71 73 74 75 76 78 79 80 81 84 86 89 90 91 93 95 96 97 99 100
63 c 65 82 69 0 189 10 10 12 71 73 74 76 77 78 80 82 83 84 85 91 94 99 100
64 c 22 85 70 0 190 10 10 1 65 66 71 73 74 76 77 78 79 80 82 89 91 92 93 96 97 99 100
65 c 65 20 70 0 190 10 6 1 68 72 73 79 82 84 87 88 90 91 95 96 99 100
66 c 2 60 70 0 190 10 5 1 69 70 71 72 73 75 76 80 82 87 89 90 93 99 100
67 c 25 85 71 0 191 10 20 25 71 72 74 76 77 80 81 83 84 85 86 87 89 90 91 96 97 98 100
68 c 2 45 72 0 191 10 10 13 70 72 77 78 79 81 83 86 88 92 93 95
69 c 55 85 72 0 191 10 20 19 70 71 75 76 78 80 84 85 88 90 92 93 95 98
70 c 18 80 72 0 192 10 10 11 71 73 74 76 78 81 82 83 84 85 88 89 91 94 98 99
71 c 63 23 74 0 194 10 2 4 73 74 75 76 80 83 90 93 96
72 c 72 35 74 0 194 10 30 31 73 81 82 89 90 91 92 93 94 95 97 98 99
73 c 15 75 74 0 194 10 20 29 75 76 77 80 81 82 83 84 85 88 90 93 95 97 98 99
74 c 5 45 74 0 194 10 10 6 75 77 78 79 80 82 85 86 88 91 92 94 96 98 99
75 c 42 15 74 0 194 10 10 9 76 78 82 83 85 86 89 91 95 99 100
76 c 38 15 74 0 194 10 10 8 77 79 80 81 82 83 84 86 87 89 90 91 93 98 100
77 c 55 20 76 0 196 10 19 17 79 82 83 85 86 88 90 94 95 96 97 98 100
78 c 21 24 77 0 197 10 28 33 79 86 87 88 89 90 92 93 96 98 99 100
79 c 8 45 77 0 197 10 20 29 80 83 84 87 88 89 92 93 94 96 97 98 99
80 c 22 75 83 0 199 10 30 24 85 86 88 90 91 92 95 96 97 98 99 100
81 c 63 65 83 0 202 10 8 16 82 83 84 85 87 88 91 95 97 100
82 c 15 60 83 0 203 10 17 18 85 88 91 92 94 96 97 98 100
83 c 30 25 83 0 203 10 23 17 85 87 89 91 94 95 97 98 100
84 c 65 55 84 0 204 10 14 16 85 86 87 89 90 93 100
85 c 25 30 85 0 205 10 3 1 86 87 91 94 95 96 97 100
86 c 61 52 88 178 208 10 3 1 87 90 92 93 94 95 98 100
87 c 56 37 89 0 209 10 6 4 89 93 95
88 c 35 69 90 180 210 10 23 15 91 92 95 100
89 c 37 31 90 0 210 10 14 19 90 94 95 96 98 99 100
90 c 31 67 91 180 210 10 3 1 92 93 95 96
91 c 55 60 91 0 211 10 16 20 93 94 97 98 99
92 c 57 48 92 0 212 10 23 22 93 95 96 98 100
93 c 45 65 94 0 214 10 9 1 94 96 97 98 99
94 c 55 54 94 0 214 10 26 24 96 98 99 100
95 c 27 43 95 0 215 10 9 9 96 97 99
96 c 26 52 95 0 215 10 9 1 97 98 99 100
97 c 49 58 97 0 217 10 10 19
98 c 49 42 97 0 217 10 13 18
99 c 47 47 102 192 222 10 13 16 100
100 c 37 47 105 0 225 10 6 9

