StringID Type x y release ReadyTime DueDate ServiceTime weight volume Item_Conflitante1 Item_Conflitante2 Item_Conflitante3 Item_Conflitante4 Item_Conflitante5 Item_Conflitante6 Item_Conflitante7 Item_Conflitante8 Item_Conflitante9 Item_Conflitante10 Item_Conflitante11 Item_Conflitante12 Item_Conflitante13 Item_Conflitante14 Item_Conflitante15 Item_Conflitante16 Item_Conflitante17 Item_Conflitante18 Item_Conflitante19 Item_Conflitante20 Item_Conflitante21 Item_Conflitante22 Item_Conflitante23 Item_Conflitante24 Item_Conflitante25 Item_Conflitante26 Item_Conflitante27 Item_Conflitante28 Item_Conflitante29 Item_Conflitante30 Item_Conflitante31 Item_Conflitante32 Item_Conflitante33 Item_Conflitante34 Item_Conflitante35 Item_Conflitante36 Item_Conflitante37 Item_Conflitante38 Item_Conflitante39 Item_Conflitante40 Item_Conflitante41 Item_Conflitante42 Item_Conflitante43 Item_Conflitante44 Item_Conflitante45 Item_Conflitante46 Item_Conflitante47 Item_Conflitante48 Item_Conflitante49 Item_Conflitante50 Item_Conflitante51 Item_Conflitante52 Item_Conflitante53 Item_Conflitante54 Item_Conflitante55 Item_Conflitante56 Item_Conflitante57 Peso_Total Volume_Total
0 d 35 35 0 0 230 0 0 0                                                          200 200
1 c 40 60 0 49 102 10 21 23 4 6 9 10 13 15 16 17 20 23 24 25 26 30 32 33 34 36 38 40 41 42 45 46 49 52 55 56 58 60 62 63 64 65 66 69 72 74 76 78 79 80 83 84 85 88 89 90 91 93 94 100
2 c 26 52 0 50 107 10 9 14 3 4 7 11 12 13 14 17 20 21 22 27 29 30 34 38 39 40 45 47 50 52 54 56 60 64 65 68 69 72 74 75 77 81 82 84 87 94 95 99 100
3 c 53 52 0 24 92 10 11 15 5 6 9 10 13 15 16 22 23 24 25 26 28 29 31 34 36 39 42 43 44 45 47 48 49 51 52 58 60 64 65 69 72 73 74 77 78 79 81 82 83 89 90 93 98
4 c 2 60 0 41 112 10 5 4 6 8 14 15 17 19 22 23 25 26 27 29 31 33 34 36 38 39 44 46 50 53 55 56 61 62 63 66 67 69 70 71 73 74 76 80 81 84 85 89 90 92 95 97 98 100
5 c 5 5 0 74 101 10 16 15 7 9 11 12 14 15 16 17 18 20 21 22 24 25 26 27 28 30 31 33 37 38 47 49 50 52 53 56 61 64 65 68 72 75 80 82 83 84 85 86 87 90 94 95 96 99
6 c 60 12 0 33 110 10 31 41 7 11 15 17 18 19 21 23 25 31 38 39 41 43 44 48 49 57 59 60 61 64 65 66 68 72 73 76 78 83 86 88 89 90 91 93 94 96 97 99 100
7 c 40 25 0 65 114 10 9 17 8 9 10 11 17 18 19 22 25 31 34 36 37 40 42 43 44 49 50 51 53 55 58 61 64 66 69 72 74 75 77 81 84 85 87 90 91 92 94 95 98 100
8 c 24 12 0 25 91 10 5 7 12 13 15 17 18 20 21 22 24 26 28 32 33 34 36 37 39 44 45 46 50 51 52 57 59 63 65 66 67 68 69 70 72 74 76 80 82 83 87 88 89 90 92 95 97 98 99 100
9 c 11 14 0 59 88 10 18 18 11 14 29 32 34 35 37 39 40 41 42 44 45 46 49 55 57 59 60 61 67 68 69 70 72 74 75 76 77 78 81 82 83 89 91 92 93 94 98 99
10 c 6 38 0 29 99 10 16 15 12 14 16 18 20 21 22 23 24 25 26 27 28 29 30 31 35 36 38 39 40 44 46 49 51 53 54 55 56 57 58 59 60 61 63 66 67 70 73 75 77 78 81 82 83 84 85 86 87 88 89 90 92 94 97 99 100
11 c 20 26 0 74 101 10 9 4 12 13 18 20 26 28 29 30 33 35 36 37 40 41 45 46 47 48 51 53 56 57 58 59 60 62 66 69 70 71 72 77 78 80 82 83 84 85 88 89 90 91 92 93 95 96 97 99
12 c 37 31 0 87 112 10 14 7 20 24 25 27 29 30 32 33 37 38 39 41 42 44 54 58 63 64 66 67 68 71 73 74 75 78 79 83 85 87 96 97 99 100
13 c 57 48 0 84 109 10 23 28 14 17 19 20 21 23 24 25 26 29 30 35 41 42 44 49 50 51 54 55 58 61 62 63 64 65 67 68 70 72 75 76 78 80 84 86 87 93 95 96 97 98 99 100
14 c 24 58 0 46 79 10 19 14 16 17 18 22 23 24 27 28 29 30 31 32 33 34 35 36 37 38 39 40 44 46 48 59 60 61 63 65 68 71 72 73 76 77 79 84 85 86 87 90 92 94 97 98 99 100
15 c 15 77 0 48 107 10 9 13 18 25 26 28 30 33 39 42 43 44 47 48 49 50 51 54 57 59 60 63 64 66 69 70 71 74 75 77 81 82 86 87 92 93 98 99
16 c 62 77 0 49 113 10 20 14 19 20 23 25 27 28 30 31 32 33 37 38 39 41 42 43 44 46 48 49 51 53 55 59 60 64 65 68 69 71 72 74 75 76 80 84 86 89 91 92 93 100
17 c 67 5 0 73 102 10 25 29 18 21 22 24 26 31 32 33 38 41 44 45 48 50 51 52 55 58 60 65 68 69 74 75 76 85 86 90 91 94 97 98 99
18 c 37 47 0 39 70 10 6 1 26 28 29 30 32 33 34 36 37 38 40 41 44 45 47 49 50 51 52 53 56 57 58 59 64 65 67 68 70 72 73 74 76 77 79 84 86 88 90 91 94 95 97 98 99 100
19 c 49 42 0 65 90 10 13 20 20 22 23 25 28 32 34 35 36 40 41 44 46 47 48 49 50 52 55 60 61 68 69 72 73 77 78 80 81 82 83 84 86 88 89 91 93 94 96 99
20 c 35 40 0 8 75 10 16 9 28 30 31 35 37 42 44 45 46 47 49 50 51 52 56 57 59 60 61 64 65 66 68 71 76 77 78 82 84 85 88 91 95 96 97 98 100
21 c 55 5 0 58 87 10 29 36 22 24 25 27 28 30 36 38 43 44 48 49 51 52 53 54 55 56 57 58 59 61 64 65 66 68 69 71 75 76 80 83 84 86 89 90 92 94 95 96 97 99 100
22 c 28 18 0 88 107 10 26 26 24 26 27 31 35 36 38 40 43 44 45 46 47 51 53 55 58 61 62 63 66 67 69 71 73 77 82 85 87 89 90 93 96 97 100
23 c 10 43 0 87 112 10 9 9 25 28 29 31 32 34 35 36 37 38 42 43 44 45 47 48 50 52 53 54 56 60 62 67 68 70 72 73 76 79 81 82 83 85 87 88 93 95 99 100
24 c 22 22 0 18 53 10 2 7 25 27 29 32 34 36 37 38 40 42 43 44 47 49 50 53 54 55 56 61 65 66 67 68 69 73 82 83 85 87 88 91 93 96 97 98 99
25 c 20 65 3 57 86 10 12 19 29 30 31 34 35 36 39 42 43 44 47 48 50 53 54 55 56 59 60 61 68 70 72 73 74 75 76 78 79 80 88 89 90 92 95 97 100
26 c 30 5 3 50 81 10 8 18 27 28 31 34 36 37 38 39 40 47 49 51 53 54 55 56 58 59 63 68 70 72 80 81 84 86 88 90 91 92 93 95 99 100
27 c 55 60 3 88 115 10 16 16 28 29 33 34 35 36 38 39 41 42 43 46 47 49 50 52 53 54 57 61 62 63 64 65 66 69 70 73 75 76 77 78 80 81 83 84 85 88 92 94 100
28 c 11 31 3 93 118 10 7 15 29 31 33 36 37 38 39 41 43 45 46 48 52 53 54 56 58 62 64 65 69 72 74 75 78 80 82 83 84 85 92 93 94 95 99
29 c 45 10 25 76 127 10 18 18 32 34 37 40 41 42 43 46 47 48 49 50 51 61 62 63 64 66 67 70 72 73 76 80 86 89 91 92 93 98 99
30 c 61 52 25 71 130 10 3 10 33 35 36 43 45 46 51 52 53 54 55 56 59 62 63 64 71 72 73 74 79 80 81 82 84 97 98
31 c 42 7 25 72 131 10 5 13 33 35 37 39 40 41 42 45 46 47 48 51 53 54 55 56 59 62 64 65 67 68 69 70 71 76 77 79 80 81 82 84 90 91 92 95 97 98
32 c 25 30 25 76 131 10 3 7 36 38 40 41 42 45 46 55 56 58 60 63 65 66 67 68 69 70 71 73 75 76 77 80 81 82 85 90 92 95 96 97 98 99
33 c 12 24 25 29 132 10 13 13 34 35 36 39 42 43 44 46 47 48 49 50 51 52 53 54 55 56 57 59 60 63 64 65 66 68 71 72 73 75 77 79 80 81 82 85 86 91 92 94 95 96 100
34 c 6 68 25 93 132 10 30 35 38 42 43 44 46 49 52 54 55 60 62 63 64 66 69 75 76 77 78 79 80 81 84 85 86 88 90 92 95 97 98 99 100
35 c 44 17 25 30 135 10 9 11 36 37 38 40 42 43 45 46 49 51 56 58 60 61 69 71 72 73 77 80 87 90 91 94 95 99 100
36 c 41 37 25 6 136 10 16 23 37 38 39 40 42 43 44 50 54 55 56 58 60 61 62 63 64 65 68 73 78 79 83 84 85 89 91 94 99 100
37 c 20 40 25 47 136 10 12 8 40 44 47 48 51 53 54 55 56 57 58 62 64 65 66 68 71 72 73 74 78 79 82 83 84 86 89 92 93 94 96 98 100
38 c 10 20 25 29 139 10 19 14 39 41 43 44 45 50 53 54 55 58 59 60 62 63 68 71 72 74 79 82 83 85 89 90 92 94 95 96 97 98 99
39 c 55 54 25 57 140 10 26 23 40 41 44 48 49 52 53 55 56 57 58 60 62 65 66 68 69 70 74 75 78 79 81 82 83 84 85 88 89 91 93 95 97 99
40 c 15 60 40 32 146 10 17 24 41 42 44 46 48 50 55 58 61 64 65 67 69 71 72 73 75 76 77 79 81 83 85 86 87 89 91 99
41 c 4 18 40 49 148 10 35 31 42 45 47 49 51 56 60 61 64 65 66 67 68 69 71 72 74 75 78 79 80 81 82 85 86 87 89 90 91 94 95 96 97
42 c 57 68 40 39 148 10 15 24 43 44 45 48 52 54 55 57 59 60 61 62 63 65 66 68 70 71 74 77 78 79 80 81 83 84 86 87 88 90 91 92 93 95 96 98 99 100
43 c 49 58 40 36 149 10 10 7 46 47 48 51 56 59 61 62 63 64 65 67 68 70 74 79 80 84 85 88 89 92 95 96 97 99 100
44 c 30 60 40 107 150 10 16 7 45 46 48 50 53 55 57 58 59 63 64 65 66 67 68 69 70 71 72 73 76 77 83 84 85 86 88 89 91 94 95 97 99
45 c 64 42 40 29 150 10 9 9 47 50 55 58 61 64 68 69 75 76 78 79 80 81 84 85 86 91 92 95 96 97 98
46 c 31 67 40 46 153 10 3 12 48 49 56 58 61 64 65 69 72 74 77 78 80 85 87 89 90 91 95
47 c 63 23 40 126 155 10 2 1 49 51 52 54 56 59 62 63 64 66 67 68 69 70 71 72 73 75 77 78 79 80 86 90 91 92 95 97 99 100
48 c 49 73 44 104 159 10 25 25 51 54 55 59 60 61 65 66 67 69 72 75 78 79 81 83 85 86 87 88 90 93 94 95 96 100
49 c 32 12 48 48 163 10 7 10 51 52 53 54 55 56 58 59 62 64 66 67 69 70 72 74 76 77 78 79 81 83 85 86 89 90 91 92 93 96 97 99
50 c 53 12 57 106 163 10 6 1 52 53 55 56 57 58 59 60 61 62 64 67 68 69 70 71 74 75 77 80 83 86 88 93 94 95 96 97 98 99 100
51 c 46 13 57 138 169 10 8 9 57 58 59 64 65 67 68 69 70 71 74 76 77 82 84 90 93 94 95
52 c 55 20 57 138 169 10 19 20 53 54 56 57 59 60 62 65 68 70 71 72 75 76 78 80 82 84 87 90 91 92 97 98 100
53 c 20 50 57 21 170 10 5 6 55 58 59 60 64 65 67 72 73 78 80 81 82 83 84 86 87 88 89 90 95 96 98
54 c 27 69 57 34 172 10 10 19 55 56 57 58 60 64 66 67 69 70 72 76 77 82 83 84 85 86 87 89 90 91 94 95 96 99
55 c 26 27 59 35 174 10 27 36 58 59 60 61 62 63 64 65 66 67 69 71 72 74 76 77 78 83 85 89 91 92 93 94 95 96 97 98 99 100
56 c 56 39 61 117 176 10 36 39 57 60 61 62 65 67 69 70 71 75 76 81 82 83 84 85 87 90 91 92 93 95 96 97 99 100
57 c 8 56 63 34 176 10 27 23 60 62 63 64 65 67 71 72 73 75 76 77 78 79 81 83 84 86 88 92 93 98 99
58 c 16 22 63 23 177 10 41 40 61 65 66 67 68 70 72 74 75 76 78 80 81 83 84 85 91 92 93 94 99 100
59 c 63 65 63 116 178 10 8 5 60 61 62 65 66 67 70 73 74 75 76 81 83 84 86 88 89 90 92 100
60 c 2 48 65 63 180 10 1 1 62 63 64 66 67 70 73 75 76 77 78 81 82 83 88 91 92 94 95 97 100
61 c 30 25 65 147 180 10 23 25 62 66 69 72 74 76 78 80 84 85 88 90 92 94 95 99 100
62 c 45 65 67 79 182 10 9 11 63 65 66 67 68 69 71 72 73 75 81 82 84 85 87 89 90 91 95 96 98
63 c 65 55 68 36 183 10 14 9 66 67 70 71 73 75 76 80 81 83 85 89 91 93 95 99
64 c 25 21 68 92 183 10 12 2 65 67 68 69 70 71 80 81 82 83 84 91 94 96 99
65 c 23 3 70 82 185 10 7 9 66 67 70 71 72 73 74 75 76 77 80 82 83 84 89 91 92 94 95 97 98 99 100
66 c 35 69 71 67 186 10 23 33 67 68 69 71 73 74 76 79 80 84 87 88 89 90 91 94 98 99 100
67 c 65 20 71 153 186 10 6 7 68 69 70 72 73 74 77 79 84 85 86 87 88 89 92 93 94 95 98 99 100
68 c 55 45 72 54 187 10 13 22 69 71 72 73 74 78 79 80 82 89 91 92 93 96 97 100
69 c 15 10 72 32 187 10 20 29 71 74 81 82 84 85 86 88 89 91 92 95 96 98 100
70 c 5 30 74 124 189 10 2 1 72 75 76 77 80 81 88 89 90 91 92 94 95 96 98
71 c 65 35 75 58 190 10 3 1 74 75 78 79 82 84 85 86 87 89 90 92 94 96
72 c 49 11 77 27 192 10 18 10 74 75 77 78 79 80 82 83 86 88 89 90 93 94 95 96 100
73 c 50 35 77 15 192 10 19 28 74 75 76 77 79 81 84 85 87 90 93 95 99
74 c 13 52 77 27 192 10 36 36 76 77 80 82 84 87 89 90 95 96 97 98 99
75 c 15 19 79 25 194 10 1 3 76 77 78 80 84 86 91 92 93 96 97 98
76 c 18 18 80 159 195 10 17 13 80 82 85 87 89 93 97 98 99 100
77 c 27 43 80 11 195 10 9 8 78 83 84 85 88 92 94 97 100
78 c 45 20 80 18 195 10 11 4 83 85 87 88 90 91 92 93 94 95 96 98
79 c 15 47 81 23 196 10 16 19 80 83 85 86 91 94 95 96 97 98 100
80 c 57 29 82 90 197 10 18 8 82 83 84 85 86 87 89 90 91 99 100
81 c 47 16 82 22 197 10 25 26 86 90 93 95 96 98 100
82 c 31 52 83 17 198 10 27 19 84 85 87 88 92 95 96 98 99
83 c 37 56 83 123 198 10 5 8 86 88 89 90 92 93 94 98 100
84 c 19 21 83 21 198 10 10 4 85 89 90 94 98 100
85 c 56 37 83 135 198 10 6 1 87 89 90 91 92 96 98 99
86 c 14 37 83 21 198 10 11 18 88 91 92 93
87 c 20 20 83 42 198 10 8 3 88 89 91 93 94 99
88 c 18 24 84 129 199 10 22 22 91 92 93
89 c 15 30 84 20 199 10 26 20 93 94 96 98 100
90 c 53 43 84 168 199 10 14 16 93 94 95 96 97
91 c 17 34 86 70 201 10 3 6 95 96 98 100
92 c 21 24 87 17 202 10 28 28 94 95 97 98
93 c 35 17 87 18 202 10 7 14 97 98 100
94 c 47 47 88 41 203 10 13 23 95 96 97
95 c 22 27 89 51 204 10 11 17 96 98 99 100
96 c 41 49 89 15 204 10 10 8 98
97 c 25 24 90 14 205 10 20 16 98
98 c 45 30 93 58 208 10 17 13 99 100
99 c 36 26 95 178 210 10 18 13 100
100 c 26 35 96 68 211 10 15 10

