StringID Type x y release ReadyTime DueDate ServiceTime weight volume Item_Conflitante1 Item_Conflitante2 Item_Conflitante3 Item_Conflitante4 Item_Conflitante5 Item_Conflitante6 Item_Conflitante7 Item_Conflitante8 Item_Conflitante9 Item_Conflitante10 Item_Conflitante11 Item_Conflitante12 Item_Conflitante13 Item_Conflitante14 Item_Conflitante15 Item_Conflitante16 Item_Conflitante17 Item_Conflitante18 Item_Conflitante19 Item_Conflitante20 Item_Conflitante21 Item_Conflitante22 Item_Conflitante23 Item_Conflitante24 Item_Conflitante25 Item_Conflitante26 Item_Conflitante27 Item_Conflitante28 Item_Conflitante29 Item_Conflitante30 Item_Conflitante31 Item_Conflitante32 Item_Conflitante33 Item_Conflitante34 Item_Conflitante35 Item_Conflitante36 Item_Conflitante37 Item_Conflitante38 Item_Conflitante39 Item_Conflitante40 Item_Conflitante41 Item_Conflitante42 Item_Conflitante43 Item_Conflitante44 Item_Conflitante45 Item_Conflitante46 Item_Conflitante47 Item_Conflitante48 Item_Conflitante49 Item_Conflitante50 Item_Conflitante51 Item_Conflitante52 Item_Conflitante53 Item_Conflitante54 Item_Conflitante55 Item_Conflitante56 Peso_Total Volume_Total
0 d 35 35 0 0 1000 0 0 0                                                         1000 1000
1 c 31 52 205 17 501 10 27 24 2 4 8 13 14 15 17 18 19 20 25 26 27 28 32 33 37 40 41 45 46 47 49 50 52 55 56 59 60 61 64 65 66 68 69 73 77 82 88 90 91 93 94 95 99 100
2 c 27 43 205 11 502 10 9 8 7 8 9 11 13 15 16 18 19 24 25 26 29 31 33 35 37 44 45 46 48 49 51 52 56 62 63 64 65 67 68 72 78 79 81 82 83 84 85 86 88 89 91 92 93 97 100
3 c 19 21 205 21 506 10 10 20 7 8 9 15 18 21 22 23 25 28 31 36 37 38 40 41 46 47 49 53 56 58 59 63 65 66 67 71 74 76 78 82 83 84 85 86 87 92 93 95 97 100
4 c 45 20 205 36 509 10 11 5 5 7 8 9 14 15 17 19 21 22 23 25 26 27 28 29 31 32 33 36 39 40 41 42 46 47 50 51 53 54 55 56 57 59 60 63 64 67 69 70 72 74 76 79 80 83 84 85 86 90 91 92 94 95 98 100
5 c 20 65 205 33 511 10 12 18 6 7 9 10 11 12 13 15 18 20 21 22 23 24 27 28 29 32 33 36 38 46 47 49 53 56 59 61 63 65 67 73 74 76 77 79 80 83 84 85 86 88 90 91 92 94 96 97 98 99
6 c 64 42 205 29 513 10 9 15 7 8 9 14 16 17 27 28 32 33 34 36 38 39 40 41 43 44 46 47 48 50 53 57 58 59 60 61 62 63 65 68 69 71 75 78 80 81 83 84 89 90 92 96 99
7 c 37 47 205 12 513 10 6 1 8 11 12 13 16 17 20 23 24 27 28 34 39 40 42 44 50 51 54 55 56 59 60 62 63 65 66 67 70 75 78 83 84 87 90 91 92 95 97 99 100
8 c 11 14 205 59 514 10 18 19 12 13 14 15 19 22 23 28 29 33 37 38 40 41 42 43 45 46 48 50 51 53 54 55 56 58 62 63 64 65 66 67 68 69 71 72 74 75 78 79 82 83 87 88 92 96 97 98 99
9 c 55 5 205 36 514 10 29 33 13 17 19 20 24 27 28 30 31 33 38 39 40 42 43 46 49 51 52 54 55 64 66 68 71 72 73 74 76 77 80 81 82 85 87 89 91 94 96 98 99
10 c 15 47 205 23 515 10 16 9 12 13 14 19 21 22 24 25 26 28 33 36 38 40 41 42 48 49 50 51 53 54 55 56 57 61 64 65 68 71 72 73 75 77 78 80 81 82 88 89 90 91 93 99 100
11 c 49 11 205 62 519 10 18 21 12 14 16 19 21 23 24 25 28 30 31 32 34 35 36 41 42 43 48 51 52 53 54 55 56 58 60 63 66 67 68 69 70 71 73 74 76 78 79 82 83 85 87 88 89 91 92 93 97 98 99
12 c 30 5 205 30 519 10 8 2 13 14 15 18 20 29 33 34 35 36 37 38 42 43 46 48 49 52 53 58 59 60 63 65 66 67 70 75 76 80 81 83 84 85 88 90 92 95 97 98
13 c 40 60 205 91 522 10 21 19 15 16 21 26 29 31 34 40 41 43 49 50 53 56 57 66 68 72 74 75 78 80 83 84 85 90 91 94 96 98 99
14 c 50 35 205 50 523 10 19 12 16 18 19 21 22 23 24 26 29 30 32 34 35 36 39 40 41 45 47 49 50 54 56 59 61 63 64 66 67 68 69 71 72 74 75 76 79 80 84 85 86 89 91 92 94 95 96 98 99 100
15 c 15 77 205 46 524 10 9 10 16 21 26 28 31 33 34 36 38 40 41 42 44 45 46 48 49 51 52 53 57 62 63 65 68 71 73 74 76 81 84 85 86 87 88 90 91 92 94 98 99
16 c 41 37 205 6 526 10 16 14 18 19 20 21 24 25 31 34 35 37 38 41 42 45 46 47 49 50 55 60 63 64 65 66 70 72 75 77 79 80 81 82 83 91 92 93 95 96 97 99
17 c 25 24 205 14 533 10 20 16 19 20 22 24 25 26 29 30 31 32 33 34 37 38 43 44 45 46 47 48 49 51 53 55 56 61 62 65 66 67 69 74 75 77 78 79 83 85 87 90 92 96 99
18 c 35 17 205 18 534 10 7 7 19 21 28 29 31 33 34 35 36 39 41 42 44 48 49 50 52 53 55 57 59 60 61 63 66 67 71 72 73 74 75 82 83 85 86 87 94 96 97
19 c 49 42 205 129 534 10 13 22 20 21 28 31 33 35 36 37 38 39 40 44 45 47 49 50 51 52 54 56 57 59 63 65 67 71 72 73 75 76 78 82 83 84 85 86 87 89 90 91 93 94 99
20 c 57 68 205 98 537 10 15 9 22 24 26 27 28 31 33 35 36 38 39 40 42 44 45 46 47 48 50 51 52 54 56 58 62 63 66 68 69 70 72 74 77 78 81 82 83 84 87 88 90 92 94 97 98 99
21 c 12 24 205 126 541 10 13 20 23 27 29 33 34 35 41 44 46 47 48 50 51 52 54 58 62 63 64 65 66 69 71 72 73 74 75 77 78 79 80 83 84 85 86 88 90 91 93 94 95
22 c 10 20 205 102 543 10 19 16 23 24 28 29 30 31 34 35 36 38 40 47 49 50 52 55 57 58 60 62 65 68 69 71 72 73 74 75 76 77 78 79 84 85 87 93 96 98 99 100
23 c 24 58 205 25 544 10 19 28 24 26 28 30 31 34 37 38 43 44 49 50 51 52 54 56 58 68 70 71 72 76 80 84 86 87 88 89 91 92 93 95 96 100
24 c 35 40 205 5 548 10 16 6 25 27 32 33 34 36 38 42 45 46 47 48 51 52 53 55 56 57 58 59 62 65 70 71 81 83 84 87 88 90 92 94 95 96 97 98
25 c 15 60 205 95 552 10 17 14 29 39 40 43 49 50 51 54 56 57 59 60 63 65 67 70 71 73 75 81 84 85 86 87 89 91 93 94 96 99
26 c 24 12 205 25 560 10 5 10 28 29 30 31 33 35 36 39 41 43 44 46 47 48 49 50 52 53 55 56 57 61 62 63 64 68 69 70 71 72 73 76 77 80 82 83 86 87 89 91 92 95 100
27 c 26 52 205 104 563 10 9 10 29 30 32 33 36 37 39 41 42 46 47 52 53 55 57 58 60 61 67 68 69 70 73 74 75 77 79 82 83 87 88 90 94 100
28 c 44 17 205 143 564 10 9 19 32 34 38 40 44 46 49 50 52 53 58 59 60 61 62 67 69 71 73 79 84 86 87 89 90 91 92 93 95 97 100
29 c 14 37 205 21 568 10 11 5 30 34 36 43 45 47 49 52 58 59 67 68 69 71 72 73 74 76 80 83 84 86 87 88 89 90 91 94 96 97 98 99 100
30 c 62 77 205 49 568 10 20 23 35 37 39 42 45 47 49 51 52 53 54 57 58 59 62 63 65 67 68 71 73 74 77 79 84 85 86 87 88 91 97 98 100
31 c 20 50 205 172 569 10 5 5 32 33 35 36 37 40 41 44 45 46 50 51 56 57 66 67 68 70 71 72 75 78 79 80 81 82 83 84 87 89 90 92 96 99
32 c 67 5 205 120 575 10 25 28 38 40 41 49 52 53 54 55 56 60 61 62 65 67 68 69 71 72 73 74 77 82 84 88 90 92 93 97
33 c 53 52 205 24 575 10 11 20 34 35 36 38 39 41 43 45 47 48 49 50 51 52 54 55 58 59 60 66 69 70 77 79 83 86 88 92 93 95 97 98 99
34 c 5 5 205 130 577 10 16 20 35 36 40 42 44 45 48 55 56 57 58 59 61 62 63 66 67 69 71 72 74 75 76 77 78 81 83 86 87 92 97 98 100
35 c 28 18 205 287 580 10 26 19 37 38 39 41 42 43 44 45 46 47 48 52 54 56 57 58 59 60 61 63 68 69 71 76 77 80 81 89 90 92 93 94 96 97 98
36 c 20 40 205 229 582 10 12 10 38 40 42 44 45 48 49 50 52 55 56 58 59 60 61 63 68 74 82 85 86 87 88 89 92 96
37 c 22 22 205 18 585 10 2 1 38 40 42 45 46 47 55 56 58 62 63 64 65 67 69 70 71 72 73 75 76 78 81 82 85 87 88 90 91 93 94
38 c 27 69 205 34 588 10 10 16 39 40 41 42 47 48 50 51 54 59 60 62 67 72 78 79 81 88 91 92 94 95 96 100
39 c 6 38 205 29 589 10 16 15 40 42 44 45 46 47 49 51 52 57 60 61 64 65 66 67 68 69 71 72 76 81 84 85 88 89 92 96 98 100
40 c 40 25 205 201 596 10 9 15 42 46 47 50 51 52 54 55 60 61 62 67 72 73 74 75 80 85 89 90 93 95 96 98 99 100
41 c 55 54 205 268 599 10 26 26 43 45 47 48 49 51 52 55 58 59 62 64 67 71 72 73 77 82 83 85 86 88 90 91 95
42 c 20 26 205 164 601 10 9 5 43 44 46 47 48 50 54 56 57 58 59 61 62 63 70 72 73 77 84 86 87 89 90 91 92 100
43 c 8 56 205 34 602 10 27 23 44 46 47 48 51 52 53 54 55 56 60 61 66 68 73 74 75 77 80 84 86 87 90 91 92 94 96 97 98
44 c 15 30 205 20 610 10 26 23 47 48 51 53 55 57 58 59 61 62 64 66 67 68 69 75 76 77 80 84 85 88 89 90 92 96 99
45 c 2 60 205 41 615 10 5 2 47 48 52 54 55 56 57 58 59 62 63 68 69 71 72 73 75 76 77 78 79 80 81 82 83 84 85 86 88 92 94 95 96 97 98 99 100
46 c 47 16 205 22 617 10 25 27 47 50 51 55 56 57 58 61 63 66 67 69 72 73 74 76 79 80 83 93 95 97 98
47 c 4 18 205 230 623 10 35 36 48 52 56 59 62 63 64 66 67 68 70 71 73 76 77 78 81 88 89 90 95 97
48 c 57 48 205 230 623 10 23 21 50 52 53 54 55 57 58 59 61 62 63 64 65 67 68 72 73 75 76 80 81 82 83 84 90 92 94 95 99 100
49 c 16 22 205 213 624 10 41 31 50 51 54 61 63 65 66 67 68 70 72 73 75 77 79 81 82 84 85 86 89 90 96 97 98 99 100
50 c 49 58 205 176 625 10 10 15 52 53 59 64 67 70 74 76 78 80 82 83 84 86 89 90 92 93 95
51 c 10 43 205 245 640 10 9 15 52 54 55 56 57 58 59 63 64 69 70 71 75 80 81 87 90 92 94 96 97 98
52 c 37 31 205 256 647 10 14 8 53 54 57 60 61 64 65 67 69 70 71 73 74 75 76 82 93 94 96 97 99
53 c 31 67 205 225 654 10 3 6 54 55 56 57 58 59 60 61 62 67 68 70 71 72 75 76 77 78 80 81 87 89 90 92 93 94 96 98 99 100
54 c 60 12 205 33 655 10 31 36 56 58 73 77 78 81 85 86 87 91 94 95 96 97 99
55 c 26 27 205 283 656 10 27 19 58 59 60 62 63 68 71 73 74 77 78 81 82 85 87 88 90 92 94 96 97 99
56 c 45 10 205 246 657 10 18 24 58 60 62 64 65 66 67 72 77 81 82 84 85 88 89 91 92 93 94 95 98
57 c 55 60 205 231 666 10 16 14 58 59 60 64 65 66 67 70 71 74 75 77 79 83 84 85 86 89 91 92 94 95 96 97 98
58 c 11 31 205 278 669 10 7 1 60 65 68 69 70 71 72 73 74 75 79 80 81 83 88 91 94 95 100
59 c 61 52 205 207 676 10 3 1 60 63 66 67 70 72 73 76 77 78 79 80 85 88 89 91 92 93 96 99
60 c 6 68 205 362 679 10 30 23 61 62 63 64 66 68 70 71 72 77 81 82 84 85 88 89 90 92 98 99
61 c 21 24 205 17 681 10 28 31 62 64 66 67 69 72 77 79 82 83 85 86 88 91 92 93 95
62 c 25 30 205 245 684 10 3 5 65 67 68 72 74 78 80 81 83 86 87 89 90 91 98 99
63 c 42 7 205 219 688 10 5 1 65 69 70 71 72 75 78 79 80 81 82 84 86 88 89 93 97 98
64 c 15 10 205 32 694 10 20 13 68 69 71 79 80 81 83 84 87 89 93 94 99
65 c 32 12 205 246 705 10 7 11 67 69 70 71 72 74 76 77 81 82 84 86 87 88 89 92 96 98 99 100
66 c 55 45 323 378 733 10 13 19 67 68 69 74 76 77 81 82 85 90 95 99 100
67 c 65 55 323 367 776 10 14 10 71 72 73 76 77 81 83 84 85 87 88 90 91 92 93 95 99 100
68 c 30 60 323 430 779 10 16 11 69 70 73 75 78 80 81 84 89 91 95 96 99 100
69 c 2 48 323 338 805 10 1 1 72 73 77 78 80 83 84 85 87 88 90 92 93 95 96 97
70 c 47 47 323 379 810 10 13 11 74 76 79 81 82 85 86 89 91 95 97 99 100
71 c 25 21 323 462 823 10 12 13 72 75 76 77 78 80 81 82 84 87 88 91 92 93 96
72 c 45 30 367 428 827 10 17 17 73 75 77 79 80 82 84 87 88 97 98 99 100
73 c 45 65 367 418 829 10 9 10 74 76 77 80 85 88 90 91 93 97
74 c 22 27 367 445 852 10 11 9 79 82 83 84 85 86 87 89 90 91 92 93 97 98
75 c 20 20 367 443 856 10 8 16 76 79 80 81 83 85 87 88 94 96 98 99
76 c 49 73 367 421 864 10 25 19 79 80 81 82 84 86 89 90 91 93 96 97 98 100
77 c 53 12 367 412 865 10 6 1 80 81 82 83 84 86 91 94 97 99
78 c 23 3 367 458 867 10 7 4 80 84 88 90 91 93 94 96 98
79 c 57 29 418 475 900 10 18 16 81 83 85 87 90 91 92 93 94 97 98 99
80 c 63 23 418 441 918 10 2 7 81 82 84 85 87 89 90 95 97 99
81 c 56 39 430 459 930 10 36 45 82 84 86 87 88 91 94 97 98 100
82 c 63 65 448 453 948 10 8 15 84 86 88 91 93 94 95 96 99 100
83 c 35 69 455 482 955 10 23 13 85 86 88 90 93 94 96 97
84 c 65 20 456 438 956 10 6 6 85 89 91 93 94 98
85 c 5 30 459 444 959 10 2 1 86 87 90 92 94 95 97 100
86 c 65 35 460 435 960 10 3 1 88 90 91 93 95 100
87 c 13 52 462 454 962 10 36 32 88 90 93 96 97 98 99
88 c 15 19 464 469 964 10 1 1 91 92 93 95 96 97 100
89 c 46 13 465 482 965 10 8 18 91 96 97 100
90 c 55 20 465 477 965 10 19 16 91 92 96
91 c 18 18 465 391 965 10 17 9 92 95 96 100
92 c 37 56 468 368 968 10 5 8 97 99
93 c 56 37 468 470 968 10 6 7 94 96 97 98 100
94 c 18 24 470 414 969 10 22 23 95 96 97 98 100
95 c 53 43 470 460 970 10 14 10 99
96 c 17 34 471 449 971 10 3 1 97 99
97 c 41 49 474 451 974 10 10 1 100
98 c 30 25 478 462 978 10 23 25 99 100
99 c 36 26 480 479 980 10 18 18 100
100 c 26 35 481 409 981 10 15 23

