StringID Type x y release ReadyTime DueDate ServiceTime weight volume Item_Conflitante1 Item_Conflitante2 Item_Conflitante3 Item_Conflitante4 Item_Conflitante5 Item_Conflitante6 Item_Conflitante7 Item_Conflitante8 Item_Conflitante9 Item_Conflitante10 Item_Conflitante11 Item_Conflitante12 Item_Conflitante13 Item_Conflitante14 Item_Conflitante15 Item_Conflitante16 Item_Conflitante17 Item_Conflitante18 Item_Conflitante19 Item_Conflitante20 Item_Conflitante21 Item_Conflitante22 Item_Conflitante23 Item_Conflitante24 Item_Conflitante25 Item_Conflitante26 Item_Conflitante27 Item_Conflitante28 Item_Conflitante29 Item_Conflitante30 Item_Conflitante31 Item_Conflitante32 Item_Conflitante33 Item_Conflitante34 Item_Conflitante35 Item_Conflitante36 Item_Conflitante37 Item_Conflitante38 Item_Conflitante39 Item_Conflitante40 Item_Conflitante41 Item_Conflitante42 Item_Conflitante43 Item_Conflitante44 Item_Conflitante45 Item_Conflitante46 Item_Conflitante47 Item_Conflitante48 Item_Conflitante49 Item_Conflitante50 Item_Conflitante51 Item_Conflitante52 Item_Conflitante53 Item_Conflitante54 Peso_Total Volume_Total
0 d 35 35 0 0 1000 0 0 0                                                       1000 1000
1 c 57 68 40 268 367 10 15 23 3 4 5 9 12 15 17 19 21 22 23 25 26 27 31 32 34 36 39 40 41 42 46 47 51 52 53 55 56 57 58 59 64 65 66 68 69 73 75 78 79 83 85 86 88 89 92 95 97 99 100
2 c 2 60 40 41 208 10 5 1 3 4 5 6 13 14 15 16 20 21 23 28 29 30 32 36 37 38 39 40 43 44 45 48 50 53 58 59 61 62 66 67 70 71 72 74 77 78 79 80 83 85 88 93 94 95 99
3 c 14 37 40 96 249 10 11 17 4 5 7 12 13 15 17 18 19 22 24 25 27 30 32 33 36 38 40 44 46 48 50 51 52 59 60 61 62 63 65 66 67 68 71 72 73 74 75 81 84 87 88 89 93 94 95 96
4 c 5 5 40 302 405 10 16 20 5 6 8 11 13 15 17 18 21 23 24 27 31 32 33 34 37 38 39 41 42 43 46 48 49 51 53 54 58 60 63 65 66 67 72 75 79 80 81 88 90 92 96 98
5 c 60 12 40 33 224 10 31 25 7 8 9 10 11 12 13 20 23 25 26 27 28 29 30 31 34 35 38 42 44 49 52 53 57 58 59 61 63 66 68 72 74 79 81 82 84 85 86 88 90 93 94 97 99 100
6 c 40 25 40 360 437 10 9 15 8 9 10 11 13 14 15 17 18 22 23 24 25 26 27 31 38 41 43 44 46 47 49 51 52 54 56 60 61 62 64 65 67 69 71 76 77 78 79 80 83 85 87 88 89 90 91 92 94 98 100
7 c 24 12 40 25 172 10 5 6 9 13 16 17 18 19 20 23 25 26 28 29 33 34 38 39 41 42 47 50 52 57 58 59 60 63 65 66 67 68 69 71 72 73 78 81 82 83 85 86 87 88 92 93 94 95 96 100
8 c 15 47 40 162 289 10 16 24 9 10 12 14 18 20 21 22 24 25 26 31 32 34 35 38 40 41 42 46 48 49 52 56 58 59 60 61 62 63 69 70 71 72 75 77 84 86 87 90 91 95 98 99 100
9 c 11 14 40 233 340 10 18 9 11 13 14 18 20 22 23 24 25 27 30 33 34 36 38 41 48 50 51 52 53 54 55 56 57 63 66 68 69 71 73 74 75 76 79 86 89 90 91 92 93 94 95 99 100
10 c 6 38 40 29 189 10 16 17 12 13 14 15 16 19 20 21 22 26 28 29 30 32 37 38 39 42 43 45 46 50 52 53 54 56 58 63 65 66 68 69 72 75 76 78 79 81 82 83 84 85 88 90 91 92 93 94 95 97 98 99
11 c 8 56 40 85 250 10 27 20 12 17 18 20 23 28 29 34 38 42 49 50 52 53 54 55 56 61 63 65 66 67 68 69 70 71 72 78 79 80 81 84 85 86 88 89 92 93 95 96 99
12 c 55 54 40 411 456 10 26 23 13 14 15 16 17 19 20 21 22 23 24 25 27 28 29 30 32 33 37 40 41 43 44 45 46 47 48 52 53 55 56 59 61 65 68 72 74 75 76 77 80 82 85 86 87 88 91 92 97 98
13 c 20 26 40 333 432 10 9 19 19 20 21 22 25 26 27 28 29 30 31 32 33 35 36 38 40 41 42 43 46 48 52 58 63 64 66 67 68 70 71 75 76 78 81 82 84 85 87 89 92 93 94 97 98 99
14 c 49 58 40 348 453 10 10 20 18 19 20 22 24 25 26 28 29 32 33 35 37 38 39 42 44 46 47 49 53 54 55 56 57 58 59 60 61 62 68 69 73 74 75 77 79 80 81 83 85 86 88 91 93 95 96 97 100
15 c 27 43 40 174 299 10 9 2 16 17 19 20 22 24 28 33 34 35 41 42 43 44 45 47 48 55 62 63 64 65 67 69 73 75 76 77 84 85 86 89 90 91 95 97 98 99
16 c 37 31 40 414 489 10 14 17 17 18 23 24 25 30 31 34 36 37 39 40 42 44 45 49 50 51 52 53 54 59 60 63 68 72 73 74 75 76 77 79 80 82 85 88 90 93 95 96 99
17 c 57 48 40 388 465 10 23 17 18 19 21 23 25 27 28 30 31 37 38 40 42 44 46 49 51 52 53 54 55 56 57 58 59 60 61 67 68 69 71 73 74 75 78 79 80 82 83 84 87 88 89 90 92 95 97 98 100
18 c 61 52 40 384 499 10 3 1 19 20 28 29 30 31 33 38 39 41 42 44 45 46 47 50 52 53 55 56 58 65 70 71 72 73 74 75 76 77 78 80 81 82 83 86 87 89 90 92 94 96 99 100
19 c 49 42 40 290 373 10 13 14 20 21 22 24 25 26 28 29 30 32 33 35 36 37 39 40 41 43 45 48 49 51 55 57 58 59 60 62 63 64 65 67 71 72 74 75 77 80 81 82 83 85 86 88 89 90 91 92 94 95 96 98 99 100
20 c 49 11 40 236 345 10 18 12 21 27 28 29 30 35 36 37 38 40 41 42 44 46 49 50 52 53 54 55 59 60 61 62 63 65 66 68 72 73 78 79 85 87 88 89 92 93 98 100
21 c 21 24 40 17 229 10 28 22 22 24 25 29 30 35 37 38 39 40 41 42 44 45 46 47 48 50 51 55 56 58 59 61 63 64 66 70 71 72 73 76 78 79 80 82 84 85 90 91 92 93 94 95 97
22 c 44 17 40 308 399 10 9 8 23 24 26 27 28 33 34 35 37 38 41 42 45 46 47 50 54 56 58 61 62 65 69 73 74 75 76 78 79 81 83 84 85 93 96 98
23 c 12 24 40 290 377 10 13 3 25 27 28 29 31 33 37 38 39 40 43 46 48 50 51 52 53 55 58 63 66 67 69 71 73 74 76 77 80 83 85 86 87 92 93 94 95 99 100
24 c 24 58 40 163 302 10 19 24 27 28 30 35 41 43 51 52 54 55 56 57 58 62 63 66 67 75 76 77 78 79 83 85 87 89 94 95 96 97 98
25 c 27 69 40 34 191 10 10 20 28 29 32 37 40 42 43 45 46 47 49 50 51 53 54 55 58 62 63 64 65 68 69 70 72 75 76 77 78 79 81 82 83 84 85 88 93 94 95 96
26 c 15 77 40 214 333 10 9 1 28 29 30 31 33 35 39 43 44 45 46 47 48 49 50 51 53 55 58 61 63 65 67 68 72 76 77 78 81 82 83 84 90 95 98 100
27 c 62 77 40 49 188 10 20 25 30 33 34 35 36 37 39 42 43 45 47 48 49 52 56 59 63 64 67 69 72 74 78 80 81 86 89 90 93 96
28 c 47 16 40 31 208 10 25 17 29 32 33 34 36 39 40 41 44 45 46 47 49 52 56 58 63 65 68 69 71 72 75 76 77 79 82 88 90 95 99 100
29 c 67 5 40 294 401 10 25 33 36 37 40 46 48 50 51 52 54 55 56 57 62 65 66 70 71 74 79 81 84 85 86 87 90 93 94 99
30 c 53 52 40 45 200 10 11 14 32 34 37 38 49 54 56 57 59 60 61 63 64 65 68 69 70 72 73 75 76 78 79 80 85 87 88 90 91 92 94 96 97 98 99 100
31 c 16 22 40 376 461 10 41 33 32 34 35 36 38 40 41 42 43 48 50 51 53 55 56 57 58 59 60 61 62 63 66 71 72 73 74 75 77 80 81 82 83 84 86 91 92 93 96 97 98 99
32 c 37 47 40 162 293 10 6 11 33 34 35 36 39 40 41 43 45 47 48 51 53 54 55 56 59 60 61 64 65 67 69 72 74 76 77 78 79 81 83 84 86 87 90 92 93 95 98 100
33 c 40 60 40 259 354 10 21 28 35 36 37 39 42 43 44 45 46 48 49 50 52 53 57 58 60 63 64 65 67 69 70 71 73 75 76 78 80 81 83 84 85 86 88 89 90 93 97 98
34 c 19 21 40 183 306 10 10 19 36 38 39 40 41 44 45 46 47 48 50 53 55 58 59 60 61 63 64 67 69 72 74 81 85 86 89 90 91 95 97 98 100
35 c 35 17 40 143 282 10 7 13 36 37 39 40 44 45 47 48 49 50 54 56 57 58 60 61 65 66 71 76 77 79 80 81 88 90 91 92 94 95 96 97
36 c 25 24 40 92 231 10 20 13 40 42 44 47 49 51 53 54 56 57 60 61 62 65 66 68 69 70 73 74 75 77 78 79 80 81 83 84 85 88 89 93 94 95 96 97 98
37 c 15 30 40 34 209 10 26 20 39 40 44 45 46 47 48 49 52 54 58 59 61 64 65 66 67 69 71 74 77 78 80 81 83 86 87 88 89 90 96 97 98 99
38 c 20 50 40 331 410 10 5 12 39 40 41 42 43 45 52 53 54 57 58 61 62 63 64 66 69 73 74 75 76 77 80 82 83 84 85 86 87 88 92 94 95 96 100
39 c 10 43 40 404 481 10 9 11 40 43 44 47 50 53 56 57 61 62 63 66 67 68 70 75 76 79 80 82 83 84 87 90 91 92 93 99
40 c 55 60 40 400 497 10 16 26 41 45 52 55 56 58 60 61 63 68 70 71 73 76 78 79 80 81 82 84 85 86 87 89 90 92 94 95 96 97 98
41 c 20 65 40 206 325 10 12 21 43 45 46 47 49 52 53 55 56 58 59 65 66 67 71 72 73 74 76 78 81 83 84 86 88 89 90 91 93 94 95 96 99 100
42 c 50 35 40 228 345 10 19 26 44 45 46 48 53 54 55 56 57 58 60 61 62 64 66 67 70 75 77 78 79 83 85 86 87 89 91 93 95 100
43 c 15 10 40 32 243 10 20 23 44 45 47 49 50 53 54 59 60 64 65 66 67 68 69 70 71 73 74 76 77 79 81 82 83 84 85 86 87 91 96 98
44 c 30 5 40 175 300 10 8 5 49 51 52 56 57 59 60 63 66 67 69 70 71 72 74 77 78 79 80 81 84 85 86 87 90 92 93 94 96 97 98 99
45 c 31 52 40 152 275 10 27 33 46 52 53 61 62 63 64 66 68 69 72 73 76 77 78 79 84 88 89 91 93 94 95 96 97 98
46 c 22 22 40 18 181 10 2 4 48 49 52 53 55 57 58 59 63 64 65 68 70 71 73 74 75 79 82 83 86 90 91 92 96 97 98 100
47 c 20 40 40 377 434 10 12 17 48 50 51 52 53 54 55 56 57 58 60 62 73 76 80 81 84 85 89 91 92 94 96 97 100
48 c 10 20 40 272 373 10 19 19 55 56 57 60 62 63 65 67 68 70 71 73 74 75 78 79 81 82 83 85 88 94 97 98 99
49 c 26 52 40 279 388 10 9 13 56 58 59 60 61 62 64 65 66 68 69 76 77 80 82 83 86 87 89 90 92 93 94 95 96 98 99 100
50 c 64 42 40 190 313 10 9 2 56 57 58 59 61 63 64 66 69 70 71 73 74 76 77 79 80 82 85 86 89 92 93 94 95 96 97 98 99
51 c 31 67 40 392 487 10 3 1 53 54 55 56 59 61 64 65 67 69 70 71 74 76 77 81 82 84 85 88 89 91 92 94 95 97 99
52 c 45 20 40 214 331 10 11 7 53 55 56 57 58 59 61 62 64 65 67 71 72 74 75 80 81 82 84 85 86 91 92 95 97 100
53 c 45 10 40 409 494 10 18 26 54 56 58 61 65 68 69 70 71 85 86 87 91 92 93 94 95 96 97 98 99
54 c 55 5 40 206 325 10 29 38 57 58 60 61 64 65 66 68 69 71 75 80 81 82 83 85 86 89 90 91 93 94 95 97 98 99
55 c 15 60 40 269 378 10 17 18 61 63 64 66 67 68 71 76 79 80 81 83 84 86 90 91 92 95 98
56 c 28 18 40 420 447 10 26 19 57 58 61 62 65 67 68 69 70 71 73 74 77 78 80 85 86 87 95 96 97 98 99 100
57 c 4 18 40 388 465 10 35 28 58 59 60 61 62 66 67 71 72 74 75 77 80 83 84 88 90 92 93 94 95 96 99
58 c 35 40 40 104 255 10 16 17 60 63 65 66 68 70 72 73 77 78 80 81 84 85 91 92 93 94 95 96 97 100
59 c 41 37 40 114 255 10 16 9 61 63 65 69 70 75 76 82 83 88 90 91 93 94 95 96 97 99 100
60 c 26 27 40 436 503 10 27 23 64 65 67 68 69 70 72 73 74 77 79 80 81 84 85 87 92 93 94 96 98 100
61 c 42 7 40 396 511 10 5 1 62 64 65 69 70 73 74 75 76 77 80 81 82 83 84 90 91 96 98 99
62 c 11 31 40 436 511 10 7 17 64 66 68 73 74 75 77 80 81 84 88 90 93 97 100
63 c 25 30 40 415 514 10 3 11 64 67 68 71 73 74 76 77 80 81 85 87 88 91 92 96 100
64 c 32 12 40 421 530 10 7 1 66 69 70 72 73 75 76 78 79 80 81 85 86 88 89 90 91 94 96 97 98 99 100
65 c 6 68 40 501 540 10 30 20 67 70 74 75 76 78 85 88 89 91 92 93 94 95 97 98
66 c 55 45 239 527 584 10 13 19 67 68 69 72 73 74 75 78 79 82 83 84 86 87 88 89 90 91 93 94 99
67 c 65 55 239 529 614 10 14 17 69 71 72 74 76 77 78 79 80 81 82 83 86 89 92 93 94 96 97 99
68 c 2 48 239 515 628 10 1 1 71 72 73 78 79 80 82 83 84 85 87 89 91 92 93 94 96 99 100
69 c 30 60 239 577 632 10 16 8 70 72 74 75 82 83 86 91 92 94 96 97 98 99
70 c 47 47 239 547 642 10 13 12 71 79 80 82 83 88 89 93 94 95 97 98 99
71 c 45 65 239 581 666 10 9 14 72 77 78 81 83 84 85 86 87 89 90 91 93 96 98 99 100
72 c 45 30 239 588 667 10 17 26 79 82 83 87 89 90 91 94 95 97 98 99 100
73 c 25 21 239 612 673 10 12 3 74 75 76 78 81 83 84 88 89 90 93 95 97 100
74 c 22 27 239 607 690 10 11 19 80 81 82 84 87 88 91 92 93 97 98 99
75 c 53 12 239 585 692 10 6 9 76 77 78 79 80 84 88 95 97 99 100
76 c 49 73 239 592 693 10 25 32 78 81 82 84 85 86 92 94 99
77 c 20 20 239 606 693 10 8 7 78 79 80 82 86 87 88 89 90 91 92 94 97 98 99
78 c 23 3 239 620 705 10 7 9 79 80 82 87 88 96
79 c 57 29 239 641 734 10 18 28 80 81 83 84 86 87 90 95 96 99 100
80 c 63 23 239 620 739 10 2 1 81 83 84 86 87 88 92 93 98
81 c 56 39 348 637 752 10 36 45 87 88 91 94 96 97 99
82 c 35 69 348 660 777 10 23 13 85 87 90 94 95 97
83 c 55 20 348 678 801 10 19 17 90 91 96 97 100
84 c 46 13 348 681 802 10 8 17 90 93 95 96 98 100
85 c 63 65 348 686 813 10 8 13 86 88 90 91 92 94 96 98
86 c 30 25 348 690 827 10 23 27 87 88 89 92 93 94 95 98
87 c 65 35 348 704 847 10 3 1 88 89 90 92 94 95 100
88 c 41 49 348 707 848 10 10 8 90 91 93 94 98 100
89 c 17 34 370 721 862 10 3 3 95 96 97 98
90 c 15 19 370 739 866 10 1 6 91 96 97 98
91 c 5 30 370 733 870 10 2 6 93 95 97 100
92 c 13 52 420 773 906 10 36 43 94 95 96 99
93 c 26 35 420 755 920 10 15 6 95 96
94 c 53 43 456 817 952 10 14 12 96
95 c 65 20 456 817 956 10 6 12 96 99 100
96 c 18 18 465 798 965 10 17 12 99
97 c 37 56 468 788 968 10 5 9 100
98 c 56 37 468 839 968 10 6 10 99 100
99 c 18 24 469 811 969 10 22 21 100
100 c 36 26 480 849 980 10 18 26

