StringID Type x y release ReadyTime DueDate ServiceTime weight volume Item_Conflitante1 Item_Conflitante2 Item_Conflitante3 Item_Conflitante4 Item_Conflitante5 Item_Conflitante6 Item_Conflitante7 Item_Conflitante8 Item_Conflitante9 Item_Conflitante10 Item_Conflitante11 Item_Conflitante12 Item_Conflitante13 Item_Conflitante14 Item_Conflitante15 Item_Conflitante16 Item_Conflitante17 Item_Conflitante18 Item_Conflitante19 Item_Conflitante20 Item_Conflitante21 Item_Conflitante22 Item_Conflitante23 Item_Conflitante24 Item_Conflitante25 Item_Conflitante26 Item_Conflitante27 Item_Conflitante28 Item_Conflitante29 Item_Conflitante30 Item_Conflitante31 Item_Conflitante32 Item_Conflitante33 Item_Conflitante34 Item_Conflitante35 Item_Conflitante36 Item_Conflitante37 Item_Conflitante38 Item_Conflitante39 Item_Conflitante40 Item_Conflitante41 Item_Conflitante42 Item_Conflitante43 Item_Conflitante44 Item_Conflitante45 Item_Conflitante46 Item_Conflitante47 Item_Conflitante48 Item_Conflitante49 Item_Conflitante50 Item_Conflitante51 Item_Conflitante52 Item_Conflitante53 Item_Conflitante54 Item_Conflitante55 Item_Conflitante56 Item_Conflitante57 Item_Conflitante58 Item_Conflitante59 Peso_Total Volume_Total
0 d 35 35 0 0 1000 0 0 0                                                            1000 1000
1 c 35 40 54 44 315 10 16 24 3 5 7 8 10 11 12 13 16 17 19 20 21 22 23 24 25 27 30 31 32 33 34 35 37 41 42 47 50 51 55 57 59 60 61 63 64 65 66 67 69 71 72 75 76 77 79 81 83 88 89 91 94 95 96 97 98 99 100
2 c 40 60 54 199 414 10 21 26 4 5 7 9 11 16 17 20 22 23 25 26 27 30 38 39 40 41 42 46 47 48 49 51 52 54 55 59 60 67 70 71 73 74 75 76 79 82 83 85 86 89 92 93 94 96 97 99
3 c 53 52 54 24 299 10 11 10 4 9 11 14 15 19 21 22 24 26 27 29 31 34 40 41 42 44 45 46 47 49 54 56 58 59 61 63 65 66 68 71 72 74 75 79 81 83 84 88 95 99 100
4 c 2 60 54 41 328 10 5 13 5 8 9 10 14 15 18 19 21 24 27 28 30 33 35 37 38 39 40 42 43 46 47 56 60 61 62 64 67 68 69 70 71 73 75 77 79 80 82 86 87 88 89 91 92 95 96 99 100
5 c 26 52 54 219 448 10 9 18 9 15 19 21 22 23 27 31 34 40 44 45 46 56 57 58 59 63 65 66 69 70 79 83 84 85 86 89 90 94 95 96
6 c 5 5 54 298 409 10 16 14 7 8 9 11 12 13 15 17 18 19 20 21 22 23 24 26 27 30 33 36 37 39 40 42 46 50 52 53 54 56 57 58 59 60 62 64 67 73 75 76 77 84 85 86 87 88 94 98 100
7 c 60 12 54 33 344 10 31 22 11 12 14 16 17 18 19 21 22 23 24 32 33 36 39 41 43 45 46 48 49 52 53 54 57 59 60 61 64 65 67 69 71 72 73 74 75 76 77 78 79 82 83 85 88 89 90 92 95 98 99
8 c 57 48 54 377 476 10 23 25 9 12 13 14 15 16 17 18 21 22 23 27 29 30 32 33 35 36 37 38 40 47 49 52 53 55 56 59 61 63 69 70 73 74 75 76 80 82 83 85 87 89 91 92 94 97 100
9 c 24 12 54 25 292 10 5 12 13 14 15 17 18 19 20 23 25 26 27 28 29 31 34 35 36 37 38 39 41 42 44 45 47 51 61 63 64 65 66 67 73 74 75 79 81 83 85 87 91 94 95 96 97 98 99
10 c 22 22 54 18 159 10 2 10 12 14 15 16 20 27 29 31 34 36 37 39 40 41 42 43 46 47 51 54 58 62 63 64 65 70 71 74 76 77 78 81 82 83 84 87 89 90 92 93 94 97 98 100
11 c 11 14 54 230 343 10 18 21 13 16 18 20 21 22 23 28 31 32 35 37 40 41 46 47 49 51 52 54 55 56 57 60 63 69 70 71 72 73 74 79 80 81 82 83 89 91 93 94 95 96 97
12 c 28 18 54 397 470 10 26 20 13 14 16 17 18 21 25 27 28 29 30 31 32 33 37 39 40 43 46 47 52 54 55 57 58 59 63 65 73 75 77 79 81 82 83 89 91 96 97
13 c 20 26 54 328 437 10 9 9 14 18 19 20 21 22 23 24 25 29 30 31 32 36 39 42 43 47 48 50 51 53 54 56 57 58 61 65 66 67 68 69 71 72 73 74 76 81 84 86 88 90 91 92 98 100
14 c 37 31 54 403 500 10 14 9 15 20 22 24 25 26 27 28 29 30 32 34 35 37 38 39 40 41 42 43 44 45 46 47 54 58 59 62 63 64 66 67 68 69 72 73 78 81 84 86 87 89 91 92 93 96 99
15 c 24 58 54 168 297 10 19 23 19 20 22 23 24 26 27 30 33 34 35 38 41 43 44 45 46 47 48 49 51 52 55 56 57 60 63 64 65 66 67 71 72 74 77 78 79 80 83 85 86 89 90 95 97 98 99 100
16 c 15 77 54 154 393 10 9 11 18 20 22 23 24 27 28 29 31 33 35 38 40 41 44 46 47 49 50 52 54 55 59 60 61 62 65 66 68 70 79 80 86 89 91 92 96 97 98 99
17 c 62 77 54 49 308 10 20 28 20 24 25 26 27 29 31 32 37 38 40 46 47 48 49 50 51 54 55 56 60 68 70 71 72 76 78 80 81 83 84 85 86 91 94 96 98
18 c 67 5 54 291 404 10 25 32 19 20 21 23 24 25 26 28 30 31 34 35 36 38 44 45 46 51 52 53 54 55 56 57 58 59 60 65 66 71 74 75 81 82 87 88 89 91 92 93 94 95 97 98 99
19 c 37 47 54 165 290 10 6 1 22 24 25 26 29 32 33 34 36 37 39 40 44 49 50 52 53 54 57 59 60 62 63 66 67 69 71 72 73 75 78 79 80 83 84 87 88 89 90 92 94 95 96 97 98
20 c 49 42 54 281 382 10 13 19 21 22 23 25 26 28 29 34 38 40 41 43 44 46 50 51 53 55 56 57 59 60 62 63 69 70 74 75 79 80 81 82 86 87 88 95 97 98 100
21 c 6 38 54 29 309 10 16 26 24 26 27 28 29 33 35 37 39 45 47 50 52 54 55 56 57 58 61 65 67 71 75 77 82 84 85 87 90 91 92 95 97 100
22 c 55 5 54 206 325 10 29 21 23 24 26 32 33 35 36 37 40 41 42 43 44 45 46 49 51 52 53 55 56 61 62 69 70 72 75 80 82 84 87 88 89 90 93 94 95 96 97 98 99
23 c 40 25 54 300 497 10 9 18 27 30 31 32 33 37 40 42 46 48 50 51 52 53 54 55 56 58 59 60 61 63 64 65 66 71 73 74 79 81 86 87 89 90 91 94 99 100
24 c 10 43 54 393 492 10 9 17 25 29 31 35 37 41 43 44 45 46 49 50 51 52 53 54 55 56 60 61 62 64 65 66 68 70 71 72 74 83 84 86 89 91 93 94 98 100
25 c 20 65 54 206 325 10 12 21 31 33 34 36 37 38 40 41 43 46 48 51 52 56 57 60 61 63 67 68 69 70 71 72 73 76 81 84 87 88 89 90 93 95 96 98 100
26 c 30 5 54 176 299 10 8 10 30 31 32 33 35 37 38 39 41 45 50 52 54 55 56 57 58 59 61 62 66 67 68 69 71 73 75 78 79 81 82 85 86 87 88 94 95
27 c 55 60 54 394 503 10 16 14 28 30 32 34 37 40 45 46 56 58 59 62 63 65 68 69 70 75 76 77 78 79 80 84 87 89 90 91 94 95 96 97 98 100
28 c 64 42 54 29 513 10 9 11 29 35 36 37 38 41 47 50 51 52 54 55 58 61 63 66 67 70 71 75 78 80 81 83 84 85 86 87 89 90 95 96 99 100
29 c 11 31 54 425 522 10 7 12 31 32 33 34 36 37 38 40 42 43 44 45 51 54 59 61 67 68 69 71 78 79 80 81 83 84 88 89 90 93 94 95 97 98
30 c 41 37 54 6 526 10 16 7 31 32 34 35 36 37 42 44 45 47 48 52 53 56 63 64 70 71 74 75 76 77 79 80 82 84 88 93 95 96 97 100
31 c 57 68 54 98 537 10 15 25 32 33 34 37 38 39 41 44 45 46 48 52 53 56 57 60 64 65 66 68 69 74 79 80 82 86 93 95 97
32 c 12 24 54 126 541 10 13 12 35 37 38 40 42 44 48 49 51 52 55 57 60 62 64 65 66 69 72 73 74 75 80 81 83 87 91 93 94 95 96 97
33 c 10 20 54 102 543 10 19 14 34 35 38 39 40 41 42 45 46 49 51 52 56 58 59 60 63 66 67 69 70 71 73 77 79 80 85 86 87 89 90 91 96 97 99 100
34 c 15 60 54 95 552 10 17 27 37 39 43 47 48 49 51 53 56 57 60 62 64 66 70 72 77 78 82 83 85 87 90 92 93 94 95 96 97 100
35 c 45 10 54 349 554 10 18 16 38 39 40 42 44 49 52 54 56 58 61 62 63 65 70 73 74 77 79 80 82 84 85 88 91 92 93 95 97
36 c 61 52 227 324 559 10 3 5 38 40 44 45 46 47 49 54 55 56 58 63 65 66 71 72 73 75 76 79 82 83 88 91 93 96 98 99
37 c 44 17 227 143 564 10 9 7 39 40 43 45 46 47 48 49 50 52 56 58 60 61 63 64 67 70 72 73 74 78 79 83 88 90 94 95 99 100
38 c 42 7 227 336 571 10 5 1 39 40 41 42 43 44 46 47 48 53 54 56 62 63 65 68 71 72 75 77 83 85 87 88 89 90 92 93 95 96 98 100
39 c 25 30 227 355 574 10 3 1 41 43 47 49 50 51 52 54 55 56 57 60 64 67 68 69 71 75 76 77 81 83 86 89 93 94 97
40 c 20 40 227 229 582 10 12 2 43 44 45 46 47 48 51 53 57 60 61 65 66 67 68 70 72 80 82 83 85 86 87 89 95 97 98 99
41 c 27 69 227 34 588 10 10 3 42 44 45 47 48 53 56 57 59 61 62 65 66 67 68 69 72 73 76 79 82 83 85 87 90 92 93 99 100
42 c 55 54 227 268 599 10 26 19 46 50 52 57 59 60 62 64 65 67 69 71 73 74 76 78 79 80 85 87 88 89 93 95 96 97 98 99 100
43 c 6 68 227 441 600 10 30 34 45 47 48 49 52 53 55 58 60 61 63 64 67 71 72 74 76 78 80 83 84 85 86 87 88 89 90 91 92 93 98
44 c 8 56 227 34 602 10 27 21 46 52 53 54 56 61 63 64 69 70 72 73 76 78 81 82 84 88 90 91 93 96 98 99 100
45 c 4 18 227 230 623 10 35 39 46 47 49 51 53 56 58 59 60 61 63 64 65 67 68 69 71 72 73 77 80 85 86 88 89 90 94 95 99
46 c 49 58 227 176 625 10 10 7 50 60 66 67 69 71 72 74 75 78 80 86 87 88 89 90 92 93 94 95 97 99
47 c 31 67 227 225 654 10 3 1 49 51 52 53 55 56 57 58 59 60 63 64 67 69 71 73 75 77 78 79 82 84 86 88 89 92 93 97
48 c 20 50 227 72 669 10 5 1 51 56 57 59 60 61 62 65 66 67 69 70 74 75 80 82 84 85 87 89 90 91 94 96 98 99 100
49 c 30 60 227 517 692 10 16 13 51 55 57 58 59 62 65 66 68 69 70 71 74 75 76 78 80 81 85 88 89 95 97 99
50 c 15 10 227 32 694 10 20 12 52 57 59 60 61 62 63 64 66 68 69 70 73 78 80 84 85 91 92 93 95 96 98 99 100
51 c 32 12 227 246 705 10 7 1 54 55 57 59 60 63 64 66 69 70 72 74 75 77 81 82 83 87 90 93 94 95 96 100
52 c 49 11 227 27 711 10 18 11 53 58 60 61 63 64 65 66 67 71 73 75 80 82 84 85 86 89 91 93 94 95 97 98 99 100
53 c 50 35 227 15 725 10 19 10 54 55 58 59 61 68 69 72 73 75 76 78 79 81 82 83 89 90 91 96 98 99
54 c 45 20 227 18 727 10 11 19 55 59 60 63 65 66 67 68 69 71 72 74 75 76 80 83 84 85 91 92 94 95 96 98
55 c 16 22 227 110 727 10 41 34 57 60 61 62 63 64 66 69 70 71 75 77 78 80 81 83 87 90 91 92 94 95 96 99
56 c 63 23 329 620 739 10 2 1 57 59 61 62 63 67 69 70 71 72 74 78 79 83 84 85 88 92 94 99 100
57 c 31 52 329 17 744 10 27 25 60 61 62 64 66 68 69 80 81 82 84 85 86 87 89 90 94 97 98
58 c 19 21 329 21 748 10 10 13 60 61 62 64 67 70 73 77 78 80 82 85 86 87 90 91 92 95 98 99 100
59 c 27 43 329 11 748 10 9 3 61 64 66 67 69 71 76 78 80 83 84 87 91 93 95
60 c 26 27 329 190 749 10 27 28 62 63 64 65 68 70 72 77 79 81 82 85 88 89 90 94 95 99 100
61 c 53 12 329 525 752 10 6 1 63 66 70 74 75 77 78 79 80 81 83 85 89 92 94 95 96 98 99 100
62 c 49 73 329 532 753 10 25 16 65 68 69 70 74 76 79 80 81 82 83 84 85 87 90 91 93 95 98 100
63 c 15 47 329 23 761 10 16 18 65 67 68 70 71 73 75 76 78 82 84 86 90 91 96 97 98 100
64 c 35 17 329 18 792 10 7 16 67 69 70 76 77 78 79 80 85 86 87 89 90 92 93 94 96 97 100
65 c 25 24 329 14 793 10 20 29 66 69 72 73 74 76 78 79 81 82 83 84 85 87 90 93 94 97 100
66 c 55 20 329 679 800 10 19 16 67 68 71 73 77 78 79 80 81 82 85 86 90 91 93 94 95 96 98 99
67 c 46 13 329 681 802 10 8 3 68 70 77 78 79 80 82 83 84 85 87 88 90 96 99
68 c 2 48 329 338 805 10 1 8 70 73 76 78 88 89 92 93 97 100
69 c 56 39 329 577 812 10 36 44 71 74 78 79 80 81 82 83 87 88 91 93 95 96 97 98
70 c 55 45 329 289 822 10 13 18 74 75 78 80 81 83 84 85 87 88 91 93 94 97
71 c 30 25 329 694 823 10 23 18 72 74 75 76 77 78 83 84 89 90 91 92 95 97 98 99 100
72 c 25 21 329 462 823 10 12 13 73 74 78 80 81 84 85 88 90 91 94 98 100
73 c 45 65 329 418 829 10 9 18 74 79 82 83 84 85 89 92 95 97 98 99
74 c 14 37 378 21 842 10 11 13 75 77 78 80 81 88 90 91 92 93 94 97 99 100
75 c 23 3 378 458 867 10 7 13 79 80 81 83 86 87 88 90 91 92 94 96 97 98 99
76 c 63 65 378 626 873 10 8 16 84 85 86 88 89 90 92 96 97 98 99
77 c 65 55 378 265 878 10 14 9 78 81 83 84 85 89 91 92 93 94 96 97 99 100
78 c 57 29 417 475 900 10 18 18 83 85 86 88 89 90 91 92 93 95 98 100
79 c 15 30 417 20 906 10 26 32 80 82 83 84 85 86 87 89 90 91 96 98 100
80 c 47 16 417 22 915 10 25 17 81 83 87 90 91 92 94 96 98
81 c 47 47 417 272 917 10 13 23 86 93 96 98 99
82 c 45 30 430 328 927 10 17 8 83 84 85 88 90 91 92 94 95 96 98 100
83 c 5 30 430 673 930 10 2 1 85 90 91 92 95 97 100
84 c 53 43 448 821 948 10 14 22 85 89 91 92 95 96 97 98 100
85 c 22 27 453 344 953 10 11 10 86 89 90 93 95 97 99
86 c 35 69 455 482 955 10 23 16 88 90 91 94 99 100
87 c 65 20 456 826 956 10 6 10 88 94 96 98 100
88 c 65 35 460 435 960 10 3 1 91 94 95
89 c 20 20 460 339 960 10 8 1 93 94 100
90 c 13 52 462 200 962 10 36 27 91 92 95 96 98 99 100
91 c 15 19 464 222 964 10 1 1 93 94 96 97 98 99
92 c 18 18 465 821 965 10 17 24 94 95 96 97 98 99 100
93 c 37 56 468 668 968 10 5 4 95 96 97 98 100
94 c 56 37 469 719 968 10 6 14 96 97 98 99 100
95 c 18 24 469 691 969 10 22 31 98 99
96 c 17 34 471 449 971 10 3 1 97 99
97 c 21 24 472 17 972 10 28 32 99 100
98 c 41 49 474 190 974 10 10 12 99
99 c 36 26 480 854 980 10 18 11
100 c 26 35 481 409 981 10 15 25

