StringID Type x y release ReadyTime DueDate ServiceTime weight volume Item_Conflitante1 Item_Conflitante2 Item_Conflitante3 Item_Conflitante4 Item_Conflitante5 Item_Conflitante6 Item_Conflitante7 Item_Conflitante8 Item_Conflitante9 Item_Conflitante10 Item_Conflitante11 Item_Conflitante12 Item_Conflitante13 Item_Conflitante14 Item_Conflitante15 Item_Conflitante16 Item_Conflitante17 Item_Conflitante18 Item_Conflitante19 Item_Conflitante20 Item_Conflitante21 Item_Conflitante22 Item_Conflitante23 Item_Conflitante24 Item_Conflitante25 Item_Conflitante26 Item_Conflitante27 Item_Conflitante28 Item_Conflitante29 Item_Conflitante30 Item_Conflitante31 Item_Conflitante32 Item_Conflitante33 Item_Conflitante34 Item_Conflitante35 Item_Conflitante36 Item_Conflitante37 Item_Conflitante38 Item_Conflitante39 Item_Conflitante40 Item_Conflitante41 Item_Conflitante42 Item_Conflitante43 Item_Conflitante44 Item_Conflitante45 Item_Conflitante46 Item_Conflitante47 Item_Conflitante48 Item_Conflitante49 Item_Conflitante50 Item_Conflitante51 Item_Conflitante52 Item_Conflitante53 Item_Conflitante54 Item_Conflitante55 Item_Conflitante56 Item_Conflitante57 Peso_Total Volume_Total
0 d 35 35 0 0 230 0 0 0                                                          200 200
1 c 67 5 0 73 103 10 25 32 2 3 5 6 9 10 16 17 18 21 22 23 24 27 30 31 32 33 34 35 36 40 41 44 47 49 50 51 52 53 54 55 57 60 61 62 65 67 68 69 71 74 76 77 79 80 81 82 83 86 88 90 93 94 95 98 99
2 c 14 37 0 34 64 10 11 2 3 5 7 9 10 13 14 15 16 18 19 20 21 24 26 29 30 31 37 38 39 42 43 45 51 53 54 56 59 60 63 66 67 68 78 80 81 82 83 89 90 91 93 96 97 99
3 c 2 60 0 41 71 10 5 4 4 5 9 10 11 14 17 19 24 28 30 31 32 33 35 36 37 39 40 47 54 55 58 59 60 61 62 63 66 68 70 74 78 80 82 86 87 91 92 93 97 98
4 c 15 47 0 45 75 10 16 18 5 6 7 10 11 15 16 20 22 24 33 34 36 37 38 40 41 44 47 49 50 55 56 58 59 60 62 66 68 69 70 71 73 74 76 77 79 81 82 84 86 87 94 95 96 99 100
5 c 5 5 0 73 103 10 16 6 6 9 11 14 21 22 24 25 27 30 31 33 36 37 40 41 44 48 52 55 56 57 58 64 66 69 74 76 77 79 83 85 86 90 96 97 98 99
6 c 60 12 0 34 64 10 31 31 11 13 16 17 19 21 22 23 24 26 29 30 32 33 34 35 41 44 46 47 48 49 52 53 54 57 58 59 62 63 65 66 69 70 71 72 74 75 77 78 79 84 86 87 88 89 92 94 96 98
7 c 40 25 0 75 105 10 9 9 8 11 12 13 14 16 18 19 20 22 23 26 27 28 31 36 37 38 40 44 46 50 51 52 53 54 56 58 62 63 64 65 67 69 70 72 77 79 82 83 86 88 89 90 92 98 99
8 c 24 12 0 25 55 10 5 4 11 12 15 17 18 19 22 24 27 28 30 32 34 42 44 47 51 54 55 58 59 60 61 63 65 67 68 70 82 83 85 86 89 93 94 95 97 100
9 c 55 54 0 84 114 10 26 34 11 14 18 21 22 24 26 27 30 31 32 36 39 42 43 44 45 46 59 62 64 68 69 70 71 74 75 81 82 84 88 90 91 92 97
10 c 11 14 0 59 89 10 18 9 11 13 14 18 19 21 22 24 25 27 31 32 33 36 39 41 42 44 49 50 51 52 56 58 59 60 62 63 65 67 69 73 75 76 77 78 79 80 83 85 86 91 92 93 95 96 97 98 100
11 c 6 38 0 29 59 10 16 12 13 16 22 24 25 26 27 29 30 34 35 37 40 43 47 51 52 54 56 57 58 59 62 63 65 68 71 72 73 75 76 82 83 84 87 88 92 93 94 95 97 98
12 c 8 56 0 41 71 10 27 19 13 14 15 16 20 22 24 27 30 33 34 35 36 39 40 41 45 46 48 51 52 54 55 56 60 62 64 65 67 69 73 74 75 76 79 82 83 86 87 88 89 90 95 96 98
13 c 57 48 0 82 112 10 23 23 17 19 23 24 26 27 28 31 32 34 35 36 37 43 45 48 49 51 53 54 55 56 59 63 68 69 72 73 76 77 78 79 80 81 82 83 86 87 89 92 94 95 99 100
14 c 53 52 0 27 57 10 11 4 16 18 20 23 24 27 28 29 30 31 34 36 39 42 46 47 48 49 51 54 64 66 67 70 73 74 75 79 80 81 83 84 85 87 88 89 90 93 94 96 97 99 100
15 c 20 26 0 73 103 10 9 19 16 19 21 23 24 25 26 29 30 31 32 33 35 37 38 41 43 48 49 50 52 53 54 56 58 59 60 64 70 71 72 74 75 76 77 78 79 80 81 82 84 86 87 89 91 93 94 95 98 99
16 c 27 43 0 42 72 10 9 1 19 21 22 23 24 27 29 30 31 34 35 36 37 38 39 40 42 45 46 47 48 53 54 55 58 59 60 61 65 66 67 73 74 75 76 77 79 80 81 83 84 85 86 87 88 89 91 93 95 98 99
17 c 37 31 0 85 115 10 14 8 18 19 20 23 25 28 30 31 32 36 39 41 42 44 46 47 48 52 55 56 57 59 60 61 62 63 64 65 67 68 70 71 74 76 79 80 81 82 85 90 93 94 95 96 97
18 c 49 42 0 63 93 10 13 12 21 23 25 26 28 30 32 33 35 39 41 42 43 44 45 46 48 49 50 54 57 62 63 64 67 68 69 71 72 73 74 81 84 91 93 94 96 100
19 c 49 11 0 59 89 10 18 21 20 21 23 27 28 30 33 34 38 41 42 43 44 46 47 52 53 54 55 56 58 59 63 65 66 68 71 72 73 74 77 78 80 81 82 83 84 85 86 89 90 93 95 96 97
20 c 44 17 0 68 98 10 9 18 22 25 28 30 32 33 34 37 38 40 41 44 45 46 47 49 54 57 58 59 62 63 64 67 69 74 77 78 83 85 86 89 92 93 95 97 98
21 c 21 24 0 17 47 10 28 28 24 25 26 27 28 29 31 32 33 35 36 39 45 46 47 48 49 50 51 52 53 54 57 58 61 62 63 64 66 68 69 73 74 76 79 80 81 82 85 86 91 92 94 96 97 100
22 c 47 16 0 25 55 10 25 22 23 27 28 31 32 33 34 35 36 37 38 43 45 46 47 48 49 52 54 58 59 60 62 63 64 65 66 68 74 75 79 82 83 85 86 87 89 90 91 93 94 97
23 c 12 24 0 66 96 10 13 3 24 26 30 32 35 37 40 42 46 49 53 54 55 56 57 59 61 62 63 64 67 68 70 73 75 80 82 84 85 86 87 89 95 97 98 99
24 c 24 58 0 48 78 10 19 29 25 27 28 30 32 33 34 35 39 40 43 45 49 52 53 54 56 58 62 63 64 68 70 71 73 76 78 83 84 86 89 90 95 96 97 98 99 100
25 c 27 69 0 34 64 10 10 5 28 29 31 32 36 38 39 40 41 44 45 46 47 50 52 54 58 60 61 62 64 67 68 70 71 73 74 75 79 80 81 82 89 92 94 95 97 98 100
26 c 15 77 0 63 93 10 9 15 30 32 33 34 38 42 44 46 49 50 54 55 57 58 60 61 62 65 68 69 70 71 76 77 79 85 89 97
27 c 62 77 0 49 79 10 20 28 28 30 31 32 33 36 37 39 40 41 44 50 51 53 54 55 57 60 61 62 64 67 71 72 73 76 77 78 79 82 83 86 88 89 90 91 92 93 98
28 c 57 68 0 67 97 10 15 25 29 30 32 35 36 37 38 39 40 41 42 43 45 48 50 51 55 56 58 59 61 65 66 67 68 72 74 78 81 82 85 86 90 91 93 96 97 98 99
29 c 49 58 0 78 108 10 10 11 31 32 34 38 39 40 41 43 45 47 48 49 51 52 53 54 55 56 57 58 59 60 65 66 67 68 70 71 73 74 75 76 78 80 81 82 87 89 90 95 96 97 99
30 c 31 52 0 40 70 10 27 26 34 36 37 38 40 41 42 43 45 46 48 50 55 56 57 58 60 61 62 65 67 70 71 72 73 77 81 83 84 85 86 88 89 90 92 93 94 95 96 98 99 100
31 c 37 47 0 40 70 10 6 5 32 35 36 37 38 39 40 41 44 45 51 52 53 54 55 57 60 62 64 65 66 68 73 77 79 80 81 82 84 86 87 88 97 98 99 100
32 c 30 5 0 51 81 10 8 10 34 37 38 40 43 46 47 48 49 51 52 55 57 58 61 62 64 71 73 74 78 79 81 82 84 87 91 93 94 96 97
33 c 20 50 0 71 101 10 5 8 41 43 44 51 52 53 54 56 58 59 61 62 70 71 72 73 74 75 77 78 81 82 84 85 87 92 94 95 98 99 100
34 c 10 43 0 85 115 10 9 15 35 38 40 45 46 47 49 55 56 58 60 61 66 67 71 77 78 79 80 82 83 87 88 90 94 98 99 100
35 c 25 24 0 29 59 10 20 24 37 39 40 42 43 45 50 51 52 53 54 57 60 61 63 66 68 69 70 71 72 75 81 86 88 89 90 92 93 96 97 100
36 c 20 65 0 57 87 10 12 4 37 43 45 47 48 49 50 53 54 57 58 59 60 62 63 64 72 73 79 82 83 85 86 87 88 89 90 91 92 93 94 95 100
37 c 50 35 0 53 83 10 19 15 40 43 44 45 46 47 49 52 53 56 57 59 61 64 65 72 77 78 81 82 84 85 86 87 89 90 91 92 94 95 96 97 99 100
38 c 22 22 0 18 48 10 2 5 40 41 44 45 46 47 48 49 51 52 53 55 56 57 58 59 61 64 70 71 72 75 80 81 83 86 90 91 93 96 100
39 c 15 10 0 32 62 10 20 17 42 46 47 50 54 56 57 59 62 65 66 69 72 73 75 79 81 82 86 87 95 97 98 99
40 c 40 60 0 61 91 10 21 30 42 43 44 50 51 52 54 55 59 60 61 63 64 65 66 67 69 70 71 74 75 77 78 79 81 84 87 90 93 96 97 98 100
41 c 35 17 0 40 70 10 7 1 42 44 46 49 50 51 52 53 57 59 61 62 63 65 69 71 72 74 75 77 79 83 84 91 92 95 96 100
42 c 10 20 0 65 95 10 19 28 47 49 50 51 52 53 54 57 60 67 69 71 76 80 81 82 83 87 88 89 91 95 97 99
43 c 19 21 0 48 78 10 10 7 45 46 51 61 62 63 65 66 68 69 71 72 79 80 81 84 85 86 87 89 90 91 92 95 97 99 100
44 c 20 40 0 77 107 10 12 22 46 47 48 49 50 51 53 54 56 57 58 62 64 65 67 68 69 70 72 74 76 78 82 84 86 87 88 93 94 97 100
45 c 31 67 0 85 115 10 3 1 49 50 51 53 55 57 58 62 63 66 68 76 77 78 79 86 88 89 91 94 95 96 97 98 100
46 c 26 52 0 64 94 10 9 6 47 49 54 58 59 60 61 62 63 64 65 66 67 68 72 74 77 78 79 81 84 88 91 92 93 94 99 100
47 c 64 42 0 53 83 10 9 11 48 49 50 51 53 55 57 58 59 61 62 66 67 68 71 73 80 81 82 83 84 85 86 87 88 89 90 92 93 94 95 100
48 c 41 37 0 29 59 10 16 18 49 53 56 57 58 63 65 68 74 76 77 78 80 81 82 86 87 88 90 92 93 94 96 99
49 c 35 40 0 27 57 10 16 12 54 61 67 68 69 70 71 74 75 76 81 82 84 86 87 89 90 93 94
50 c 16 22 6 81 111 10 41 50 51 53 54 56 58 59 60 61 62 63 65 66 68 71 72 74 76 77 78 82 83 84 85 92 94 99
51 c 15 60 6 66 96 10 17 11 52 53 54 58 63 64 65 68 69 70 71 81 85 87 90 92 94 97
52 c 4 18 6 84 114 10 35 34 53 55 57 58 59 60 61 64 65 68 72 75 77 78 79 82 83 84 86 87 89 90 91 94 96
53 c 15 30 6 24 54 10 26 27 56 57 58 59 64 65 67 69 72 73 74 77 79 82 85 87 89 93 96 97 99 100
54 c 55 5 6 58 88 10 29 19 56 57 60 61 62 63 64 65 67 70 73 74 76 77 78 80 82 85 88 95 97 99
55 c 45 20 6 52 82 10 11 10 56 57 60 62 65 70 72 75 77 79 81 86 93 94 99
56 c 28 18 6 83 113 10 26 30 57 60 61 65 66 67 68 69 71 78 79 80 82 85 86 88 89 91 93 97 98 99
57 c 61 52 6 86 116 10 3 8 58 61 62 63 69 70 72 73 74 75 77 78 79 82 85 86 89 91 92 95 99 100
58 c 45 10 6 87 117 10 18 13 60 62 63 64 66 67 69 70 71 73 78 82 83 84 86 87 89 91 92 93 96
59 c 42 7 6 87 117 10 5 1 63 64 68 71 73 78 79 80 82 85 87 88 89 94 95 96 97 98 99 100
60 c 55 60 6 87 117 10 16 6 64 66 67 68 69 71 74 76 82 83 84 85 91 92 93 97 98 100
61 c 25 30 6 89 119 10 3 4 63 64 66 67 69 74 75 76 80 82 83 85 87 88 89 90 92 93 96 97
62 c 26 27 6 90 120 10 27 30 66 67 71 72 75 76 77 79 80 81 83 84 85 92 93 94 95 96 99 100
63 c 11 31 6 91 121 10 7 14 68 70 72 73 76 77 78 79 84 86 88 90 92 94 95 99
64 c 32 12 6 91 121 10 7 7 69 71 72 73 74 76 77 79 81 85 87 89 91 92 93 95 96
65 c 6 68 13 98 128 10 30 36 67 69 72 73 74 75 77 78 79 80 81 82 83 84 85 87 91 95 98 99 100
66 c 55 45 22 106 136 10 13 18 67 69 70 71 75 77 78 79 80 81 83 84 85 86 87 89 90 91 93 98 99
67 c 2 48 22 107 137 10 1 1 69 72 75 76 79 80 82 84 86 90 91 94 97 98
68 c 65 55 22 107 137 10 14 23 69 71 72 74 75 76 80 83 84 87 89 91 93 94 98 100
69 c 47 47 32 114 144 10 13 6 70 72 74 77 78 79 83 86 90 94 99 100
70 c 30 60 32 114 144 10 16 24 74 76 81 82 83 84 89 90 93 97 99 100
71 c 45 65 32 116 146 10 9 19 74 78 81 82 85 87 88 90 93 97 98
72 c 49 73 32 117 147 10 25 24 73 74 76 78 79 85 88 89 91 93 94 97 98 99
73 c 53 12 46 120 150 10 6 13 74 78 79 81 84 85 89 91 92 93 94 96 98
74 c 45 30 46 122 152 10 17 15 76 80 81 82 83 84 85 86 87 89 90 91 92 95 96 100
75 c 23 3 46 122 152 10 7 10 76 83 86 87 89 90 91 93 94 95 97 99 100
76 c 25 21 46 123 153 10 12 2 78 80 81 82 83 85 88 89 90 92 93 96 98 100
77 c 20 20 46 124 154 10 8 7 78 79 80 82 83 86 87 95 97 98 100
78 c 22 27 46 125 155 10 11 3 79 81 85 86 87 88 91 92 96 98 99
79 c 63 23 46 126 156 10 2 12 81 82 83 84 86 87 88 93 95 99 100
80 c 57 29 46 130 160 10 18 23 81 85 86 89 90 92 93 95 97 99 100
81 c 35 69 46 131 161 10 23 16 82 84 85 86 89 93 94 98 99
82 c 56 39 54 132 162 10 36 42 83 91 92 94 95 96 98
83 c 63 65 54 133 163 10 8 5 84 87 88 89 94 95 98 99 100
84 c 46 13 54 139 169 10 8 17 85 88 89 90 93 99
85 c 55 20 54 139 169 10 19 29 91 92 95 96 97 99 100
86 c 65 35 58 143 173 10 3 1 92 93 94 95 96 98 100
87 c 5 30 65 147 177 10 2 5 89 90 99
88 c 30 25 65 149 179 10 23 24 89 90 91
89 c 15 19 65 150 180 10 1 1 90 92 93 98 99 100
90 c 41 49 66 151 181 10 10 1 94 95 97 99
91 c 17 34 67 152 182 10 3 1 92 93 95 96 99
92 c 13 52 71 155 185 10 36 45 94 96 97 98
93 c 65 20 71 156 186 10 6 12 94 97
94 c 18 18 83 165 195 10 17 23 95 99 100
95 c 26 35 83 166 196 10 15 21 96 97 98 99 100
96 c 56 37 83 168 198 10 6 1 97 98 100
97 c 37 56 83 168 198 10 5 1 98 99
98 c 53 43 84 169 199 10 14 13
99 c 18 24 84 169 199 10 22 13 100
100 c 36 26 95 180 210 10 18 10

