StringID Type x y release ReadyTime DueDate ServiceTime weight volume Item_Conflitante1 Item_Conflitante2 Item_Conflitante3 Item_Conflitante4 Item_Conflitante5 Item_Conflitante6 Item_Conflitante7 Item_Conflitante8 Item_Conflitante9 Item_Conflitante10 Item_Conflitante11 Item_Conflitante12 Item_Conflitante13 Item_Conflitante14 Item_Conflitante15 Item_Conflitante16 Item_Conflitante17 Item_Conflitante18 Item_Conflitante19 Item_Conflitante20 Item_Conflitante21 Item_Conflitante22 Item_Conflitante23 Item_Conflitante24 Item_Conflitante25 Item_Conflitante26 Item_Conflitante27 Item_Conflitante28 Item_Conflitante29 Item_Conflitante30 Item_Conflitante31 Item_Conflitante32 Item_Conflitante33 Item_Conflitante34 Item_Conflitante35 Item_Conflitante36 Item_Conflitante37 Item_Conflitante38 Item_Conflitante39 Item_Conflitante40 Item_Conflitante41 Item_Conflitante42 Item_Conflitante43 Item_Conflitante44 Item_Conflitante45 Item_Conflitante46 Item_Conflitante47 Item_Conflitante48 Item_Conflitante49 Item_Conflitante50 Item_Conflitante51 Item_Conflitante52 Item_Conflitante53 Item_Conflitante54 Peso_Total Volume_Total
0 d 35 35 0 0 230 0 0 0                                                       200 200
1 c 64 42 0 53 83 10 9 5 4 6 7 8 9 11 12 13 14 17 18 20 21 22 23 26 27 28 29 30 31 33 34 36 38 39 40 41 42 44 47 48 49 50 60 62 65 67 68 69 71 73 76 77 80 81 89 90 93 96 97 99 100
2 c 40 60 0 61 91 10 21 11 3 4 5 6 7 8 10 13 15 16 17 19 21 24 25 26 33 35 36 37 38 39 40 42 47 50 52 53 54 57 58 59 60 63 64 68 70 71 72 74 76 79 81 82 83 84 88 90 92 96 100
3 c 55 54 0 84 114 10 26 17 5 7 8 9 11 14 17 20 21 24 25 26 27 31 32 33 34 42 49 52 53 55 56 57 59 61 62 64 65 67 68 69 70 71 72 73 74 75 77 79 80 81 82 83 84 85 86 88 91 92 93 94 95 97
4 c 53 52 0 27 57 10 11 14 5 6 10 12 13 14 17 18 19 23 24 25 26 31 32 36 41 42 43 45 46 49 51 55 56 58 59 60 62 64 65 66 67 68 71 73 75 77 78 79 81 82 83 88 94 95 96 97 98 99
5 c 57 68 0 67 97 10 15 5 6 7 10 12 13 14 15 16 18 19 21 22 23 24 25 26 30 35 37 38 39 41 45 46 47 48 50 53 55 57 58 60 62 63 64 70 71 77 80 82 83 85 86 88 89 90 92 93 98 100
6 c 57 48 0 82 112 10 23 15 8 9 10 12 13 15 17 19 21 22 23 24 29 30 31 32 33 34 35 39 42 44 45 46 47 48 51 52 54 55 58 61 63 64 65 67 69 70 71 72 73 74 76 80 83 84 85 87 88 90 93 95 96 98
7 c 5 5 0 73 103 10 16 7 8 9 10 13 16 17 19 20 22 24 25 26 27 29 34 37 39 40 42 43 44 46 47 49 51 52 57 58 59 60 62 63 64 65 66 67 69 70 78 82 84 85 86 87 88 92 93 95
8 c 60 12 0 34 64 10 31 21 9 11 12 13 14 15 16 19 21 23 25 26 27 33 34 35 36 37 41 44 47 48 49 54 57 58 60 61 65 66 67 71 72 73 77 81 82 83 84 85 86 87 88 89 91 92 93 97 98 99 100
9 c 40 25 0 75 105 10 9 1 12 13 14 16 17 20 23 24 26 30 31 32 33 37 38 46 47 48 52 53 55 57 71 74 75 76 77 78 79 80 81 82 83 84 85 86 88 89 90 92 93 94 98 99 100
10 c 24 12 0 25 55 10 5 12 11 13 17 18 19 22 24 25 26 28 30 32 33 35 40 42 43 45 46 47 49 52 53 54 55 57 59 60 61 62 67 69 70 71 74 75 78 82 84 86 87 88 89 91 92 99 100
11 c 11 14 0 59 89 10 18 18 12 13 14 15 16 18 22 25 26 29 41 42 50 57 58 59 60 61 63 64 69 74 76 78 79 81 84 87 89 90 92 95 97
12 c 41 37 0 29 59 10 16 16 17 23 24 26 28 29 32 33 35 36 37 39 45 51 53 56 57 59 60 61 62 64 65 66 67 69 71 72 73 74 76 78 79 81 82 83 85 88 90 93 94 95 96 97
13 c 6 38 0 29 59 10 16 6 15 19 20 21 24 25 26 27 28 32 33 34 35 36 37 44 47 49 50 51 55 56 59 62 64 65 66 67 68 70 74 77 78 80 82 83 84 85 87 88 96 97
14 c 20 26 0 73 103 10 9 18 21 23 24 26 30 35 36 40 43 44 51 54 57 59 60 61 64 65 66 71 74 75 78 80 81 83 85 87 90 92 95 97 98 99
15 c 49 58 0 78 108 10 10 1 17 18 19 22 23 25 26 28 29 35 36 37 39 40 41 43 45 46 47 50 52 56 57 59 61 65 66 67 68 69 74 78 80 83 84 87 88 89 91 95 98
16 c 37 31 0 85 115 10 14 21 17 21 23 25 29 30 32 34 37 38 40 46 53 54 55 57 59 60 62 63 68 69 70 74 75 80 81 82 85 86 87 91 94 96 97
17 c 49 42 0 63 93 10 13 9 18 20 21 23 24 26 27 29 32 33 34 37 40 41 45 50 51 55 59 60 62 64 70 71 74 76 77 82 83 85 87 90 91 93 96 97 99 100
18 c 12 24 0 66 96 10 13 18 20 21 22 23 24 25 26 29 34 41 42 43 44 47 48 49 50 57 60 61 62 63 67 69 73 74 75 76 78 79 80 82 84 89 91 92 94 95 100
19 c 24 58 0 48 78 10 19 15 20 22 24 27 28 32 35 36 37 39 41 43 44 46 47 48 50 51 52 53 54 56 62 63 64 66 67 68 69 72 76 78 82 83 84 86 88 92 93 94 97 98 100
20 c 27 69 0 34 64 10 10 8 21 22 24 25 27 28 29 32 33 34 35 37 38 42 43 44 50 51 53 55 56 58 59 61 64 65 68 71 72 73 74 76 82 83 85 86 89 90 92 94 95 99 100
21 c 15 77 0 63 93 10 9 8 23 24 25 26 29 31 33 34 35 36 37 38 39 42 43 44 45 46 48 50 54 55 57 58 59 63 64 67 68 69 70 74 75 76 77 78 79 83 84 87 91 94 96 99
22 c 62 77 0 49 79 10 20 28 25 26 30 31 32 35 37 38 41 44 45 46 47 49 50 55 56 59 60 61 62 63 64 67 68 70 72 73 74 76 77 79 80 82 83 84 87 88 89 90 91 92 93 94 96 97 98 99 100
23 c 67 5 0 73 103 10 25 32 25 28 29 30 31 33 36 39 40 41 42 43 45 49 50 52 53 56 58 59 61 62 63 67 68 70 79 80 83 84 86 88 89 90 92 94 95 97 98 99 100
24 c 37 47 0 40 70 10 6 12 29 33 34 36 37 40 43 44 47 48 51 53 57 59 60 61 64 68 70 74 75 76 77 78 79 80 81 82 86 89 90 91 92 94 96 97 98 99
25 c 8 56 0 41 71 10 27 25 26 27 29 30 32 35 38 39 40 49 51 56 58 59 61 62 64 66 69 70 71 75 81 82 83 84 85 87 88 93 94 95 98 99
26 c 35 40 0 27 57 10 16 13 27 30 31 33 36 37 39 40 44 45 47 48 49 50 51 53 56 57 60 61 63 64 66 67 68 69 71 72 73 75 79 80 81 84 85 90 91 94 100
27 c 2 60 0 41 71 10 5 1 28 29 30 32 38 39 41 43 45 46 47 48 49 50 51 53 54 55 57 60 65 66 68 74 75 76 78 79 82 83 85 89 90 92 94 96 97 99
28 c 20 65 0 57 87 10 12 8 29 32 36 37 41 43 44 45 47 48 49 50 52 53 55 56 57 58 59 60 63 64 66 67 70 71 72 73 74 76 77 79 81 82 83 84 85 86 87 88 89 90 91 94 97 100
29 c 22 22 0 18 48 10 2 4 32 34 37 39 40 42 43 45 46 48 54 55 57 58 59 60 63 64 65 66 69 73 74 76 78 79 82 84 86 87 90 92 95 99 100
30 c 31 67 0 85 115 10 3 1 34 35 37 38 40 43 44 45 46 49 50 56 57 61 62 63 67 68 69 70 72 79 82 84 85 86 88 89 91 92 93 95 96 97 98 99 100
31 c 26 52 0 64 94 10 9 6 32 35 36 37 38 42 44 46 47 51 55 57 58 59 60 62 63 65 66 71 72 74 75 78 81 82 85 89 92 93 94 98 100
32 c 10 43 0 85 115 10 9 16 34 35 37 38 42 43 51 54 55 56 58 59 61 62 67 71 73 76 78 81 82 83 85 86 89 91 94 99
33 c 28 18 0 83 113 10 26 30 36 37 38 40 41 46 47 48 50 59 60 61 64 65 66 67 68 70 71 72 77 78 79 80 85 86 87 88 89 90 91 92 94 95 97 98
34 c 15 10 0 32 62 10 20 11 37 38 39 40 41 42 44 45 47 48 50 52 54 55 56 58 60 62 64 69 70 71 75 81 84 89 92 96 97
35 c 30 5 0 51 81 10 8 8 37 38 39 40 42 43 45 48 49 50 54 56 57 59 60 65 66 67 68 70 72 74 76 77 78 80 83 86 87 89 90 92 93 94 100
36 c 10 20 6 65 95 10 19 19 37 38 41 46 47 48 50 51 54 58 62 65 68 71 73 74 84 85 88 94 96 97 99
37 c 20 40 6 77 107 10 12 15 39 41 42 44 46 51 53 54 55 57 58 59 65 67 68 70 72 73 78 80 81 83 85 90 93 94 96 97 98 100
38 c 44 17 6 68 98 10 9 2 39 40 43 48 49 51 54 56 57 58 59 60 62 64 65 66 69 73 75 76 79 81 83 86 87 88 89 93 94 95 96 98 99
39 c 4 18 6 84 114 10 35 25 40 41 43 45 46 49 50 52 56 57 60 62 64 69 70 73 74 76 80 81 82 83 84 89 91 92 93 95 97 98 99
40 c 15 60 6 66 96 10 17 25 42 43 44 45 46 47 50 56 57 59 60 62 67 69 71 73 75 78 79 80 83 85 86 87 88 89 90 93 95 96 98 99
41 c 55 5 6 58 88 10 29 24 42 46 47 50 51 53 55 56 57 60 61 62 63 64 65 66 68 70 72 73 76 86 89 90 95 98 100
42 c 61 52 6 86 116 10 3 9 47 50 53 55 57 58 60 61 62 64 66 68 71 72 74 75 76 79 81 82 83 85 86 88 89 92 93 94 96 98 100
43 c 42 7 6 87 117 10 5 15 44 46 49 50 51 53 54 57 60 65 66 70 72 73 74 75 76 77 79 81 82 83 87 88 89 91 96 97 100
44 c 55 60 6 87 117 10 16 8 46 47 51 52 53 54 55 58 59 60 61 63 64 65 67 68 70 71 72 73 75 76 79 82 83 87 88 91 93 94 96 97
45 c 45 10 6 87 117 10 18 13 46 47 48 49 51 52 54 55 59 61 66 69 77 78 79 86 87 88 89 92 93 95 98 99 100
46 c 25 30 6 89 119 10 3 1 47 49 50 52 56 57 58 61 62 63 65 66 69 70 71 72 73 75 79 82 83 85 91 92 93 99 100
47 c 32 12 6 91 121 10 7 4 51 53 54 55 57 60 61 62 63 65 66 67 71 72 73 76 81 83 84 87 88 90 92 93 98 99
48 c 11 31 6 91 121 10 7 2 50 53 54 55 57 58 61 63 64 66 70 72 73 74 77 80 81 82 84 85 86 89 90 91 94 95 99
49 c 6 68 13 98 128 10 30 29 52 58 64 68 69 70 72 74 75 83 87 88 90 92 94 97
50 c 2 48 45 107 137 10 1 1 51 52 54 56 57 58 60 61 62 64 65 69 72 77 78 80 82 84 85 90 91 92 94 96 97 98 99 100
51 c 30 60 45 114 144 10 16 7 52 53 55 56 57 58 61 62 63 65 67 74 76 78 80 81 83 84 90 92 95 96 98
52 c 45 65 45 116 146 10 9 9 53 58 59 60 61 63 64 66 67 68 71 72 75 76 80 81 82 83 86 87 88 89 93 97 100
53 c 49 73 45 117 147 10 25 19 54 57 58 60 63 68 70 78 84 86 89 90 91 96 97 99 100
54 c 53 12 45 120 150 10 6 1 55 57 58 59 60 62 63 68 69 71 74 75 78 79 80 81 82 86 89 90 91 92 94 96 98 99
55 c 23 3 45 122 152 10 7 11 57 58 60 61 62 63 67 70 71 75 77 78 80 82 88 92 99
56 c 25 21 45 123 153 10 12 6 57 58 61 62 64 65 70 72 74 77 80 81 82 83 86 87 90 92 94 95
57 c 63 23 45 126 156 10 2 1 59 60 61 62 63 64 65 68 69 71 72 74 75 76 78 79 80 82 84 85 86 87 88 90 91 92 94 97 98 100
58 c 57 29 45 130 160 10 18 9 59 60 62 64 65 66 68 69 70 71 73 75 77 78 80 81 84 86 87 88 89 92 93 95 97 98 99 100
59 c 35 69 54 131 161 10 23 22 61 63 64 65 68 69 71 74 78 79 81 82 83 85 86 90 94 96 100
60 c 56 39 54 132 162 10 36 37 61 68 69 70 71 73 74 76 78 81 82 85 87 89 90 92 93 94 95 96 97 99
61 c 63 65 54 133 163 10 8 1 62 70 71 74 75 76 78 81 82 83 84 86 87 89 91 93 95 96 97 100
62 c 46 13 54 139 169 10 8 16 64 66 67 71 74 76 77 80 81 82 87 88 95
63 c 55 20 54 139 169 10 19 11 75 80 81 85 87 91 93 94 97
64 c 65 35 58 143 173 10 3 7 65 66 67 70 71 73 77 78 79 80 85 86 89 91 93 96 98
65 c 5 30 62 147 177 10 2 1 66 73 75 78 79 80 83 84 85 92 95 98 99
66 c 30 25 64 149 179 10 23 20 67 69 70 71 72 73 75 79 84 86 88 89 90 91 93 97 98
67 c 17 34 67 152 182 10 3 1 68 69 70 71 72 75 76 77 81 82 83 86 88 90 94 95 97 98 100
68 c 65 55 68 0 183 10 14 7 69 70 75 77 80 82 84 85 88 89 96 97 98
69 c 65 20 71 156 186 10 6 1 71 72 73 76 80 81 83 86 87 89 90 91 95 96 99 100
70 c 49 11 77 0 192 10 18 14 72 76 78 80 82 83 84 87 91 93 95 96 97 100
71 c 13 52 77 0 192 10 36 27 73 74 75 79 82 84 89 93 94 95 96
72 c 15 19 79 0 194 10 1 1 73 74 76 80 82 84 87 88 91 92 93 97 98 100
73 c 18 18 80 165 195 10 17 9 74 75 76 77 78 81 83 86 88 89 90 92 94 98 100
74 c 15 47 81 0 196 10 16 13 75 81 83 85 92 93 95 96 99 100
75 c 26 35 81 166 196 10 15 14 76 77 78 79 80 86 87 88 90 93 96 98
76 c 16 22 81 0 196 10 41 39 77 78 80 81 82 84 86 87 90 91 95 96 97
77 c 47 16 82 0 197 10 25 31 80 83 85 86 87 89 91 94 95 96
78 c 55 45 82 0 197 10 13 16 81 82 86 87 88 89 90 92 93 96 99 100
79 c 20 20 83 0 198 10 8 5 81 83 84 85 86 87 88 89 92 95 96 97 99
80 c 56 37 83 168 198 10 6 1 83 84 86 87 89 91 93 94 95 97 98 100
81 c 14 37 83 0 198 10 11 9 82 84 86 87 91 97 98 100
82 c 19 21 83 0 198 10 10 6 85 86 88 91 92 95 98 100
83 c 20 50 83 0 198 10 5 5 86 87 88 90 91 96 99
84 c 37 56 83 168 198 10 5 6 87 90 91 93 94 96 99
85 c 15 30 84 0 199 10 26 27 88 90 92 99 100
86 c 53 43 84 169 199 10 14 18 89 93 95 98
87 c 18 24 84 169 199 10 22 31 88 89 92 93 94 97 99 100
88 c 45 20 86 0 201 10 11 13 89 90 91 93 95 97 98 99
89 c 31 52 87 0 202 10 27 29 90 91 92 96 97 99 100
90 c 35 17 87 0 202 10 7 1 92 95 98 99
91 c 21 24 87 0 202 10 28 31 94 95 96 98
92 c 47 47 88 0 203 10 13 10 94 96 97 98 99
93 c 22 27 89 0 204 10 11 16 96 97 99
94 c 41 49 89 0 204 10 10 10 95 97
95 c 25 24 90 0 205 10 20 15 96 100
96 c 50 35 90 0 205 10 19 28 97 98 99
97 c 26 27 92 0 207 10 27 37 98 99
98 c 27 43 93 0 208 10 9 2 99 100
99 c 45 30 93 0 208 10 17 14
100 c 36 26 95 180 210 10 18 10

