StringID Type x y release ReadyTime DueDate ServiceTime weight volume Item_Conflitante1 Item_Conflitante2 Item_Conflitante3 Item_Conflitante4 Item_Conflitante5 Item_Conflitante6 Item_Conflitante7 Item_Conflitante8 Item_Conflitante9 Item_Conflitante10 Item_Conflitante11 Item_Conflitante12 Item_Conflitante13 Item_Conflitante14 Item_Conflitante15 Item_Conflitante16 Item_Conflitante17 Item_Conflitante18 Item_Conflitante19 Item_Conflitante20 Item_Conflitante21 Item_Conflitante22 Item_Conflitante23 Item_Conflitante24 Item_Conflitante25 Item_Conflitante26 Item_Conflitante27 Item_Conflitante28 Item_Conflitante29 Item_Conflitante30 Item_Conflitante31 Item_Conflitante32 Item_Conflitante33 Item_Conflitante34 Item_Conflitante35 Item_Conflitante36 Item_Conflitante37 Item_Conflitante38 Item_Conflitante39 Item_Conflitante40 Item_Conflitante41 Item_Conflitante42 Item_Conflitante43 Item_Conflitante44 Item_Conflitante45 Item_Conflitante46 Item_Conflitante47 Item_Conflitante48 Item_Conflitante49 Item_Conflitante50 Item_Conflitante51 Item_Conflitante52 Item_Conflitante53 Peso_Total Volume_Total
0 d 40 50 0 0 1236 0 0 0                                                      200 200
1 c 2 40 11 357 460 90 20 20 4 5 7 9 11 14 15 17 23 25 26 27 28 33 34 35 36 39 41 43 44 46 47 49 55 56 57 62 64 68 69 71 75 78 81 84 87 89 90 91 95 96 97
2 c 0 40 11 457 544 90 30 27 3 4 5 6 9 10 11 12 13 14 15 18 21 27 28 30 34 35 38 40 44 47 48 52 54 55 57 58 60 61 62 63 65 67 68 69 70 71 73 74 76 77 79 80 83 84 85 88 93 94 96 99
3 c 35 30 11 236 349 90 10 12 5 7 8 10 11 12 15 17 20 27 28 30 32 35 36 37 39 41 42 43 45 47 48 49 53 58 60 61 69 70 71 72 73 75 76 77 79 80 82 83 84 86 91 93 96 97 98 99
4 c 35 32 11 132 269 90 10 9 5 7 9 11 13 14 15 18 19 20 21 22 23 24 30 31 32 33 37 39 40 42 43 44 46 47 48 51 55 56 57 61 62 63 66 67 69 71 73 75 79 82 83 85 86 87 88 89 91 92 96 97 99
5 c 33 32 11 27 190 90 20 11 7 8 9 10 11 17 18 19 22 25 26 27 29 31 33 34 35 37 38 41 42 44 47 53 54 55 56 60 61 64 67 69 72 78 80 82 84 85 87 88 89 90 92 93 94 95 96 97 98
6 c 33 35 11 16 144 90 10 10 9 10 12 13 16 17 21 22 25 26 28 29 30 31 32 33 35 40 42 43 44 45 52 53 58 59 60 61 62 69 70 74 77 78 79 84 85 90 91 95 96 97 99
7 c 32 30 11 332 439 90 10 5 9 11 12 15 16 21 22 24 25 27 28 30 33 35 36 41 42 43 44 48 50 53 54 57 60 67 68 70 71 72 73 74 75 77 79 81 87 88 90 91 94 96 98 99
8 c 30 32 11 417 540 90 30 30 9 10 11 15 17 19 21 22 24 25 29 40 41 42 44 45 46 48 49 51 56 58 60 64 65 67 68 69 70 72 74 75 80 82 85 88 89 90 91 92 95 96 97 98
9 c 60 55 11 20 148 90 10 18 10 11 13 15 18 21 22 23 24 25 26 27 35 36 37 39 40 44 45 49 51 52 56 58 59 60 62 63 64 68 71 77 78 80 83 84 89 90 91 94 95 97 100
10 c 65 55 11 56 173 90 20 19 14 16 17 20 23 26 29 33 35 36 37 39 40 41 42 43 44 46 47 48 52 53 56 58 60 64 65 67 68 69 70 71 72 73 74 75 76 77 78 79 83 85 86 90 97 98
11 c 66 55 11 141 270 90 10 7 12 13 14 16 19 20 21 22 24 29 31 34 36 45 46 47 48 49 51 52 53 54 56 59 60 62 64 65 66 70 71 76 77 78 79 81 82 83 88 91 92 93 96 98
12 c 44 5 11 255 378 90 20 20 14 16 19 21 22 24 26 28 31 32 34 35 36 37 39 40 45 46 48 49 51 52 56 57 59 61 65 68 70 71 74 75 76 78 81 82 85 86 87 88 89 90 92 95 96 98 99
13 c 42 10 11 150 293 90 40 33 16 21 24 25 27 28 29 30 32 34 37 41 43 44 46 47 48 50 51 54 55 56 61 62 64 65 66 67 70 71 73 77 78 79 80 81 84 85 86 87 88 89 90 91 92 93 94 95
14 c 42 15 11 63 190 90 10 17 15 16 18 19 20 22 24 26 27 38 39 41 42 43 46 50 53 56 59 60 63 64 67 70 71 72 73 76 77 78 79 80 81 84 85 86 89 90 92 93 96 97
15 c 40 5 11 359 462 90 30 39 16 19 22 23 24 26 27 29 31 34 38 39 43 45 47 48 49 51 52 53 55 56 59 61 62 63 64 68 69 71 73 75 76 83 85 86 89 90 92 100
16 c 40 15 11 35 140 90 40 48 19 20 21 22 24 25 27 29 37 40 41 42 43 44 49 50 51 53 54 55 56 58 61 66 67 70 71 72 75 76 78 79 80 83 85 89 91 92 94 96 98
17 c 38 5 11 439 566 90 30 39 19 21 23 25 26 27 34 35 38 40 43 44 47 48 51 55 57 58 59 60 67 68 69 71 72 73 74 78 83 84 85 87 88 90 91 93 94 96 100
18 c 90 35 11 175 288 90 10 2 20 21 24 27 28 30 32 33 37 38 40 47 48 50 51 52 53 56 58 59 60 61 62 64 65 66 74 77 78 79 80 81 82 86 88 89 94 96 97 99
19 c 53 35 11 323 442 90 50 47 22 23 25 26 27 29 30 32 33 34 38 39 41 44 45 47 48 49 50 51 52 53 55 56 57 60 63 65 68 69 73 74 75 78 79 80 83 84 86 88 91 92 94 96
20 c 92 30 11 442 587 90 10 7 21 23 24 26 28 29 33 34 35 36 39 44 47 51 52 53 54 56 59 61 62 63 65 66 67 70 73 74 75 77 80 81 86 87 90 93 97 98
21 c 53 30 11 422 533 90 10 1 23 26 35 36 38 40 42 44 48 51 52 56 57 59 60 61 64 65 66 69 73 74 75 77 78 80 82 84 86 88 89 91 94 95 96 97 98 99
22 c 95 35 11 260 393 90 20 17 24 25 26 30 32 33 36 38 39 40 42 43 44 45 46 47 49 51 52 53 54 56 59 62 65 67 69 74 75 78 79 80 82 83 84 85 89 94 97 98 100
23 c 95 30 11 353 490 90 30 32 24 27 28 29 30 34 37 38 39 40 42 44 45 46 50 52 53 55 56 61 62 63 64 67 71 72 73 75 76 77 78 79 80 82 84 85 87 88 91 92 94 95 98
24 c 5 35 11 252 375 90 10 2 26 31 34 35 36 41 42 44 47 48 49 50 51 53 57 58 59 65 66 68 71 74 75 77 80 81 82 84 85 88 90 94 95 97 99
25 c 85 35 11 47 201 90 30 28 26 27 28 29 33 34 36 38 39 42 43 45 47 48 49 50 51 54 57 60 61 67 68 70 72 75 76 77 80 81 82 84 85 88 91 92 94 98 100
26 c 47 40 11 12 143 90 10 17 28 31 38 41 42 43 44 46 47 49 50 51 55 56 60 63 64 65 67 69 72 73 75 79 80 81 82 84 85 86 88 89 91 96 98 100
27 c 72 55 11 228 375 90 10 2 29 30 35 36 37 43 48 49 50 53 54 55 57 59 61 62 64 66 68 71 73 74 75 77 79 81 85 86 91 94 95 97 98
28 c 48 40 11 50 155 90 10 2 29 30 35 36 37 38 39 41 43 48 52 54 55 58 59 60 67 68 70 71 74 75 76 78 81 84 86 91 92 95 96
29 c 50 40 11 147 242 90 50 40 32 35 36 37 40 41 44 45 46 49 52 53 56 58 59 62 65 66 69 73 74 75 76 78 79 86 88 91 92 96 98
30 c 50 35 11 235 344 90 20 30 32 33 34 36 38 39 40 42 43 44 46 49 50 51 55 58 59 60 62 70 71 72 73 74 75 78 79 80 82 88 89 91 92 94 96 97 99 100
31 c 70 58 11 425 556 90 20 10 35 38 43 44 46 48 49 51 54 55 58 60 64 66 67 69 70 73 74 77 81 82 83 85 86 87 88 89 90 91 93 95 98 100
32 c 75 55 11 344 445 90 20 19 33 34 36 37 38 40 41 43 45 46 53 57 58 60 66 67 76 78 79 81 82 84 85 86 87 88 92 95 97 98 99 100
33 c 67 85 11 331 478 90 20 21 34 35 37 38 40 42 44 45 47 52 53 56 57 59 60 61 62 66 67 68 69 71 72 75 78 80 81 82 87 89 90 91 92 93 95 96 97 100
34 c 88 35 11 78 201 90 20 25 36 37 38 39 41 42 43 44 48 50 54 55 56 58 60 61 62 65 66 68 71 73 75 77 79 81 87 91 93 97 98
35 c 10 40 11 31 170 90 30 35 36 37 39 41 42 43 44 45 46 47 48 50 51 52 53 54 57 58 62 63 64 67 68 70 71 72 73 74 75 77 79 80 82 83 86 87 89 90 91 93 95 97 99
36 c 58 75 11 30 139 90 20 14 37 38 39 40 41 44 47 51 52 54 60 62 63 65 66 67 71 72 75 76 78 79 83 85 86 87 89 91 92 96 97 98 99 100
37 c 42 66 11 25 186 90 10 3 38 40 44 45 47 48 49 51 52 53 54 55 57 58 61 62 64 65 71 74 75 77 80 82 86 87 89 90 93 94 95 96 100
38 c 60 80 11 64 187 90 10 16 40 45 47 48 49 50 51 53 54 56 57 58 60 61 64 66 68 69 70 72 73 74 76 80 81 83 84 92 93 94 95 96 98 99 100
39 c 42 65 11 15 120 90 10 10 42 43 46 47 48 49 50 53 58 59 62 65 67 69 71 72 73 79 80 84 87 89 90 91 92 94 95 96 97 98
40 c 40 66 11 142 253 90 20 12 41 45 52 53 55 58 59 67 71 74 76 79 80 81 84 91 93 94 95 96 97 99 100
41 c 38 68 11 220 359 90 20 26 42 43 45 46 48 49 50 51 53 54 55 56 58 63 65 68 69 70 73 75 77 78 79 80 83 84 85 86 87 89 90 91 94 95 99
42 c 35 66 11 331 436 90 10 5 43 44 45 46 49 56 58 60 61 66 72 73 74 78 81 82 83 86 88 89 91 92 93 96 97 98 100
43 c 35 69 11 420 533 90 10 5 44 45 46 47 48 49 50 51 53 56 58 59 60 61 62 63 65 67 68 70 72 73 75 76 78 79 80 85 87 88 90 91 92 94 96 97
44 c 22 75 11 30 155 90 30 24 45 46 49 52 54 55 56 57 60 61 62 64 66 70 72 74 79 80 84 87 88 91 92 93 96 97
45 c 20 80 11 362 451 90 40 34 46 50 52 56 57 58 59 65 68 71 72 73 77 79 80 85 86 88 93 97 99
46 c 20 85 11 448 555 90 40 40 47 48 50 52 54 57 58 63 64 65 66 68 70 71 75 76 77 82 83 84 85 86 87 88 90 92 93 97 98 99
47 c 8 40 11 52 193 90 40 39 49 58 59 61 66 67 70 74 75 80 82 83 84 85 86 89 91 93 95
48 c 15 75 11 142 291 90 20 13 51 52 54 56 57 60 61 62 64 65 67 72 77 79 80 81 82 84 85 86 90 93 94 96 97
49 c 15 80 11 244 379 90 10 16 51 59 64 66 67 69 71 72 78 81 83 85 90 91 92 94 95 97 98 99
50 c 30 50 11 10 137 90 10 19 52 54 57 58 60 62 65 68 70 71 72 74 76 77 78 82 85 86 87 89 90 92 94 95 96 97 98 99 100
51 c 18 75 11 75 172 90 20 19 53 54 55 56 57 59 60 61 65 67 69 71 74 82 84 88 91 92 93 94 99 100
52 c 65 82 11 260 361 90 10 4 53 55 59 60 61 63 64 71 72 73 74 75 76 78 79 81 82 87 88 90 92 93 97 98
53 c 10 35 11 181 256 90 20 16 55 58 59 61 62 63 65 69 75 76 78 80 81 82 83 86 87 89 92 93 94 95 96 97
54 c 65 85 11 453 540 90 40 34 55 56 58 59 60 61 63 64 66 67 70 71 72 73 74 75 76 80 82 84 90 95 97 99
55 c 25 50 11 25 184 90 10 17 56 58 59 60 63 66 67 69 70 74 75 77 79 81 82 83 84 85 86 87 88 94 96
56 c 20 55 11 422 531 90 10 1 57 58 60 65 67 68 70 73 76 78 79 83 85 87 88 89 90 91 92 94 96 97 100
57 c 25 52 11 142 251 90 40 40 60 63 64 67 68 70 73 75 76 77 80 81 86 88 89 91 92 94 96 97 98
58 c 20 50 11 335 428 90 10 19 61 65 66 67 69 70 71 72 73 74 75 78 79 80 81 82 83 84 87 89 94 95 98 100
59 c 23 55 11 523 616 90 20 27 62 65 67 70 73 76 77 81 82 85 87 88 95 97 99
60 c 62 80 11 174 261 90 30 26 63 67 68 70 72 73 74 75 76 78 80 81 85 86 87 88 89 90 92 93 96 97 98 99
61 c 23 52 11 234 343 90 10 5 65 66 68 69 72 73 81 82 84 86 87 88 89 90 91 92 94 96 97 99 100
62 c 30 30 11 512 629 90 10 9 63 64 71 72 73 77 79 80 81 82 86 95 96
63 c 68 60 275 527 640 90 30 33 64 66 67 69 71 73 75 78 81 82 83 86 87 90 95 97
64 c 38 70 275 499 640 90 10 17 66 67 68 70 73 76 81 82 83 84 85 88 90 91 92 94 95 97 98 100
65 c 22 85 275 541 646 90 10 5 66 67 70 72 75 77 78 79 80 85 86 87 90 92 93 94 95 96 97 100
66 c 50 30 275 491 650 90 10 1 67 68 71 72 73 74 75 76 77 79 80 82 84 85 86 87 91 92 95 96 97
67 c 60 85 275 531 652 90 30 27 69 71 72 74 76 77 82 84 85 86 87 91 96 97 98 99 100
68 c 0 45 275 538 653 90 20 18 69 71 72 74 75 76 80 83 84 86 89 90 91 95 96 97 98 100
69 c 35 5 275 529 662 90 20 12 70 72 73 74 77 82 83 84 86 89 91 93 97 98 99
70 c 88 30 275 539 678 90 10 14 71 72 73 75 81 83 87 88 91 94 95 97 98 99
71 c 28 30 275 601 724 90 10 13 73 74 75 82 85 86 89 95 100
72 c 48 30 275 601 724 90 10 17 74 75 77 78 79 83 84 86 92 93 94 96 98 99 100
73 c 65 60 275 614 739 90 30 28 75 76 77 79 83 84 87 93 95 97 98
74 c 25 55 275 582 741 90 10 17 75 77 78 87 88 89 91 97 98 99 100
75 c 5 45 275 639 742 90 10 14 77 81 83 88 89 91 92 95 96 98 99 100
76 c 40 69 275 580 743 90 20 27 79 81 82 83 84 88 91 94 98 99
77 c 25 85 275 617 756 90 20 24 82 84 86 89 91 92 93 94 96 98 99 100
78 c 87 30 275 636 763 90 10 1 84 85 97 98 100
79 c 55 85 275 608 765 90 20 22 81 82 84 86 93 94 96 97 98 99
80 c 38 15 275 607 784 90 10 10 81 82 84 87 90 93 94 96 100
81 c 45 30 275 712 799 90 10 5 82 84 85 87 88 93 94 95 96 99 100
82 c 28 55 275 709 800 90 10 8 83 84 87 90 92 93 94 95 96 97 98 99 100
83 c 42 68 275 699 810 90 10 15 84 85 86 87 88 90 92 96 97 98 99
84 c 25 30 275 695 816 90 10 1 86 89 91 93 94 95 99
85 c 63 58 275 705 834 90 10 20 86 89 91 92 94 100
86 c 85 25 275 744 845 90 10 13 87 89 92 93 96 97 100
87 c 8 45 275 719 848 90 20 28 90 91 93 95 96 97 98
88 c 55 80 275 705 858 90 10 1 90 91 92 93 95 96
89 c 45 70 275 802 893 90 30 21 90 93 94 98 100
90 c 47 35 380 802 899 90 10 11 91 92 93 94 96 97
91 c 26 32 380 783 912 90 10 18 92 93 94 99
92 c 60 60 380 809 916 90 10 4 94 96
93 c 28 52 380 776 919 90 20 28 94 95 98
94 c 30 52 380 888 991 90 20 14 96 97 100
95 c 45 68 380 885 994 90 10 4 96 98 99 100
96 c 45 35 380 889 996 90 10 8 98 99
97 c 25 35 380 883 998 90 10 8 98 99 100
98 c 28 35 480 969 1098 90 10 12 100
99 c 45 65 485 962 1103 90 20 28 100
100 c 30 35 509 982 1127 90 10 12

