StringID Type x y release ReadyTime DueDate ServiceTime weight volume Item_Conflitante1 Item_Conflitante2 Item_Conflitante3 Item_Conflitante4 Item_Conflitante5 Item_Conflitante6 Item_Conflitante7 Item_Conflitante8 Item_Conflitante9 Item_Conflitante10 Item_Conflitante11 Item_Conflitante12 Item_Conflitante13 Item_Conflitante14 Item_Conflitante15 Item_Conflitante16 Item_Conflitante17 Item_Conflitante18 Item_Conflitante19 Item_Conflitante20 Item_Conflitante21 Item_Conflitante22 Item_Conflitante23 Item_Conflitante24 Item_Conflitante25 Item_Conflitante26 Item_Conflitante27 Item_Conflitante28 Item_Conflitante29 Item_Conflitante30 Item_Conflitante31 Item_Conflitante32 Item_Conflitante33 Item_Conflitante34 Item_Conflitante35 Item_Conflitante36 Item_Conflitante37 Item_Conflitante38 Item_Conflitante39 Item_Conflitante40 Item_Conflitante41 Item_Conflitante42 Item_Conflitante43 Item_Conflitante44 Item_Conflitante45 Item_Conflitante46 Item_Conflitante47 Item_Conflitante48 Item_Conflitante49 Item_Conflitante50 Item_Conflitante51 Item_Conflitante52 Item_Conflitante53 Peso_Total Volume_Total
0 d 35 35 0 0 1000 0 0 0                                                      1000 1000
1 c 40 60 85 187 427 10 21 13 2 3 5 6 7 8 9 10 12 15 19 21 23 25 27 28 29 30 31 32 34 35 36 40 41 42 45 47 48 49 50 53 56 60 61 63 64 67 69 72 73 79 81 84 85 87 90 94 95 98
2 c 31 52 85 94 334 10 27 19 3 5 6 7 8 9 10 11 12 13 15 16 18 19 22 32 34 35 36 37 38 40 41 42 43 44 46 47 49 55 57 60 61 63 64 69 73 74 75 78 80 81 83 85 86 90 91 93 94 98 99
3 c 53 52 85 24 264 10 11 3 6 7 9 10 12 13 15 16 18 20 24 27 31 32 33 35 37 41 44 48 50 53 55 59 61 62 65 66 67 68 71 72 73 78 79 80 82 85 86 91 95 99 100
4 c 67 5 85 228 468 10 25 22 5 6 8 9 10 13 14 15 16 17 18 19 21 23 25 26 28 30 34 36 40 41 42 43 44 46 47 51 52 53 54 55 57 59 62 67 69 70 76 77 79 80 81 82 85 90 97 98
5 c 14 37 85 53 293 10 11 4 7 9 12 13 15 16 18 19 20 23 24 25 27 28 29 31 33 34 37 44 47 49 50 51 52 53 54 57 60 61 62 64 67 69 70 72 73 76 77 78 80 81 82 89 90 95 96 98 99
6 c 2 60 85 41 281 10 5 11 7 8 10 12 15 20 23 29 31 33 36 38 39 41 42 44 47 50 52 53 55 56 58 59 61 62 64 65 66 67 68 73 79 80 83 84 85 90 91 92 93 94 96 98 99 100
7 c 15 47 85 106 346 10 16 20 10 12 13 14 15 19 21 24 25 27 28 32 33 34 37 42 44 45 51 55 57 61 62 63 64 65 66 69 70 72 73 74 75 78 79 81 83 84 85 87 89 92 93 94 95 96 97 99
8 c 5 5 85 234 474 10 16 23 9 12 13 15 16 20 21 22 23 24 27 28 29 31 35 36 37 38 39 41 44 47 51 54 56 63 64 66 67 68 69 71 72 76 79 82 84 85 86 87 88 90 92 96 98 99 100
9 c 60 12 85 33 273 10 31 35 12 13 14 16 19 22 24 27 29 31 32 35 36 37 40 43 44 45 47 49 50 54 56 58 59 60 62 63 69 72 79 83 85 88 89 90 92 95 96 97 98
10 c 24 12 85 25 265 10 5 1 11 13 14 18 20 21 23 24 25 27 28 29 30 31 32 34 36 38 39 40 42 44 52 54 55 56 57 58 59 60 62 63 65 67 68 69 70 71 73 76 84 86 89 90 92 93 95 96 97 98 100
11 c 11 14 85 167 407 10 18 27 12 13 14 17 25 29 30 31 34 38 40 45 46 49 50 51 52 57 58 60 63 64 68 71 72 73 75 76 80 81 82 84 88 89 91 94 95 96 97
12 c 6 38 85 29 269 10 16 11 15 16 19 20 21 22 23 24 25 27 28 30 32 34 35 36 38 39 41 42 45 47 50 51 53 54 55 57 58 59 61 62 63 65 67 68 70 72 73 74 80 81 82 83 85 86 87 91 93 94 95 98 99
13 c 8 56 85 48 288 10 27 31 14 15 16 18 19 20 21 22 24 25 26 30 31 33 35 36 37 39 41 45 49 53 54 55 57 59 60 61 62 64 68 70 71 76 77 78 81 83 87 88 89 93 94 95 96
14 c 27 43 85 117 357 10 9 12 16 17 18 20 24 26 29 30 35 40 41 43 44 45 46 48 51 53 55 58 59 64 66 68 69 76 77 80 81 83 84 85 86 89 90 92 94 97 99
15 c 49 42 85 212 452 10 13 20 17 18 19 22 24 26 27 28 35 36 37 40 42 43 44 48 49 50 51 54 55 56 57 59 62 63 65 69 72 75 79 81 83 84 85 87 88 89 91 93 95 99
16 c 49 11 85 171 411 10 18 11 17 18 19 23 24 26 29 31 32 33 34 40 46 47 52 55 56 57 58 60 64 71 73 74 77 79 81 87 88 89 94 95 96 97 100
17 c 44 17 85 234 474 10 9 5 20 23 24 26 27 28 32 33 34 35 36 37 38 40 41 42 43 44 46 47 48 51 52 53 55 56 58 60 62 63 67 69 72 75 76 78 79 81 85 86 88 90 91 94 95 96 97 100
18 c 21 24 85 17 257 10 28 18 22 23 24 27 28 31 34 36 37 38 39 42 44 45 46 47 48 51 54 55 56 61 62 63 65 66 67 68 70 74 75 81 82 87 89 91 92 96 99
19 c 47 16 85 22 262 10 25 22 21 27 28 31 35 37 40 41 44 45 46 47 48 51 52 56 57 58 59 60 61 63 68 69 70 73 74 75 76 78 79 80 81 86 88 89 90 91 93 96 99 100
20 c 12 24 85 214 454 10 13 12 21 23 27 28 30 32 35 36 37 39 41 42 46 47 49 50 52 53 54 55 57 58 59 63 64 65 66 67 68 72 76 77 78 80 81 83 84 85 87 88 90 91 95 96 98
21 c 24 58 85 113 353 10 19 15 23 25 26 27 29 30 32 33 34 36 37 41 43 48 51 54 56 58 60 63 64 65 66 68 70 73 77 79 80 81 82 83 84 85 93 94 96 98 100
22 c 27 69 85 34 274 10 10 16 25 27 31 32 33 34 35 36 37 40 41 46 48 51 53 55 56 57 60 64 65 68 70 72 73 74 76 77 80 83 84 86 93 95 97 98
23 c 15 77 85 154 394 10 9 18 24 26 28 29 30 31 35 38 39 41 42 43 44 45 50 51 52 53 54 57 58 62 64 66 70 73 76 78 80 87 88 91 93 94 98 99
24 c 62 77 85 49 289 10 20 19 27 29 30 36 39 41 42 43 44 45 51 52 53 54 55 56 57 59 62 63 65 67 68 69 70 71 73 76 77 79 80 82 86 88 89 92 94 95 99
25 c 57 68 85 198 438 10 15 14 27 28 29 30 32 34 35 36 37 38 44 45 48 49 51 54 56 58 59 61 62 63 68 69 72 78 79 81 83 84 85 86 87 89 92 93 95 97 98 99 100
26 c 64 42 85 132 372 10 9 7 30 31 32 33 38 39 40 42 43 45 47 51 56 58 59 60 63 64 65 66 67 69 71 72 74 75 76 77 78 79 80 84 85 87 89 91 95 96 97
27 c 41 37 85 65 305 10 16 17 29 30 31 33 35 36 37 38 39 41 43 45 46 47 50 51 52 53 56 57 59 60 61 62 63 65 70 71 77 79 82 83 84 87 88 92 95 97 98
28 c 37 47 85 108 348 10 6 4 30 32 33 34 37 38 40 44 45 49 55 56 57 58 59 60 61 62 63 68 71 73 74 75 81 82 83 84 88 89 91 92 94 97 99 100
29 c 20 50 85 251 491 10 5 4 30 33 35 36 39 44 45 47 49 51 52 54 57 58 60 63 66 68 69 72 73 74 76 78 79 84 85 86 87 92 95 96 97
30 c 19 21 85 125 365 10 10 1 31 33 34 41 42 44 45 46 48 50 51 52 53 55 57 59 60 64 65 66 67 68 69 70 73 77 78 79 80 81 82 84 85 86 92 93 94 96 100
31 c 35 17 85 93 333 10 7 1 33 35 36 37 40 42 45 47 49 51 54 55 57 58 63 64 65 66 71 74 75 77 78 79 81 82 83 84 86 89 90 91 92 93 94 96 99 100
32 c 25 24 85 42 282 10 20 10 34 35 36 40 42 48 52 53 54 58 60 61 63 64 65 66 70 71 77 82 83 84 86 88 89 97 99 100
33 c 55 5 85 146 386 10 29 39 35 36 41 42 43 46 47 48 50 51 52 55 57 59 60 61 63 64 65 69 70 71 73 74 76 80 83 85 86 88 89 91 92 94 97 99 100
34 c 15 30 85 20 260 10 26 30 38 39 40 42 43 45 49 53 55 56 58 59 61 66 67 68 69 72 74 76 78 81 83 84 88 92 93 94 95 96 99 100
35 c 45 20 85 153 393 10 11 2 36 37 38 39 40 41 46 47 48 49 57 59 62 63 64 65 71 74 78 81 82 87 89 91 92 93 94 97 98
36 c 26 52 85 214 454 10 9 5 42 44 46 49 52 53 58 60 62 64 65 66 73 74 75 76 78 81 82 84 86 88 93 94 99 100
37 c 15 60 85 204 444 10 17 9 38 41 44 50 51 57 58 59 63 64 65 66 67 68 69 70 71 76 77 79 80 81 82 83 86 87 94 98 99 100
38 c 22 22 85 18 258 10 2 2 39 43 44 45 46 47 48 50 51 52 54 56 57 58 62 64 65 66 67 69 71 72 73 74 75 77 79 81 83 84 90 91 96 97
39 c 35 40 85 60 300 10 16 20 42 43 44 45 46 48 50 55 57 59 60 64 67 68 70 71 72 77 81 82 83 85 87 88 91 96 97 98
40 c 15 10 85 32 272 10 20 19 41 42 43 45 48 49 52 53 55 58 59 64 66 68 69 73 76 77 81 84 85 87 90 92 94 95 97
41 c 20 65 85 146 386 10 12 5 42 44 47 48 50 52 53 57 58 59 60 63 65 66 68 70 73 76 79 80 81 82 84 85 87 88 89 90 92 93 94 96 97 98 99
42 c 10 20 85 203 443 10 19 16 43 44 45 46 47 50 52 53 56 57 58 59 60 61 64 65 67 71 72 73 75 78 79 80 82 86 88 89 90 92 93 94 95 98
43 c 50 35 85 167 407 10 19 12 44 47 48 53 54 55 56 57 58 59 61 62 64 65 69 72 73 74 75 76 77 78 79 82 84 85 89 90 91 94 96 97 99
44 c 30 5 85 118 358 10 8 4 48 51 53 56 58 60 62 63 65 66 67 69 71 74 75 76 77 78 79 81 84 86 87 88 91 93 94 96 97 98
45 c 20 26 85 263 503 10 9 1 46 49 51 58 59 61 62 66 68 71 72 76 78 79 80 81 82 84 85 86 90 91 94 95 96 97
46 c 40 25 85 279 519 10 9 5 47 49 51 53 54 56 57 59 60 61 63 64 67 72 73 75 77 83 84 86 88
47 c 49 58 85 281 521 10 10 20 49 50 52 55 56 57 58 61 62 64 66 67 68 73 74 75 76 79 80 81 82 84 85 86 87 88 91 94 95 97 98 100
48 c 20 40 85 286 526 10 12 6 50 53 54 58 59 62 63 67 68 70 74 77 81 82 84 85 86 87 88 90 91 92 93 94 95 96 97 98 99 100
49 c 16 22 85 299 539 10 41 50 53 59 60 61 62 65 66 67 68 71 72 73 74 76 77 80 81 83 85 87 88 92 93 94 99 100
50 c 57 48 85 307 547 10 23 32 52 53 54 56 60 62 64 65 67 69 70 73 74 76 78 79 80 84 86 91 92 94 95 96 97 98
51 c 4 18 85 307 547 10 35 25 59 61 65 66 67 68 71 74 77 80 83 85 86 88 90 91 94 97 99 100
52 c 55 54 85 314 554 10 26 30 53 61 63 66 68 69 70 73 75 81 88 89 90 96 99
53 c 28 18 85 314 554 10 26 16 55 56 57 58 62 63 66 67 71 72 74 76 77 78 79 80 82 84 88 90 91 92 93 95 96 98 99
54 c 31 67 85 320 560 10 3 10 58 61 64 65 66 68 69 71 77 79 80 85 86 87 91 92 93 96 97 98 99 100
55 c 61 52 85 322 562 10 3 1 60 61 62 63 64 65 66 67 72 73 74 76 77 78 84 85 88 91 94 95 97 98 99 100
56 c 10 43 85 323 563 10 9 14 57 59 60 61 62 64 66 67 69 72 74 77 81 84 88 91 94 95 96
57 c 55 60 85 329 569 10 16 11 58 60 62 65 68 75 76 79 84 87 91 94
58 c 37 31 85 332 572 10 14 21 60 61 62 68 70 71 74 78 79 80 81 84 86 89 90 93 96 98
59 c 45 10 85 332 572 10 18 8 60 61 62 64 65 66 67 68 70 74 75 78 84 85 88 90 93 94 95 97 98 100
60 c 42 7 85 334 574 10 5 2 64 66 67 68 69 73 77 81 82 84 86 87 93 99 100
61 c 25 30 85 345 585 10 3 1 63 65 67 71 73 74 75 76 78 79 80 82 83 84 85 87 90 91 93 95 96 98 99 100
62 c 26 27 248 350 590 10 27 19 65 66 70 74 76 77 80 82 83 86 90 96 98 99
63 c 11 31 248 354 594 10 7 1 73 75 76 78 79 80 81 82 83 84 86 87 89 90 92 93 94 97 98
64 c 32 12 248 356 596 10 7 1 68 69 70 71 72 73 74 78 79 81 82 83 84 85 88 91 92 93 95 100
65 c 6 68 248 401 641 10 30 30 66 68 76 77 81 83 85 87 89 91 93 95 98 100
66 c 55 45 248 436 676 10 13 21 69 71 74 76 82 84 85 87 88 89 93 95 96 99 100
67 c 2 48 248 452 692 10 1 1 68 71 73 77 78 79 84 85 86 87 89 90 95 97 100
68 c 65 55 248 452 692 10 14 20 70 77 80 81 83 84 88 90 91 93 94 95 96 97 99
69 c 47 47 248 475 715 10 13 20 70 71 76 78 80 83 86 87 89 90 94 96 97 98 99
70 c 30 60 248 485 725 10 16 14 75 77 78 79 82 83 85 87 90 91 93 94 96 97 99 100
71 c 45 65 248 504 744 10 9 5 72 73 74 76 78 79 80 81 88 90 91 92 94 95 97 100
72 c 45 30 248 508 748 10 17 19 75 77 79 80 81 83 85 92 93 94 98
73 c 53 12 339 519 759 10 6 1 75 78 80 81 82 83 84 85 87 88 89 91 92 93 94 97 98 99 100
74 c 25 21 339 523 763 10 12 19 76 77 80 81 85 89 90 92 93 99 100
75 c 49 73 339 523 763 10 25 23 76 77 78 79 81 84 85 87 88 89 90 93 94 96 97 98 99 100
76 c 22 27 339 529 769 10 11 12 80 81 85 90 96 97
77 c 20 20 339 530 770 10 8 6 78 79 80 83 84 85 86 87 89 91 92 93 94 95 96 97
78 c 23 3 339 543 783 10 7 14 81 82 88 89 91 93 97
79 c 63 23 339 560 800 10 2 4 82 83 85 86 89 90 93 95 100
80 c 57 29 339 568 808 10 18 20 81 82 83 85 89 91 92 93 96 99 100
81 c 56 39 339 575 815 10 36 42 84 86 90 94 96 97 100
82 c 35 69 339 599 839 10 23 29 83 85 86 89 91 93 100
83 c 55 20 398 620 860 10 19 26 86 89 91 94 97
84 c 46 13 398 622 862 10 8 12 85 90 93 94 95 97 99
85 c 63 65 398 630 870 10 8 6 90 92 93 95 97 99
86 c 30 25 398 639 879 10 23 15 88 90 92 93 96 100
87 c 65 35 398 656 896 10 3 1 92 93 95 99 100
88 c 41 49 398 658 898 10 10 15 91 92 93 94 97 99
89 c 17 34 423 672 912 10 3 11 90 93 95 96 97 98 99 100
90 c 5 30 423 682 922 10 2 4 94 97 98
91 c 15 19 423 683 923 10 1 1 92 95 97 98 99
92 c 65 20 458 716 956 10 6 15 96
93 c 26 35 458 718 958 10 15 11 95 97 98 100
94 c 13 52 465 720 960 10 36 42 95 98 100
95 c 18 18 465 725 965 10 17 7 96 97 99
96 c 56 37 468 728 968 10 6 12 100
97 c 37 56 468 728 968 10 5 1 99 100
98 c 18 24 469 729 969 10 22 22 99
99 c 53 43 470 730 970 10 14 8
100 c 36 26 480 740 980 10 18 15

