StringID Type x y release ReadyTime DueDate ServiceTime weight volume Item_Conflitante1 Item_Conflitante2 Item_Conflitante3 Item_Conflitante4 Item_Conflitante5 Item_Conflitante6 Item_Conflitante7 Item_Conflitante8 Item_Conflitante9 Item_Conflitante10 Item_Conflitante11 Item_Conflitante12 Item_Conflitante13 Item_Conflitante14 Item_Conflitante15 Item_Conflitante16 Item_Conflitante17 Item_Conflitante18 Item_Conflitante19 Item_Conflitante20 Item_Conflitante21 Item_Conflitante22 Item_Conflitante23 Item_Conflitante24 Item_Conflitante25 Item_Conflitante26 Item_Conflitante27 Item_Conflitante28 Item_Conflitante29 Item_Conflitante30 Item_Conflitante31 Item_Conflitante32 Item_Conflitante33 Item_Conflitante34 Item_Conflitante35 Item_Conflitante36 Item_Conflitante37 Item_Conflitante38 Item_Conflitante39 Item_Conflitante40 Item_Conflitante41 Item_Conflitante42 Item_Conflitante43 Item_Conflitante44 Item_Conflitante45 Item_Conflitante46 Item_Conflitante47 Item_Conflitante48 Item_Conflitante49 Item_Conflitante50 Item_Conflitante51 Item_Conflitante52 Item_Conflitante53 Item_Conflitante54 Item_Conflitante55 Item_Conflitante56 Item_Conflitante57 Item_Conflitante58 Item_Conflitante59 Peso_Total Volume_Total
0 d 40 50 0 0 1236 0 0 0                                                            200 200
1 c 50 35 0 262 317 90 20 27 3 5 6 8 9 10 12 14 15 16 18 19 21 24 25 27 28 29 31 34 36 39 42 43 45 47 49 51 52 53 57 59 60 62 64 66 68 69 70 73 76 77 79 80 81 85 86 87 88 90 91 93 94 95 98 100
2 c 38 5 0 471 534 90 30 27 4 5 6 8 11 14 17 19 20 22 23 29 31 33 35 38 40 42 46 49 50 51 52 53 56 58 60 61 63 64 67 68 69 71 72 76 83 85 87 89 92 97 99
3 c 40 5 0 385 436 90 30 40 4 5 8 9 10 12 13 17 22 24 25 27 30 35 36 39 41 42 44 47 48 49 50 54 56 57 58 59 60 61 62 64 65 67 68 70 74 75 77 80 81 84 85 86 87 92 93 97 99
4 c 25 52 0 169 224 90 40 46 5 6 8 9 10 13 15 16 18 19 20 21 23 27 30 31 33 34 36 37 38 39 41 42 44 45 46 48 52 53 54 55 56 57 58 59 61 63 65 67 68 70 73 74 75 76 78 80 81 82 88 89 90 91 92 95 98 99 100
5 c 42 15 0 95 158 90 10 14 7 8 9 10 11 13 17 19 20 21 22 24 27 31 32 33 35 39 42 44 46 47 48 49 50 51 52 53 55 56 59 61 62 69 74 76 77 81 82 84 85 86 90 92 93 96
6 c 23 52 0 261 316 90 10 7 7 8 11 13 15 16 17 21 22 23 24 26 28 29 30 33 34 35 36 40 44 48 50 51 56 57 58 62 63 64 65 66 70 72 73 74 76 77 79 81 82 86 87 89 91 93 94 96 99 100
7 c 44 5 0 286 347 90 20 26 8 11 18 20 21 24 25 26 27 31 33 37 39 40 42 51 53 57 59 60 61 62 65 67 69 71 72 73 76 80 86 91 97 98 99
8 c 30 30 0 541 600 90 10 20 12 17 21 23 24 27 28 29 32 33 34 39 40 41 42 43 45 46 48 49 53 54 55 58 60 61 62 63 65 66 67 71 73 74 75 76 77 78 80 85 86 89 91 92 94 95 96 98 100
9 c 20 55 0 449 504 90 10 1 12 13 14 15 17 21 23 25 26 28 32 33 34 36 39 42 44 48 49 50 53 54 55 56 58 61 63 64 65 67 68 70 74 77 78 84 87 88 89 93 95 97 100
10 c 32 30 0 359 412 90 10 12 13 14 15 16 18 19 20 21 23 25 30 31 41 42 46 48 53 56 58 59 60 61 64 65 67 72 74 76 78 80 82 85 87 88 92 93 95 97
11 c 33 32 0 68 149 90 20 28 13 17 18 19 22 23 26 28 32 33 36 37 42 43 44 48 49 50 51 52 53 54 57 61 65 66 67 68 72 74 79 80 86 87 89 90 92 97
12 c 8 40 0 87 158 90 40 40 13 14 15 18 21 22 23 24 25 26 28 31 32 35 36 40 42 43 44 45 47 48 49 52 53 54 57 58 59 62 70 71 74 76 77 83 85 86 87 93 95 97 98 99 100
13 c 35 32 0 166 235 90 10 20 14 15 16 18 19 24 26 27 28 31 33 34 36 39 40 41 45 46 48 51 52 53 55 58 59 62 66 67 71 72 73 76 77 83 84 85 89 90 91 93 94 97 98 99
14 c 5 35 0 283 344 90 10 13 16 17 18 20 31 33 41 46 48 49 50 52 53 55 56 60 61 63 64 67 69 70 73 74 75 76 78 79 83 84 85 86 88 90 94 95 97 98 99
15 c 35 30 0 264 321 90 10 1 16 18 21 24 27 30 31 36 38 40 41 42 44 45 46 48 50 51 52 53 54 57 59 61 66 67 68 73 74 75 79 81 83 84 86 87 91 95 96 97 100
16 c 48 40 0 76 129 90 10 9 20 21 22 27 36 38 41 43 45 50 53 56 57 58 60 62 63 64 66 67 69 71 72 73 74 76 77 78 79 81 82 84 85 86 87 90 92 93 95 96 97 98 99 100
17 c 0 40 0 479 522 90 30 24 18 20 21 23 26 28 30 33 35 36 37 39 41 43 44 45 46 48 51 52 53 54 57 61 62 65 66 68 70 71 72 73 77 78 79 81 82 83 85 86 87 89 90 92 94 95 97
18 c 47 40 0 12 77 90 10 6 21 22 23 24 25 26 27 29 30 32 33 35 38 39 40 42 43 44 45 48 52 53 58 59 61 63 65 67 69 72 76 77 80 82 83 84 85 87 90 95 96 99
19 c 18 75 0 99 148 90 20 11 23 24 25 30 31 33 37 38 39 44 45 46 47 50 51 56 57 61 62 66 73 80 81 87 88 90 92 93 94 95 97 100
20 c 65 85 0 475 518 90 40 39 21 22 25 27 29 30 34 36 37 41 43 45 46 47 48 50 52 56 57 58 61 62 64 66 67 68 70 72 74 81 85 87 90 91 94 95
21 c 67 85 0 368 441 90 20 12 22 24 26 27 29 30 32 33 34 41 47 50 51 52 53 54 57 58 63 65 66 68 70 72 73 74 76 78 81 82 83 85 87 88 91 92 93 96 97 98 100
22 c 65 55 0 85 144 90 20 12 23 26 27 29 34 35 36 38 40 43 45 46 47 56 57 59 60 62 64 65 67 69 74 75 76 77 79 80 81 83 86 87 88 89 91 92 93 96
23 c 70 58 0 458 523 90 20 19 25 26 27 28 29 30 31 33 34 35 38 39 40 41 43 44 46 47 48 50 51 52 54 55 56 57 58 59 60 61 63 71 74 78 82 90 91 92 93 94 97
24 c 88 35 0 109 170 90 20 19 25 30 31 32 33 34 37 38 42 43 44 45 49 50 53 54 61 62 63 64 67 68 72 73 79 82 86 87 88 91 92 95 96
25 c 95 30 0 387 456 90 30 25 27 28 29 31 35 39 40 41 51 57 58 59 63 65 66 67 68 69 70 71 73 74 76 79 81 82 83 86 87 88 91 95 96 97 99 100
26 c 38 70 0 534 605 90 10 13 29 32 37 39 40 44 48 51 56 59 61 63 64 67 68 71 77 79 80 81 82 83 84 88 90 91 93 94 98
27 c 38 68 0 255 324 90 20 28 28 29 33 34 37 38 39 41 43 45 49 50 51 52 53 56 57 58 59 62 64 65 66 67 68 69 73 74 75 76 79 82 83 84 85 86 87 88 89 91 93 96 97 98 100
28 c 35 69 0 448 505 90 10 8 30 31 32 33 35 36 38 42 44 46 48 50 54 56 59 61 62 63 64 65 66 68 69 74 75 79 81 83 86 89 90 92 94 96 99 100
29 c 22 75 0 30 92 90 30 24 32 33 35 37 40 41 43 44 45 50 52 55 56 66 70 72 73 74 76 79 80 82 84 86 88 89 91 92 94 95 98
30 c 90 35 0 203 260 90 10 1 31 33 34 36 37 39 40 43 44 45 48 52 53 57 58 64 67 68 70 72 73 75 78 80 81 84 86 87 89 91 93 96 97 99 100
31 c 20 80 0 384 429 90 40 47 37 40 42 44 46 47 48 49 52 53 57 58 59 61 62 63 64 65 66 68 70 71 76 78 82 84 85 88 89 90 91 92 94 95 96 99 100
32 c 53 35 0 353 412 90 50 41 34 37 40 41 43 44 45 47 49 54 56 57 59 60 61 62 66 67 69 70 72 73 75 78 80 81 83 85 86 87 88 92 93 94 95 98 99 100
33 c 35 66 0 357 410 90 10 18 35 36 38 39 41 42 43 44 45 46 49 51 52 60 61 63 64 65 66 67 69 71 73 76 77 79 81 82 85 87 93 95 97
34 c 0 45 265 567 624 90 20 16 35 37 38 39 43 44 45 47 49 50 52 55 56 58 61 67 71 72 73 74 75 77 78 79 80 82 83 85 86 87 89 90 92 93 100
35 c 88 30 265 574 643 90 10 18 36 38 41 44 52 53 54 56 57 58 59 61 62 63 64 65 68 70 74 75 79 81 82 84 86 87 89 91 94
36 c 48 30 265 632 693 90 10 14 37 38 42 43 44 45 46 48 49 52 55 56 59 60 61 63 65 66 69 70 74 75 78 83 84 87 88 89 90 91 93 94 95 97 100
37 c 40 69 265 621 702 90 20 15 39 41 42 44 45 46 47 49 50 51 53 54 55 56 60 61 62 64 66 68 71 72 74 78 80 82 83 84 85 86 90 92 96 97 98
38 c 65 60 265 645 708 90 30 39 40 42 43 45 48 49 51 52 53 54 57 58 62 63 66 68 70 73 74 76 77 82 83 86 87 88 89 91 94 95 96 98
39 c 5 45 265 665 716 90 10 16 40 42 43 44 45 49 51 52 53 56 57 59 60 61 62 63 64 66 70 71 73 74 75 76 77 78 80 83 87 88 89 91 94 95 98 99
40 c 55 85 265 647 726 90 20 11 41 44 45 47 50 55 56 57 58 59 60 61 62 65 67 68 69 71 72 73 75 81 85 88 89 91 93 94 96 97
41 c 87 30 265 668 731 90 10 12 43 44 48 50 52 53 57 60 62 64 65 67 68 69 70 73 74 75 81 85 88 92 93 94 95 96 99
42 c 28 55 265 732 777 90 10 6 43 44 45 47 49 54 59 60 61 63 65 70 71 72 75 76 77 80 81 82 83 86 90 91 94 95 96 99 100
43 c 45 30 265 734 777 90 10 11 47 48 52 53 58 60 63 65 69 71 72 73 76 79 80 81 83 86 87 88 89 90 91 92 96 97 99 100
44 c 42 68 265 727 782 90 10 3 48 50 51 52 54 55 67 68 69 71 72 73 74 75 77 80 82 83 84 87 90 92 93 94 95 96 97 99
45 c 85 25 265 769 820 90 10 6 46 47 48 51 52 54 55 56 59 60 61 62 64 66 67 68 69 70 71 72 73 75 76 79 81 84 85 86 93 98 100
46 c 55 80 265 743 820 90 10 18 49 50 53 54 63 64 66 67 70 71 72 73 74 76 78 81 83 85 86 88 92 95 96 97 98 99
47 c 47 35 265 826 875 90 10 13 48 50 53 54 56 63 64 65 66 68 70 72 73 74 75 77 78 83 87 89 90 95 97 99
48 c 28 52 265 812 883 90 20 28 49 51 53 54 55 63 67 68 74 76 79 83 85 86 87 90 93 94 96 100
49 c 45 35 448 916 969 90 10 6 53 57 60 64 65 66 68 69 70 72 73 74 75 78 83 84 85 88 91 92 94 95 96 98 99
50 c 28 35 448 1001 1066 90 10 15 52 53 58 59 63 68 70 71 72 73 77 78 80 83 84 85 87 88 90 91 93 94 98
51 c 95 35 497 0 1088 90 20 13 52 53 56 58 60 62 64 65 67 68 69 71 72 73 74 75 76 78 80 82 86 87 92 94 96 97 99 100
52 c 92 30 497 0 1090 90 10 12 53 54 55 56 58 59 61 62 64 66 70 72 74 77 78 79 81 86 89 96 98 100
53 c 85 35 497 0 1098 90 30 29 55 56 59 61 66 70 71 73 74 75 77 78 81 82 83 87 88 89 95 96 98 99 100
54 c 35 5 497 0 1100 90 20 26 55 56 57 58 59 62 63 64 65 67 68 71 72 73 76 77 78 79 80 81 84 87 88 89 91 93 95 96 97 98 99 100
55 c 42 10 497 0 1105 90 40 45 57 58 59 62 63 65 66 67 68 69 70 71 72 73 74 78 79 82 83 87 94 95 97 98 99 100
56 c 20 85 497 0 1105 90 40 30 57 59 62 65 66 68 70 71 73 75 77 78 82 84 87 91 98 100
57 c 60 85 497 0 1105 90 30 30 60 61 62 63 66 67 70 72 73 75 76 81 83 85 88 90 91 92 93 96 100
58 c 65 82 497 0 1105 90 10 19 59 61 62 63 64 65 67 68 69 70 74 78 85 86 87 90 92 93 96 98 99
59 c 22 85 497 0 1106 90 10 12 61 63 64 66 67 70 74 75 77 80 83 84 90 91 92 95 97 99 100
60 c 15 80 497 0 1106 90 10 9 61 62 63 64 69 70 72 75 76 79 80 81 83 85 86 87 90 91 94 95 96 97 99
61 c 2 40 497 0 1106 90 20 10 63 67 69 70 73 74 76 77 79 81 82 87 88 89 91 94 100
62 c 25 85 497 0 1107 90 20 15 63 67 68 69 75 77 79 80 81 82 84 85 86 87 88 90 92 93 94 95 96 97 98
63 c 62 80 497 0 1108 90 30 26 64 67 69 71 74 80 81 84 85 86 87 88 89 92 94 95 97 98 99
64 c 60 80 497 0 1109 90 10 10 67 74 75 76 78 80 81 85 87 88 90 92 93 98 99
65 c 75 55 497 0 1110 90 20 28 66 67 68 71 72 73 75 77 78 79 80 82 84 86 88 91 92 93 97
66 c 38 15 497 0 1110 90 10 4 67 69 71 72 73 74 75 76 81 82 84 85 87 90 92 95 96 97 98 99 100
67 c 15 75 497 0 1110 90 20 20 68 69 70 71 72 80 81 83 84 86 87 89 91 92 95 96 97 98 100
68 c 40 15 497 0 1111 90 40 43 70 72 74 75 77 79 80 86 90 91 92 93 94 96 100
69 c 10 35 497 0 1112 90 20 16 71 72 77 79 80 82 83 91 93 99
70 c 72 55 497 0 1113 90 10 8 72 74 77 84 85 87 88 89 94 96 98
71 c 8 45 497 0 1113 90 20 13 72 74 76 81 82 83 84 85 87 89 93 97 98
72 c 10 40 497 0 1114 90 30 32 74 75 76 77 78 82 84 85 89 90 91 93 95 97
73 c 58 75 497 0 1115 90 20 27 76 77 78 81 82 84 85 86 90 91 92 93 94 99 100
74 c 68 60 508 0 1116 90 30 31 76 78 80 81 83 86 87 91 94 96 100
75 c 66 55 508 0 1119 90 10 17 80 81 82 83 85 86 89 90 94 96 97 99
76 c 63 58 508 0 1121 90 10 15 77 78 86 87 88 91 93 97 98 99
77 c 25 30 508 0 1121 90 10 17 78 79 82 87 93 95 96 98 100
78 c 28 30 508 0 1122 90 10 7 79 81 82 85 87 89 94 97 98 99
79 c 53 30 508 0 1122 90 10 2 81 82 83 86 87 88 89 91 92 93 94 95 96 99
80 c 26 32 508 0 1123 90 10 1 82 83 84 86 88 89 91 93 94 95 96 98 99 100
81 c 60 60 508 0 1123 90 10 2 83 84 85 89 92 93 94 98 100
82 c 50 30 508 0 1123 90 10 4 83 84 85 86 91 92 94 95 96 98 100
83 c 25 35 508 0 1124 90 10 5 85 87 89 90 95 96 97 98
84 c 30 32 508 0 1125 90 30 25 86 88 92 94 96 97 98 99 100
85 c 45 70 508 0 1125 90 30 37 87 89 90 91 92 93 97 98 99
86 c 60 55 508 0 1125 90 10 6 87 89 90 94 99
87 c 20 50 508 0 1126 90 10 8 93 97 98 100
88 c 30 35 509 0 1127 90 10 10 91 92 95 97 98 99 100
89 c 45 68 509 0 1127 90 10 19 93 96 97 98 99
90 c 23 55 510 0 1128 90 20 26 92 94 95 96 97 98 100
91 c 42 66 511 0 1129 90 10 8 94 99
92 c 33 35 511 0 1129 90 10 11 94 95 97 98 99
93 c 45 65 512 0 1130 90 20 20 96 97 98
94 c 25 55 512 0 1130 90 10 10 96 98
95 c 42 65 512 0 1130 90 10 3 96 99 100
96 c 40 66 512 0 1130 90 20 19 97
97 c 25 50 513 0 1131 90 10 7 98 100
98 c 50 40 513 0 1131 90 50 59 100
99 c 30 52 517 0 1135 90 20 25 100
100 c 30 50 518 0 1136 90 10 4

