StringID Type x y release ReadyTime DueDate ServiceTime weight volume Item_Conflitante1 Item_Conflitante2 Item_Conflitante3 Item_Conflitante4 Item_Conflitante5 Item_Conflitante6 Item_Conflitante7 Item_Conflitante8 Item_Conflitante9 Item_Conflitante10 Item_Conflitante11 Item_Conflitante12 Item_Conflitante13 Item_Conflitante14 Item_Conflitante15 Item_Conflitante16 Item_Conflitante17 Item_Conflitante18 Item_Conflitante19 Item_Conflitante20 Item_Conflitante21 Item_Conflitante22 Item_Conflitante23 Item_Conflitante24 Item_Conflitante25 Item_Conflitante26 Item_Conflitante27 Item_Conflitante28 Item_Conflitante29 Item_Conflitante30 Item_Conflitante31 Item_Conflitante32 Item_Conflitante33 Item_Conflitante34 Item_Conflitante35 Item_Conflitante36 Item_Conflitante37 Item_Conflitante38 Item_Conflitante39 Item_Conflitante40 Item_Conflitante41 Item_Conflitante42 Item_Conflitante43 Item_Conflitante44 Item_Conflitante45 Item_Conflitante46 Item_Conflitante47 Item_Conflitante48 Item_Conflitante49 Item_Conflitante50 Item_Conflitante51 Item_Conflitante52 Peso_Total Volume_Total
0 d 40 50 0 0 960 0 0 0                                                     1000 1000
1 c 45 30 206 20 498 10 17 22 4 6 7 9 10 17 20 23 25 27 30 37 38 41 42 43 44 48 50 53 54 55 58 63 65 66 67 69 70 74 77 78 86 87 90 91 93 94 95 96 97 98
2 c 26 52 206 14 499 10 9 18 9 12 13 14 16 18 21 23 24 25 27 29 32 33 34 39 40 41 43 48 50 51 52 54 55 57 58 63 66 68 72 77 78 79 80 81 83 84 85 86 89 90 92 93 95 96 99 100
3 c 55 82 206 49 504 10 10 1 4 5 6 12 13 15 16 17 20 21 24 26 27 30 31 37 40 42 43 45 46 47 51 55 58 62 63 64 65 66 68 71 74 76 80 82 85 87 88 92 95 98 100
4 c 27 43 206 14 506 10 9 8 5 6 7 8 9 10 12 14 16 17 18 20 21 22 23 24 29 30 31 32 34 37 43 46 48 49 50 51 53 57 58 61 65 68 69 71 73 74 78 79 80 83 85 95 96 97 98
5 c 31 52 206 9 510 10 27 33 8 9 10 13 18 20 21 25 28 29 34 35 36 37 38 40 41 44 46 51 54 58 59 60 62 63 65 66 67 68 69 71 73 75 76 78 80 81 82 83 85 87 88 89 96 98 99 100
6 c 8 40 206 33 511 10 40 45 7 9 12 13 14 15 16 18 19 20 22 28 29 31 32 33 37 38 39 41 42 43 45 46 47 48 50 51 53 54 56 59 60 61 62 64 65 66 75 76 78 79 81 83 85 86 89 90 92 94 98 100
7 c 25 30 206 25 516 10 3 4 9 10 11 14 15 16 18 20 26 28 29 30 31 32 33 34 36 37 45 46 47 48 49 50 52 55 60 63 64 65 70 74 75 77 78 79 80 83 84 85 87 88 89 90 91 92 98 99
8 c 40 5 206 45 517 10 10 15 9 16 18 19 20 23 27 31 36 37 39 43 44 50 51 53 55 57 59 60 64 65 66 68 69 71 72 73 74 75 76 78 80 81 83 84 86 91 94 96 97 98 99 100
9 c 8 45 206 46 519 10 20 14 11 14 15 16 17 21 22 23 25 28 30 31 32 33 34 35 36 37 38 39 41 45 49 50 51 54 57 58 60 62 64 70 73 75 76 77 79 80 81 82 83 84 85 86 91 92 93 94 96 100
10 c 5 5 206 63 520 10 16 20 11 13 15 16 18 19 21 22 23 24 26 28 29 31 35 39 40 42 43 45 46 47 49 51 52 53 56 57 58 59 62 64 66 67 69 71 73 74 75 77 79 81 82 84 88 91 92 93
11 c 65 55 206 81 520 10 14 8 17 18 19 23 24 25 26 27 29 30 31 32 33 35 36 37 41 42 43 46 47 48 50 51 53 54 55 60 62 63 67 71 74 76 78 82 88 89 90 91 94 97
12 c 88 30 206 90 521 10 10 20 13 15 21 25 27 30 31 33 34 36 37 39 42 43 46 47 49 52 55 58 59 60 61 65 67 68 69 73 76 77 78 81 82 83 84 85 86 90 91 92 95 96 98
13 c 38 5 206 45 523 10 30 35 14 15 17 18 24 26 27 29 31 32 34 37 42 44 47 49 51 53 54 56 57 58 60 61 63 65 66 67 69 70 74 75 77 80 81 84 86 88 89 92 93 94 95 96 98
14 c 45 65 206 110 525 10 9 3 17 23 24 25 26 27 29 30 31 34 36 38 42 46 47 48 53 57 58 59 60 63 66 70 74 76 78 82 84 88 91 92 94 96 97 99 100
15 c 2 40 206 39 528 10 20 17 19 20 21 22 23 30 31 32 34 35 36 39 40 41 46 47 48 52 53 54 55 56 58 60 65 66 68 69 73 74 78 79 82 83 84 85 86 87 88 89 90 91 92 93 94 95 96 97 99
16 c 60 12 206 125 530 10 31 31 17 18 24 25 26 27 29 30 33 36 38 39 40 42 44 45 46 47 48 53 54 55 57 61 63 66 67 70 71 73 74 76 77 79 80 81 82 83 87 89 90 92 93 94 95 96 99
17 c 35 40 206 11 530 10 16 8 18 19 20 21 22 23 26 27 29 31 34 35 37 39 40 42 43 45 46 48 49 50 51 52 56 57 58 59 60 63 65 69 71 72 73 75 76 80 85 86 91 94 96 97 99
18 c 88 35 206 50 534 10 20 27 19 22 23 24 28 29 30 33 34 37 40 41 42 43 44 45 46 51 52 54 57 60 61 62 64 65 66 67 71 72 75 77 84 87 88 89 90 91
19 c 0 40 206 94 535 10 20 28 20 21 24 25 28 29 31 32 33 34 36 38 40 46 47 48 49 50 52 53 54 55 59 61 63 64 65 67 71 72 75 76 79 80 81 83 84 86 87 88 89 91 93 94 96 97
20 c 90 35 206 52 536 10 10 18 21 22 24 25 26 31 33 34 39 41 42 43 44 45 46 47 48 50 53 56 57 59 60 61 62 64 65 66 72 73 74 80 81 82 83 86 87 88 90 93 94 97 98 100
21 c 56 37 206 20 539 10 6 7 22 25 26 28 29 31 35 36 42 43 46 50 51 53 56 57 58 60 61 63 64 65 68 70 72 73 75 77 78 79 84 86 87 88 90 94 96 99 100
22 c 42 10 206 85 542 10 40 35 23 24 25 26 30 34 37 38 40 42 43 48 49 51 52 53 54 55 60 61 64 65 68 69 70 71 72 75 77 78 79 82 83 90 93 94 98 99
23 c 22 75 206 30 546 10 30 33 29 30 31 33 34 35 37 39 40 41 42 44 45 47 48 52 53 54 55 57 59 60 61 62 63 65 68 70 74 75 78 80 82 84 85 86 87 90 99
24 c 65 35 206 29 548 10 3 13 26 33 35 37 38 45 47 49 50 51 52 56 58 60 64 68 70 71 72 75 77 79 81 83 84 85 87 88 90 91 92 95 98
25 c 24 58 206 90 549 10 19 22 35 36 40 41 42 43 44 45 47 48 50 51 52 54 58 60 63 64 66 68 70 71 74 76 87 90 92 94 96 99
26 c 64 42 206 100 555 10 9 8 27 31 32 36 38 48 52 54 56 57 58 61 62 63 64 65 66 67 68 70 71 72 73 80 81 83 84 85 86 87 89 90 93 95 97
27 c 2 60 206 135 556 10 5 3 28 29 30 32 33 37 40 41 48 51 52 54 55 56 58 59 61 62 63 65 66 68 71 73 74 75 77 79 83 84 86 87 89 91 94 97 100
28 c 15 75 206 161 558 10 20 17 31 32 33 34 35 36 37 38 39 40 41 43 44 48 50 51 53 54 58 60 63 64 69 70 75 76 77 85 88 90 91 92 93 97 100
29 c 62 80 206 114 561 10 30 39 31 32 35 37 39 40 41 42 45 47 49 50 52 54 55 57 61 62 63 64 65 66 70 71 72 74 75 77 79 83 85 87 89 90 91 92 93 97 99 100
30 c 12 24 206 272 565 10 13 3 31 33 36 38 39 42 43 46 47 49 50 53 54 55 56 59 62 63 64 66 69 71 72 73 76 81 82 83 84 85 87 88 89 90 91 92 94 96 98 99
31 c 37 31 206 19 566 10 14 24 32 33 34 35 36 37 38 40 41 42 46 49 50 51 52 53 55 56 57 58 61 64 67 68 70 71 72 73 74 75 79 80 91 92 94 97 98 99 100
32 c 55 80 206 33 568 10 10 15 36 37 38 41 42 43 44 47 48 49 50 55 60 61 62 64 65 67 69 70 73 75 76 77 83 85 88 90 91 92 93 98 99 100
33 c 44 5 206 218 571 10 20 21 34 38 41 42 43 45 46 47 52 54 61 62 66 67 68 69 72 74 75 79 81 82 83 84 86 87 88 90 94 96 97 99 100
34 c 92 30 206 55 575 10 10 2 36 38 39 41 42 45 46 47 49 51 52 54 55 57 58 59 61 66 67 70 71 73 75 78 80 83 86 88 90 91 94 95 96 98 100
35 c 49 58 206 249 580 10 10 8 37 38 39 43 44 49 50 55 56 59 61 65 66 69 75 80 82 83 85 86 88 89 97
36 c 53 43 206 14 581 10 14 19 38 43 44 47 48 50 54 55 56 57 58 69 73 78 80 81 82 83 84 85 86 87 89 90 91 94 95 96 99
37 c 60 85 206 191 586 10 30 32 38 39 40 41 43 44 49 50 51 53 54 56 57 59 60 62 63 65 66 67 69 73 74 75 76 78 79 80 81 82 83 85 87 88 89 91 92
38 c 26 35 206 149 586 10 15 19 39 44 46 48 49 55 56 57 59 62 63 64 66 67 68 69 71 74 75 76 78 80 81 85 88 89 91 95 98
39 c 65 20 206 39 593 10 6 1 40 41 43 44 45 47 49 51 54 57 58 60 61 62 63 64 65 66 67 69 70 72 74 76 77 78 80 84 85 86 87 89 93 97 100
40 c 20 82 206 37 597 10 10 13 41 43 44 45 46 47 48 54 55 56 57 58 59 61 63 65 67 68 70 73 74 76 79 80 82 84 86 87 90 92 93
41 c 95 35 206 57 600 10 20 18 43 45 47 49 50 53 54 56 59 60 62 64 65 67 72 73 74 75 76 77 80 82 84 85 86 87 91 95 97 98 99 100
42 c 85 25 206 51 602 10 10 15 44 45 46 47 50 51 53 54 57 61 63 67 68 69 70 71 73 75 76 79 81 83 84 85 86 88 89 90 91 92 95 97 98 99 100
43 c 21 24 206 212 605 10 28 34 44 48 49 50 53 54 55 56 57 58 60 61 62 63 66 68 70 72 73 74 78 80 83 84 88 89 90 91 92 93 96 97 98 99
44 c 2 45 206 38 606 10 10 4 45 47 49 50 52 55 57 59 61 62 63 65 70 71 73 75 76 78 80 81 82 83 84 92 93 95 99 100
45 c 6 68 206 215 608 10 30 30 46 47 49 51 52 53 60 61 64 65 67 69 73 74 75 76 77 80 81 83 84 85 86 87 88 89 92 93 94 96 97 99 100
46 c 63 23 206 198 609 10 2 1 47 48 51 52 54 56 58 59 62 64 67 68 69 72 75 76 77 78 79 82 83 85 86 90 94 96 97 99 100
47 c 55 20 206 161 610 10 19 15 48 49 53 54 58 59 60 62 63 65 68 71 72 73 74 75 76 77 78 80 82 83 85 87 88 91 92 94 96 97 98 99 100
48 c 65 85 206 43 617 10 40 42 49 52 55 56 58 60 61 64 67 69 70 75 76 77 79 81 82 84 85 87 88 89 95 96 97
49 c 63 65 206 27 622 10 8 1 52 57 59 60 61 62 63 65 66 68 69 70 73 76 80 83 87 88 91 94 95 97 99 100
50 c 15 80 206 229 624 10 10 3 56 57 58 59 60 62 63 66 70 73 76 77 78 79 81 83 85 86 88 91 92 95 96 100
51 c 20 50 206 239 630 10 5 5 53 55 58 60 63 64 68 69 70 72 74 77 80 81 82 83 84 86 87 89 90 92 94 97 98 99 100
52 c 20 85 206 40 630 10 20 14 53 55 56 58 59 62 63 66 70 72 73 76 85 87 89 93 94 96 98
53 c 37 47 206 204 633 10 6 11 54 56 57 58 60 61 64 69 73 76 79 80 81 82 86 87 88 90 92 95 96
54 c 57 48 206 265 638 10 23 33 55 58 61 62 64 65 67 75 78 79 80 82 86 87 93 94 97
55 c 40 15 206 229 640 10 40 46 57 64 67 68 69 70 74 75 79 81 82 83 85 89 90 91 92 100
56 c 10 35 206 213 648 10 20 24 57 59 61 66 67 72 73 75 77 78 79 80 83 86 87 88 94 95 96 98
57 c 57 29 206 259 650 10 18 24 58 59 60 62 63 64 65 70 72 73 74 77 78 80 82 84 88 95 96 98 99
58 c 60 80 206 36 658 10 10 4 60 61 62 63 66 67 69 73 76 79 80 83 85 86 92 93 95 96 99 100
59 c 42 12 206 341 658 10 10 15 60 63 65 67 68 73 74 78 82 84 85 86 87 88 89 91 97 99
60 c 8 56 206 190 659 10 27 21 63 64 65 66 67 68 69 70 71 72 73 75 76 77 78 82 84 85 86 89 91 92 95 97 98 99
61 c 18 75 206 228 667 10 20 11 62 64 68 69 70 72 73 80 81 84 85 86 88 91 92 93 95 96
62 c 58 75 206 201 670 10 20 16 63 65 66 72 75 76 77 78 79 81 82 83 84 87 89 90 92 93 95 96 97 99 100
63 c 30 25 206 227 686 10 23 25 65 66 67 68 69 72 73 79 80 81 82 84 85 86 87 88 89 90 96 100
64 c 5 45 322 35 697 10 10 10 67 72 73 74 76 77 78 79 80 82 84 90 92 94 95 97 98
65 c 10 20 322 42 706 10 19 29 68 70 74 75 76 79 80 81 82 84 85 86 87 89 94 97 98 99
66 c 22 85 322 353 708 10 10 8 68 70 72 74 76 78 81 82 83 86 88 89 91 92 93 94 96 98 99 100
67 c 85 35 322 342 751 10 30 35 73 75 76 77 78 79 81 84 89 90 91 92 93 94 97 98 100
68 c 10 40 322 404 753 10 30 29 71 72 74 75 80 84 86 87 88 89 90 91 92 93 95 97
69 c 72 35 322 351 782 10 30 21 73 74 75 76 78 79 81 85 89 90 91 93 96 97 98 100
70 c 18 80 322 315 782 10 10 13 73 77 84 85 88 90 91 92 93 95 96 98 99 100
71 c 4 18 322 426 787 10 35 27 73 74 76 79 84 87 88 90 91 94 95 96 97
72 c 95 30 322 389 788 10 30 26 75 76 77 78 81 85 86 87 90 92 93 99 100
73 c 42 15 322 391 802 10 10 1 79 81 85 86 88 90 93 94 97 98
74 c 65 82 345 410 823 10 10 18 75 76 77 78 79 83 84 90 91 92 93 95 96 98 99 100
75 c 55 54 345 418 825 10 26 26 76 79 81 82 85 86 91 92 95 99 100
76 c 55 85 367 429 838 10 20 22 77 79 80 81 82 84 85 86 87 88 90 92 93 94 96
77 c 50 35 367 390 843 10 19 18 81 82 84 86 87 91 92 94 95 97 100
78 c 41 37 367 404 847 10 16 13 79 80 81 84 87 89 91 93 95 99 100
79 c 55 60 393 448 873 10 16 15 81 83 85 88 89 90 91 92 95 96 97 99 100
80 c 30 60 422 420 897 10 16 19 85 86 87 89 90 91 98 100
81 c 67 5 422 325 897 10 25 26 84 85 87 88 89 90 91 94 96 98
82 c 87 30 422 425 898 10 10 14 83 84 85 86 88 91 93 94 98 100
83 c 23 3 422 390 900 10 7 7 87 90 91 92 94 95 97 98 100
84 c 15 10 422 401 902 10 20 18 87 88 89 90 92 93 94 95 96 97 100
85 c 35 5 424 386 904 10 20 13 89 90 95 98
86 c 42 5 424 396 904 10 10 11 87 89 91 92 94 95 97 100
87 c 67 85 425 410 905 10 20 11 89 90 93 94 95 96 97 99 100
88 c 40 60 427 436 907 10 21 20 89 90 92 94 95 98 99
89 c 0 45 429 394 909 10 20 16 90 92 96 98
90 c 25 85 434 388 911 10 20 28 92 93 94 95 96 99
91 c 5 35 434 395 911 10 10 3 93 95 97 98 100
92 c 20 80 434 425 913 10 40 49 93 95 97 98
93 c 20 20 434 430 913 10 8 6 94 99 100
94 c 38 15 434 389 914 10 10 1 95 96 97 99
95 c 15 60 443 401 923 10 17 15 96 100
96 c 61 52 448 373 928 10 3 3
97 c 35 69 450 330 930 10 23 16 98 100
98 c 31 67 450 356 930 10 3 5 99
99 c 49 42 457 442 937 10 13 17
100 c 47 47 462 444 942 10 13 12

