StringID Type x y release ReadyTime DueDate ServiceTime weight volume Item_Conflitante1 Item_Conflitante2 Item_Conflitante3 Item_Conflitante4 Item_Conflitante5 Item_Conflitante6 Item_Conflitante7 Item_Conflitante8 Item_Conflitante9 Item_Conflitante10 Item_Conflitante11 Item_Conflitante12 Item_Conflitante13 Item_Conflitante14 Item_Conflitante15 Item_Conflitante16 Item_Conflitante17 Item_Conflitante18 Item_Conflitante19 Item_Conflitante20 Item_Conflitante21 Item_Conflitante22 Item_Conflitante23 Item_Conflitante24 Item_Conflitante25 Item_Conflitante26 Item_Conflitante27 Item_Conflitante28 Item_Conflitante29 Item_Conflitante30 Item_Conflitante31 Item_Conflitante32 Item_Conflitante33 Item_Conflitante34 Item_Conflitante35 Item_Conflitante36 Item_Conflitante37 Item_Conflitante38 Item_Conflitante39 Item_Conflitante40 Item_Conflitante41 Item_Conflitante42 Item_Conflitante43 Item_Conflitante44 Item_Conflitante45 Item_Conflitante46 Item_Conflitante47 Item_Conflitante48 Item_Conflitante49 Item_Conflitante50 Item_Conflitante51 Item_Conflitante52 Item_Conflitante53 Peso_Total Volume_Total
0 d 40 50 0 0 960 0 0 0                                                      1000 1000
1 c 35 40 16 11 131 10 16 11 4 5 6 8 9 17 18 20 22 23 24 25 26 27 32 33 36 38 39 40 43 45 48 49 50 52 53 55 56 57 60 63 65 68 71 72 74 75 76 77 82 85 87 89 90 95 96 97 98 99 100
2 c 45 30 16 191 311 10 17 8 5 7 8 9 10 12 14 18 20 23 26 27 29 30 32 34 37 38 39 40 41 43 44 47 51 53 54 55 58 63 64 65 67 70 72 73 76 77 78 80 81 82 87 88 89 90 93 94 95 96 97 98 99
3 c 65 20 16 39 159 10 6 14 10 12 13 15 17 18 19 20 22 32 33 34 35 38 39 41 43 45 48 50 51 52 53 55 56 58 59 60 63 65 66 67 71 72 73 79 81 82 83 87 91 92 93 96 97 99
4 c 95 35 16 146 266 10 20 16 7 8 10 12 14 17 19 20 21 23 26 27 28 31 32 33 34 35 37 38 39 42 43 47 49 52 57 58 63 64 66 67 69 72 73 76 77 78 79 80 81 84 89 91 92 93 94 95 98
5 c 92 30 16 149 269 10 10 16 7 8 9 10 12 13 14 15 17 19 20 22 24 25 26 27 29 30 34 35 36 40 43 47 50 52 54 59 60 65 66 67 73 74 79 84 85 87 88 90 95 96
6 c 90 35 16 194 314 10 10 17 8 9 10 11 12 14 16 17 18 20 25 28 29 30 31 32 33 35 36 37 38 39 43 44 46 48 49 52 53 56 57 58 63 64 65 67 68 69 70 73 74 77 85 91 92 93 95 96 97 99 100
7 c 88 30 16 246 366 10 10 14 11 13 15 16 17 21 25 26 28 29 31 33 35 36 37 38 39 40 41 42 44 45 46 47 49 50 52 53 54 59 60 62 64 68 70 72 73 77 80 81 82 83 85 86 87 94 98 99
8 c 65 35 16 167 287 10 3 13 9 10 15 17 19 22 23 25 26 27 28 29 31 34 35 38 40 41 43 45 46 47 48 49 50 51 53 54 56 58 60 62 63 64 68 71 73 76 90 91 93 95 96 98 99
9 c 38 5 16 201 321 10 30 29 10 11 12 13 16 20 21 25 26 27 28 29 30 32 33 34 37 39 41 42 43 48 49 50 53 54 57 58 60 62 66 69 72 73 74 75 76 78 80 83 84 86 87 90 91 92 95 98 100
10 c 45 65 16 258 378 10 9 8 14 15 16 17 18 21 23 24 25 26 28 29 30 31 32 33 34 35 39 40 41 44 47 49 50 52 54 56 57 59 62 63 64 67 69 70 71 74 75 77 80 85 88 89 91 93 95 98 99 100
11 c 55 20 16 326 446 10 19 24 13 17 19 22 26 30 32 33 35 36 40 41 49 50 51 52 53 54 56 58 59 62 65 69 72 74 75 80 83 84 85 86 88 89 91 94 95 99 100
12 c 65 85 16 43 163 10 40 34 15 16 19 23 26 27 28 29 31 32 36 37 38 41 42 43 45 47 48 50 51 52 53 56 58 59 61 62 63 66 68 72 73 74 76 81 83 84 86 88 89 90 93 94 98
13 c 26 35 16 308 428 10 15 5 17 18 19 20 21 22 23 25 26 28 30 32 33 36 37 39 41 42 43 44 45 47 50 51 52 57 65 68 69 71 72 73 79 82 86 89 90 91 95 96 98 99
14 c 62 80 16 278 398 10 30 34 16 17 18 19 20 21 22 24 26 29 30 35 38 39 44 45 47 48 49 50 51 52 55 57 58 60 61 63 65 67 68 70 72 77 78 79 80 81 82 84 85 88 91 94 97 99 100
15 c 60 80 16 64 184 10 10 13 22 25 27 35 36 39 40 41 42 43 44 45 46 47 49 54 55 60 62 64 67 69 71 72 76 77 79 80 83 86 87 89 90 91 99
16 c 60 85 16 329 449 10 30 38 21 29 32 33 34 37 40 41 43 45 46 47 49 50 51 53 54 58 59 60 64 65 66 67 68 69 71 72 75 76 78 79 80 83 84 88 90 91 92 100
17 c 2 45 16 105 225 10 10 11 18 19 22 26 27 28 29 33 34 35 42 43 45 47 49 50 51 54 58 64 65 66 67 68 69 71 72 73 75 76 77 80 83 84 85 86 87 90 94 98 100
18 c 55 80 16 33 153 10 10 13 19 20 22 23 24 28 29 30 31 32 34 36 38 39 40 42 43 45 53 54 60 64 65 66 69 71 74 76 78 84 85 88 89 90 91 92 93 94 96 97 99 100
19 c 85 25 16 80 200 10 10 11 20 24 25 27 28 33 35 36 37 38 40 41 43 44 48 50 51 52 54 63 64 65 68 70 72 74 79 83 85 87 91 92 93 94 96 98 99 100
20 c 20 82 16 37 157 10 10 6 21 23 24 25 26 27 28 29 32 33 34 35 36 37 38 39 40 42 45 48 58 60 61 62 63 65 66 68 70 71 72 76 78 81 86 88 90 91 92 96 99 100
21 c 55 82 16 217 337 10 10 8 22 24 26 30 31 33 35 36 39 40 41 42 46 47 48 50 51 53 57 60 61 66 72 73 77 84 88 89 90 92 93 94 95 98
22 c 31 52 16 157 277 10 27 23 25 26 29 30 31 32 33 35 36 37 39 42 45 50 51 52 53 54 55 61 65 68 69 70 71 78 80 83 84 85 87 88 89 90 91 92 93 95 97
23 c 60 12 16 268 388 10 31 35 24 26 28 30 31 35 36 40 42 44 46 47 50 51 53 56 58 59 61 65 73 74 77 79 80 81 83 85 86 90 92 93 94 98 99
24 c 2 60 16 286 406 10 5 13 26 32 35 36 37 39 40 41 45 48 51 53 55 56 57 59 60 61 63 64 66 69 70 75 76 78 80 83 85 87 88 89 91 92 94 95 98 100
25 c 53 43 16 14 134 10 14 19 26 27 31 34 35 38 39 41 42 44 45 46 47 50 53 56 58 60 63 64 67 70 72 73 79 80 81 83 84 85 87 88 89 91 94 95 96 97 98 99 100
26 c 49 58 16 355 475 10 10 8 27 28 29 31 32 36 37 39 40 42 44 45 48 50 52 54 56 57 59 63 66 67 68 69 72 74 78 81 85 86 88 89 90 91 93 95 100
27 c 64 42 16 268 388 10 9 18 28 30 32 34 36 37 38 39 40 42 43 44 45 46 48 49 50 51 53 55 57 58 59 63 65 66 68 71 73 74 75 76 78 80 81 83 86 88 90 91 93 97 99
28 c 12 24 16 359 479 10 13 16 30 31 33 36 37 38 39 40 41 43 45 48 49 52 55 56 57 59 60 61 62 64 65 68 69 71 72 74 75 79 80 84 87 88 90 91 92 94 95 96 97
29 c 6 68 16 352 472 10 30 29 30 31 34 40 41 43 44 48 53 56 58 59 60 63 65 66 68 70 77 78 80 81 82 86 88 89 90 91 92 94 95 97 100
30 c 8 40 16 195 315 10 40 38 33 34 35 36 37 40 46 54 55 57 58 64 68 69 71 73 74 75 78 79 80 81 83 84 85 87 88 90 91 95 97 98 100
31 c 65 55 16 241 361 10 14 18 34 35 36 38 41 42 43 46 50 51 52 55 56 57 58 62 63 64 69 70 72 73 75 77 79 80 83 93 94 97 100
32 c 5 45 16 35 155 10 10 2 34 36 37 38 39 41 42 44 47 50 51 55 57 58 59 61 63 66 67 68 69 70 72 74 75 76 84 87 90 93 95
33 c 2 40 16 174 294 10 20 13 34 35 36 38 41 42 43 44 49 56 59 61 65 68 69 72 73 75 77 79 83 87 88 89 91 92 93 94 96 98 99
34 c 0 40 16 255 375 10 20 20 35 36 37 38 43 44 45 48 49 50 51 52 53 55 58 60 61 63 65 66 69 70 72 77 80 81 84 85 91 92 98
35 c 24 58 16 260 380 10 19 23 37 39 40 41 43 44 45 46 47 48 50 51 52 56 60 62 64 69 70 72 75 77 79 81 83 84 90 92 97 99
36 c 44 5 16 335 455 10 20 19 37 38 40 41 43 47 48 49 51 54 60 62 63 65 66 67 68 69 70 73 75 78 81 82 83 85 86 87 89 92 93 96 97 100
37 c 42 10 16 254 374 10 40 46 39 40 41 48 50 52 54 57 58 60 61 64 66 67 68 70 72 73 76 79 86 88 93 96 97 99
38 c 37 47 16 359 479 10 6 3 42 46 49 53 55 56 59 62 67 68 69 70 71 74 75 78 79 83 84 87 88 89 90 93 94 96 97 100
39 c 21 24 16 349 469 10 28 34 40 44 45 47 51 52 54 55 57 58 61 63 68 78 79 82 84 85 86 89 94 97
40 c 8 56 16 365 485 10 27 27 45 47 48 50 51 54 55 56 59 62 63 64 65 66 71 72 73 75 76 80 81 82 83 91 94 96 97 98 100
41 c 15 80 16 367 487 10 10 7 42 44 47 49 54 55 56 57 58 59 60 63 64 65 66 68 71 72 73 76 77 79 80 81 84 89 91 93 94 96 97 98 99
42 c 10 35 16 371 491 10 20 14 43 44 45 46 47 49 54 55 56 57 58 59 60 61 62 66 67 68 69 70 71 72 73 79 80 81 84 92 95 100
43 c 20 50 16 375 495 10 5 1 45 46 48 49 52 53 54 55 56 58 61 63 64 66 67 68 78 80 81 84 87 89 90 92 93 94 95 99 100
44 c 40 15 16 375 495 10 40 38 45 46 48 49 52 56 57 61 65 66 68 70 71 75 76 79 80 81 84 85 86 87 88 90 93 94 98 99 100
45 c 58 75 16 376 496 10 20 17 47 49 50 52 54 55 59 61 62 63 64 69 73 74 75 76 78 80 85 86 89 91 95 96 98
46 c 18 75 206 388 508 10 20 23 48 52 53 59 60 62 63 65 67 68 69 70 72 76 77 78 81 83 84 85 93 94 97 98 100
47 c 57 29 206 395 515 10 18 8 48 49 52 53 55 58 59 60 61 62 64 68 69 70 71 72 73 74 75 76 77 82 83 85 86 89 92 94 96 98 100
48 c 30 25 206 397 517 10 23 26 49 51 52 55 56 57 60 61 68 69 70 71 72 77 78 79 80 82 87 90 93 94 98 99 100
49 c 42 12 206 440 560 10 10 12 51 52 53 54 56 57 59 60 61 64 65 68 69 71 72 75 76 79 80 81 84 85 86 100
50 c 18 80 206 489 609 10 10 7 55 56 61 63 64 65 67 68 69 71 73 74 75 77 81 82 84 87 88 92 93 95 96 98 99 100
51 c 10 40 206 519 639 10 30 24 56 62 65 66 67 75 76 77 78 81 82 86 87 89 90 95 98
52 c 42 15 206 537 657 10 10 2 53 54 57 58 60 61 65 66 69 71 72 73 76 80 81 86 87 88 89 92 93 95 97 99 100
53 c 4 18 206 547 667 10 35 27 55 58 59 61 63 67 68 69 71 72 74 76 77 78 80 81 83 84 85 86 87 88 89 91 93 96
54 c 50 35 206 557 677 10 19 14 55 57 65 66 70 71 75 76 77 78 83 86 87 88 92 97 98 99 100
55 c 41 37 206 566 686 10 16 20 56 58 59 60 64 65 68 69 70 77 78 83 86 87 89 91 93 95 96 97 98 99
56 c 55 85 297 574 694 10 20 29 57 60 64 69 70 73 75 77 86 88 89 90 95 96 99 100
57 c 30 60 297 599 719 10 16 18 60 63 66 67 73 75 76 77 80 81 87 90 91 92 93 94 95 97
58 c 55 60 297 601 721 10 16 13 59 60 64 68 69 70 72 79 83 86 87 88 90 91 92 93 94 95 96 98 99 100
59 c 40 60 297 612 732 10 21 20 60 61 63 69 70 71 73 75 76 78 79 80 81 83 84 86 88 92 95 96 97 100
60 c 87 30 297 621 741 10 10 19 61 62 64 69 70 74 79 80 82 84 85 86 88 89 93 94 97 98 100
61 c 20 80 297 644 764 10 40 42 64 67 69 72 73 75 76 77 81 82 83 85 86 87 91 95 96
62 c 20 20 297 645 765 10 8 6 63 67 68 69 70 72 74 75 77 78 80 81 84 89 90 94 97 98
63 c 5 35 297 653 773 10 10 1 64 65 66 68 69 70 73 77 78 80 82 83 84 89 91 92 93 95 96 97 98
64 c 67 85 297 657 777 10 20 19 69 70 71 74 75 76 80 81 83 84 85 87 90 91 92 96 100
65 c 38 15 353 681 801 10 10 4 66 67 68 69 71 73 75 78 79 81 82 88 89 90 93 94 95 96 97 98
66 c 15 60 353 694 814 10 17 10 68 70 72 73 74 78 81 82 84 87 88 91 92 94 97 98
67 c 0 45 353 703 823 10 20 23 70 72 73 75 78 79 83 85 86 87 91 92 98 99
68 c 67 5 353 713 833 10 25 24 70 72 76 77 80 81 82 83 85 86 88 90 91 94 97 98 99
69 c 23 3 419 764 884 10 7 6 70 71 73 74 75 77 80 82 83 84 85 86 87 89 92 95 96 98 99
70 c 95 30 419 0 891 10 30 33 73 76 80 84 85 88 89 90 91 93 98 100
71 c 5 5 419 0 892 10 16 23 75 76 78 80 81 82 83 84 87 88 89 91 93 97 100
72 c 88 35 419 0 899 10 20 11 75 76 77 79 84 94 97 100
73 c 15 10 422 782 902 10 20 14 78 79 82 83 84 85 86 89 93 98 99 100
74 c 85 35 422 0 902 10 30 23 75 77 79 86 89 90 91 93 94 95 97 98 99
75 c 35 5 424 784 904 10 20 15 77 81 82 84 89 90 91 92 93 96 97 98
76 c 42 5 424 0 904 10 10 16 78 79 80 81 84 86 89 90 94 96 98 100
77 c 40 5 425 0 905 10 10 15 82 83 84 86 88 89 90 92 93 94 95 97 99 100
78 c 10 20 427 0 907 10 19 22 88 89 91 93 95 98 99 100
79 c 20 85 429 0 909 10 20 13 80 81 82 85 86 87 88 90 94 95 98 99
80 c 65 82 434 0 909 10 10 1 81 85 88 90 92 93 95 96 97 99 100
81 c 22 85 434 0 910 10 10 11 84 94 96 98 99 100
82 c 25 85 434 0 911 10 20 30 83 89 90 93 94 95 96 97 98 99
83 c 63 23 434 0 914 10 2 2 84 85 86 89 92 97 99 100
84 c 72 35 434 0 914 10 30 29 85 86 92 93 94 95 96 97 98 99
85 c 15 75 434 0 914 10 20 11 87 88 90 91 93 94 95 99 100
86 c 8 45 437 0 917 10 20 19 89 93 95 96 97 98 99
87 c 22 75 439 0 919 10 30 34 89 90 91 92 95 100
88 c 63 65 442 0 922 10 8 1 91 94
89 c 25 30 445 0 925 10 3 4 93 96 97 98
90 c 61 52 450 808 928 10 3 2 91 92 94 95 96
91 c 56 37 450 0 929 10 6 13 92 93 94 96 97
92 c 35 69 450 810 930 10 23 33 95 98 100
93 c 37 31 450 0 930 10 14 10 94 95 99 100
94 c 31 67 450 810 930 10 3 1 99
95 c 57 48 452 0 932 10 23 21 97
96 c 55 54 454 0 934 10 26 21 99 100
97 c 27 43 455 0 935 10 9 8 98
98 c 26 52 455 0 935 10 9 15
99 c 49 42 457 0 937 10 13 13
100 c 47 47 462 822 942 10 13 20

