StringID Type x y release ReadyTime DueDate ServiceTime weight volume Item_Conflitante1 Item_Conflitante2 Item_Conflitante3 Item_Conflitante4 Item_Conflitante5 Item_Conflitante6 Item_Conflitante7 Item_Conflitante8 Item_Conflitante9 Item_Conflitante10 Item_Conflitante11 Item_Conflitante12 Item_Conflitante13 Item_Conflitante14 Item_Conflitante15 Item_Conflitante16 Item_Conflitante17 Item_Conflitante18 Item_Conflitante19 Item_Conflitante20 Item_Conflitante21 Item_Conflitante22 Item_Conflitante23 Item_Conflitante24 Item_Conflitante25 Item_Conflitante26 Item_Conflitante27 Item_Conflitante28 Item_Conflitante29 Item_Conflitante30 Item_Conflitante31 Item_Conflitante32 Item_Conflitante33 Item_Conflitante34 Item_Conflitante35 Item_Conflitante36 Item_Conflitante37 Item_Conflitante38 Item_Conflitante39 Item_Conflitante40 Item_Conflitante41 Item_Conflitante42 Item_Conflitante43 Item_Conflitante44 Item_Conflitante45 Item_Conflitante46 Item_Conflitante47 Item_Conflitante48 Item_Conflitante49 Item_Conflitante50 Item_Conflitante51 Item_Conflitante52 Item_Conflitante53 Item_Conflitante54 Item_Conflitante55 Item_Conflitante56 Item_Conflitante57 Item_Conflitante58 Peso_Total Volume_Total
0 d 35 35 0 0 1000 0 0 0                                                           1000 1000
1 c 41 37 96 65 305 10 16 16 4 10 11 13 14 15 16 20 22 24 25 26 28 32 35 37 39 41 47 49 53 55 57 58 59 61 63 66 69 70 73 74 75 76 77 79 80 84 87 89 92 94 97 98 99 100
2 c 64 42 96 132 372 10 9 11 8 10 11 12 14 16 19 21 22 27 29 30 31 32 33 36 37 38 40 42 47 48 53 54 55 57 58 59 60 61 64 65 68 69 70 71 75 76 77 78 79 80 83 84 85 86 87 89 90 94 95 96 97 100
3 c 40 60 96 187 427 10 21 12 5 6 7 9 10 12 16 17 20 21 24 26 28 30 31 32 34 38 39 40 43 45 46 47 48 56 57 59 61 62 63 64 67 68 69 71 74 79 80 82 83 85 88 91 92 93 95 96 99
4 c 53 52 96 24 264 10 11 14 5 7 8 9 11 12 14 15 16 17 18 20 21 24 27 30 34 37 40 41 45 46 47 51 53 57 61 63 64 65 68 70 71 72 73 77 78 79 82 84 88 91 94 96 99
5 c 5 5 96 234 474 10 16 24 6 7 8 9 15 16 21 24 25 26 27 28 29 31 32 35 36 38 41 43 44 45 47 48 49 50 53 54 56 57 59 60 62 64 67 68 69 71 76 77 79 81 84 86 89 90 91 92 95 97 100
6 c 60 12 96 33 273 10 31 36 7 9 11 12 16 17 19 20 22 24 27 28 29 30 34 35 36 37 39 40 42 43 45 47 48 49 50 51 52 58 59 61 65 69 70 71 72 74 76 77 79 80 82 83 85 87 88 90 95 96 97 98 99 100
7 c 24 12 96 25 265 10 5 11 8 11 15 19 21 22 24 27 29 30 31 32 35 37 40 41 43 46 47 49 50 51 52 53 56 59 64 65 66 67 69 73 75 76 78 79 82 84 85 88 90 91 92 94 96 100
8 c 11 14 96 167 407 10 18 10 10 12 19 20 21 28 33 35 38 39 40 42 45 46 47 49 53 54 56 57 60 61 65 66 69 70 72 73 74 77 78 80 82 86 87 89 93 98 99 100
9 c 6 38 96 29 269 10 16 7 13 14 18 19 22 24 25 26 27 28 29 32 35 36 38 39 41 42 43 44 45 46 50 53 56 57 58 61 62 63 65 66 67 69 72 76 78 79 83 84 89 91 93 94 95 99 100
10 c 8 56 96 48 288 10 27 21 11 12 13 14 16 20 24 26 28 29 31 32 36 38 39 40 41 42 43 47 48 53 55 57 58 59 62 63 64 66 67 68 69 72 73 74 77 78 80 83 86 89 91 92 95 96 97 100
11 c 49 42 96 212 452 10 13 20 12 13 15 18 23 24 25 26 28 33 34 39 41 45 47 48 49 52 53 54 55 56 58 62 67 69 71 73 74 77 78 79 80 81 82 83 85 86 87 89 91 96 97 98 99 100
12 c 12 24 96 214 454 10 13 16 16 18 20 21 22 23 24 30 31 32 35 36 38 40 42 50 51 52 53 55 57 59 63 64 65 66 67 70 71 79 80 82 83 85 88 89 90 95 96 97 99 100
13 c 24 58 96 113 353 10 19 26 14 15 16 17 18 19 20 22 23 25 26 28 29 32 33 37 38 39 40 43 45 47 48 49 50 52 54 56 57 58 60 61 63 65 67 68 69 71 72 73 75 76 77 82 83 84 85 87 88 89 90 91 92 93 96 97 98 99
14 c 27 69 96 34 274 10 10 12 15 18 21 22 24 28 29 30 32 33 35 36 38 40 41 43 45 46 47 48 54 55 57 58 59 61 62 63 66 67 70 78 79 80 82 85 89 93 100
15 c 15 77 96 154 394 10 9 16 20 21 22 24 25 26 27 28 29 30 31 32 34 35 36 37 38 41 44 45 47 49 51 52 53 54 55 56 57 58 60 64 65 67 70 71 74 75 79 81 83 85 87 94 96 97 99 100
16 c 62 77 96 49 289 10 20 18 17 19 20 26 27 32 35 36 38 42 43 44 46 49 50 51 54 56 58 59 64 65 67 69 72 73 74 78 79 80 81 86 87 89 91 92 97 98 99 100
17 c 67 5 96 228 468 10 25 33 18 20 21 22 23 24 26 31 33 37 40 41 43 45 46 48 50 51 54 55 56 57 58 59 60 62 64 66 67 68 71 72 75 77 81 83 85 87 88 93 98
18 c 37 47 96 108 348 10 6 1 20 22 23 24 27 28 31 32 33 36 38 43 45 50 52 53 54 57 58 59 60 64 65 67 71 73 74 75 77 78 79 81 82 83 84 86 87 88 89 91 96 98
19 c 57 68 96 198 438 10 15 11 20 21 22 24 25 30 31 32 34 37 38 39 40 41 42 45 48 50 51 52 56 57 61 62 64 65 67 69 75 77 78 79 80 82 84 85 89 91 92 96 97 98 99 100
20 c 35 40 96 60 300 10 16 12 26 27 28 30 32 35 38 39 40 41 42 43 44 45 47 48 49 51 61 66 69 72 73 75 76 78 79 81 82 84 85 86 90 92 93 96 97 100
21 c 55 5 96 146 386 10 29 28 23 25 29 31 33 34 35 37 38 39 42 44 45 46 48 49 50 53 55 56 58 59 62 65 67 70 72 73 76 77 79 82 83 86 88 90 91 95 96 97 100
22 c 2 60 96 41 281 10 5 7 25 26 28 29 30 31 33 34 36 43 45 50 53 55 62 65 67 68 70 71 74 75 77 81 84 85 86 88 89 94 95
23 c 44 17 96 234 474 10 9 8 25 26 27 28 32 35 36 39 40 41 44 45 46 48 49 54 59 60 61 62 64 65 70 73 76 77 79 80 81 83 84 86 87 89 90 93 97 98
24 c 22 22 96 18 258 10 2 8 30 31 32 33 34 36 38 39 40 41 42 46 47 48 50 53 55 56 57 58 62 64 66 72 73 74 75 78 81 83 84 86 88 91 94 97 100
25 c 15 60 96 204 444 10 17 7 27 28 29 39 41 44 46 49 50 52 55 56 58 59 60 62 63 64 70 71 72 73 80 82 83 88 91 92 94 97 98 100
26 c 20 65 96 146 386 10 12 20 29 30 33 37 39 42 43 44 48 50 52 53 60 65 66 67 69 70 72 75 76 78 79 81 85 86 88 91 92 94 99
27 c 26 52 96 214 454 10 9 7 30 31 32 33 34 36 37 40 44 46 47 49 53 56 61 62 66 67 68 69 70 71 72 74 75 77 80 82 84 86 88 89 92 93 95 98 99
28 c 10 20 96 203 443 10 19 15 29 31 32 35 36 37 40 44 45 46 47 49 50 51 53 54 56 59 60 61 62 65 66 70 73 75 79 80 82 85 88 91 93 94 96 97 98 99 100
29 c 15 10 96 32 272 10 20 27 30 31 32 33 36 39 41 44 45 47 48 51 53 55 56 59 62 64 65 69 71 72 74 75 77 78 79 81 82 84 85 86 87 90 91 93 97 99 100
30 c 30 5 96 118 358 10 8 14 34 35 36 37 41 43 46 48 50 53 55 59 61 65 66 67 69 70 72 73 76 77 79 84 85 86 87 88 92 93 94 95 97
31 c 20 26 96 263 503 10 9 16 35 37 41 42 45 48 51 54 58 59 61 62 63 64 65 68 71 72 75 76 79 80 81 82 86 87 94 98 99
32 c 40 25 96 279 519 10 9 4 35 36 37 42 44 45 47 48 50 53 54 55 57 59 60 62 63 65 67 68 69 71 74 75 80 81 82 87 90 92 93 94 96 97 99 100
33 c 49 58 96 281 521 10 10 7 35 36 41 44 45 46 47 48 49 50 51 52 55 56 59 60 61 62 63 65 66 67 69 70 71 76 81 82 84 85 88 90 93 95 96
34 c 20 40 96 286 526 10 12 4 37 39 40 41 42 43 45 47 49 51 52 53 56 62 64 66 67 70 72 73 74 76 78 80 83 85 88 89 93 94 95 96 97 98 99 100
35 c 57 48 96 307 547 10 23 19 39 42 43 47 56 57 58 60 63 64 65 68 69 70 71 72 76 83 84 88 89 93 94 95 99
36 c 4 18 96 307 547 10 35 40 38 41 42 43 44 45 46 47 52 53 55 57 58 59 60 61 62 65 66 67 69 71 72 74 75 77 78 83 84 85 89 91 93 94 96 97 98 99 100
37 c 28 18 96 314 554 10 26 21 38 42 43 44 45 46 47 50 51 52 53 54 55 57 58 59 63 64 67 68 72 73 74 77 78 80 84 85 89 91 94 96 98 99
38 c 55 54 96 314 554 10 26 17 40 41 42 43 44 46 47 51 52 57 61 62 63 65 66 68 69 71 73 75 79 80 81 83 84 85 89 91 93 94 96 97
39 c 31 67 96 320 560 10 3 5 40 42 43 44 51 54 59 62 63 64 66 67 68 69 70 71 72 73 74 75 77 78 82 84 87 89 90 91 92 93 95 96 97 98 99 100
40 c 61 52 96 322 562 10 3 2 41 42 44 45 46 48 49 51 52 56 57 58 59 62 64 70 71 74 75 76 78 79 80 81 82 85 91 92 93 97 98 100
41 c 10 43 96 323 563 10 9 1 43 45 48 51 52 53 54 55 58 59 62 64 66 68 69 74 75 76 78 80 83 84 85 86 87 89 91 94 95 97 99 100
42 c 55 60 96 329 569 10 16 10 44 46 47 49 50 51 56 57 60 61 62 66 67 71 72 77 78 79 80 82 83 84 85 86 87 88 90 93 94 95 96 97 98 100
43 c 37 31 96 332 572 10 14 7 46 47 50 51 56 57 58 60 62 63 67 69 70 72 73 75 76 78 79 81 82 83 84 85 86 89 90 91 92 95 96 100
44 c 45 10 96 332 572 10 18 9 45 46 47 48 49 50 52 54 55 56 57 59 60 61 62 64 65 66 70 73 74 78 79 81 83 84 85 86 87 88 89 91 95 96 99
45 c 42 7 96 334 574 10 5 13 46 50 51 52 53 55 57 58 59 60 61 63 64 68 70 72 73 74 76 78 81 83 87 89 90 96 98 99
46 c 25 30 96 345 585 10 3 6 49 50 51 52 54 55 56 58 60 62 63 66 68 69 71 72 73 74 76 78 79 80 82 83 85 87 90 91 93 94 98 99 100
47 c 11 31 96 354 594 10 7 12 48 49 51 54 55 58 59 61 65 71 73 75 76 78 80 81 83 86 87 88 89 90 93 95 96 97
48 c 32 12 96 356 596 10 7 2 50 53 58 61 64 65 68 69 75 81 83 85 88 89 90 94 95 96 97 100
49 c 6 68 263 401 641 10 30 26 52 53 58 60 61 66 71 72 73 74 79 82 83 84 88 89 92 94 95 96 97 98 99
50 c 2 48 263 452 692 10 1 9 51 53 55 57 60 61 62 63 66 67 68 69 71 77 78 80 81 88 89 90 92 93 95 96
51 c 30 60 263 485 725 10 16 20 54 58 59 60 61 63 65 69 72 73 74 75 77 78 79 80 82 84 85 87 88 89 90 92 94 96 97 99 100
52 c 45 65 263 504 744 10 9 2 53 54 55 61 62 63 64 69 73 76 78 82 83 84 85 86 87 88 90 98 99
53 c 53 12 263 519 759 10 6 8 60 61 62 64 68 73 75 76 78 81 82 83 84 87 90 91 93 95 97 98 99 100
54 c 49 73 263 523 763 10 25 22 57 62 64 65 68 71 72 76 77 80 85 86 88 90 93 95 96 99
55 c 25 21 263 523 763 10 12 4 58 59 63 64 65 66 68 71 72 76 77 78 79 81 83 85 86 87 88 91 92 94 96 97
56 c 23 3 362 543 783 10 7 1 58 59 60 63 64 65 66 67 76 79 80 82 83 85 88 90 96 99
57 c 63 23 362 560 800 10 2 2 58 59 60 61 62 65 67 69 70 71 73 75 76 79 84 89 93 96 97 98 99 100
58 c 57 29 362 568 808 10 18 24 61 62 63 64 65 66 67 68 69 70 73 74 76 80 81 85 88 90 91 93 94 95 96 99
59 c 56 39 362 575 815 10 36 41 61 62 64 66 67 69 71 75 79 80 81 83 84 85 89 91 93 94 96 100
60 c 35 69 362 599 839 10 23 28 63 67 68 69 71 72 75 77 78 82 85 86 87 88 89 90 91 94 95 98 100
61 c 55 20 362 620 860 10 19 25 62 66 67 73 76 77 81 84 86 87 88 89 92 93 94
62 c 46 13 362 622 862 10 8 9 64 65 66 68 69 71 73 74 75 76 79 84 85 89 91 92 93 94 98 99 100
63 c 63 65 379 630 870 10 8 11 71 75 76 77 78 83 84 86 87 88 92 93 96 98
64 c 30 25 379 639 879 10 23 31 66 71 75 77 82 83 89 90 93 94 96 98 99 100
65 c 65 35 396 656 896 10 3 1 66 67 68 69 70 76 77 78 79 80 83 89 90 93 94 95 98 100
66 c 17 34 412 672 912 10 3 7 68 73 75 80 82 83 93 94 95
67 c 5 30 422 682 922 10 2 1 71 72 73 75 76 77 78 80 82 83 89 91 92 95 97 99
68 c 65 55 453 0 953 10 14 16 69 72 73 78 80 81 84 86 89 90 91 92 94 95 97 98
69 c 65 20 456 716 956 10 6 7 71 72 73 77 78 80 81 84 86 87 88 90 91 92 93 95 96 99 100
70 c 26 35 458 718 958 10 15 17 71 72 73 74 75 83 84 85 87 88 89 92 93 95 96 99 100
71 c 49 11 462 0 962 10 18 26 79 81 82 83 84 85 88 90 93 96 97 98 99 100
72 c 13 52 462 0 962 10 36 33 76 78 80 81 83 86 87 91 93 95 97 98 100
73 c 15 19 464 0 964 10 1 3 77 78 79 81 82 83 90 91 92 94 96 99 100
74 c 18 18 465 725 965 10 17 26 76 77 78 80 81 89 91 92 97 98
75 c 15 47 466 0 966 10 16 9 77 78 79 81 83 84 88 91 99 100
76 c 16 22 466 0 966 10 41 36 84 88 89 92 93 94 95 97 98 99 100
77 c 55 45 467 0 967 10 13 22 80 81 85 90 92 94 95 97 98 100
78 c 47 16 467 0 967 10 25 35 81 82 84 90 91 92 94 96 97 99
79 c 37 56 468 728 968 10 5 6 82 84 85 87 89 92 98 99 100
80 c 19 21 468 0 968 10 10 2 81 84 87 88 90 91 96 97 99 100
81 c 56 37 468 728 968 10 6 1 82 84 87 90 93 96 97
82 c 20 20 468 0 968 10 8 11 83 86 88 90 91 92 93 94 96 98
83 c 14 37 468 0 968 10 11 19 84 86 89 90 92 95 97 100
84 c 20 50 468 0 968 10 5 10 86 87 88 91 93 94 95 97 98 100
85 c 18 24 469 729 969 10 22 13 87 88 89 90 91 94 95 96 99
86 c 15 30 469 0 969 10 26 30 90 94 97
87 c 53 43 470 730 970 10 14 7 89 90 91 94 96 97 99
88 c 45 20 471 0 971 10 11 21 94 95 96 97 100
89 c 31 52 472 0 972 10 27 37 90 93 94 97 99
90 c 35 17 472 0 972 10 7 4 92 94 96 99
91 c 21 24 472 0 972 10 28 32 92 95 96 98 100
92 c 47 47 473 0 973 10 13 14 94 95 98 99
93 c 22 27 474 0 974 10 11 17 94 97 99
94 c 41 49 474 0 974 10 10 2 97 99 100
95 c 25 24 475 0 975 10 20 20 96 97 98
96 c 50 35 475 0 975 10 19 10 97 100
97 c 26 27 477 0 977 10 27 25 98 99 100
98 c 45 30 478 0 978 10 17 25 99
99 c 27 43 478 0 978 10 9 15 100
100 c 36 26 480 740 980 10 18 27

