StringID Type x y release ReadyTime DueDate ServiceTime weight volume Item_Conflitante1 Item_Conflitante2 Item_Conflitante3 Item_Conflitante4 Item_Conflitante5 Item_Conflitante6 Item_Conflitante7 Item_Conflitante8 Item_Conflitante9 Item_Conflitante10 Item_Conflitante11 Item_Conflitante12 Item_Conflitante13 Item_Conflitante14 Item_Conflitante15 Item_Conflitante16 Item_Conflitante17 Item_Conflitante18 Item_Conflitante19 Item_Conflitante20 Item_Conflitante21 Item_Conflitante22 Item_Conflitante23 Item_Conflitante24 Item_Conflitante25 Item_Conflitante26 Item_Conflitante27 Item_Conflitante28 Item_Conflitante29 Item_Conflitante30 Item_Conflitante31 Item_Conflitante32 Item_Conflitante33 Item_Conflitante34 Item_Conflitante35 Item_Conflitante36 Item_Conflitante37 Item_Conflitante38 Item_Conflitante39 Item_Conflitante40 Item_Conflitante41 Item_Conflitante42 Item_Conflitante43 Item_Conflitante44 Item_Conflitante45 Item_Conflitante46 Item_Conflitante47 Item_Conflitante48 Item_Conflitante49 Item_Conflitante50 Item_Conflitante51 Item_Conflitante52 Peso_Total Volume_Total
0 d 40 50 0 0 240 0 0 0                                                     200 200
1 c 65 55 0 65 95 10 14 14 2 3 5 7 8 9 13 14 18 20 21 24 25 26 27 30 34 35 36 37 41 43 48 49 52 54 55 60 61 62 63 64 65 66 67 73 76 78 79 80 82 87 88 90 91 93 95 97
2 c 65 85 0 43 73 10 40 43 4 7 9 10 12 14 16 19 20 21 22 26 27 31 32 34 35 36 42 43 45 48 53 55 59 63 67 69 72 79 83 88 94 98 99 100
3 c 37 31 0 35 65 10 14 14 7 8 10 11 12 13 14 15 16 17 18 21 23 24 29 33 35 36 38 41 42 43 45 47 49 50 53 57 58 60 61 62 64 67 68 72 74 77 78 82 83 84 85 86 87 88 90 94 95 97 99 100
4 c 62 80 0 75 105 10 30 38 6 13 14 17 18 19 21 22 25 26 27 29 30 31 33 34 35 36 38 41 42 47 52 53 54 55 57 58 60 62 63 65 66 70 72 75 76 79 80 83 84 85 87 91 95 96 97 100
5 c 60 80 0 37 67 10 10 8 7 8 9 12 16 18 19 21 22 24 26 28 31 33 34 35 36 39 41 42 43 47 49 50 51 52 54 55 59 60 61 62 64 66 67 69 74 75 77 81 82 86 87 90 94 95 96 98 99 100
6 c 60 85 0 85 115 10 30 32 10 16 17 19 22 23 24 27 28 31 40 43 44 47 50 51 54 55 56 58 59 61 62 64 65 69 71 72 74 75 76 81 82 83 85 86 88 89 90 92 95 96 97
7 c 55 80 0 33 63 10 10 19 8 9 11 15 16 18 21 22 28 31 32 33 35 36 40 41 42 44 45 49 50 54 58 62 63 70 71 72 73 75 76 78 79 80 83 85 86 88 91 92 95 97 99 100
8 c 27 43 0 42 72 10 9 7 9 10 13 16 17 19 20 21 23 24 27 29 32 33 36 38 39 43 45 46 48 49 52 54 55 56 59 61 63 65 66 67 69 71 73 75 76 78 80 81 82 87 90 91 93 94 96 97 100
9 c 55 82 0 64 94 10 10 11 10 11 13 14 17 18 19 20 21 22 23 24 25 26 27 28 29 30 31 35 41 45 47 50 53 56 57 59 60 61 63 64 69 70 71 72 73 74 75 76 78 81 82 84 85 87 88 90 91 93 96 98
10 c 20 82 0 37 67 10 10 19 12 14 16 17 18 19 20 22 23 24 25 28 30 32 35 40 43 44 45 46 47 49 51 53 55 57 59 62 64 66 67 68 69 70 73 74 77 78 79 80 84 85 87 89 90 92 93 94 95 96 100
11 c 2 45 0 45 75 10 10 2 13 14 15 18 19 20 21 22 25 26 29 32 35 38 40 42 45 47 50 53 57 58 60 62 63 67 68 69 70 72 74 76 77 78 80 81 83 84 91 92 93 94 95 98
12 c 49 58 0 86 116 10 10 13 16 17 19 21 25 26 28 29 30 31 33 35 37 38 42 44 46 49 51 53 54 57 59 60 62 63 64 65 66 67 69 70 72 78 79 81 85 89 90 91 97 98 99 100
13 c 26 35 0 77 107 10 15 12 14 15 16 18 22 29 35 36 37 38 39 41 42 43 44 46 47 48 50 52 53 58 59 60 65 66 68 70 73 74 75 76 78 80 81 82 86 87 89 90 92 97 98 99
14 c 85 25 0 51 81 10 10 19 16 18 19 20 21 22 24 25 29 30 33 35 36 37 38 40 41 42 43 46 47 49 50 53 55 58 61 64 69 70 71 78 79 80 81 82 84 85 86 88 92 94 95 97 100
15 c 55 20 0 83 113 10 19 24 16 20 23 24 26 27 29 30 34 35 38 39 40 43 44 45 50 51 52 53 55 56 57 59 63 64 68 69 70 72 73 74 75 76 77 80 85 86 89 90 92 98 99 100
16 c 6 68 0 89 119 10 30 31 17 18 19 21 22 23 24 25 26 28 30 31 32 33 35 36 38 40 41 42 43 44 45 46 49 50 51 55 59 60 65 69 73 75 77 81 82 87 88 92 97 99 100
17 c 8 56 0 90 120 10 27 26 19 21 23 26 28 32 36 37 41 44 46 49 50 51 52 55 56 57 59 60 61 62 64 65 66 68 73 74 76 78 80 83 84 85 88 89 90 91 96 97 98 100
18 c 60 12 0 75 105 10 31 21 19 22 23 24 28 32 33 35 38 39 42 47 48 49 50 54 55 58 61 62 63 65 68 72 73 75 76 77 78 80 81 82 84 85 87 90 91 93 94 95 97 100
19 c 5 5 0 74 104 10 16 9 20 21 23 24 26 27 28 29 34 35 36 37 39 40 41 42 45 46 49 50 51 52 53 55 65 69 73 74 76 78 80 82 85 86 87 90 94
20 c 10 20 0 42 72 10 19 28 21 22 23 24 25 26 29 30 31 33 34 36 38 39 40 45 52 54 55 59 60 61 62 63 64 65 66 67 68 70 72 75 76 79 80 85 86 87 88 91 92 94 99
21 c 2 60 0 77 107 10 5 11 25 26 29 32 35 37 38 39 40 42 44 46 47 48 51 55 57 59 62 64 67 68 70 73 76 80 81 82 93 94 97 100
22 c 45 65 0 66 96 10 9 1 23 25 29 33 34 35 37 39 40 42 45 50 51 53 54 55 57 58 59 60 62 66 72 73 77 78 80 81 85 88 91 92 93 94 96 98
23 c 65 35 0 52 82 10 3 1 26 27 28 30 31 32 34 37 38 39 40 43 44 45 47 48 49 51 53 54 55 57 64 65 67 69 70 72 73 78 79 80 82 83 86 88 91 96 97 98 99
24 c 65 20 0 39 69 10 6 15 26 27 30 31 34 35 36 37 38 39 40 42 46 48 52 55 56 57 58 60 62 63 64 69 70 75 77 78 79 80 81 82 83 84 86 88 89 90 91 93 95 97 98 99
25 c 45 30 0 53 83 10 17 14 27 29 31 32 33 34 35 37 38 39 41 42 43 44 45 47 48 49 50 52 53 54 56 58 60 64 65 67 68 71 76 78 79 81 84 85 86 87 90 91 94 98
26 c 35 40 0 11 41 10 16 23 27 31 33 35 39 41 43 44 45 46 47 49 51 52 53 57 58 59 61 62 63 68 69 71 72 74 75 76 77 79 82 84 85 86 87 88 95 96 97 99
27 c 63 65 0 30 60 10 8 12 28 34 35 37 38 39 41 48 49 51 52 53 55 56 57 58 59 61 63 66 68 69 73 75 78 85 87 89 90 91 92 95 96 98 100
28 c 64 42 0 70 100 10 9 8 29 31 34 37 39 43 44 48 49 51 52 55 56 59 60 61 63 64 66 67 68 69 72 76 78 79 81 86 88 89 91 93 95 99 100
29 c 25 30 0 52 82 10 3 6 30 31 36 37 38 41 43 45 51 53 60 67 68 70 81 84 87 88 89 96 97 98 100
30 c 63 23 0 87 117 10 2 4 31 32 34 35 36 37 41 42 44 45 48 49 50 52 58 59 60 63 67 68 69 70 71 75 76 77 79 80 81 88 89 90 91 95 98 100
31 c 31 52 0 41 71 10 27 36 36 41 42 45 46 47 48 55 57 58 59 61 62 63 66 71 77 79 80 85 88 89 93 94 95 96 97 98 99
32 c 88 30 0 74 104 10 10 1 35 37 40 41 44 45 50 51 52 53 55 56 57 59 60 63 65 67 68 69 70 72 75 76 77 79 80 85 86 87 88 89 90 91 92 95 99
33 c 26 52 0 46 76 10 9 1 34 35 36 37 41 44 46 47 49 50 51 52 55 56 58 59 60 61 62 63 65 66 67 68 69 70 72 73 74 75 77 78 81 84 85 88 89 95 96
34 c 22 75 0 50 80 10 30 32 37 38 40 41 42 43 44 45 47 56 57 59 60 62 63 66 69 71 72 74 79 82 84 85 86 87 88 89 91 92 93 95 99
35 c 56 37 0 34 64 10 6 1 37 38 39 40 42 43 45 46 51 53 54 58 61 64 65 66 67 68 69 70 71 72 73 75 78 79 82 84 87 88 91 93 95
36 c 20 85 0 41 71 10 20 28 39 41 45 46 48 49 50 51 53 54 55 58 59 60 61 62 65 67 68 69 73 76 77 78 79 80 81 82 88 90 91 93 94 95 99 100
37 c 15 75 0 79 109 10 20 16 38 39 41 45 46 47 48 50 51 55 56 57 59 61 63 69 70 76 78 79 81 85 86 87 89 91 93 94 96 97 98 99
38 c 8 40 0 59 89 10 40 45 39 41 42 45 46 53 54 56 58 59 60 61 64 66 68 69 71 74 79 86 87 88 89 93 94 95 99
39 c 8 45 0 64 94 10 20 22 40 43 46 51 53 55 57 58 64 65 66 69 72 74 77 78 79 80 82 83 85 86 87 89 92 93 96 97 98 100
40 c 53 43 0 14 44 10 14 19 45 46 47 48 50 51 53 56 59 60 63 66 68 69 72 74 75 80 81 83 85 88 90 97 98 99
41 c 5 45 1 35 65 10 10 3 42 49 52 53 56 57 58 59 60 61 63 64 66 67 69 72 73 76 77 78 80 83 84 86 87 88 90 91 92 93 96 97 99 100
42 c 2 40 1 58 88 10 20 23 44 45 46 48 49 50 51 53 55 58 59 62 65 69 72 73 76 78 81 83 84 85 90 92 93 94 95 98 99
43 c 88 35 1 61 91 10 20 30 44 45 50 57 59 61 64 66 68 69 74 75 77 80 82 84 88 89 92 93 96 97 99
44 c 37 47 1 86 116 10 6 1 47 48 50 51 52 54 55 57 60 61 62 63 64 65 67 68 69 71 72 73 75 76 78 79 81 83 84 87 88 89 90 92 95 98
45 c 44 5 1 87 117 10 20 25 49 52 53 54 55 56 58 59 61 63 64 66 67 68 70 71 72 73 76 77 78 79 81 83 84 90 94 95 96 97 99 100
46 c 0 40 1 72 102 10 20 16 47 48 52 54 55 59 62 65 71 72 75 76 79 80 81 83 86 87 88 89 90 94 95 98
47 c 42 10 1 72 102 10 40 50 48 49 50 52 53 55 56 57 58 60 63 68 69 72 74 75 76 77 78 79 81 83 84 85 89 91 92 94 98
48 c 24 58 1 67 97 10 19 18 50 51 53 54 58 59 62 63 64 65 68 69 74 75 77 78 79 80 81 82 83 84 86 87 88 89 91 94 97
49 c 90 35 1 67 97 10 10 17 50 52 55 56 57 60 61 63 64 66 71 72 73 75 78 79 82 88 90 93 94 97 98 99 100
50 c 40 5 1 67 97 10 10 1 51 54 56 57 63 68 72 74 75 76 77 79 80 84 86 89 94 97 100
51 c 38 5 1 65 95 10 30 29 54 55 56 59 62 64 65 67 70 71 74 75 80 81 82 83 86 87 90 92 94 96 99
52 c 12 24 1 90 120 10 13 12 56 58 61 62 64 65 66 69 71 73 76 81 83 85 90 94 97 98 100
53 c 21 24 1 87 117 10 28 22 54 56 58 59 61 62 64 66 67 68 71 73 74 75 78 81 85 87 90 92 93 94 96 97
54 c 92 30 1 62 92 10 10 8 55 56 58 59 60 63 65 66 70 77 78 81 82 84 85 86 93 94 95 96 97 99
55 c 95 35 1 62 92 10 20 30 56 58 62 64 67 68 70 72 75 79 81 84 85 86 90 92 93 95 97 99 100
56 c 20 50 1 91 121 10 5 11 59 61 62 64 66 71 73 74 75 77 78 81 86 87 88 94 96 98
57 c 10 35 1 91 121 10 20 19 59 60 63 64 65 66 67 68 71 72 73 75 76 80 81 82 90 91 92 93 95 96
58 c 15 80 1 91 121 10 10 15 61 67 69 70 71 72 73 79 81 82 83 84 88 89 91 92 93 95 97
59 c 40 15 14 92 122 10 40 34 63 65 71 73 78 79 80 83 93 94 95 96 99
60 c 58 75 14 92 122 10 20 23 62 64 65 66 67 69 70 71 80 83 85 86 87 88 91 93 95 96 98 100
61 c 18 75 14 95 125 10 20 20 65 67 68 69 71 73 79 80 83 86 89 93 94 95 98 99
62 c 57 48 14 95 125 10 23 29 63 66 69 71 72 79 84 85 86 87 91 92 95 97 98 100
63 c 57 29 14 96 126 10 18 18 64 68 69 72 75 76 78 79 80 81 82 83 85 87 88 89 94 100
64 c 30 25 14 96 126 10 23 19 65 67 68 71 72 75 77 79 81 82 83 86 87 88 93 94 95 99
65 c 42 12 14 104 134 10 10 8 66 68 69 70 71 72 73 74 76 77 78 79 81 83 84 85 86 88 89 90 93 95 97 100
66 c 22 85 34 109 139 10 10 1 71 72 73 74 77 78 80 81 82 84 86 87 89 93 94 96 97 99
67 c 85 35 34 111 141 10 30 29 70 71 72 74 77 79 82 83 84 85 86 87 95 97 98
68 c 18 80 34 113 143 10 10 16 73 74 76 78 85 86 88 89 90 91 95 98
69 c 95 30 34 115 145 10 30 38 70 72 73 76 79 80 81 82 83 84 85 86 88 89 90 93 95 96 97 98
70 c 72 35 34 116 146 10 30 29 71 74 75 76 79 81 83 84 85 86 87 88 89 91 92 93 95 99 100
71 c 10 40 34 119 149 10 30 35 72 76 79 82 83 84 87 89 90 92
72 c 4 18 34 120 150 10 35 34 75 76 78 79 81 83 84 85 87 88 89 91 92 93 95 96 97 98
73 c 42 15 34 122 152 10 10 8 74 77 78 79 83 84 87 88 89 90 91 93 94 95 96 98
74 c 65 82 34 124 154 10 10 5 75 77 80 85 87 88 90 92 96 97 98 100
75 c 55 85 38 128 158 10 20 19 76 77 82 83 85 88 90 94 95 96 97 98 99 100
76 c 50 35 40 130 160 10 19 17 77 85 87 90 92 93 94 95 96 99 100
77 c 87 30 41 131 161 10 10 10 83 84 85 86 87 90 93 94 95 96 97 98 99 100
78 c 55 54 43 132 162 10 26 20 80 81 84 85 90 91 92 93 94 97 98 100
79 c 41 37 43 133 163 10 16 14 82 83 84 85 86 87 88 89 90 92 94 95 97 99 100
80 c 55 60 51 139 169 10 16 18 84 85 86 87 88 89 92 94
81 c 67 85 51 139 169 10 20 24 82 84 85 89 93 94 95 99 100
82 c 30 60 51 140 170 10 16 21 86 87 88 89 91 93 94 96 99 100
83 c 20 20 51 141 171 10 8 3 84 86 87 88 89 94 96 98 100
84 c 20 80 51 141 171 10 40 42 85 86 88 91 92 93 94 96 100
85 c 5 35 52 142 172 10 10 1 86 88 93 96 98
86 c 67 5 54 144 174 10 25 17 89 90 91 92 96 98 99 100
87 c 40 60 54 144 174 10 21 29 88 90 91 94 96 97 100
88 c 25 85 55 145 175 10 20 16 89 91 92 93 94 96 97 99
89 c 38 15 58 148 178 10 10 10 90 96 98 100
90 c 0 45 65 149 179 10 20 11 92 93 94 95 96 97 98 100
91 c 23 3 65 150 180 10 7 13 92 93 96 99 100
92 c 42 5 65 151 181 10 10 9 93 95 96 99 100
93 c 15 10 65 152 182 10 20 11 95 97 98 99
94 c 35 5 65 154 184 10 20 23 95 97 99 100
95 c 15 60 65 155 185 10 17 10 97 99
96 c 49 42 77 167 197 10 13 22 99
97 c 61 52 88 178 208 10 3 13 98 100
98 c 35 69 90 180 210 10 23 23 99 100
99 c 31 67 90 180 210 10 3 1 100
100 c 47 47 102 192 222 10 13 3

